0 6.90429687500000e-01 4.76693153381348e-01
1 6.45507812500000e-01 4.16680335998535e-01
2 6.13769531250000e-01 3.76713037490845e-01
3 6.38183593750000e-01 4.07278299331665e-01
4 6.70898437500000e-01 4.50104713439941e-01
5 6.84570312500000e-01 4.68636512756348e-01
6 6.91894531250000e-01 4.78718042373657e-01
7 7.12402343750000e-01 5.07517099380493e-01
8 6.46972656250000e-01 4.18573617935181e-01
9 6.48925781250000e-01 4.21104669570923e-01
10 6.87011718750000e-01 4.71985101699829e-01
11 6.12792968750000e-01 3.75515222549438e-01
12 6.71386718750000e-01 4.50760126113892e-01
13 7.16308593750000e-01 5.13098001480103e-01
14 6.90917968750000e-01 4.77367639541626e-01
15 6.62597656250000e-01 4.39035654067993e-01
16 5.80566406250000e-01 3.37057352066040e-01
17 5.83007812500000e-01 3.39898109436035e-01
18 7.02148437500000e-01 4.93012428283691e-01
19 6.83593750000000e-01 4.67300415039062e-01
20 6.75292968750000e-01 4.56020593643188e-01
21 7.06542968750000e-01 4.99202966690063e-01
22 6.65039062500000e-01 4.42276954650879e-01
23 6.79199218750000e-01 4.61311578750610e-01
24 7.32910156250000e-01 5.37157297134399e-01
25 7.05566406250000e-01 4.97823953628540e-01
26 6.84570312500000e-01 4.68636512756348e-01
27 6.92382812500000e-01 4.79393959045410e-01
28 7.43164062500000e-01 5.52292823791504e-01
29 6.87011718750000e-01 4.71985101699829e-01
30 6.96289062500000e-01 4.84818458557129e-01
31 6.50390625000000e-01 4.23007965087891e-01
32 6.59179687500000e-01 4.34517860412598e-01
33 6.68945312500000e-01 4.47487831115723e-01
34 7.09960937500000e-01 5.04044532775879e-01
35 6.67968750000000e-01 4.46182250976562e-01
36 6.76757812500000e-01 4.58001136779785e-01
37 7.04589843750000e-01 4.96446847915649e-01
38 6.50878906250000e-01 4.23643350601196e-01
39 7.06054687500000e-01 4.98513221740723e-01
40 6.59179687500000e-01 4.34517860412598e-01
41 6.75292968750000e-01 4.56020593643188e-01
42 6.62109375000000e-01 4.38388824462891e-01
43 6.97753906250000e-01 4.86860513687134e-01
44 6.89941406250000e-01 4.76019144058228e-01
45 6.60156250000000e-01 4.35806274414062e-01
46 6.53320312500000e-01 4.26827430725098e-01
47 6.83593750000000e-01 4.67300415039062e-01
48 6.96289062500000e-01 4.84818458557129e-01
49 7.15332031250000e-01 5.11699914932251e-01
50 7.43164062500000e-01 5.52292823791504e-01
51 7.62207031250000e-01 5.80959558486938e-01
52 7.61230468750000e-01 5.79471826553345e-01
53 7.10449218750000e-01 5.04738092422485e-01
54 7.69531250000000e-01 5.92178344726562e-01
55 7.19726562500000e-01 5.18006324768066e-01
56 6.45507812500000e-01 4.16680335998535e-01
57 6.22558593750000e-01 3.87579202651978e-01
58 6.38671875000000e-01 4.07901763916016e-01
59 5.47363281250000e-01 2.99606561660767e-01
60 5.66894531250000e-01 3.21369409561157e-01
61 5.87402343750000e-01 3.45041513442993e-01
62 6.19628906250000e-01 3.83939981460571e-01
63 5.79589843750000e-01 3.35924386978149e-01
64 5.40527343750000e-01 2.92169809341431e-01
65 5.20507812500000e-01 2.70928382873535e-01
66 6.07910156250000e-01 3.69554758071899e-01
67 6.13281250000000e-01 3.76113891601562e-01
68 6.06445312500000e-01 3.67775917053223e-01
69 5.87402343750000e-01 3.45041513442993e-01
70 5.82031250000000e-01 3.38760375976562e-01
71 5.80566406250000e-01 3.37057352066040e-01
72 5.77636718750000e-01 3.33664178848267e-01
73 5.94726562500000e-01 3.53699684143066e-01
74 5.37109375000000e-01 2.88486480712891e-01
75 5.53710937500000e-01 3.06595802307129e-01
76 5.26855468750000e-01 2.77576684951782e-01
77 5.75195312500000e-01 3.30849647521973e-01
78 5.94726562500000e-01 3.53699684143066e-01
79 5.76171875000000e-01 3.31974029541016e-01
80 5.29785156250000e-01 2.80672311782837e-01
81 5.20019531250000e-01 2.70420312881470e-01
82 5.60058593750000e-01 3.13665628433228e-01
83 5.42480468750000e-01 2.94285058975220e-01
84 6.36718750000000e-01 4.05410766601562e-01
85 6.27929687500000e-01 3.94295692443848e-01
86 6.10351562500000e-01 3.72529029846191e-01
87 5.92285156250000e-01 3.50801706314087e-01
88 5.48828125000000e-01 3.01212310791016e-01
89 5.89355468750000e-01 3.47339868545532e-01
90 6.14746093750000e-01 3.77912759780884e-01
91 6.14746093750000e-01 3.77912759780884e-01
92 6.50878906250000e-01 4.23643350601196e-01
93 6.90429687500000e-01 4.76693153381348e-01
94 6.80175781250000e-01 4.62639093399048e-01
95 6.10839843750000e-01 3.73125314712524e-01
96 6.22070312500000e-01 3.86971473693848e-01
97 5.98144531250000e-01 3.57776880264282e-01
98 6.11816406250000e-01 3.74319314956665e-01
99 5.87402343750000e-01 3.45041513442993e-01
100 6.07910156250000e-01 3.69554758071899e-01
101 6.82617187500000e-01 4.65966224670410e-01
102 6.35742187500000e-01 4.04168128967285e-01
103 6.32324218750000e-01 3.99833917617798e-01
104 6.33300781250000e-01 4.01069879531860e-01
105 6.14746093750000e-01 3.77912759780884e-01
106 5.89843750000000e-01 3.47915649414062e-01
107 6.02050781250000e-01 3.62465143203735e-01
108 6.25488281250000e-01 3.91235589981079e-01
109 5.57617187500000e-01 3.10936927795410e-01
110 5.66406250000000e-01 3.20816040039062e-01
111 5.77636718750000e-01 3.33664178848267e-01
112 5.75195312500000e-01 3.30849647521973e-01
113 5.37597656250000e-01 2.89011240005493e-01
114 4.65332031250000e-01 2.16533899307251e-01
115 4.52636718750000e-01 2.04879999160767e-01
116 4.63867187500000e-01 2.15172767639160e-01
117 4.51660156250000e-01 2.03996896743774e-01
118 4.13574218750000e-01 1.71043634414673e-01
119 4.49218750000000e-01 2.01797485351562e-01
120 4.47753906250000e-01 2.00483560562134e-01
121 4.09667968750000e-01 1.67827844619751e-01
122 4.09667968750000e-01 1.67827844619751e-01
123 4.29687500000000e-01 1.84631347656250e-01
124 4.57519531250000e-01 2.09324121475220e-01
125 4.37500000000000e-01 1.91406250000000e-01
126 4.37500000000000e-01 1.91406250000000e-01
127 4.58496093750000e-01 2.10218667984009e-01
128 5.42480468750000e-01 2.94285058975220e-01
129 5.03417968750000e-01 2.53429651260376e-01
130 4.56542968750000e-01 2.08431482315063e-01
131 4.20898437500000e-01 1.77155494689941e-01
132 3.67675781250000e-01 1.35185480117798e-01
133 3.33496093750000e-01 1.11219644546509e-01
134 3.67675781250000e-01 1.35185480117798e-01
135 3.59375000000000e-01 1.29150390625000e-01
136 3.99414062500000e-01 1.59531593322754e-01
137 4.06738281250000e-01 1.65436029434204e-01
138 3.91113281250000e-01 1.52969598770142e-01
139 4.14062500000000e-01 1.71447753906250e-01
140 4.82421875000000e-01 2.32730865478516e-01
141 4.99023437500000e-01 2.49024391174316e-01
142 4.75097656250000e-01 2.25717782974243e-01
143 5.12207031250000e-01 2.62356042861938e-01
144 5.50292968750000e-01 3.02822351455688e-01
145 5.09277343750000e-01 2.59363412857056e-01
146 5.14648437500000e-01 2.64863014221191e-01
147 5.46386718750000e-01 2.98538446426392e-01
148 5.01953125000000e-01 2.51956939697266e-01
149 4.48242187500000e-01 2.00921058654785e-01
150 4.68750000000000e-01 2.19726562500000e-01
151 4.75585937500000e-01 2.26181983947754e-01
152 4.68750000000000e-01 2.19726562500000e-01
153 4.81933593750000e-01 2.32259988784790e-01
154 5.39062500000000e-01 2.90588378906250e-01
155 5.42968750000000e-01 2.94815063476562e-01
156 4.84375000000000e-01 2.34619140625000e-01
157 5.13183593750000e-01 2.63357400894165e-01
158 5.63964843750000e-01 3.18056344985962e-01
159 5.14160156250000e-01 2.64360666275024e-01
160 5.44433593750000e-01 2.96407938003540e-01
161 6.10839843750000e-01 3.73125314712524e-01
162 5.85449218750000e-01 3.42750787734985e-01
163 5.77148437500000e-01 3.33100318908691e-01
164 5.99609375000000e-01 3.59531402587891e-01
165 6.03515625000000e-01 3.64231109619141e-01
166 6.25488281250000e-01 3.91235589981079e-01
167 6.20605468750000e-01 3.85151147842407e-01
168 7.04101562500000e-01 4.95759010314941e-01
169 6.79199218750000e-01 4.61311578750610e-01
170 6.54296875000000e-01 4.28104400634766e-01
171 6.45507812500000e-01 4.16680335998535e-01
172 6.26464843750000e-01 3.92458200454712e-01
173 6.72851562500000e-01 4.52729225158691e-01
174 6.54296875000000e-01 4.28104400634766e-01
175 6.89941406250000e-01 4.76019144058228e-01
176 6.72363281250000e-01 4.52072381973267e-01
177 6.98242187500000e-01 4.87542152404785e-01
178 7.08007812500000e-01 5.01275062561035e-01
179 6.50390625000000e-01 4.23007965087891e-01
180 6.84082031250000e-01 4.67968225479126e-01
181 6.78710937500000e-01 4.60648536682129e-01
182 5.91308593750000e-01 3.49645853042603e-01
183 5.55175781250000e-01 3.08220148086548e-01
184 5.47851562500000e-01 3.00141334533691e-01
185 5.23925781250000e-01 2.74498224258423e-01
186 5.43945312500000e-01 2.95876502990723e-01
187 6.23046875000000e-01 3.88187408447266e-01
188 6.07910156250000e-01 3.69554758071899e-01
189 6.08398437500000e-01 3.70148658752441e-01
190 5.41015625000000e-01 2.92697906494141e-01
191 5.66406250000000e-01 3.20816040039062e-01
192 5.46875000000000e-01 2.99072265625000e-01
193 5.06835937500000e-01 2.56882667541504e-01
194 5.28320312500000e-01 2.79122352600098e-01
195 5.38085937500000e-01 2.89536476135254e-01
196 5.87890625000000e-01 3.45615386962891e-01
197 6.04492187500000e-01 3.65410804748535e-01
198 6.16699218750000e-01 3.80317926406860e-01
199 6.00585937500000e-01 3.60703468322754e-01
200 6.71875000000000e-01 4.51416015625000e-01
201 6.06933593750000e-01 3.68368387222290e-01
202 5.43457031250000e-01 2.95345544815063e-01
203 5.45898437500000e-01 2.98005104064941e-01
204 5.52246093750000e-01 3.04975748062134e-01
205 5.79589843750000e-01 3.35924386978149e-01
206 5.62988281250000e-01 3.16955804824829e-01
207 6.26953125000000e-01 3.93070220947266e-01
208 6.55761718750000e-01 4.30023431777954e-01
209 6.51855468750000e-01 4.24915552139282e-01
210 6.59179687500000e-01 4.34517860412598e-01
211 6.57226562500000e-01 4.31946754455566e-01
212 6.44531250000000e-01 4.15420532226562e-01
213 6.33300781250000e-01 4.01069879531860e-01
214 6.49902343750000e-01 4.22373056411743e-01
215 6.51367187500000e-01 4.24279212951660e-01
216 6.92382812500000e-01 4.79393959045410e-01
217 6.75781250000000e-01 4.56680297851562e-01
218 7.20703125000000e-01 5.19412994384766e-01
219 7.52929687500000e-01 5.66903114318848e-01
220 7.03613281250000e-01 4.95071649551392e-01
221 6.40625000000000e-01 4.10400390625000e-01
222 6.99218750000000e-01 4.88906860351562e-01
223 7.11425781250000e-01 5.06126642227173e-01
224 7.29492187500000e-01 5.32158851623535e-01
225 7.23144531250000e-01 5.22938013076782e-01
226 7.00195312500000e-01 4.90273475646973e-01
227 7.10937500000000e-01 5.05432128906250e-01
228 7.08496093750000e-01 5.01966714859009e-01
229 7.44628906250000e-01 5.54472208023071e-01
230 7.15820312500000e-01 5.12398719787598e-01
231 6.59179687500000e-01 4.34517860412598e-01
232 6.15722656250000e-01 3.79114389419556e-01
233 6.42089843750000e-01 4.12279367446899e-01
234 6.10351562500000e-01 3.72529029846191e-01
235 6.37695312500000e-01 4.06655311584473e-01
236 6.53320312500000e-01 4.26827430725098e-01
237 6.86523437500000e-01 4.71314430236816e-01
238 6.59667968750000e-01 4.35161828994751e-01
239 6.72851562500000e-01 4.52729225158691e-01
240 5.98632812500000e-01 3.58361244201660e-01
241 5.86425781250000e-01 3.43895196914673e-01
242 5.12207031250000e-01 2.62356042861938e-01
243 5.77636718750000e-01 3.33664178848267e-01
244 4.86816406250000e-01 2.36990213394165e-01
245 5.05371093750000e-01 2.55399942398071e-01
246 5.09765625000000e-01 2.59860992431641e-01
247 5.53710937500000e-01 3.06595802307129e-01
248 5.41992187500000e-01 2.93755531311035e-01
249 5.33691406250000e-01 2.84826517105103e-01
250 5.41503906250000e-01 2.93226480484009e-01
251 5.48828125000000e-01 3.01212310791016e-01
252 5.90820312500000e-01 3.49068641662598e-01
253 6.09863281250000e-01 3.71933221817017e-01
254 5.87890625000000e-01 3.45615386962891e-01
255 5.65917968750000e-01 3.20263147354126e-01
256 4.92675781250000e-01 2.42729425430298e-01
257 4.79003906250000e-01 2.29444742202759e-01
258 4.74609375000000e-01 2.25254058837891e-01
259 4.63378906250000e-01 2.14720010757446e-01
260 4.27246093750000e-01 1.82539224624634e-01
261 4.31152343750000e-01 1.85892343521118e-01
262 4.12109375000000e-01 1.69834136962891e-01
263 3.91601562500000e-01 1.53351783752441e-01
264 3.99414062500000e-01 1.59531593322754e-01
265 4.23339843750000e-01 1.79216623306274e-01
266 4.08203125000000e-01 1.66629791259766e-01
267 4.03808593750000e-01 1.63061380386353e-01
268 4.16503906250000e-01 1.73475503921509e-01
269 4.89746093750000e-01 2.39851236343384e-01
270 4.35058593750000e-01 1.89275979995728e-01
271 3.23730468750000e-01 1.04801416397095e-01
272 3.47167968750000e-01 1.20525598526001e-01
273 4.02343750000000e-01 1.61880493164062e-01
274 3.84765625000000e-01 1.48044586181641e-01
275 4.44824218750000e-01 1.97868585586548e-01
276 4.58007812500000e-01 2.09771156311035e-01
277 4.30664062500000e-01 1.85471534729004e-01
278 4.71191406250000e-01 2.22021341323853e-01
279 5.27832031250000e-01 2.78606653213501e-01
280 5.07812500000000e-01 2.57873535156250e-01
281 4.88281250000000e-01 2.38418579101562e-01
282 5.06347656250000e-01 2.56387948989868e-01
283 4.82910156250000e-01 2.33202219009399e-01
284 5.36132812500000e-01 2.87438392639160e-01
285 5.27832031250000e-01 2.78606653213501e-01
286 4.69726562500000e-01 2.20643043518066e-01
287 4.59960937500000e-01 2.11564064025879e-01
288 3.71093750000000e-01 1.37710571289062e-01
289 3.09082031250000e-01 9.55317020416260e-02
290 3.10058593750000e-01 9.61363315582275e-02
291 2.90527343750000e-01 8.44061374664307e-02
292 3.11035156250000e-01 9.67428684234619e-02
293 2.51464843750000e-01 6.32345676422119e-02
294 2.22656250000000e-01 4.95758056640625e-02
295 2.75390625000000e-01 7.58399963378906e-02
296 2.35351562500000e-01 5.53903579711914e-02
297 1.72851562500000e-01 2.98776626586914e-02
298 2.37792968750000e-01 5.65454959869385e-02
299 3.16894531250000e-01 1.00422143936157e-01
300 3.09570312500000e-01 9.58337783813477e-02
301 3.37890625000000e-01 1.14170074462891e-01
302 3.70605468750000e-01 1.37348413467407e-01
303 4.57031250000000e-01 2.08877563476562e-01
304 4.56542968750000e-01 2.08431482315063e-01
305 4.68750000000000e-01 2.19726562500000e-01
306 4.82910156250000e-01 2.33202219009399e-01
307 3.92578125000000e-01 1.54117584228516e-01
308 4.32617187500000e-01 1.87157630920410e-01
309 4.58496093750000e-01 2.10218667984009e-01
310 5.81054687500000e-01 3.37624549865723e-01
311 5.44921875000000e-01 2.96939849853516e-01
312 5.15625000000000e-01 2.65869140625000e-01
313 5.11230468750000e-01 2.61356592178345e-01
314 5.68847656250000e-01 3.23587656021118e-01
315 6.22070312500000e-01 3.86971473693848e-01
316 6.53320312500000e-01 4.26827430725098e-01
317 6.84082031250000e-01 4.67968225479126e-01
318 7.00195312500000e-01 4.90273475646973e-01
319 6.79687500000000e-01 4.61975097656250e-01
320 6.89941406250000e-01 4.76019144058228e-01
321 7.22167968750000e-01 5.21526575088501e-01
322 6.92871093750000e-01 4.80070352554321e-01
323 6.90429687500000e-01 4.76693153381348e-01
324 6.90917968750000e-01 4.77367639541626e-01
325 6.87988281250000e-01 4.73327875137329e-01
326 6.63085937500000e-01 4.39682960510254e-01
327 6.70898437500000e-01 4.50104713439941e-01
328 6.19628906250000e-01 3.83939981460571e-01
329 5.96679687500000e-01 3.56026649475098e-01
330 6.12792968750000e-01 3.75515222549438e-01
331 6.38183593750000e-01 4.07278299331665e-01
332 6.50878906250000e-01 4.23643350601196e-01
333 6.68945312500000e-01 4.47487831115723e-01
334 6.50878906250000e-01 4.23643350601196e-01
335 6.55761718750000e-01 4.30023431777954e-01
336 6.56738281250000e-01 4.31305170059204e-01
337 6.85058593750000e-01 4.69305276870728e-01
338 6.51367187500000e-01 4.24279212951660e-01
339 6.50390625000000e-01 4.23007965087891e-01
340 6.10351562500000e-01 3.72529029846191e-01
341 6.10839843750000e-01 3.73125314712524e-01
342 6.55761718750000e-01 4.30023431777954e-01
343 6.36718750000000e-01 4.05410766601562e-01
344 6.43554687500000e-01 4.14162635803223e-01
345 6.45019531250000e-01 4.16050195693970e-01
346 6.31835937500000e-01 3.99216651916504e-01
347 6.32324218750000e-01 3.99833917617798e-01
348 5.86425781250000e-01 3.43895196914673e-01
349 5.39062500000000e-01 2.90588378906250e-01
350 5.25390625000000e-01 2.76035308837891e-01
351 5.24902343750000e-01 2.75522470474243e-01
352 5.15625000000000e-01 2.65869140625000e-01
353 5.53710937500000e-01 3.06595802307129e-01
354 5.73730468750000e-01 3.29166650772095e-01
355 5.90332031250000e-01 3.48491907119751e-01
356 6.22558593750000e-01 3.87579202651978e-01
357 5.89843750000000e-01 3.47915649414062e-01
358 6.41113281250000e-01 4.11026239395142e-01
359 6.38671875000000e-01 4.07901763916016e-01
360 6.08398437500000e-01 3.70148658752441e-01
361 5.58593750000000e-01 3.12026977539062e-01
362 5.28808593750000e-01 2.79638528823853e-01
363 5.32226562500000e-01 2.83265113830566e-01
364 5.30273437500000e-01 2.81189918518066e-01
365 5.68359375000000e-01 3.23032379150391e-01
366 5.87402343750000e-01 3.45041513442993e-01
367 5.41992187500000e-01 2.93755531311035e-01
368 5.52734375000000e-01 3.05515289306641e-01
369 5.11230468750000e-01 2.61356592178345e-01
370 5.15625000000000e-01 2.65869140625000e-01
371 5.27343750000000e-01 2.78091430664062e-01
372 5.54199218750000e-01 3.07136774063110e-01
373 4.45312500000000e-01 1.98303222656250e-01
374 5.04394531250000e-01 2.54413843154907e-01
375 5.28808593750000e-01 2.79638528823853e-01
376 4.80468750000000e-01 2.30850219726562e-01
377 4.86816406250000e-01 2.36990213394165e-01
378 5.02929687500000e-01 2.52938270568848e-01
379 5.12207031250000e-01 2.62356042861938e-01
380 4.94140625000000e-01 2.44174957275391e-01
381 5.21972656250000e-01 2.72455453872681e-01
382 4.93652343750000e-01 2.43692636489868e-01
383 5.64941406250000e-01 3.19158792495728e-01
384 4.92187500000000e-01 2.42248535156250e-01
385 5.50781250000000e-01 3.03359985351562e-01
386 5.84960937500000e-01 3.42179298400879e-01
387 6.08398437500000e-01 3.70148658752441e-01
388 5.29785156250000e-01 2.80672311782837e-01
389 4.44824218750000e-01 1.97868585586548e-01
390 4.12109375000000e-01 1.69834136962891e-01
391 3.72070312500000e-01 1.38436317443848e-01
392 3.43261718750000e-01 1.17828607559204e-01
393 4.00878906250000e-01 1.60703897476196e-01
394 3.93066406250000e-01 1.54501199722290e-01
395 4.27246093750000e-01 1.82539224624634e-01
396 4.27246093750000e-01 1.82539224624634e-01
397 3.38378906250000e-01 1.14500284194946e-01
398 3.28125000000000e-01 1.07666015625000e-01
399 3.13476562500000e-01 9.82675552368164e-02
400 3.31542968750000e-01 1.09920740127563e-01
401 2.91503906250000e-01 8.49745273590088e-02
402 3.22265625000000e-01 1.03855133056641e-01
403 4.28222656250000e-01 1.83374643325806e-01
404 3.85742187500000e-01 1.48797035217285e-01
405 3.46191406250000e-01 1.19848489761353e-01
406 3.28125000000000e-01 1.07666015625000e-01
407 3.56933593750000e-01 1.27401590347290e-01
408 3.75976562500000e-01 1.41358375549316e-01
409 3.81347656250000e-01 1.45426034927368e-01
410 2.92968750000000e-01 8.58306884765625e-02
411 2.45605468750000e-01 6.03220462799072e-02
412 1.46484375000000e-01 2.14576721191406e-02
413 2.44140625000000e-01 5.96046447753906e-02
414 1.76757812500000e-01 3.12433242797852e-02
415 1.65527343750000e-01 2.73993015289307e-02
416 1.46972656250000e-01 2.16009616851807e-02
417 1.84570312500000e-01 3.40662002563477e-02
418 2.15332031250000e-01 4.63678836822510e-02
419 1.75292968750000e-01 3.07276248931885e-02
420 2.15820312500000e-01 4.65784072875977e-02
421 2.25585937500000e-01 5.08890151977539e-02
422 1.55273437500000e-01 2.41098403930664e-02
423 1.21093750000000e-01 1.46636962890625e-02
424 7.56835937500000e-02 5.72800636291504e-03
425 3.71093750000000e-02 1.37710571289062e-03
426 8.49609375000000e-02 7.21836090087891e-03
427 8.93554687500000e-02 7.98439979553223e-03
428 1.27929687500000e-01 1.63660049438477e-02
429 1.15234375000000e-01 1.32789611816406e-02
430 1.46484375000000e-01 2.14576721191406e-02
431 1.78710937500000e-01 3.19375991821289e-02
432 2.16796875000000e-01 4.70008850097656e-02
433 1.67968750000000e-01 2.82135009765625e-02
434 2.27050781250000e-01 5.15520572662354e-02
435 1.63085937500000e-01 2.65970230102539e-02
436 1.64062500000000e-01 2.69165039062500e-02
437 1.93847656250000e-01 3.75769138336182e-02
438 1.57714843750000e-01 2.48739719390869e-02
439 1.38671875000000e-01 1.92298889160156e-02
440 1.82128906250000e-01 3.31709384918213e-02
441 2.54394531250000e-01 6.47165775299072e-02
442 1.75781250000000e-01 3.08990478515625e-02
443 2.23632812500000e-01 5.00116348266602e-02
444 2.44140625000000e-01 5.96046447753906e-02
445 2.79785156250000e-01 7.82797336578369e-02
446 2.70019531250000e-01 7.29105472564697e-02
447 2.61230468750000e-01 6.82413578033447e-02
448 2.99316406250000e-01 8.95903110504150e-02
449 2.61718750000000e-01 6.84967041015625e-02
450 2.93457031250000e-01 8.61170291900635e-02
451 2.27539062500000e-01 5.17740249633789e-02
452 1.79687500000000e-01 3.22875976562500e-02
453 1.51367187500000e-01 2.29120254516602e-02
454 1.34765625000000e-01 1.81617736816406e-02
455 1.36230468750000e-01 1.85587406158447e-02
456 2.00195312500000e-01 4.00781631469727e-02
457 1.88964843750000e-01 3.57077121734619e-02
458 2.43652343750000e-01 5.93664646148682e-02
459 2.38281250000000e-01 5.67779541015625e-02
460 1.68945312500000e-01 2.85425186157227e-02
461 2.36328125000000e-01 5.58509826660156e-02
462 1.98730468750000e-01 3.94937992095947e-02
463 2.57324218750000e-01 6.62157535552979e-02
464 3.16406250000000e-01 1.00112915039062e-01
465 2.50000000000000e-01 6.25000000000000e-02
466 1.96777343750000e-01 3.87213230133057e-02
467 2.37792968750000e-01 5.65454959869385e-02
468 2.56347656250000e-01 6.57141208648682e-02
469 2.74414062500000e-01 7.53030776977539e-02
470 2.93945312500000e-01 8.64038467407227e-02
471 3.08593750000000e-01 9.52301025390625e-02
472 2.32421875000000e-01 5.40199279785156e-02
473 2.07031250000000e-01 4.28619384765625e-02
474 2.84667968750000e-01 8.10358524322510e-02
475 3.07617187500000e-01 9.46283340454102e-02
476 3.11523437500000e-01 9.70468521118164e-02
477 3.08593750000000e-01 9.52301025390625e-02
478 2.37304687500000e-01 5.63135147094727e-02
479 2.01660156250000e-01 4.06668186187744e-02
480 1.55761718750000e-01 2.42617130279541e-02
481 1.70898437500000e-01 2.92062759399414e-02
482 2.32421875000000e-01 5.40199279785156e-02
483 2.35839843750000e-01 5.56204319000244e-02
484 2.22167968750000e-01 4.93586063385010e-02
485 2.24121093750000e-01 5.02302646636963e-02
486 2.55859375000000e-01 6.54640197753906e-02
487 3.01269531250000e-01 9.07633304595947e-02
488 2.87109375000000e-01 8.24317932128906e-02
489 2.40722656250000e-01 5.79473972320557e-02
490 2.62207031250000e-01 6.87525272369385e-02
491 2.29492187500000e-01 5.26666641235352e-02
492 2.49023437500000e-01 6.20126724243164e-02
493 1.77246093750000e-01 3.14161777496338e-02
494 2.18750000000000e-01 4.78515625000000e-02
495 1.75781250000000e-01 3.08990478515625e-02
496 1.73828125000000e-01 3.02162170410156e-02
497 2.18261718750000e-01 4.76381778717041e-02
498 1.80175781250000e-01 3.24633121490479e-02
499 1.80175781250000e-01 3.24633121490479e-02
500 1.87011718750000e-01 3.49733829498291e-02
501 1.72363281250000e-01 2.97091007232666e-02
502 1.94824218750000e-01 3.79564762115479e-02
503 2.05566406250000e-01 4.22575473785400e-02
504 1.78710937500000e-01 3.19375991821289e-02
505 1.00585937500000e-01 1.01175308227539e-02
506 7.66601562500000e-02 5.87677955627441e-03
507 8.78906250000000e-02 7.72476196289062e-03
508 6.83593750000000e-02 4.67300415039062e-03
509 1.21582031250000e-01 1.47821903228760e-02
510 1.22558593750000e-01 1.50206089019775e-02
511 1.15722656250000e-01 1.33917331695557e-02
512 8.05664062500000e-02 6.49094581604004e-03
513 1.19628906250000e-01 1.43110752105713e-02
514 1.43554687500000e-01 2.06079483032227e-02
515 1.93847656250000e-01 3.75769138336182e-02
516 2.14843750000000e-01 4.61578369140625e-02
517 1.97753906250000e-01 3.91066074371338e-02
518 2.19726562500000e-01 4.82797622680664e-02
519 2.01171875000000e-01 4.04701232910156e-02
520 2.70507812500000e-01 7.31744766235352e-02
521 2.78320312500000e-01 7.74621963500977e-02
522 2.74902343750000e-01 7.55712985992432e-02
523 4.00390625000000e-01 1.60312652587891e-01
524 4.04785156250000e-01 1.63851022720337e-01
525 4.10644531250000e-01 1.68628931045532e-01
526 4.64355468750000e-01 2.15626001358032e-01
527 5.05371093750000e-01 2.55399942398071e-01
528 4.79003906250000e-01 2.29444742202759e-01
529 4.64843750000000e-01 2.16079711914062e-01
530 4.94140625000000e-01 2.44174957275391e-01
531 4.35058593750000e-01 1.89275979995728e-01
532 4.30175781250000e-01 1.85051202774048e-01
533 4.08691406250000e-01 1.67028665542603e-01
534 4.25781250000000e-01 1.81289672851562e-01
535 4.38476562500000e-01 1.92261695861816e-01
536 4.30664062500000e-01 1.85471534729004e-01
537 4.34082031250000e-01 1.88427209854126e-01
538 4.07226562500000e-01 1.65833473205566e-01
539 3.73535156250000e-01 1.39528512954712e-01
540 4.36523437500000e-01 1.90552711486816e-01
541 4.17968750000000e-01 1.74697875976562e-01
542 4.61914062500000e-01 2.13364601135254e-01
543 5.54687500000000e-01 3.07678222656250e-01
544 5.50292968750000e-01 3.02822351455688e-01
545 5.48339843750000e-01 3.00676584243774e-01
546 5.28320312500000e-01 2.79122352600098e-01
547 4.75097656250000e-01 2.25717782974243e-01
548 5.13671875000000e-01 2.63858795166016e-01
549 5.24414062500000e-01 2.75010108947754e-01
550 5.67871093750000e-01 3.22477579116821e-01
551 4.73632812500000e-01 2.24328041076660e-01
552 4.66796875000000e-01 2.17899322509766e-01
553 4.47753906250000e-01 2.00483560562134e-01
554 3.74511718750000e-01 1.40259027481079e-01
555 4.24804687500000e-01 1.80459022521973e-01
556 4.45800781250000e-01 1.98738336563110e-01
557 4.82910156250000e-01 2.33202219009399e-01
558 4.41406250000000e-01 1.94839477539062e-01
559 5.17578125000000e-01 2.67887115478516e-01
560 5.91308593750000e-01 3.49645853042603e-01
561 6.30371093750000e-01 3.97367715835571e-01
562 6.57714843750000e-01 4.32588815689087e-01
563 6.37695312500000e-01 4.06655311584473e-01
564 5.99609375000000e-01 3.59531402587891e-01
565 6.41113281250000e-01 4.11026239395142e-01
566 6.35253906250000e-01 4.03547525405884e-01
567 6.99707031250000e-01 4.89589929580688e-01
568 7.09960937500000e-01 5.04044532775879e-01
569 6.51855468750000e-01 4.24915552139282e-01
570 6.66992187500000e-01 4.44878578186035e-01
571 6.28906250000000e-01 3.95523071289062e-01
572 6.84082031250000e-01 4.67968225479126e-01
573 7.18750000000000e-01 5.16601562500000e-01
574 6.98730468750000e-01 4.88224267959595e-01
575 6.76269531250000e-01 4.57340478897095e-01
576 6.89453125000000e-01 4.75345611572266e-01
577 6.48925781250000e-01 4.21104669570923e-01
578 6.34765625000000e-01 4.02927398681641e-01
579 6.38183593750000e-01 4.07278299331665e-01
580 6.44531250000000e-01 4.15420532226562e-01
581 6.55273437500000e-01 4.29383277893066e-01
582 6.97753906250000e-01 4.86860513687134e-01
583 7.12890625000000e-01 5.08213043212891e-01
584 7.43652343750000e-01 5.53018808364868e-01
585 7.63671875000000e-01 5.83194732666016e-01
586 6.95800781250000e-01 4.84138727188110e-01
587 6.90917968750000e-01 4.77367639541626e-01
588 6.94335937500000e-01 4.82102394104004e-01
589 6.44042968750000e-01 4.14791345596313e-01
590 6.57226562500000e-01 4.31946754455566e-01
591 6.89941406250000e-01 4.76019144058228e-01
592 6.69433593750000e-01 4.48141336441040e-01
593 6.60156250000000e-01 4.35806274414062e-01
594 6.48925781250000e-01 4.21104669570923e-01
595 6.18652343750000e-01 3.82730722427368e-01
596 5.99609375000000e-01 3.59531402587891e-01
597 6.74804687500000e-01 4.55361366271973e-01
598 6.49414062500000e-01 4.21738624572754e-01
599 6.78710937500000e-01 4.60648536682129e-01
600 6.87011718750000e-01 4.71985101699829e-01
601 6.29882812500000e-01 3.96752357482910e-01
602 5.86914062500000e-01 3.44468116760254e-01
603 5.68847656250000e-01 3.23587656021118e-01
604 5.75683593750000e-01 3.31411600112915e-01
605 5.92285156250000e-01 3.50801706314087e-01
606 5.78125000000000e-01 3.34228515625000e-01
607 5.68847656250000e-01 3.23587656021118e-01
608 5.48828125000000e-01 3.01212310791016e-01
609 5.43945312500000e-01 2.95876502990723e-01
610 5.33203125000000e-01 2.84305572509766e-01
611 5.17089843750000e-01 2.67381906509399e-01
612 5.03417968750000e-01 2.53429651260376e-01
613 4.69238281250000e-01 2.20184564590454e-01
614 4.35546875000000e-01 1.89701080322266e-01
615 5.00000000000000e-01 2.50000000000000e-01
616 5.01464843750000e-01 2.51466989517212e-01
617 5.49804687500000e-01 3.02285194396973e-01
618 6.35253906250000e-01 4.03547525405884e-01
619 6.71386718750000e-01 4.50760126113892e-01
620 6.04980468750000e-01 3.66001367568970e-01
621 6.36230468750000e-01 4.04789209365845e-01
622 6.26953125000000e-01 3.93070220947266e-01
623 6.27929687500000e-01 3.94295692443848e-01
624 5.83496093750000e-01 3.40467691421509e-01
625 6.16210937500000e-01 3.79715919494629e-01
626 5.94726562500000e-01 3.53699684143066e-01
627 5.19531250000000e-01 2.69912719726562e-01
628 5.03906250000000e-01 2.53921508789062e-01
629 5.53710937500000e-01 3.06595802307129e-01
630 6.61132812500000e-01 4.37096595764160e-01
631 6.61132812500000e-01 4.37096595764160e-01
632 6.60156250000000e-01 4.35806274414062e-01
633 6.36230468750000e-01 4.04789209365845e-01
634 6.42578125000000e-01 4.12906646728516e-01
635 6.28906250000000e-01 3.95523071289062e-01
636 6.22070312500000e-01 3.86971473693848e-01
637 5.97167968750000e-01 3.56609582901001e-01
638 6.46484375000000e-01 4.17942047119141e-01
639 5.62011718750000e-01 3.15857172012329e-01
640 5.62011718750000e-01 3.15857172012329e-01
641 5.76171875000000e-01 3.31974029541016e-01
642 5.67382812500000e-01 3.21923255920410e-01
643 4.89257812500000e-01 2.39373207092285e-01
644 4.29199218750000e-01 1.84211969375610e-01
645 4.78027343750000e-01 2.28510141372681e-01
646 5.11230468750000e-01 2.61356592178345e-01
647 5.91796875000000e-01 3.50223541259766e-01
648 6.21093750000000e-01 3.85757446289062e-01
649 6.72363281250000e-01 4.52072381973267e-01
650 5.89355468750000e-01 3.47339868545532e-01
651 6.40136718750000e-01 4.09775018692017e-01
652 6.62109375000000e-01 4.38388824462891e-01
653 6.44531250000000e-01 4.15420532226562e-01
654 6.84082031250000e-01 4.67968225479126e-01
655 6.30371093750000e-01 3.97367715835571e-01
656 7.05078125000000e-01 4.97135162353516e-01
657 6.90917968750000e-01 4.77367639541626e-01
658 7.08007812500000e-01 5.01275062561035e-01
659 7.28027343750000e-01 5.30023813247681e-01
660 6.65527343750000e-01 4.42926645278931e-01
661 6.33300781250000e-01 4.01069879531860e-01
662 5.55664062500000e-01 3.08762550354004e-01
663 6.19628906250000e-01 3.83939981460571e-01
664 6.04492187500000e-01 3.65410804748535e-01
665 6.70410156250000e-01 4.49449777603149e-01
666 6.79199218750000e-01 4.61311578750610e-01
667 6.54296875000000e-01 4.28104400634766e-01
668 6.45996093750000e-01 4.17310953140259e-01
669 6.91894531250000e-01 4.78718042373657e-01
670 7.02148437500000e-01 4.93012428283691e-01
671 6.94824218750000e-01 4.82780694961548e-01
672 6.08398437500000e-01 3.70148658752441e-01
673 6.66015625000000e-01 4.43576812744141e-01
674 7.02636718750000e-01 4.93698358535767e-01
675 6.96777343750000e-01 4.85498666763306e-01
676 6.93359375000000e-01 4.80747222900391e-01
677 6.78222656250000e-01 4.59985971450806e-01
678 6.96289062500000e-01 4.84818458557129e-01
679 6.94824218750000e-01 4.82780694961548e-01
680 6.71875000000000e-01 4.51416015625000e-01
681 6.26464843750000e-01 3.92458200454712e-01
682 6.43066406250000e-01 4.13534402847290e-01
683 6.12304687500000e-01 3.74917030334473e-01
684 6.12792968750000e-01 3.75515222549438e-01
685 6.33789062500000e-01 4.01688575744629e-01
686 6.10839843750000e-01 3.73125314712524e-01
687 6.04980468750000e-01 3.66001367568970e-01
688 5.13183593750000e-01 2.63357400894165e-01
689 4.87304687500000e-01 2.37465858459473e-01
690 5.13671875000000e-01 2.63858795166016e-01
691 5.35644531250000e-01 2.86915063858032e-01
692 4.99511718750000e-01 2.49511957168579e-01
693 5.41992187500000e-01 2.93755531311035e-01
694 5.52734375000000e-01 3.05515289306641e-01
695 5.26855468750000e-01 2.77576684951782e-01
696 5.43945312500000e-01 2.95876502990723e-01
697 5.18554687500000e-01 2.68898963928223e-01
698 4.66308593750000e-01 2.17443704605103e-01
699 4.41406250000000e-01 1.94839477539062e-01
700 5.21972656250000e-01 2.72455453872681e-01
701 5.38574218750000e-01 2.90062189102173e-01
702 5.18554687500000e-01 2.68898963928223e-01
703 5.19042968750000e-01 2.69405603408813e-01
704 5.15136718750000e-01 2.65365839004517e-01
705 4.95117187500000e-01 2.45141029357910e-01
706 5.28808593750000e-01 2.79638528823853e-01
707 4.87792968750000e-01 2.37941980361938e-01
708 4.82910156250000e-01 2.33202219009399e-01
709 4.40917968750000e-01 1.94408655166626e-01
710 4.26269531250000e-01 1.81705713272095e-01
711 4.10644531250000e-01 1.68628931045532e-01
712 4.43847656250000e-01 1.97000741958618e-01
713 4.90722656250000e-01 2.40808725357056e-01
714 5.04882812500000e-01 2.54906654357910e-01
715 5.55175781250000e-01 3.08220148086548e-01
716 5.33691406250000e-01 2.84826517105103e-01
717 5.13183593750000e-01 2.63357400894165e-01
718 5.02441406250000e-01 2.52447366714478e-01
719 5.97656250000000e-01 3.57192993164062e-01
720 5.63476562500000e-01 3.17505836486816e-01
721 5.65429687500000e-01 3.19710731506348e-01
722 5.80078125000000e-01 3.36490631103516e-01
723 5.29296875000000e-01 2.80155181884766e-01
724 5.47363281250000e-01 2.99606561660767e-01
725 4.75585937500000e-01 2.26181983947754e-01
726 5.05859375000000e-01 2.55893707275391e-01
727 5.15625000000000e-01 2.65869140625000e-01
728 5.04882812500000e-01 2.54906654357910e-01
729 5.75195312500000e-01 3.30849647521973e-01
730 4.47265625000000e-01 2.00046539306641e-01
731 4.65332031250000e-01 2.16533899307251e-01
732 4.06738281250000e-01 1.65436029434204e-01
733 4.22363281250000e-01 1.78390741348267e-01
734 4.17480468750000e-01 1.74289941787720e-01
735 3.87695312500000e-01 1.50307655334473e-01
736 4.29199218750000e-01 1.84211969375610e-01
737 3.85253906250000e-01 1.48420572280884e-01
738 4.09667968750000e-01 1.67827844619751e-01
739 3.64746093750000e-01 1.33039712905884e-01
740 3.95507812500000e-01 1.56426429748535e-01
741 4.53613281250000e-01 2.05765008926392e-01
742 4.72167968750000e-01 2.22942590713501e-01
743 5.57617187500000e-01 3.10936927795410e-01
744 5.25390625000000e-01 2.76035308837891e-01
745 5.24414062500000e-01 2.75010108947754e-01
746 4.76074218750000e-01 2.26646661758423e-01
747 4.64355468750000e-01 2.15626001358032e-01
748 4.45800781250000e-01 1.98738336563110e-01
749 3.97949218750000e-01 1.58363580703735e-01
750 3.49609375000000e-01 1.22226715087891e-01
751 4.22363281250000e-01 1.78390741348267e-01
752 4.37500000000000e-01 1.91406250000000e-01
753 5.45410156250000e-01 2.97472238540649e-01
754 5.73730468750000e-01 3.29166650772095e-01
755 6.24511718750000e-01 3.90014886856079e-01
756 6.54785156250000e-01 4.28743600845337e-01
757 6.25000000000000e-01 3.90625000000000e-01
758 5.49804687500000e-01 3.02285194396973e-01
759 6.25488281250000e-01 3.91235589981079e-01
760 6.83593750000000e-01 4.67300415039062e-01
761 6.53320312500000e-01 4.26827430725098e-01
762 6.80664062500000e-01 4.63303565979004e-01
763 6.53808593750000e-01 4.27465677261353e-01
764 6.79687500000000e-01 4.61975097656250e-01
765 6.55273437500000e-01 4.29383277893066e-01
766 6.18652343750000e-01 3.82730722427368e-01
767 5.62500000000000e-01 3.16406250000000e-01
768 5.75195312500000e-01 3.30849647521973e-01
769 5.62988281250000e-01 3.16955804824829e-01
770 6.42089843750000e-01 4.12279367446899e-01
771 7.10937500000000e-01 5.05432128906250e-01
772 7.13378906250000e-01 5.08909463882446e-01
773 7.02636718750000e-01 4.93698358535767e-01
774 6.61621093750000e-01 4.37742471694946e-01
775 6.54785156250000e-01 4.28743600845337e-01
776 6.53808593750000e-01 4.27465677261353e-01
777 6.85546875000000e-01 4.69974517822266e-01
778 7.00195312500000e-01 4.90273475646973e-01
779 6.56738281250000e-01 4.31305170059204e-01
780 6.41601562500000e-01 4.11652565002441e-01
781 6.49414062500000e-01 4.21738624572754e-01
782 6.64062500000000e-01 4.40979003906250e-01
783 7.53906250000000e-01 5.68374633789062e-01
784 7.37304687500000e-01 5.43618202209473e-01
785 7.51953125000000e-01 5.65433502197266e-01
786 7.64648437500000e-01 5.84687232971191e-01
787 7.33398437500000e-01 5.37873268127441e-01
788 7.19726562500000e-01 5.18006324768066e-01
789 7.87109375000000e-01 6.19541168212891e-01
790 7.43652343750000e-01 5.53018808364868e-01
791 7.05078125000000e-01 4.97135162353516e-01
792 7.19726562500000e-01 5.18006324768066e-01
793 7.22167968750000e-01 5.21526575088501e-01
794 6.77246093750000e-01 4.58662271499634e-01
795 7.02148437500000e-01 4.93012428283691e-01
796 7.37304687500000e-01 5.43618202209473e-01
797 7.18261718750000e-01 5.15899896621704e-01
798 7.11425781250000e-01 5.06126642227173e-01
799 7.01660156250000e-01 4.92326974868774e-01
800 6.74316406250000e-01 4.54702615737915e-01
801 7.32421875000000e-01 5.36441802978516e-01
802 6.68945312500000e-01 4.47487831115723e-01
803 6.75781250000000e-01 4.56680297851562e-01
804 6.41601562500000e-01 4.11652565002441e-01
805 6.24023437500000e-01 3.89405250549316e-01
806 6.26953125000000e-01 3.93070220947266e-01
807 6.19628906250000e-01 3.83939981460571e-01
808 5.92773437500000e-01 3.51380348205566e-01
809 6.34277343750000e-01 4.02307748794556e-01
810 6.02050781250000e-01 3.62465143203735e-01
811 5.91796875000000e-01 3.50223541259766e-01
812 5.52734375000000e-01 3.05515289306641e-01
813 5.79101562500000e-01 3.35358619689941e-01
814 5.03417968750000e-01 2.53429651260376e-01
815 4.36035156250000e-01 1.90126657485962e-01
816 4.25781250000000e-01 1.81289672851562e-01
817 4.53125000000000e-01 2.05322265625000e-01
818 5.33203125000000e-01 2.84305572509766e-01
819 5.64453125000000e-01 3.18607330322266e-01
820 5.79589843750000e-01 3.35924386978149e-01
821 6.18652343750000e-01 3.82730722427368e-01
822 6.37207031250000e-01 4.06032800674438e-01
823 5.78125000000000e-01 3.34228515625000e-01
824 6.40136718750000e-01 4.09775018692017e-01
825 6.08398437500000e-01 3.70148658752441e-01
826 5.58593750000000e-01 3.12026977539062e-01
827 5.46875000000000e-01 2.99072265625000e-01
828 5.46875000000000e-01 2.99072265625000e-01
829 5.54687500000000e-01 3.07678222656250e-01
830 5.17089843750000e-01 2.67381906509399e-01
831 4.59960937500000e-01 2.11564064025879e-01
832 4.80957031250000e-01 2.31319665908813e-01
833 4.79980468750000e-01 2.30381250381470e-01
834 4.90234375000000e-01 2.40329742431641e-01
835 5.84472656250000e-01 3.41608285903931e-01
836 4.96093750000000e-01 2.46109008789062e-01
837 4.92187500000000e-01 2.42248535156250e-01
838 5.12207031250000e-01 2.62356042861938e-01
839 5.04882812500000e-01 2.54906654357910e-01
840 4.67773437500000e-01 2.18811988830566e-01
841 3.93066406250000e-01 1.54501199722290e-01
842 3.87695312500000e-01 1.50307655334473e-01
843 4.16992187500000e-01 1.73882484436035e-01
844 4.14062500000000e-01 1.71447753906250e-01
845 4.27246093750000e-01 1.82539224624634e-01
846 5.25878906250000e-01 2.76548624038696e-01
847 5.56152343750000e-01 3.09305429458618e-01
848 5.28808593750000e-01 2.79638528823853e-01
849 5.13183593750000e-01 2.63357400894165e-01
850 5.04882812500000e-01 2.54906654357910e-01
851 5.08789062500000e-01 2.58866310119629e-01
852 4.81933593750000e-01 2.32259988784790e-01
853 5.28808593750000e-01 2.79638528823853e-01
854 5.14648437500000e-01 2.64863014221191e-01
855 4.74121093750000e-01 2.24790811538696e-01
856 4.11621093750000e-01 1.69431924819946e-01
857 3.61816406250000e-01 1.30911111831665e-01
858 4.29199218750000e-01 1.84211969375610e-01
859 4.16503906250000e-01 1.73475503921509e-01
860 3.69628906250000e-01 1.36625528335571e-01
861 4.19921875000000e-01 1.76334381103516e-01
862 4.11621093750000e-01 1.69431924819946e-01
863 4.07714843750000e-01 1.66231393814087e-01
864 3.60839843750000e-01 1.30205392837524e-01
865 3.75000000000000e-01 1.40625000000000e-01
866 4.06738281250000e-01 1.65436029434204e-01
867 3.27148437500000e-01 1.07026100158691e-01
868 3.77441406250000e-01 1.42462015151978e-01
869 4.13085937500000e-01 1.70639991760254e-01
870 4.39941406250000e-01 1.93548440933228e-01
871 4.72656250000000e-01 2.23403930664062e-01
872 4.79980468750000e-01 2.30381250381470e-01
873 5.15625000000000e-01 2.65869140625000e-01
874 4.80957031250000e-01 2.31319665908813e-01
875 4.51171875000000e-01 2.03556060791016e-01
876 4.43359375000000e-01 1.96567535400391e-01
877 4.15527343750000e-01 1.72662973403931e-01
878 4.03320312500000e-01 1.62667274475098e-01
879 3.94042968750000e-01 1.55269861221313e-01
880 3.39843750000000e-01 1.15493774414062e-01
881 4.13574218750000e-01 1.71043634414673e-01
882 4.22851562500000e-01 1.78803443908691e-01
883 3.61328125000000e-01 1.30558013916016e-01
884 3.99902343750000e-01 1.59921884536743e-01
885 4.30664062500000e-01 1.85471534729004e-01
886 5.17578125000000e-01 2.67887115478516e-01
887 3.96972656250000e-01 1.57587289810181e-01
888 5.00488281250000e-01 2.50488519668579e-01
889 5.28808593750000e-01 2.79638528823853e-01
890 5.20507812500000e-01 2.70928382873535e-01
891 5.98632812500000e-01 3.58361244201660e-01
892 5.77636718750000e-01 3.33664178848267e-01
893 5.54199218750000e-01 3.07136774063110e-01
894 5.85937500000000e-01 3.43322753906250e-01
895 6.02539062500000e-01 3.63053321838379e-01
896 4.87792968750000e-01 2.37941980361938e-01
897 5.14160156250000e-01 2.64360666275024e-01
898 5.56152343750000e-01 3.09305429458618e-01
899 5.44921875000000e-01 2.96939849853516e-01
900 5.17089843750000e-01 2.67381906509399e-01
901 5.27832031250000e-01 2.78606653213501e-01
902 5.38085937500000e-01 2.89536476135254e-01
903 6.18652343750000e-01 3.82730722427368e-01
904 5.93261718750000e-01 3.51959466934204e-01
905 5.57128906250000e-01 3.10392618179321e-01
906 5.61523437500000e-01 3.15308570861816e-01
907 5.95703125000000e-01 3.54862213134766e-01
908 5.63476562500000e-01 3.17505836486816e-01
909 5.73730468750000e-01 3.29166650772095e-01
910 5.59570312500000e-01 3.13118934631348e-01
911 5.61035156250000e-01 3.14760446548462e-01
912 5.20996093750000e-01 2.71436929702759e-01
913 5.44433593750000e-01 2.96407938003540e-01
914 5.78613281250000e-01 3.34793329238892e-01
915 5.77148437500000e-01 3.33100318908691e-01
916 5.81542968750000e-01 3.38192224502563e-01
917 6.36230468750000e-01 4.04789209365845e-01
918 6.22558593750000e-01 3.87579202651978e-01
919 6.80175781250000e-01 4.62639093399048e-01
920 6.98242187500000e-01 4.87542152404785e-01
921 6.89453125000000e-01 4.75345611572266e-01
922 7.08984375000000e-01 5.02658843994141e-01
923 6.98242187500000e-01 4.87542152404785e-01
924 7.12402343750000e-01 5.07517099380493e-01
925 6.53808593750000e-01 4.27465677261353e-01
926 6.23046875000000e-01 3.88187408447266e-01
927 6.45507812500000e-01 4.16680335998535e-01
928 6.94824218750000e-01 4.82780694961548e-01
929 6.51367187500000e-01 4.24279212951660e-01
930 6.42089843750000e-01 4.12279367446899e-01
931 6.48437500000000e-01 4.20471191406250e-01
932 6.38671875000000e-01 4.07901763916016e-01
933 6.18652343750000e-01 3.82730722427368e-01
934 5.99121093750000e-01 3.58946084976196e-01
935 6.03515625000000e-01 3.64231109619141e-01
936 5.92285156250000e-01 3.50801706314087e-01
937 6.56250000000000e-01 4.30664062500000e-01
938 6.02539062500000e-01 3.63053321838379e-01
939 6.46972656250000e-01 4.18573617935181e-01
940 6.27441406250000e-01 3.93682718276978e-01
941 6.08886718750000e-01 3.70743036270142e-01
942 5.37109375000000e-01 2.88486480712891e-01
943 5.49804687500000e-01 3.02285194396973e-01
944 5.30273437500000e-01 2.81189918518066e-01
945 5.23925781250000e-01 2.74498224258423e-01
946 5.08300781250000e-01 2.58369684219360e-01
947 4.22851562500000e-01 1.78803443908691e-01
948 3.98925781250000e-01 1.59141778945923e-01
949 4.85839843750000e-01 2.36040353775024e-01
950 5.06835937500000e-01 2.56882667541504e-01
951 5.48828125000000e-01 3.01212310791016e-01
952 5.41503906250000e-01 2.93226480484009e-01
953 5.23437500000000e-01 2.73986816406250e-01
954 4.66308593750000e-01 2.17443704605103e-01
955 4.92187500000000e-01 2.42248535156250e-01
956 4.37988281250000e-01 1.91833734512329e-01
957 4.95117187500000e-01 2.45141029357910e-01
958 5.53710937500000e-01 3.06595802307129e-01
959 6.00585937500000e-01 3.60703468322754e-01
960 6.00097656250000e-01 3.60117197036743e-01
961 5.53710937500000e-01 3.06595802307129e-01
962 5.61523437500000e-01 3.15308570861816e-01
963 5.08789062500000e-01 2.58866310119629e-01
964 4.87304687500000e-01 2.37465858459473e-01
965 4.02832031250000e-01 1.62273645401001e-01
966 4.08203125000000e-01 1.66629791259766e-01
967 4.54101562500000e-01 2.06208229064941e-01
968 3.70605468750000e-01 1.37348413467407e-01
969 3.50097656250000e-01 1.22568368911743e-01
970 3.16894531250000e-01 1.00422143936157e-01
971 3.12500000000000e-01 9.76562500000000e-02
972 2.57324218750000e-01 6.62157535552979e-02
973 2.74414062500000e-01 7.53030776977539e-02
974 2.04589843750000e-01 4.18570041656494e-02
975 1.87011718750000e-01 3.49733829498291e-02
976 1.68945312500000e-01 2.85425186157227e-02
977 1.04980468750000e-01 1.10208988189697e-02
978 1.00097656250000e-01 1.00195407867432e-02
979 7.22656250000000e-02 5.22232055664062e-03
980 8.93554687500000e-02 7.98439979553223e-03
981 1.15722656250000e-01 1.33917331695557e-02
982 1.09375000000000e-01 1.19628906250000e-02
983 8.83789062500000e-02 7.81083106994629e-03
984 5.95703125000000e-02 3.54862213134766e-03
985 6.05468750000000e-02 3.66592407226562e-03
986 1.04492187500000e-01 1.09186172485352e-02
987 1.36230468750000e-01 1.85587406158447e-02
988 5.66406250000000e-02 3.20816040039062e-03
989 5.71289062500000e-02 3.26371192932129e-03
990 6.83593750000000e-03 4.67300415039062e-05
991 3.80859375000000e-02 1.45053863525391e-03
992 4.49218750000000e-02 2.01797485351562e-03
993 2.92968750000000e-02 8.58306884765625e-04
994 2.68554687500000e-02 7.21216201782227e-04
995 5.51757812500000e-02 3.04436683654785e-03
996 2.92968750000000e-03 8.58306884765625e-06
997 1.26953125000000e-02 1.61170959472656e-04
998 6.25000000000000e-02 3.90625000000000e-03
999 4.58984375000000e-02 2.10666656494141e-03
