0 6.43066406250000e-01 4.13534402847290e-01
1 7.18750000000000e-01 5.16601562500000e-01
2 6.45507812500000e-01 4.16680335998535e-01
3 7.05566406250000e-01 4.97823953628540e-01
4 6.37207031250000e-01 4.06032800674438e-01
5 6.24023437500000e-01 3.89405250549316e-01
6 6.81640625000000e-01 4.64633941650391e-01
7 6.58691406250000e-01 4.33874368667603e-01
8 6.27441406250000e-01 3.93682718276978e-01
9 6.08886718750000e-01 3.70743036270142e-01
10 6.38671875000000e-01 4.07901763916016e-01
11 5.87402343750000e-01 3.45041513442993e-01
12 6.14257812500000e-01 3.77312660217285e-01
13 6.58203125000000e-01 4.33231353759766e-01
14 6.01074218750000e-01 3.61290216445923e-01
15 6.55761718750000e-01 4.30023431777954e-01
16 6.54296875000000e-01 4.28104400634766e-01
17 6.43554687500000e-01 4.14162635803223e-01
18 6.43554687500000e-01 4.14162635803223e-01
19 6.35742187500000e-01 4.04168128967285e-01
20 6.33300781250000e-01 4.01069879531860e-01
21 6.27929687500000e-01 3.94295692443848e-01
22 6.76269531250000e-01 4.57340478897095e-01
23 6.73828125000000e-01 4.54044342041016e-01
24 6.33300781250000e-01 4.01069879531860e-01
25 6.53808593750000e-01 4.27465677261353e-01
26 6.88964843750000e-01 4.74672555923462e-01
27 6.93359375000000e-01 4.80747222900391e-01
28 6.33300781250000e-01 4.01069879531860e-01
29 6.72363281250000e-01 4.52072381973267e-01
30 6.40136718750000e-01 4.09775018692017e-01
31 6.36230468750000e-01 4.04789209365845e-01
32 6.58203125000000e-01 4.33231353759766e-01
33 6.25000000000000e-01 3.90625000000000e-01
34 6.33789062500000e-01 4.01688575744629e-01
35 5.74218750000000e-01 3.29727172851562e-01
36 5.49804687500000e-01 3.02285194396973e-01
37 4.90234375000000e-01 2.40329742431641e-01
38 4.93652343750000e-01 2.43692636489868e-01
39 4.34082031250000e-01 1.88427209854126e-01
40 4.39941406250000e-01 1.93548440933228e-01
41 5.11230468750000e-01 2.61356592178345e-01
42 4.40917968750000e-01 1.94408655166626e-01
43 4.40429687500000e-01 1.93978309631348e-01
44 4.27734375000000e-01 1.82956695556641e-01
45 5.18554687500000e-01 2.68898963928223e-01
46 4.85351562500000e-01 2.35566139221191e-01
47 4.86816406250000e-01 2.36990213394165e-01
48 4.27246093750000e-01 1.82539224624634e-01
49 4.48242187500000e-01 2.00921058654785e-01
50 4.41406250000000e-01 1.94839477539062e-01
51 4.55078125000000e-01 2.07096099853516e-01
52 4.71679687500000e-01 2.22481727600098e-01
53 4.71191406250000e-01 2.22021341323853e-01
54 4.04785156250000e-01 1.63851022720337e-01
55 3.97949218750000e-01 1.58363580703735e-01
56 4.93164062500000e-01 2.43210792541504e-01
57 4.48730468750000e-01 2.01359033584595e-01
58 5.18066406250000e-01 2.68392801284790e-01
59 5.35644531250000e-01 2.86915063858032e-01
60 5.56152343750000e-01 3.09305429458618e-01
61 5.27832031250000e-01 2.78606653213501e-01
62 5.08300781250000e-01 2.58369684219360e-01
63 5.58105468750000e-01 3.11481714248657e-01
64 5.13183593750000e-01 2.63357400894165e-01
65 4.52148437500000e-01 2.04438209533691e-01
66 4.89257812500000e-01 2.39373207092285e-01
67 4.66796875000000e-01 2.17899322509766e-01
68 4.86328125000000e-01 2.36515045166016e-01
69 4.97558593750000e-01 2.47564554214478e-01
70 4.95117187500000e-01 2.45141029357910e-01
71 4.70214843750000e-01 2.21101999282837e-01
72 3.95507812500000e-01 1.56426429748535e-01
73 3.53027343750000e-01 1.24628305435181e-01
74 4.41406250000000e-01 1.94839477539062e-01
75 4.38476562500000e-01 1.92261695861816e-01
76 4.53125000000000e-01 2.05322265625000e-01
77 3.94042968750000e-01 1.55269861221313e-01
78 4.63867187500000e-01 2.15172767639160e-01
79 4.22363281250000e-01 1.78390741348267e-01
80 3.75488281250000e-01 1.40991449356079e-01
81 3.32519531250000e-01 1.10569238662720e-01
82 2.66601562500000e-01 7.10763931274414e-02
83 3.49609375000000e-01 1.22226715087891e-01
84 3.66210937500000e-01 1.34110450744629e-01
85 3.55468750000000e-01 1.26358032226562e-01
86 3.86718750000000e-01 1.49551391601562e-01
87 3.78906250000000e-01 1.43569946289062e-01
88 3.10058593750000e-01 9.61363315582275e-02
89 3.08105468750000e-01 9.49289798736572e-02
90 3.19824218750000e-01 1.02287530899048e-01
91 3.15917968750000e-01 9.98041629791260e-02
92 2.50488281250000e-01 6.27443790435791e-02
93 2.94433593750000e-01 8.66911411285400e-02
94 3.01757812500000e-01 9.10577774047852e-02
95 3.63769531250000e-01 1.32328271865845e-01
96 3.31542968750000e-01 1.09920740127563e-01
97 2.63183593750000e-01 6.92656040191650e-02
98 1.69433593750000e-01 2.87077426910400e-02
99 1.11328125000000e-01 1.23939514160156e-02
100 8.64257812500000e-02 7.46941566467285e-03
101 6.59179687500000e-02 4.34517860412598e-03
102 7.17773437500000e-02 5.15198707580566e-03
103 3.12500000000000e-02 9.76562500000000e-04
104 5.71289062500000e-02 3.26371192932129e-03
105 5.37109375000000e-02 2.88486480712891e-03
106 3.80859375000000e-02 1.45053863525391e-03
107 6.20117187500000e-02 3.84545326232910e-03
108 2.39257812500000e-02 5.72443008422852e-04
109 6.34765625000000e-03 4.02927398681641e-05
110 1.02539062500000e-02 1.05142593383789e-04
111 9.27734375000000e-03 8.60691070556641e-05
112 3.90625000000000e-03 1.52587890625000e-05
113 2.88085937500000e-02 8.29935073852539e-04
114 2.88085937500000e-02 8.29935073852539e-04
115 1.46484375000000e-03 2.14576721191406e-06
116 4.44335937500000e-02 1.97434425354004e-03
117 9.27734375000000e-02 8.60691070556641e-03
118 8.98437500000000e-02 8.07189941406250e-03
119 1.04003906250000e-01 1.08168125152588e-02
120 9.03320312500000e-02 8.15987586975098e-03
121 4.54101562500000e-02 2.06208229064941e-03
122 7.03125000000000e-02 4.94384765625000e-03
123 2.83203125000000e-02 8.02040100097656e-04
124 1.46484375000000e-03 2.14576721191406e-06
125 3.75976562500000e-02 1.41358375549316e-03
126 1.46484375000000e-03 2.14576721191406e-06
127 5.71289062500000e-02 3.26371192932129e-03
128 9.76562500000000e-04 9.53674316406250e-07
129 1.01562500000000e-01 1.03149414062500e-02
130 1.85546875000000e-01 3.44276428222656e-02
131 2.01171875000000e-01 4.04701232910156e-02
132 2.49023437500000e-01 6.20126724243164e-02
133 2.91015625000000e-01 8.46900939941406e-02
134 2.73437500000000e-01 7.47680664062500e-02
135 3.02246093750000e-01 9.13527011871338e-02
136 3.75000000000000e-01 1.40625000000000e-01
137 3.33496093750000e-01 1.11219644546509e-01
138 2.85156250000000e-01 8.13140869140625e-02
139 2.67578125000000e-01 7.15980529785156e-02
140 2.91992187500000e-01 8.52594375610352e-02
141 3.15917968750000e-01 9.98041629791260e-02
142 3.13964843750000e-01 9.85739231109619e-02
143 4.18945312500000e-01 1.75515174865723e-01
144 4.52148437500000e-01 2.04438209533691e-01
145 4.95117187500000e-01 2.45141029357910e-01
146 4.92675781250000e-01 2.42729425430298e-01
147 4.73144531250000e-01 2.23865747451782e-01
148 4.26269531250000e-01 1.81705713272095e-01
149 4.16992187500000e-01 1.73882484436035e-01
150 3.63769531250000e-01 1.32328271865845e-01
151 4.02832031250000e-01 1.62273645401001e-01
152 4.28222656250000e-01 1.83374643325806e-01
153 4.99023437500000e-01 2.49024391174316e-01
154 5.35644531250000e-01 2.86915063858032e-01
155 5.47851562500000e-01 3.00141334533691e-01
156 5.50781250000000e-01 3.03359985351562e-01
157 5.71289062500000e-01 3.26371192932129e-01
158 5.08789062500000e-01 2.58866310119629e-01
159 4.47265625000000e-01 2.00046539306641e-01
160 4.55566406250000e-01 2.07540750503540e-01
161 5.07812500000000e-01 2.57873535156250e-01
162 5.08300781250000e-01 2.58369684219360e-01
163 4.54101562500000e-01 2.06208229064941e-01
164 4.03320312500000e-01 1.62667274475098e-01
165 2.99804687500000e-01 8.98828506469727e-02
166 2.98339843750000e-01 8.90066623687744e-02
167 3.00292968750000e-01 9.01758670806885e-02
168 2.55371093750000e-01 6.52143955230713e-02
169 2.66113281250000e-01 7.08162784576416e-02
170 2.81250000000000e-01 7.91015625000000e-02
171 2.11914062500000e-01 4.49075698852539e-02
172 2.48046875000000e-01 6.15272521972656e-02
173 2.57812500000000e-01 6.64672851562500e-02
174 2.74902343750000e-01 7.55712985992432e-02
175 2.37304687500000e-01 5.63135147094727e-02
176 2.11425781250000e-01 4.47008609771729e-02
177 2.02636718750000e-01 4.10616397857666e-02
178 1.55761718750000e-01 2.42617130279541e-02
179 1.66015625000000e-01 2.75611877441406e-02
180 1.94824218750000e-01 3.79564762115479e-02
181 2.30957031250000e-01 5.33411502838135e-02
182 2.68554687500000e-01 7.21216201782227e-02
183 3.29101562500000e-01 1.08307838439941e-01
184 3.24218750000000e-01 1.05117797851562e-01
185 3.28613281250000e-01 1.07986688613892e-01
186 2.66601562500000e-01 7.10763931274414e-02
187 2.35839843750000e-01 5.56204319000244e-02
188 3.04687500000000e-01 9.28344726562500e-02
189 3.22753906250000e-01 1.04170083999634e-01
190 2.88574218750000e-01 8.32750797271729e-02
191 2.52441406250000e-01 6.37266635894775e-02
192 3.07617187500000e-01 9.46283340454102e-02
193 2.21679687500000e-01 4.91418838500977e-02
194 2.60253906250000e-01 6.77320957183838e-02
195 2.49023437500000e-01 6.20126724243164e-02
196 2.69531250000000e-01 7.26470947265625e-02
197 2.65625000000000e-01 7.05566406250000e-02
198 2.36328125000000e-01 5.58509826660156e-02
199 2.94921875000000e-01 8.69789123535156e-02
200 2.83691406250000e-01 8.04808139801025e-02
201 2.06542968750000e-01 4.26599979400635e-02
202 2.74414062500000e-01 7.53030776977539e-02
203 2.22167968750000e-01 4.93586063385010e-02
204 2.56347656250000e-01 6.57141208648682e-02
205 2.09960937500000e-01 4.40835952758789e-02
206 2.50488281250000e-01 6.27443790435791e-02
207 2.29980468750000e-01 5.28910160064697e-02
208 2.43164062500000e-01 5.91287612915039e-02
209 2.47558593750000e-01 6.12852573394775e-02
210 3.20312500000000e-01 1.02600097656250e-01
211 3.51074218750000e-01 1.23253107070923e-01
212 3.67675781250000e-01 1.35185480117798e-01
213 4.10644531250000e-01 1.68628931045532e-01
214 4.63378906250000e-01 2.14720010757446e-01
215 4.73632812500000e-01 2.24328041076660e-01
216 4.05273437500000e-01 1.64246559143066e-01
217 4.39941406250000e-01 1.93548440933228e-01
218 4.41406250000000e-01 1.94839477539062e-01
219 4.58007812500000e-01 2.09771156311035e-01
220 3.95019531250000e-01 1.56040430068970e-01
221 4.34082031250000e-01 1.88427209854126e-01
222 4.54101562500000e-01 2.06208229064941e-01
223 4.55566406250000e-01 2.07540750503540e-01
224 3.93066406250000e-01 1.54501199722290e-01
225 3.38867187500000e-01 1.14830970764160e-01
226 3.09082031250000e-01 9.55317020416260e-02
227 3.06152343750000e-01 9.37292575836182e-02
228 2.81738281250000e-01 7.93764591217041e-02
229 3.24707031250000e-01 1.05434656143188e-01
230 2.94921875000000e-01 8.69789123535156e-02
231 2.40234375000000e-01 5.77125549316406e-02
232 2.18750000000000e-01 4.78515625000000e-02
233 1.43554687500000e-01 2.06079483032227e-02
234 1.73828125000000e-01 3.02162170410156e-02
235 1.75292968750000e-01 3.07276248931885e-02
236 2.31445312500000e-01 5.35669326782227e-02
237 2.35839843750000e-01 5.56204319000244e-02
238 2.66601562500000e-01 7.10763931274414e-02
239 2.57324218750000e-01 6.62157535552979e-02
240 1.85058593750000e-01 3.42466831207275e-02
241 2.15820312500000e-01 4.65784072875977e-02
242 2.19726562500000e-01 4.82797622680664e-02
243 1.79199218750000e-01 3.21123600006104e-02
244 2.21191406250000e-01 4.89256381988525e-02
245 2.85156250000000e-01 8.13140869140625e-02
246 2.28027343750000e-01 5.19964694976807e-02
247 2.91992187500000e-01 8.52594375610352e-02
248 2.32910156250000e-01 5.42471408843994e-02
249 2.69042968750000e-01 7.23841190338135e-02
250 2.81250000000000e-01 7.91015625000000e-02
251 2.94921875000000e-01 8.69789123535156e-02
252 2.34375000000000e-01 5.49316406250000e-02
253 1.88476562500000e-01 3.55234146118164e-02
254 1.73339843750000e-01 3.00467014312744e-02
255 2.45117187500000e-01 6.00824356079102e-02
256 2.89062500000000e-01 8.35571289062500e-02
257 2.77832031250000e-01 7.71906375885010e-02
258 1.87500000000000e-01 3.51562500000000e-02
259 2.23144531250000e-01 4.97934818267822e-02
260 2.12402343750000e-01 4.51147556304932e-02
261 1.87500000000000e-01 3.51562500000000e-02
262 1.45507812500000e-01 2.11725234985352e-02
263 1.53808593750000e-01 2.36570835113525e-02
264 1.56738281250000e-01 2.45668888092041e-02
265 1.30859375000000e-01 1.71241760253906e-02
266 1.49414062500000e-01 2.23245620727539e-02
267 1.06933593750000e-01 1.14347934722900e-02
268 1.17675781250000e-01 1.38475894927979e-02
269 1.87011718750000e-01 3.49733829498291e-02
270 1.72851562500000e-01 2.98776626586914e-02
271 1.15722656250000e-01 1.33917331695557e-02
272 5.95703125000000e-02 3.54862213134766e-03
273 5.51757812500000e-02 3.04436683654785e-03
274 4.24804687500000e-02 1.80459022521973e-03
275 2.09960937500000e-02 4.40835952758789e-04
276 5.85937500000000e-02 3.43322753906250e-03
277 3.41796875000000e-03 1.16825103759766e-05
278 7.47070312500000e-02 5.58114051818848e-03
279 5.85937500000000e-03 3.43322753906250e-05
280 2.00195312500000e-02 4.00781631469727e-04
281 6.59179687500000e-02 4.34517860412598e-03
282 1.70898437500000e-02 2.92062759399414e-04
283 2.39257812500000e-02 5.72443008422852e-04
284 2.44140625000000e-02 5.96046447753906e-04
285 2.92968750000000e-03 8.58306884765625e-06
286 3.22265625000000e-02 1.03855133056641e-03
287 8.83789062500000e-02 7.81083106994629e-03
288 6.29882812500000e-02 3.96752357482910e-03
289 4.68750000000000e-02 2.19726562500000e-03
290 9.37500000000000e-02 8.78906250000000e-03
291 2.53906250000000e-02 6.44683837890625e-04
292 3.32031250000000e-02 1.10244750976562e-03
293 2.44140625000000e-02 5.96046447753906e-04
294 3.12500000000000e-02 9.76562500000000e-04
295 7.32421875000000e-03 5.36441802978516e-05
296 1.95312500000000e-02 3.81469726562500e-04
297 7.91015625000000e-02 6.25705718994141e-03
298 7.71484375000000e-02 5.95188140869141e-03
299 1.04003906250000e-01 1.08168125152588e-02
300 4.68750000000000e-02 2.19726562500000e-03
301 2.44140625000000e-02 5.96046447753906e-04
302 9.27734375000000e-03 8.60691070556641e-05
303 4.88281250000000e-04 2.38418579101562e-07
304 3.66210937500000e-02 1.34110450744629e-03
305 4.54101562500000e-02 2.06208229064941e-03
306 2.83203125000000e-02 8.02040100097656e-04
307 1.07421875000000e-02 1.15394592285156e-04
308 4.88281250000000e-03 2.38418579101562e-05
309 4.98046875000000e-02 2.48050689697266e-03
310 4.78515625000000e-02 2.28977203369141e-03
311 1.30859375000000e-01 1.71241760253906e-02
312 1.95312500000000e-01 3.81469726562500e-02
313 2.23632812500000e-01 5.00116348266602e-02
314 1.97265625000000e-01 3.89137268066406e-02
315 1.74804687500000e-01 3.05566787719727e-02
316 7.66601562500000e-02 5.87677955627441e-03
317 9.57031250000000e-02 9.15908813476562e-03
318 1.19140625000000e-01 1.41944885253906e-02
319 1.58691406250000e-01 2.51829624176025e-02
320 1.70898437500000e-01 2.92062759399414e-02
321 1.41601562500000e-01 2.00510025024414e-02
322 1.56738281250000e-01 2.45668888092041e-02
323 1.46972656250000e-01 2.16009616851807e-02
324 1.59667968750000e-01 2.54938602447510e-02
325 1.31835937500000e-01 1.73807144165039e-02
326 9.32617187500000e-02 8.69774818420410e-03
327 8.34960937500000e-02 6.97159767150879e-03
328 1.23535156250000e-01 1.52609348297119e-02
329 1.12304687500000e-01 1.26123428344727e-02
330 1.60156250000000e-01 2.56500244140625e-02
331 1.34765625000000e-01 1.81617736816406e-02
332 1.26464843750000e-01 1.59933567047119e-02
333 6.64062500000000e-02 4.40979003906250e-03
334 3.22265625000000e-02 1.03855133056641e-03
335 2.73437500000000e-02 7.47680664062500e-04
336 1.02539062500000e-01 1.05142593383789e-02
337 2.03613281250000e-01 4.14583683013916e-02
338 2.06054687500000e-01 4.24585342407227e-02
339 1.49902343750000e-01 2.24707126617432e-02
340 1.62109375000000e-01 2.62794494628906e-02
341 1.45507812500000e-01 2.11725234985352e-02
342 1.74804687500000e-01 3.05566787719727e-02
343 1.87011718750000e-01 3.49733829498291e-02
344 2.34375000000000e-01 5.49316406250000e-02
345 1.85546875000000e-01 3.44276428222656e-02
346 2.02636718750000e-01 4.10616397857666e-02
347 2.14843750000000e-01 4.61578369140625e-02
348 2.46582031250000e-01 6.08026981353760e-02
349 2.50488281250000e-01 6.27443790435791e-02
350 2.40234375000000e-01 5.77125549316406e-02
351 2.80761718750000e-01 7.88271427154541e-02
352 3.09570312500000e-01 9.58337783813477e-02
353 2.99316406250000e-01 8.95903110504150e-02
354 3.03710937500000e-01 9.22403335571289e-02
355 3.32031250000000e-01 1.10244750976562e-01
356 3.64746093750000e-01 1.33039712905884e-01
357 4.25781250000000e-01 1.81289672851562e-01
358 4.18457031250000e-01 1.75106287002563e-01
359 4.14062500000000e-01 1.71447753906250e-01
360 4.00878906250000e-01 1.60703897476196e-01
361 3.54492187500000e-01 1.25664710998535e-01
362 4.16015625000000e-01 1.73069000244141e-01
363 3.95019531250000e-01 1.56040430068970e-01
364 3.85742187500000e-01 1.48797035217285e-01
365 4.16503906250000e-01 1.73475503921509e-01
366 3.51562500000000e-01 1.23596191406250e-01
367 3.69628906250000e-01 1.36625528335571e-01
368 3.23730468750000e-01 1.04801416397095e-01
369 3.34960937500000e-01 1.12198829650879e-01
370 3.03222656250000e-01 9.19439792633057e-02
371 3.14453125000000e-01 9.88807678222656e-02
372 2.99316406250000e-01 8.95903110504150e-02
373 3.68652343750000e-01 1.35904550552368e-01
374 4.26757812500000e-01 1.82122230529785e-01
375 4.20410156250000e-01 1.76744699478149e-01
376 3.88671875000000e-01 1.51065826416016e-01
377 4.16503906250000e-01 1.73475503921509e-01
378 3.34960937500000e-01 1.12198829650879e-01
379 3.13964843750000e-01 9.85739231109619e-02
380 3.76953125000000e-01 1.42093658447266e-01
381 3.49121093750000e-01 1.21885538101196e-01
382 2.14843750000000e-01 4.61578369140625e-02
383 1.66503906250000e-01 2.77235507965088e-02
384 1.82617187500000e-01 3.33490371704102e-02
385 1.99707031250000e-01 3.98828983306885e-02
386 1.51855468750000e-01 2.30600833892822e-02
387 1.67480468750000e-01 2.80497074127197e-02
388 1.28417968750000e-01 1.64911746978760e-02
389 1.60644531250000e-01 2.58066654205322e-02
390 2.03125000000000e-01 4.12597656250000e-02
391 2.29492187500000e-01 5.26666641235352e-02
392 2.81738281250000e-01 7.93764591217041e-02
393 2.90527343750000e-01 8.44061374664307e-02
394 2.49511718750000e-01 6.22560977935791e-02
395 3.12988281250000e-01 9.79616641998291e-02
396 2.88574218750000e-01 8.32750797271729e-02
397 3.11035156250000e-01 9.67428684234619e-02
398 3.26171875000000e-01 1.06388092041016e-01
399 3.90625000000000e-01 1.52587890625000e-01
400 4.28222656250000e-01 1.83374643325806e-01
401 5.02929687500000e-01 2.52938270568848e-01
402 5.12207031250000e-01 2.62356042861938e-01
403 5.25390625000000e-01 2.76035308837891e-01
404 5.22460937500000e-01 2.72965431213379e-01
405 3.88671875000000e-01 1.51065826416016e-01
406 4.07226562500000e-01 1.65833473205566e-01
407 4.18945312500000e-01 1.75515174865723e-01
408 3.97460937500000e-01 1.57975196838379e-01
409 4.60449218750000e-01 2.12013483047485e-01
410 5.31738281250000e-01 2.82745599746704e-01
411 5.26855468750000e-01 2.77576684951782e-01
412 5.02929687500000e-01 2.52938270568848e-01
413 5.11230468750000e-01 2.61356592178345e-01
414 5.16113281250000e-01 2.66372919082642e-01
415 5.27343750000000e-01 2.78091430664062e-01
416 5.16601562500000e-01 2.66877174377441e-01
417 5.91796875000000e-01 3.50223541259766e-01
418 6.36718750000000e-01 4.05410766601562e-01
419 6.97265625000000e-01 4.86179351806641e-01
420 7.39257812500000e-01 5.46502113342285e-01
421 6.50390625000000e-01 4.23007965087891e-01
422 7.08984375000000e-01 5.02658843994141e-01
423 6.54785156250000e-01 4.28743600845337e-01
424 5.82031250000000e-01 3.38760375976562e-01
425 5.72753906250000e-01 3.28047037124634e-01
426 5.27343750000000e-01 2.78091430664062e-01
427 5.33691406250000e-01 2.84826517105103e-01
428 5.21484375000000e-01 2.71945953369141e-01
429 5.28808593750000e-01 2.79638528823853e-01
430 4.86816406250000e-01 2.36990213394165e-01
431 5.53222656250000e-01 3.06055307388306e-01
432 5.74707031250000e-01 3.30288171768188e-01
433 5.66406250000000e-01 3.20816040039062e-01
434 6.18652343750000e-01 3.82730722427368e-01
435 6.34765625000000e-01 4.02927398681641e-01
436 6.12792968750000e-01 3.75515222549438e-01
437 5.63476562500000e-01 3.17505836486816e-01
438 5.41992187500000e-01 2.93755531311035e-01
439 5.04882812500000e-01 2.54906654357910e-01
440 5.19531250000000e-01 2.69912719726562e-01
441 5.46386718750000e-01 2.98538446426392e-01
442 5.78613281250000e-01 3.34793329238892e-01
443 6.02539062500000e-01 3.63053321838379e-01
444 5.93261718750000e-01 3.51959466934204e-01
445 5.17578125000000e-01 2.67887115478516e-01
446 5.40039062500000e-01 2.91642189025879e-01
447 5.43457031250000e-01 2.95345544815063e-01
448 5.49804687500000e-01 3.02285194396973e-01
449 5.59082031250000e-01 3.12572717666626e-01
450 5.71777343750000e-01 3.26929330825806e-01
451 6.16210937500000e-01 3.79715919494629e-01
452 5.85449218750000e-01 3.42750787734985e-01
453 6.49414062500000e-01 4.21738624572754e-01
454 5.73242187500000e-01 3.28606605529785e-01
455 5.10742187500000e-01 2.60857582092285e-01
456 4.99511718750000e-01 2.49511957168579e-01
457 4.67773437500000e-01 2.18811988830566e-01
458 4.40917968750000e-01 1.94408655166626e-01
459 4.69238281250000e-01 2.20184564590454e-01
460 4.61914062500000e-01 2.13364601135254e-01
461 4.34082031250000e-01 1.88427209854126e-01
462 4.83886718750000e-01 2.34146356582642e-01
463 4.58984375000000e-01 2.10666656494141e-01
464 5.24902343750000e-01 2.75522470474243e-01
465 5.93261718750000e-01 3.51959466934204e-01
466 5.88378906250000e-01 3.46189737319946e-01
467 5.59570312500000e-01 3.13118934631348e-01
468 4.82910156250000e-01 2.33202219009399e-01
469 5.46875000000000e-01 2.99072265625000e-01
470 5.18066406250000e-01 2.68392801284790e-01
471 4.93652343750000e-01 2.43692636489868e-01
472 5.49804687500000e-01 3.02285194396973e-01
473 5.75683593750000e-01 3.31411600112915e-01
474 5.45898437500000e-01 2.98005104064941e-01
475 6.19628906250000e-01 3.83939981460571e-01
476 5.99609375000000e-01 3.59531402587891e-01
477 5.67871093750000e-01 3.22477579116821e-01
478 5.98144531250000e-01 3.57776880264282e-01
479 5.87890625000000e-01 3.45615386962891e-01
480 5.42480468750000e-01 2.94285058975220e-01
481 4.61914062500000e-01 2.13364601135254e-01
482 4.64843750000000e-01 2.16079711914062e-01
483 4.59960937500000e-01 2.11564064025879e-01
484 4.34570312500000e-01 1.88851356506348e-01
485 3.96972656250000e-01 1.57587289810181e-01
486 4.64355468750000e-01 2.15626001358032e-01
487 5.05371093750000e-01 2.55399942398071e-01
488 4.61914062500000e-01 2.13364601135254e-01
489 5.00976562500000e-01 2.50977516174316e-01
490 5.06835937500000e-01 2.56882667541504e-01
491 4.77539062500000e-01 2.28043556213379e-01
492 4.83398437500000e-01 2.33674049377441e-01
493 5.15625000000000e-01 2.65869140625000e-01
494 4.54589843750000e-01 2.06651926040649e-01
495 4.91210937500000e-01 2.41288185119629e-01
496 4.42382812500000e-01 1.95702552795410e-01
497 4.12597656250000e-01 1.70236825942993e-01
498 4.63378906250000e-01 2.14720010757446e-01
499 4.05761718750000e-01 1.64642572402954e-01
500 4.37011718750000e-01 1.90979242324829e-01
501 4.67285156250000e-01 2.18355417251587e-01
502 4.70214843750000e-01 2.21101999282837e-01
503 4.90234375000000e-01 2.40329742431641e-01
504 4.42871093750000e-01 1.96134805679321e-01
505 4.65820312500000e-01 2.16988563537598e-01
506 3.96972656250000e-01 1.57587289810181e-01
507 4.44824218750000e-01 1.97868585586548e-01
508 4.43359375000000e-01 1.96567535400391e-01
509 5.12695312500000e-01 2.62856483459473e-01
510 4.61425781250000e-01 2.12913751602173e-01
511 4.95605468750000e-01 2.45624780654907e-01
512 4.49218750000000e-01 2.01797485351562e-01
513 4.86328125000000e-01 2.36515045166016e-01
514 5.24902343750000e-01 2.75522470474243e-01
515 4.98046875000000e-01 2.48050689697266e-01
516 4.80468750000000e-01 2.30850219726562e-01
517 4.40429687500000e-01 1.93978309631348e-01
518 4.16992187500000e-01 1.73882484436035e-01
519 4.10644531250000e-01 1.68628931045532e-01
520 4.98535156250000e-01 2.48537302017212e-01
521 4.65332031250000e-01 2.16533899307251e-01
522 5.70800781250000e-01 3.25813531875610e-01
523 5.40527343750000e-01 2.92169809341431e-01
524 5.62988281250000e-01 3.16955804824829e-01
525 4.94140625000000e-01 2.44174957275391e-01
526 5.25390625000000e-01 2.76035308837891e-01
527 5.75195312500000e-01 3.30849647521973e-01
528 6.27929687500000e-01 3.94295692443848e-01
529 6.00097656250000e-01 3.60117197036743e-01
530 6.23046875000000e-01 3.88187408447266e-01
531 6.56738281250000e-01 4.31305170059204e-01
532 6.31347656250000e-01 3.98599863052368e-01
533 6.18164062500000e-01 3.82126808166504e-01
534 6.14257812500000e-01 3.77312660217285e-01
535 6.42089843750000e-01 4.12279367446899e-01
536 5.93750000000000e-01 3.52539062500000e-01
537 5.72753906250000e-01 3.28047037124634e-01
538 5.69335937500000e-01 3.24143409729004e-01
539 6.07421875000000e-01 3.68961334228516e-01
540 7.03613281250000e-01 4.95071649551392e-01
541 6.68457031250000e-01 4.46834802627563e-01
542 6.82128906250000e-01 4.65299844741821e-01
543 6.29394531250000e-01 3.96137475967407e-01
544 6.49902343750000e-01 4.22373056411743e-01
545 6.27441406250000e-01 3.93682718276978e-01
546 6.31347656250000e-01 3.98599863052368e-01
547 5.81542968750000e-01 3.38192224502563e-01
548 5.71289062500000e-01 3.26371192932129e-01
549 6.14746093750000e-01 3.77912759780884e-01
550 5.61035156250000e-01 3.14760446548462e-01
551 5.55664062500000e-01 3.08762550354004e-01
552 5.85449218750000e-01 3.42750787734985e-01
553 4.70703125000000e-01 2.21561431884766e-01
554 4.97070312500000e-01 2.47078895568848e-01
555 5.01953125000000e-01 2.51956939697266e-01
556 4.95605468750000e-01 2.45624780654907e-01
557 5.36621093750000e-01 2.87962198257446e-01
558 5.13671875000000e-01 2.63858795166016e-01
559 5.59082031250000e-01 3.12572717666626e-01
560 6.27441406250000e-01 3.93682718276978e-01
561 6.77734375000000e-01 4.59323883056641e-01
562 7.26562500000000e-01 5.27893066406250e-01
563 7.33398437500000e-01 5.37873268127441e-01
564 7.18750000000000e-01 5.16601562500000e-01
565 7.04101562500000e-01 4.95759010314941e-01
566 7.09960937500000e-01 5.04044532775879e-01
567 6.83593750000000e-01 4.67300415039062e-01
568 7.01171875000000e-01 4.91641998291016e-01
569 7.05566406250000e-01 4.97823953628540e-01
570 7.39746093750000e-01 5.47224283218384e-01
571 7.02636718750000e-01 4.93698358535767e-01
572 7.30957031250000e-01 5.34298181533813e-01
573 7.23632812500000e-01 5.23644447326660e-01
574 7.06542968750000e-01 4.99202966690063e-01
575 7.33886718750000e-01 5.38589715957642e-01
576 6.94824218750000e-01 4.82780694961548e-01
577 7.53417968750000e-01 5.67638635635376e-01
578 6.97265625000000e-01 4.86179351806641e-01
579 7.02148437500000e-01 4.93012428283691e-01
580 7.80273437500000e-01 6.08826637268066e-01
581 7.71972656250000e-01 5.95941781997681e-01
582 6.66503906250000e-01 4.44227457046509e-01
583 5.98144531250000e-01 3.57776880264282e-01
584 6.44042968750000e-01 4.14791345596313e-01
585 5.25878906250000e-01 2.76548624038696e-01
586 5.12207031250000e-01 2.62356042861938e-01
587 5.29296875000000e-01 2.80155181884766e-01
588 5.90820312500000e-01 3.49068641662598e-01
589 6.14746093750000e-01 3.77912759780884e-01
590 6.13769531250000e-01 3.76713037490845e-01
591 5.71777343750000e-01 3.26929330825806e-01
592 5.26367187500000e-01 2.77062416076660e-01
593 6.33789062500000e-01 4.01688575744629e-01
594 6.21582031250000e-01 3.86364221572876e-01
595 6.17675781250000e-01 3.81523370742798e-01
596 5.48339843750000e-01 3.00676584243774e-01
597 5.86914062500000e-01 3.44468116760254e-01
598 5.06835937500000e-01 2.56882667541504e-01
599 5.86425781250000e-01 3.43895196914673e-01
600 5.92773437500000e-01 3.51380348205566e-01
601 5.99121093750000e-01 3.58946084976196e-01
602 5.85937500000000e-01 3.43322753906250e-01
603 5.35156250000000e-01 2.86392211914062e-01
604 5.31250000000000e-01 2.82226562500000e-01
605 5.48828125000000e-01 3.01212310791016e-01
606 5.04882812500000e-01 2.54906654357910e-01
607 5.19042968750000e-01 2.69405603408813e-01
608 5.55175781250000e-01 3.08220148086548e-01
609 5.85937500000000e-01 3.43322753906250e-01
610 5.73730468750000e-01 3.29166650772095e-01
611 5.16601562500000e-01 2.66877174377441e-01
612 5.65917968750000e-01 3.20263147354126e-01
613 5.64453125000000e-01 3.18607330322266e-01
614 5.57128906250000e-01 3.10392618179321e-01
615 5.85449218750000e-01 3.42750787734985e-01
616 5.68359375000000e-01 3.23032379150391e-01
617 6.48925781250000e-01 4.21104669570923e-01
618 6.97753906250000e-01 4.86860513687134e-01
619 6.97265625000000e-01 4.86179351806641e-01
620 6.96289062500000e-01 4.84818458557129e-01
621 5.53710937500000e-01 3.06595802307129e-01
622 5.23925781250000e-01 2.74498224258423e-01
623 5.55175781250000e-01 3.08220148086548e-01
624 5.63964843750000e-01 3.18056344985962e-01
625 6.52343750000000e-01 4.25552368164062e-01
626 6.18652343750000e-01 3.82730722427368e-01
627 6.17187500000000e-01 3.80920410156250e-01
628 5.58105468750000e-01 3.11481714248657e-01
629 4.92675781250000e-01 2.42729425430298e-01
630 5.91796875000000e-01 3.50223541259766e-01
631 5.60058593750000e-01 3.13665628433228e-01
632 5.11718750000000e-01 2.61856079101562e-01
633 4.15527343750000e-01 1.72662973403931e-01
634 5.32226562500000e-01 2.83265113830566e-01
635 5.26367187500000e-01 2.77062416076660e-01
636 5.34179687500000e-01 2.85347938537598e-01
637 5.88867187500000e-01 3.46764564514160e-01
638 6.15722656250000e-01 3.79114389419556e-01
639 6.09863281250000e-01 3.71933221817017e-01
640 6.64550781250000e-01 4.41627740859985e-01
641 6.55273437500000e-01 4.29383277893066e-01
642 6.06933593750000e-01 3.68368387222290e-01
643 6.80664062500000e-01 4.63303565979004e-01
644 6.81640625000000e-01 4.64633941650391e-01
645 5.82031250000000e-01 3.38760375976562e-01
646 5.59082031250000e-01 3.12572717666626e-01
647 5.27832031250000e-01 2.78606653213501e-01
648 5.35644531250000e-01 2.86915063858032e-01
649 5.19531250000000e-01 2.69912719726562e-01
650 5.75195312500000e-01 3.30849647521973e-01
651 5.07812500000000e-01 2.57873535156250e-01
652 5.40039062500000e-01 2.91642189025879e-01
653 5.94238281250000e-01 3.53119134902954e-01
654 6.12304687500000e-01 3.74917030334473e-01
655 6.41113281250000e-01 4.11026239395142e-01
656 6.24511718750000e-01 3.90014886856079e-01
657 6.29394531250000e-01 3.96137475967407e-01
658 6.10351562500000e-01 3.72529029846191e-01
659 5.84472656250000e-01 3.41608285903931e-01
660 6.12304687500000e-01 3.74917030334473e-01
661 6.26464843750000e-01 3.92458200454712e-01
662 6.06933593750000e-01 3.68368387222290e-01
663 5.81054687500000e-01 3.37624549865723e-01
664 5.80078125000000e-01 3.36490631103516e-01
665 6.36230468750000e-01 4.04789209365845e-01
666 5.81054687500000e-01 3.37624549865723e-01
667 5.55175781250000e-01 3.08220148086548e-01
668 5.39062500000000e-01 2.90588378906250e-01
669 5.77148437500000e-01 3.33100318908691e-01
670 5.55175781250000e-01 3.08220148086548e-01
671 5.49804687500000e-01 3.02285194396973e-01
672 5.18554687500000e-01 2.68898963928223e-01
673 5.57128906250000e-01 3.10392618179321e-01
674 6.08398437500000e-01 3.70148658752441e-01
675 5.78613281250000e-01 3.34793329238892e-01
676 5.90332031250000e-01 3.48491907119751e-01
677 5.64453125000000e-01 3.18607330322266e-01
678 6.31835937500000e-01 3.99216651916504e-01
679 6.49902343750000e-01 4.22373056411743e-01
680 6.10839843750000e-01 3.73125314712524e-01
681 6.42089843750000e-01 4.12279367446899e-01
682 6.45507812500000e-01 4.16680335998535e-01
683 5.95703125000000e-01 3.54862213134766e-01
684 5.26367187500000e-01 2.77062416076660e-01
685 4.60449218750000e-01 2.12013483047485e-01
686 5.09277343750000e-01 2.59363412857056e-01
687 5.84472656250000e-01 3.41608285903931e-01
688 5.77148437500000e-01 3.33100318908691e-01
689 6.18652343750000e-01 3.82730722427368e-01
690 5.49316406250000e-01 3.01748514175415e-01
691 5.39062500000000e-01 2.90588378906250e-01
692 5.14648437500000e-01 2.64863014221191e-01
693 5.22949218750000e-01 2.73475885391235e-01
694 5.64453125000000e-01 3.18607330322266e-01
695 5.89355468750000e-01 3.47339868545532e-01
696 5.96191406250000e-01 3.55444192886353e-01
697 6.21093750000000e-01 3.85757446289062e-01
698 6.20117187500000e-01 3.84545326232910e-01
699 6.60156250000000e-01 4.35806274414062e-01
700 5.70800781250000e-01 3.25813531875610e-01
701 5.48339843750000e-01 3.00676584243774e-01
702 5.36132812500000e-01 2.87438392639160e-01
703 5.93750000000000e-01 3.52539062500000e-01
704 5.74707031250000e-01 3.30288171768188e-01
705 5.52246093750000e-01 3.04975748062134e-01
706 5.30273437500000e-01 2.81189918518066e-01
707 5.02929687500000e-01 2.52938270568848e-01
708 4.47265625000000e-01 2.00046539306641e-01
709 4.75097656250000e-01 2.25717782974243e-01
710 4.65332031250000e-01 2.16533899307251e-01
711 4.80468750000000e-01 2.30850219726562e-01
712 5.00976562500000e-01 2.50977516174316e-01
713 5.83984375000000e-01 3.41037750244141e-01
714 5.94238281250000e-01 3.53119134902954e-01
715 6.06445312500000e-01 3.67775917053223e-01
716 5.75195312500000e-01 3.30849647521973e-01
717 5.89843750000000e-01 3.47915649414062e-01
718 5.86425781250000e-01 3.43895196914673e-01
719 5.90820312500000e-01 3.49068641662598e-01
720 6.16699218750000e-01 3.80317926406860e-01
721 6.37207031250000e-01 4.06032800674438e-01
722 6.68457031250000e-01 4.46834802627563e-01
723 6.97753906250000e-01 4.86860513687134e-01
724 6.77734375000000e-01 4.59323883056641e-01
725 6.45507812500000e-01 4.16680335998535e-01
726 6.15722656250000e-01 3.79114389419556e-01
727 6.17187500000000e-01 3.80920410156250e-01
728 6.18652343750000e-01 3.82730722427368e-01
729 6.63085937500000e-01 4.39682960510254e-01
730 6.46972656250000e-01 4.18573617935181e-01
731 6.21093750000000e-01 3.85757446289062e-01
732 6.22070312500000e-01 3.86971473693848e-01
733 7.14355468750000e-01 5.10303735733032e-01
734 7.10937500000000e-01 5.05432128906250e-01
735 6.87500000000000e-01 4.72656250000000e-01
736 6.86035156250000e-01 4.70644235610962e-01
737 6.80664062500000e-01 4.63303565979004e-01
738 6.59667968750000e-01 4.35161828994751e-01
739 6.28906250000000e-01 3.95523071289062e-01
740 6.22558593750000e-01 3.87579202651978e-01
741 5.97167968750000e-01 3.56609582901001e-01
742 5.78613281250000e-01 3.34793329238892e-01
743 6.14746093750000e-01 3.77912759780884e-01
744 6.08886718750000e-01 3.70743036270142e-01
745 6.40625000000000e-01 4.10400390625000e-01
746 6.50878906250000e-01 4.23643350601196e-01
747 6.11816406250000e-01 3.74319314956665e-01
748 6.16210937500000e-01 3.79715919494629e-01
749 5.84960937500000e-01 3.42179298400879e-01
750 6.40136718750000e-01 4.09775018692017e-01
751 6.09863281250000e-01 3.71933221817017e-01
752 6.07910156250000e-01 3.69554758071899e-01
753 6.67480468750000e-01 4.45530176162720e-01
754 6.11328125000000e-01 3.73722076416016e-01
755 6.05468750000000e-01 3.66592407226562e-01
756 6.07910156250000e-01 3.69554758071899e-01
757 6.04003906250000e-01 3.64820718765259e-01
758 5.94726562500000e-01 3.53699684143066e-01
759 5.09765625000000e-01 2.59860992431641e-01
760 4.50195312500000e-01 2.02675819396973e-01
761 4.42871093750000e-01 1.96134805679321e-01
762 4.81445312500000e-01 2.31789588928223e-01
763 4.21386718750000e-01 1.77566766738892e-01
764 4.54589843750000e-01 2.06651926040649e-01
765 4.23828125000000e-01 1.79630279541016e-01
766 4.06738281250000e-01 1.65436029434204e-01
767 3.29101562500000e-01 1.08307838439941e-01
768 3.19824218750000e-01 1.02287530899048e-01
769 3.43750000000000e-01 1.18164062500000e-01
770 3.46679687500000e-01 1.20186805725098e-01
771 2.99316406250000e-01 8.95903110504150e-02
772 3.76953125000000e-01 1.42093658447266e-01
773 3.87207031250000e-01 1.49929285049438e-01
774 4.09179687500000e-01 1.67428016662598e-01
775 3.78906250000000e-01 1.43569946289062e-01
776 4.00390625000000e-01 1.60312652587891e-01
777 3.52050781250000e-01 1.23939752578735e-01
778 3.87695312500000e-01 1.50307655334473e-01
779 4.38476562500000e-01 1.92261695861816e-01
780 3.78417968750000e-01 1.43200159072876e-01
781 3.38867187500000e-01 1.14830970764160e-01
782 4.33105468750000e-01 1.87580347061157e-01
783 4.38476562500000e-01 1.92261695861816e-01
784 4.31152343750000e-01 1.85892343521118e-01
785 4.41894531250000e-01 1.95270776748657e-01
786 4.72167968750000e-01 2.22942590713501e-01
787 4.89746093750000e-01 2.39851236343384e-01
788 5.32714843750000e-01 2.83785104751587e-01
789 5.38085937500000e-01 2.89536476135254e-01
790 5.49804687500000e-01 3.02285194396973e-01
791 5.05371093750000e-01 2.55399942398071e-01
792 5.60058593750000e-01 3.13665628433228e-01
793 5.55664062500000e-01 3.08762550354004e-01
794 6.15234375000000e-01 3.78513336181641e-01
795 6.29394531250000e-01 3.96137475967407e-01
796 7.07519531250000e-01 5.00583887100220e-01
797 6.37207031250000e-01 4.06032800674438e-01
798 6.42089843750000e-01 4.12279367446899e-01
799 6.48437500000000e-01 4.20471191406250e-01
800 6.75292968750000e-01 4.56020593643188e-01
801 6.54785156250000e-01 4.28743600845337e-01
802 6.22558593750000e-01 3.87579202651978e-01
803 6.20117187500000e-01 3.84545326232910e-01
804 6.18652343750000e-01 3.82730722427368e-01
805 6.20605468750000e-01 3.85151147842407e-01
806 6.14257812500000e-01 3.77312660217285e-01
807 5.96191406250000e-01 3.55444192886353e-01
808 6.07910156250000e-01 3.69554758071899e-01
809 5.53710937500000e-01 3.06595802307129e-01
810 6.53320312500000e-01 4.26827430725098e-01
811 6.26953125000000e-01 3.93070220947266e-01
812 5.96191406250000e-01 3.55444192886353e-01
813 5.64941406250000e-01 3.19158792495728e-01
814 5.36132812500000e-01 2.87438392639160e-01
815 5.60546875000000e-01 3.14212799072266e-01
816 4.64843750000000e-01 2.16079711914062e-01
817 5.06347656250000e-01 2.56387948989868e-01
818 5.20019531250000e-01 2.70420312881470e-01
819 5.48828125000000e-01 3.01212310791016e-01
820 5.26855468750000e-01 2.77576684951782e-01
821 5.77636718750000e-01 3.33664178848267e-01
822 6.09863281250000e-01 3.71933221817017e-01
823 6.38671875000000e-01 4.07901763916016e-01
824 6.66992187500000e-01 4.44878578186035e-01
825 6.85546875000000e-01 4.69974517822266e-01
826 6.51855468750000e-01 4.24915552139282e-01
827 5.90332031250000e-01 3.48491907119751e-01
828 6.54296875000000e-01 4.28104400634766e-01
829 5.61035156250000e-01 3.14760446548462e-01
830 6.04003906250000e-01 3.64820718765259e-01
831 5.58105468750000e-01 3.11481714248657e-01
832 5.71289062500000e-01 3.26371192932129e-01
833 5.68847656250000e-01 3.23587656021118e-01
834 6.02539062500000e-01 3.63053321838379e-01
835 5.96679687500000e-01 3.56026649475098e-01
836 6.82128906250000e-01 4.65299844741821e-01
837 6.60644531250000e-01 4.36451196670532e-01
838 6.18164062500000e-01 3.82126808166504e-01
839 6.80175781250000e-01 4.62639093399048e-01
840 6.59667968750000e-01 4.35161828994751e-01
841 5.77148437500000e-01 3.33100318908691e-01
842 6.29882812500000e-01 3.96752357482910e-01
843 6.46484375000000e-01 4.17942047119141e-01
844 5.69335937500000e-01 3.24143409729004e-01
845 5.32714843750000e-01 2.83785104751587e-01
846 5.31738281250000e-01 2.82745599746704e-01
847 5.42968750000000e-01 2.94815063476562e-01
848 6.32812500000000e-01 4.00451660156250e-01
849 6.50390625000000e-01 4.23007965087891e-01
850 6.43554687500000e-01 4.14162635803223e-01
851 6.25976562500000e-01 3.91846656799316e-01
852 6.44531250000000e-01 4.15420532226562e-01
853 7.17285156250000e-01 5.14497995376587e-01
854 7.43652343750000e-01 5.53018808364868e-01
855 7.52929687500000e-01 5.66903114318848e-01
856 7.17285156250000e-01 5.14497995376587e-01
857 7.08496093750000e-01 5.01966714859009e-01
858 7.70507812500000e-01 5.93682289123535e-01
859 7.64648437500000e-01 5.84687232971191e-01
860 7.27050781250000e-01 5.28602838516235e-01
861 7.44628906250000e-01 5.54472208023071e-01
862 7.27050781250000e-01 5.28602838516235e-01
863 7.29003906250000e-01 5.31446695327759e-01
864 7.24121093750000e-01 5.24351358413696e-01
865 7.23632812500000e-01 5.23644447326660e-01
866 7.34375000000000e-01 5.39306640625000e-01
867 7.39746093750000e-01 5.47224283218384e-01
868 7.43652343750000e-01 5.53018808364868e-01
869 6.41601562500000e-01 4.11652565002441e-01
870 6.59179687500000e-01 4.34517860412598e-01
871 6.79687500000000e-01 4.61975097656250e-01
872 6.92871093750000e-01 4.80070352554321e-01
873 6.77734375000000e-01 4.59323883056641e-01
874 7.10937500000000e-01 5.05432128906250e-01
875 6.99218750000000e-01 4.88906860351562e-01
876 7.34863281250000e-01 5.40024042129517e-01
877 6.59179687500000e-01 4.34517860412598e-01
878 6.10351562500000e-01 3.72529029846191e-01
879 6.04492187500000e-01 3.65410804748535e-01
880 6.04492187500000e-01 3.65410804748535e-01
881 5.76171875000000e-01 3.31974029541016e-01
882 6.04003906250000e-01 3.64820718765259e-01
883 5.75683593750000e-01 3.31411600112915e-01
884 5.45898437500000e-01 2.98005104064941e-01
885 5.60058593750000e-01 3.13665628433228e-01
886 5.34179687500000e-01 2.85347938537598e-01
887 5.18554687500000e-01 2.68898963928223e-01
888 5.38574218750000e-01 2.90062189102173e-01
889 5.78613281250000e-01 3.34793329238892e-01
890 5.13671875000000e-01 2.63858795166016e-01
891 5.14648437500000e-01 2.64863014221191e-01
892 5.41015625000000e-01 2.92697906494141e-01
893 4.63867187500000e-01 2.15172767639160e-01
894 4.48242187500000e-01 2.00921058654785e-01
895 3.96972656250000e-01 1.57587289810181e-01
896 4.16992187500000e-01 1.73882484436035e-01
897 3.88183593750000e-01 1.50686502456665e-01
898 4.71191406250000e-01 2.22021341323853e-01
899 4.68261718750000e-01 2.19269037246704e-01
900 5.23925781250000e-01 2.74498224258423e-01
901 5.16601562500000e-01 2.66877174377441e-01
902 5.62500000000000e-01 3.16406250000000e-01
903 5.57617187500000e-01 3.10936927795410e-01
904 5.78125000000000e-01 3.34228515625000e-01
905 5.83007812500000e-01 3.39898109436035e-01
906 5.47363281250000e-01 2.99606561660767e-01
907 5.14160156250000e-01 2.64360666275024e-01
908 4.54101562500000e-01 2.06208229064941e-01
909 4.24316406250000e-01 1.80044412612915e-01
910 4.78027343750000e-01 2.28510141372681e-01
911 5.27832031250000e-01 2.78606653213501e-01
912 5.72265625000000e-01 3.27487945556641e-01
913 5.95703125000000e-01 3.54862213134766e-01
914 5.72265625000000e-01 3.27487945556641e-01
915 5.45410156250000e-01 2.97472238540649e-01
916 5.73242187500000e-01 3.28606605529785e-01
917 5.37109375000000e-01 2.88486480712891e-01
918 5.45410156250000e-01 2.97472238540649e-01
919 5.52734375000000e-01 3.05515289306641e-01
920 6.24511718750000e-01 3.90014886856079e-01
921 6.25976562500000e-01 3.91846656799316e-01
922 5.97167968750000e-01 3.56609582901001e-01
923 5.70312500000000e-01 3.25256347656250e-01
924 5.45898437500000e-01 2.98005104064941e-01
925 5.35644531250000e-01 2.86915063858032e-01
926 4.78027343750000e-01 2.28510141372681e-01
927 5.11718750000000e-01 2.61856079101562e-01
928 5.47363281250000e-01 2.99606561660767e-01
929 5.67382812500000e-01 3.21923255920410e-01
930 5.46875000000000e-01 2.99072265625000e-01
931 5.68359375000000e-01 3.23032379150391e-01
932 5.12207031250000e-01 2.62356042861938e-01
933 4.91699218750000e-01 2.41768121719360e-01
934 5.20996093750000e-01 2.71436929702759e-01
935 5.09277343750000e-01 2.59363412857056e-01
936 4.88769531250000e-01 2.38895654678345e-01
937 5.45898437500000e-01 2.98005104064941e-01
938 5.91796875000000e-01 3.50223541259766e-01
939 6.08886718750000e-01 3.70743036270142e-01
940 5.50781250000000e-01 3.03359985351562e-01
941 5.53710937500000e-01 3.06595802307129e-01
942 5.62500000000000e-01 3.16406250000000e-01
943 5.42480468750000e-01 2.94285058975220e-01
944 5.20019531250000e-01 2.70420312881470e-01
945 5.04882812500000e-01 2.54906654357910e-01
946 5.57617187500000e-01 3.10936927795410e-01
947 5.52246093750000e-01 3.04975748062134e-01
948 6.05468750000000e-01 3.66592407226562e-01
949 5.27343750000000e-01 2.78091430664062e-01
950 5.78125000000000e-01 3.34228515625000e-01
951 5.65429687500000e-01 3.19710731506348e-01
952 5.46875000000000e-01 2.99072265625000e-01
953 6.22070312500000e-01 3.86971473693848e-01
954 5.86914062500000e-01 3.44468116760254e-01
955 5.79589843750000e-01 3.35924386978149e-01
956 5.81054687500000e-01 3.37624549865723e-01
957 5.54687500000000e-01 3.07678222656250e-01
958 5.54199218750000e-01 3.07136774063110e-01
959 5.08789062500000e-01 2.58866310119629e-01
960 6.11816406250000e-01 3.74319314956665e-01
961 5.77148437500000e-01 3.33100318908691e-01
962 6.15234375000000e-01 3.78513336181641e-01
963 5.87402343750000e-01 3.45041513442993e-01
964 6.13281250000000e-01 3.76113891601562e-01
965 5.80566406250000e-01 3.37057352066040e-01
966 6.40136718750000e-01 4.09775018692017e-01
967 5.49316406250000e-01 3.01748514175415e-01
968 5.54687500000000e-01 3.07678222656250e-01
969 4.72167968750000e-01 2.22942590713501e-01
970 5.51269531250000e-01 3.03898096084595e-01
971 4.58984375000000e-01 2.10666656494141e-01
972 4.11132812500000e-01 1.69030189514160e-01
973 3.70117187500000e-01 1.36986732482910e-01
974 3.87207031250000e-01 1.49929285049438e-01
975 3.62792968750000e-01 1.31618738174438e-01
976 3.94531250000000e-01 1.55654907226562e-01
977 3.54003906250000e-01 1.25318765640259e-01
978 4.11132812500000e-01 1.69030189514160e-01
979 3.66699218750000e-01 1.34468317031860e-01
980 3.54003906250000e-01 1.25318765640259e-01
981 4.44824218750000e-01 1.97868585586548e-01
982 4.23828125000000e-01 1.79630279541016e-01
983 3.84765625000000e-01 1.48044586181641e-01
984 4.01855468750000e-01 1.61487817764282e-01
985 3.56445312500000e-01 1.27053260803223e-01
986 3.03710937500000e-01 9.22403335571289e-02
987 3.17382812500000e-01 1.00731849670410e-01
988 3.21777343750000e-01 1.03540658950806e-01
989 2.61230468750000e-01 6.82413578033447e-02
990 2.57812500000000e-01 6.64672851562500e-02
991 2.33398437500000e-01 5.44748306274414e-02
992 2.66113281250000e-01 7.08162784576416e-02
993 2.45117187500000e-01 6.00824356079102e-02
994 3.12988281250000e-01 9.79616641998291e-02
995 3.17871093750000e-01 1.01042032241821e-01
996 3.30078125000000e-01 1.08951568603516e-01
997 3.37402343750000e-01 1.13840341567993e-01
998 2.87109375000000e-01 8.24317932128906e-02
999 2.97363281250000e-01 8.84249210357666e-02
