0 5.15625000000000e-01 2.65869140625000e-01
1 5.01953125000000e-01 2.51956939697266e-01
2 4.68750000000000e-01 2.19726562500000e-01
3 4.94628906250000e-01 2.44657754898071e-01
4 5.22460937500000e-01 2.72965431213379e-01
5 5.39550781250000e-01 2.91115045547485e-01
6 5.68847656250000e-01 3.23587656021118e-01
7 5.67382812500000e-01 3.21923255920410e-01
8 5.90332031250000e-01 3.48491907119751e-01
9 5.84472656250000e-01 3.41608285903931e-01
10 4.98535156250000e-01 2.48537302017212e-01
11 4.99511718750000e-01 2.49511957168579e-01
12 5.66406250000000e-01 3.20816040039062e-01
13 5.82031250000000e-01 3.38760375976562e-01
14 6.53320312500000e-01 4.26827430725098e-01
15 6.45996093750000e-01 4.17310953140259e-01
16 6.75292968750000e-01 4.56020593643188e-01
17 6.05957031250000e-01 3.67183923721313e-01
18 5.47363281250000e-01 2.99606561660767e-01
19 5.41503906250000e-01 2.93226480484009e-01
20 5.81542968750000e-01 3.38192224502563e-01
21 5.05859375000000e-01 2.55893707275391e-01
22 5.39062500000000e-01 2.90588378906250e-01
23 6.17675781250000e-01 3.81523370742798e-01
24 5.31250000000000e-01 2.82226562500000e-01
25 5.60058593750000e-01 3.13665628433228e-01
26 5.20019531250000e-01 2.70420312881470e-01
27 4.74609375000000e-01 2.25254058837891e-01
28 4.58496093750000e-01 2.10218667984009e-01
29 3.98437500000000e-01 1.58752441406250e-01
30 4.46777343750000e-01 1.99609994888306e-01
31 4.09179687500000e-01 1.67428016662598e-01
32 3.56445312500000e-01 1.27053260803223e-01
33 3.52050781250000e-01 1.23939752578735e-01
34 2.93457031250000e-01 8.61170291900635e-02
35 2.17773437500000e-01 4.74252700805664e-02
36 2.36328125000000e-01 5.58509826660156e-02
37 2.05078125000000e-01 4.20570373535156e-02
38 1.86523437500000e-01 3.47909927368164e-02
39 2.34863281250000e-01 5.51607608795166e-02
40 2.23144531250000e-01 4.97934818267822e-02
41 2.81738281250000e-01 7.93764591217041e-02
42 2.33886718750000e-01 5.47029972076416e-02
43 2.23144531250000e-01 4.97934818267822e-02
44 2.29980468750000e-01 5.28910160064697e-02
45 2.82226562500000e-01 7.96518325805664e-02
46 3.61816406250000e-01 1.30911111831665e-01
47 3.67187500000000e-01 1.34826660156250e-01
48 3.09082031250000e-01 9.55317020416260e-02
49 3.02734375000000e-01 9.16481018066406e-02
50 3.68164062500000e-01 1.35544776916504e-01
51 3.67187500000000e-01 1.34826660156250e-01
52 3.92578125000000e-01 1.54117584228516e-01
53 4.12109375000000e-01 1.69834136962891e-01
54 4.48242187500000e-01 2.00921058654785e-01
55 4.09179687500000e-01 1.67428016662598e-01
56 4.74609375000000e-01 2.25254058837891e-01
57 4.13574218750000e-01 1.71043634414673e-01
58 3.76953125000000e-01 1.42093658447266e-01
59 3.45703125000000e-01 1.19510650634766e-01
60 3.91113281250000e-01 1.52969598770142e-01
61 4.01367187500000e-01 1.61095619201660e-01
62 4.32617187500000e-01 1.87157630920410e-01
63 4.76074218750000e-01 2.26646661758423e-01
64 4.29199218750000e-01 1.84211969375610e-01
65 4.10644531250000e-01 1.68628931045532e-01
66 4.07714843750000e-01 1.66231393814087e-01
67 4.27246093750000e-01 1.82539224624634e-01
68 4.22851562500000e-01 1.78803443908691e-01
69 4.10644531250000e-01 1.68628931045532e-01
70 4.68750000000000e-01 2.19726562500000e-01
71 5.24414062500000e-01 2.75010108947754e-01
72 5.20019531250000e-01 2.70420312881470e-01
73 4.90234375000000e-01 2.40329742431641e-01
74 5.06835937500000e-01 2.56882667541504e-01
75 5.67382812500000e-01 3.21923255920410e-01
76 6.12304687500000e-01 3.74917030334473e-01
77 6.25000000000000e-01 3.90625000000000e-01
78 6.14257812500000e-01 3.77312660217285e-01
79 6.73339843750000e-01 4.53386545181274e-01
80 6.75781250000000e-01 4.56680297851562e-01
81 7.12890625000000e-01 5.08213043212891e-01
82 6.49414062500000e-01 4.21738624572754e-01
83 7.06054687500000e-01 4.98513221740723e-01
84 7.34375000000000e-01 5.39306640625000e-01
85 7.43164062500000e-01 5.52292823791504e-01
86 6.79687500000000e-01 4.61975097656250e-01
87 6.98242187500000e-01 4.87542152404785e-01
88 7.38281250000000e-01 5.45059204101562e-01
89 6.81640625000000e-01 4.64633941650391e-01
90 7.21679687500000e-01 5.20821571350098e-01
91 6.70410156250000e-01 4.49449777603149e-01
92 6.70898437500000e-01 4.50104713439941e-01
93 7.21679687500000e-01 5.20821571350098e-01
94 7.05078125000000e-01 4.97135162353516e-01
95 7.21191406250000e-01 5.20117044448853e-01
96 6.24023437500000e-01 3.89405250549316e-01
97 6.25976562500000e-01 3.91846656799316e-01
98 6.38183593750000e-01 4.07278299331665e-01
99 5.85937500000000e-01 3.43322753906250e-01
100 5.93750000000000e-01 3.52539062500000e-01
101 6.25976562500000e-01 3.91846656799316e-01
102 5.92773437500000e-01 3.51380348205566e-01
103 6.42578125000000e-01 4.12906646728516e-01
104 5.73242187500000e-01 3.28606605529785e-01
105 5.72753906250000e-01 3.28047037124634e-01
106 6.24023437500000e-01 3.89405250549316e-01
107 6.08398437500000e-01 3.70148658752441e-01
108 5.78125000000000e-01 3.34228515625000e-01
109 5.35644531250000e-01 2.86915063858032e-01
110 5.25878906250000e-01 2.76548624038696e-01
111 5.08300781250000e-01 2.58369684219360e-01
112 4.16992187500000e-01 1.73882484436035e-01
113 5.38574218750000e-01 2.90062189102173e-01
114 6.04980468750000e-01 3.66001367568970e-01
115 5.70800781250000e-01 3.25813531875610e-01
116 5.48339843750000e-01 3.00676584243774e-01
117 5.37597656250000e-01 2.89011240005493e-01
118 5.17578125000000e-01 2.67887115478516e-01
119 4.84863281250000e-01 2.35092401504517e-01
120 5.02929687500000e-01 2.52938270568848e-01
121 5.26367187500000e-01 2.77062416076660e-01
122 5.06347656250000e-01 2.56387948989868e-01
123 4.27734375000000e-01 1.82956695556641e-01
124 4.86816406250000e-01 2.36990213394165e-01
125 5.19531250000000e-01 2.69912719726562e-01
126 4.74121093750000e-01 2.24790811538696e-01
127 5.00976562500000e-01 2.50977516174316e-01
128 5.14648437500000e-01 2.64863014221191e-01
129 5.61523437500000e-01 3.15308570861816e-01
130 5.69335937500000e-01 3.24143409729004e-01
131 5.92773437500000e-01 3.51380348205566e-01
132 5.81054687500000e-01 3.37624549865723e-01
133 5.70312500000000e-01 3.25256347656250e-01
134 5.23925781250000e-01 2.74498224258423e-01
135 4.67773437500000e-01 2.18811988830566e-01
136 5.01953125000000e-01 2.51956939697266e-01
137 4.88281250000000e-01 2.38418579101562e-01
138 4.70214843750000e-01 2.21101999282837e-01
139 4.95117187500000e-01 2.45141029357910e-01
140 4.57031250000000e-01 2.08877563476562e-01
141 4.80468750000000e-01 2.30850219726562e-01
142 4.91699218750000e-01 2.41768121719360e-01
143 5.10742187500000e-01 2.60857582092285e-01
144 4.68750000000000e-01 2.19726562500000e-01
145 4.25292968750000e-01 1.80874109268188e-01
146 4.36523437500000e-01 1.90552711486816e-01
147 4.90722656250000e-01 2.40808725357056e-01
148 5.64453125000000e-01 3.18607330322266e-01
149 5.34179687500000e-01 2.85347938537598e-01
150 4.97558593750000e-01 2.47564554214478e-01
151 5.22460937500000e-01 2.72965431213379e-01
152 5.21484375000000e-01 2.71945953369141e-01
153 5.40527343750000e-01 2.92169809341431e-01
154 5.57617187500000e-01 3.10936927795410e-01
155 5.12695312500000e-01 2.62856483459473e-01
156 5.06347656250000e-01 2.56387948989868e-01
157 4.79003906250000e-01 2.29444742202759e-01
158 4.43847656250000e-01 1.97000741958618e-01
159 4.55078125000000e-01 2.07096099853516e-01
160 5.40039062500000e-01 2.91642189025879e-01
161 5.42480468750000e-01 2.94285058975220e-01
162 5.73242187500000e-01 3.28606605529785e-01
163 5.93750000000000e-01 3.52539062500000e-01
164 5.54687500000000e-01 3.07678222656250e-01
165 6.02539062500000e-01 3.63053321838379e-01
166 5.97167968750000e-01 3.56609582901001e-01
167 5.34179687500000e-01 2.85347938537598e-01
168 4.90722656250000e-01 2.40808725357056e-01
169 5.40039062500000e-01 2.91642189025879e-01
170 5.74218750000000e-01 3.29727172851562e-01
171 5.64941406250000e-01 3.19158792495728e-01
172 5.54199218750000e-01 3.07136774063110e-01
173 5.22949218750000e-01 2.73475885391235e-01
174 5.53222656250000e-01 3.06055307388306e-01
175 5.87890625000000e-01 3.45615386962891e-01
176 6.27441406250000e-01 3.93682718276978e-01
177 6.28417968750000e-01 3.94909143447876e-01
178 6.76269531250000e-01 4.57340478897095e-01
179 6.93847656250000e-01 4.81424570083618e-01
180 6.34765625000000e-01 4.02927398681641e-01
181 6.66992187500000e-01 4.44878578186035e-01
182 6.60644531250000e-01 4.36451196670532e-01
183 6.35253906250000e-01 4.03547525405884e-01
184 6.45996093750000e-01 4.17310953140259e-01
185 6.83593750000000e-01 4.67300415039062e-01
186 6.92871093750000e-01 4.80070352554321e-01
187 6.94824218750000e-01 4.82780694961548e-01
188 5.84472656250000e-01 3.41608285903931e-01
189 5.94726562500000e-01 3.53699684143066e-01
190 5.15625000000000e-01 2.65869140625000e-01
191 5.62500000000000e-01 3.16406250000000e-01
192 5.18066406250000e-01 2.68392801284790e-01
193 5.04882812500000e-01 2.54906654357910e-01
194 4.75585937500000e-01 2.26181983947754e-01
195 4.91210937500000e-01 2.41288185119629e-01
196 4.82421875000000e-01 2.32730865478516e-01
197 5.84472656250000e-01 3.41608285903931e-01
198 5.77636718750000e-01 3.33664178848267e-01
199 6.10839843750000e-01 3.73125314712524e-01
200 6.07910156250000e-01 3.69554758071899e-01
201 5.78125000000000e-01 3.34228515625000e-01
202 6.11328125000000e-01 3.73722076416016e-01
203 5.39550781250000e-01 2.91115045547485e-01
204 5.87890625000000e-01 3.45615386962891e-01
205 5.81054687500000e-01 3.37624549865723e-01
206 6.42578125000000e-01 4.12906646728516e-01
207 6.10839843750000e-01 3.73125314712524e-01
208 6.04980468750000e-01 3.66001367568970e-01
209 5.62011718750000e-01 3.15857172012329e-01
210 5.26855468750000e-01 2.77576684951782e-01
211 5.30761718750000e-01 2.81708002090454e-01
212 5.66894531250000e-01 3.21369409561157e-01
213 5.77636718750000e-01 3.33664178848267e-01
214 5.65429687500000e-01 3.19710731506348e-01
215 5.82519531250000e-01 3.39329004287720e-01
216 5.82031250000000e-01 3.38760375976562e-01
217 6.17675781250000e-01 3.81523370742798e-01
218 6.01074218750000e-01 3.61290216445923e-01
219 6.39648437500000e-01 4.09150123596191e-01
220 6.25488281250000e-01 3.91235589981079e-01
221 6.62597656250000e-01 4.39035654067993e-01
222 6.57226562500000e-01 4.31946754455566e-01
223 7.15820312500000e-01 5.12398719787598e-01
224 6.88476562500000e-01 4.73999977111816e-01
225 6.57226562500000e-01 4.31946754455566e-01
226 6.24511718750000e-01 3.90014886856079e-01
227 6.27929687500000e-01 3.94295692443848e-01
228 6.45507812500000e-01 4.16680335998535e-01
229 7.03125000000000e-01 4.94384765625000e-01
230 6.90429687500000e-01 4.76693153381348e-01
231 6.53320312500000e-01 4.26827430725098e-01
232 7.06054687500000e-01 4.98513221740723e-01
233 6.86035156250000e-01 4.70644235610962e-01
234 6.80175781250000e-01 4.62639093399048e-01
235 6.54296875000000e-01 4.28104400634766e-01
236 6.72363281250000e-01 4.52072381973267e-01
237 6.70410156250000e-01 4.49449777603149e-01
238 6.04980468750000e-01 3.66001367568970e-01
239 5.69335937500000e-01 3.24143409729004e-01
240 5.68847656250000e-01 3.23587656021118e-01
241 6.04980468750000e-01 3.66001367568970e-01
242 6.44042968750000e-01 4.14791345596313e-01
243 6.42089843750000e-01 4.12279367446899e-01
244 6.34277343750000e-01 4.02307748794556e-01
245 6.16699218750000e-01 3.80317926406860e-01
246 6.11328125000000e-01 3.73722076416016e-01
247 5.83007812500000e-01 3.39898109436035e-01
248 5.93750000000000e-01 3.52539062500000e-01
249 5.92773437500000e-01 3.51380348205566e-01
250 6.14746093750000e-01 3.77912759780884e-01
251 6.31347656250000e-01 3.98599863052368e-01
252 6.60644531250000e-01 4.36451196670532e-01
253 6.73828125000000e-01 4.54044342041016e-01
254 6.84570312500000e-01 4.68636512756348e-01
255 6.72363281250000e-01 4.52072381973267e-01
256 6.78710937500000e-01 4.60648536682129e-01
257 6.97753906250000e-01 4.86860513687134e-01
258 7.17285156250000e-01 5.14497995376587e-01
259 6.41601562500000e-01 4.11652565002441e-01
260 6.04980468750000e-01 3.66001367568970e-01
261 6.50390625000000e-01 4.23007965087891e-01
262 6.36230468750000e-01 4.04789209365845e-01
263 6.61132812500000e-01 4.37096595764160e-01
264 5.83007812500000e-01 3.39898109436035e-01
265 5.56152343750000e-01 3.09305429458618e-01
266 6.28417968750000e-01 3.94909143447876e-01
267 6.25976562500000e-01 3.91846656799316e-01
268 6.09375000000000e-01 3.71337890625000e-01
269 6.00585937500000e-01 3.60703468322754e-01
270 5.84960937500000e-01 3.42179298400879e-01
271 6.08886718750000e-01 3.70743036270142e-01
272 6.08886718750000e-01 3.70743036270142e-01
273 6.02539062500000e-01 3.63053321838379e-01
274 6.71875000000000e-01 4.51416015625000e-01
275 6.16210937500000e-01 3.79715919494629e-01
276 6.09375000000000e-01 3.71337890625000e-01
277 6.17675781250000e-01 3.81523370742798e-01
278 6.60644531250000e-01 4.36451196670532e-01
279 6.72851562500000e-01 4.52729225158691e-01
280 6.59667968750000e-01 4.35161828994751e-01
281 6.59667968750000e-01 4.35161828994751e-01
282 6.42089843750000e-01 4.12279367446899e-01
283 6.53808593750000e-01 4.27465677261353e-01
284 6.05957031250000e-01 3.67183923721313e-01
285 5.89355468750000e-01 3.47339868545532e-01
286 5.67871093750000e-01 3.22477579116821e-01
287 5.99121093750000e-01 3.58946084976196e-01
288 6.05468750000000e-01 3.66592407226562e-01
289 5.61035156250000e-01 3.14760446548462e-01
290 5.38085937500000e-01 2.89536476135254e-01
291 5.78613281250000e-01 3.34793329238892e-01
292 4.78515625000000e-01 2.28977203369141e-01
293 5.17089843750000e-01 2.67381906509399e-01
294 5.59570312500000e-01 3.13118934631348e-01
295 6.35253906250000e-01 4.03547525405884e-01
296 5.97656250000000e-01 3.57192993164062e-01
297 6.11328125000000e-01 3.73722076416016e-01
298 5.70312500000000e-01 3.25256347656250e-01
299 5.53710937500000e-01 3.06595802307129e-01
300 4.08203125000000e-01 1.66629791259766e-01
301 4.69238281250000e-01 2.20184564590454e-01
302 4.48242187500000e-01 2.00921058654785e-01
303 4.83398437500000e-01 2.33674049377441e-01
304 5.28808593750000e-01 2.79638528823853e-01
305 5.30273437500000e-01 2.81189918518066e-01
306 5.58105468750000e-01 3.11481714248657e-01
307 5.52246093750000e-01 3.04975748062134e-01
308 4.34570312500000e-01 1.88851356506348e-01
309 3.60839843750000e-01 1.30205392837524e-01
310 4.04785156250000e-01 1.63851022720337e-01
311 4.22851562500000e-01 1.78803443908691e-01
312 4.09179687500000e-01 1.67428016662598e-01
313 4.15527343750000e-01 1.72662973403931e-01
314 3.73046875000000e-01 1.39163970947266e-01
315 4.52148437500000e-01 2.04438209533691e-01
316 3.98437500000000e-01 1.58752441406250e-01
317 3.51562500000000e-01 1.23596191406250e-01
318 4.05761718750000e-01 1.64642572402954e-01
319 4.24316406250000e-01 1.80044412612915e-01
320 5.00000000000000e-01 2.50000000000000e-01
321 5.31250000000000e-01 2.82226562500000e-01
322 4.71679687500000e-01 2.22481727600098e-01
323 4.07226562500000e-01 1.65833473205566e-01
324 3.65722656250000e-01 1.33753061294556e-01
325 3.72070312500000e-01 1.38436317443848e-01
326 3.61816406250000e-01 1.30911111831665e-01
327 3.77441406250000e-01 1.42462015151978e-01
328 3.50585937500000e-01 1.22910499572754e-01
329 3.74511718750000e-01 1.40259027481079e-01
330 3.21777343750000e-01 1.03540658950806e-01
331 3.58398437500000e-01 1.28449440002441e-01
332 3.49609375000000e-01 1.22226715087891e-01
333 3.92578125000000e-01 1.54117584228516e-01
334 3.84277343750000e-01 1.47669076919556e-01
335 3.95996093750000e-01 1.56812906265259e-01
336 4.46777343750000e-01 1.99609994888306e-01
337 5.11718750000000e-01 2.61856079101562e-01
338 5.42968750000000e-01 2.94815063476562e-01
339 5.12695312500000e-01 2.62856483459473e-01
340 5.23925781250000e-01 2.74498224258423e-01
341 4.66308593750000e-01 2.17443704605103e-01
342 5.28320312500000e-01 2.79122352600098e-01
343 4.52148437500000e-01 2.04438209533691e-01
344 4.54101562500000e-01 2.06208229064941e-01
345 5.28320312500000e-01 2.79122352600098e-01
346 4.90234375000000e-01 2.40329742431641e-01
347 4.57031250000000e-01 2.08877563476562e-01
348 4.93164062500000e-01 2.43210792541504e-01
349 4.96582031250000e-01 2.46593713760376e-01
350 4.80957031250000e-01 2.31319665908813e-01
351 4.62890625000000e-01 2.14267730712891e-01
352 4.58007812500000e-01 2.09771156311035e-01
353 5.10742187500000e-01 2.60857582092285e-01
354 5.57128906250000e-01 3.10392618179321e-01
355 4.63378906250000e-01 2.14720010757446e-01
356 4.82910156250000e-01 2.33202219009399e-01
357 4.37500000000000e-01 1.91406250000000e-01
358 5.40527343750000e-01 2.92169809341431e-01
359 5.26855468750000e-01 2.77576684951782e-01
360 4.90234375000000e-01 2.40329742431641e-01
361 5.21972656250000e-01 2.72455453872681e-01
362 5.07324218750000e-01 2.57377862930298e-01
363 5.46386718750000e-01 2.98538446426392e-01
364 5.02929687500000e-01 2.52938270568848e-01
365 4.79003906250000e-01 2.29444742202759e-01
366 4.50683593750000e-01 2.03115701675415e-01
367 4.59960937500000e-01 2.11564064025879e-01
368 4.73632812500000e-01 2.24328041076660e-01
369 4.40429687500000e-01 1.93978309631348e-01
370 4.13085937500000e-01 1.70639991760254e-01
371 3.54492187500000e-01 1.25664710998535e-01
372 3.46191406250000e-01 1.19848489761353e-01
373 3.34472656250000e-01 1.11871957778931e-01
374 3.65234375000000e-01 1.33396148681641e-01
375 4.67285156250000e-01 2.18355417251587e-01
376 4.62402343750000e-01 2.13815927505493e-01
377 4.71679687500000e-01 2.22481727600098e-01
378 4.70214843750000e-01 2.21101999282837e-01
379 4.87304687500000e-01 2.37465858459473e-01
380 5.01953125000000e-01 2.51956939697266e-01
381 4.80468750000000e-01 2.30850219726562e-01
382 4.80468750000000e-01 2.30850219726562e-01
383 4.93164062500000e-01 2.43210792541504e-01
384 5.46875000000000e-01 2.99072265625000e-01
385 5.86914062500000e-01 3.44468116760254e-01
386 6.33789062500000e-01 4.01688575744629e-01
387 6.11816406250000e-01 3.74319314956665e-01
388 5.56152343750000e-01 3.09305429458618e-01
389 5.75683593750000e-01 3.31411600112915e-01
390 5.89355468750000e-01 3.47339868545532e-01
391 5.57617187500000e-01 3.10936927795410e-01
392 5.82519531250000e-01 3.39329004287720e-01
393 5.27832031250000e-01 2.78606653213501e-01
394 5.24414062500000e-01 2.75010108947754e-01
395 4.66796875000000e-01 2.17899322509766e-01
396 4.38476562500000e-01 1.92261695861816e-01
397 4.68261718750000e-01 2.19269037246704e-01
398 4.26757812500000e-01 1.82122230529785e-01
399 4.39941406250000e-01 1.93548440933228e-01
400 4.51660156250000e-01 2.03996896743774e-01
401 4.43359375000000e-01 1.96567535400391e-01
402 4.71191406250000e-01 2.22021341323853e-01
403 5.66894531250000e-01 3.21369409561157e-01
404 5.80566406250000e-01 3.37057352066040e-01
405 5.41992187500000e-01 2.93755531311035e-01
406 5.27343750000000e-01 2.78091430664062e-01
407 5.24414062500000e-01 2.75010108947754e-01
408 5.36621093750000e-01 2.87962198257446e-01
409 5.20507812500000e-01 2.70928382873535e-01
410 6.00097656250000e-01 3.60117197036743e-01
411 6.30371093750000e-01 3.97367715835571e-01
412 6.74316406250000e-01 4.54702615737915e-01
413 6.73828125000000e-01 4.54044342041016e-01
414 6.97265625000000e-01 4.86179351806641e-01
415 6.64550781250000e-01 4.41627740859985e-01
416 6.82128906250000e-01 4.65299844741821e-01
417 6.23535156250000e-01 3.88796091079712e-01
418 5.82519531250000e-01 3.39329004287720e-01
419 6.28906250000000e-01 3.95523071289062e-01
420 6.48437500000000e-01 4.20471191406250e-01
421 6.99707031250000e-01 4.89589929580688e-01
422 6.51367187500000e-01 4.24279212951660e-01
423 6.53808593750000e-01 4.27465677261353e-01
424 6.63574218750000e-01 4.40330743789673e-01
425 7.01660156250000e-01 4.92326974868774e-01
426 7.28027343750000e-01 5.30023813247681e-01
427 6.96289062500000e-01 4.84818458557129e-01
428 6.88964843750000e-01 4.74672555923462e-01
429 6.80175781250000e-01 4.62639093399048e-01
430 6.89453125000000e-01 4.75345611572266e-01
431 6.76757812500000e-01 4.58001136779785e-01
432 6.33789062500000e-01 4.01688575744629e-01
433 6.04492187500000e-01 3.65410804748535e-01
434 6.86523437500000e-01 4.71314430236816e-01
435 7.26562500000000e-01 5.27893066406250e-01
436 7.24121093750000e-01 5.24351358413696e-01
437 7.04101562500000e-01 4.95759010314941e-01
438 6.77734375000000e-01 4.59323883056641e-01
439 6.80175781250000e-01 4.62639093399048e-01
440 6.87988281250000e-01 4.73327875137329e-01
441 7.60253906250000e-01 5.77986001968384e-01
442 7.56835937500000e-01 5.72800636291504e-01
443 7.07031250000000e-01 4.99893188476562e-01
444 6.83105468750000e-01 4.66633081436157e-01
445 6.44531250000000e-01 4.15420532226562e-01
446 6.89941406250000e-01 4.76019144058228e-01
447 7.11914062500000e-01 5.06821632385254e-01
448 6.83593750000000e-01 4.67300415039062e-01
449 6.87011718750000e-01 4.71985101699829e-01
450 7.29003906250000e-01 5.31446695327759e-01
451 7.14355468750000e-01 5.10303735733032e-01
452 7.29003906250000e-01 5.31446695327759e-01
453 7.50000000000000e-01 5.62500000000000e-01
454 6.39160156250000e-01 4.08525705337524e-01
455 6.27929687500000e-01 3.94295692443848e-01
456 6.62109375000000e-01 4.38388824462891e-01
457 6.89453125000000e-01 4.75345611572266e-01
458 6.52832031250000e-01 4.26189661026001e-01
459 6.69433593750000e-01 4.48141336441040e-01
460 6.34277343750000e-01 4.02307748794556e-01
461 6.96289062500000e-01 4.84818458557129e-01
462 7.56347656250000e-01 5.72061777114868e-01
463 7.46582031250000e-01 5.57384729385376e-01
464 6.85546875000000e-01 4.69974517822266e-01
465 6.52832031250000e-01 4.26189661026001e-01
466 5.99609375000000e-01 3.59531402587891e-01
467 5.49804687500000e-01 3.02285194396973e-01
468 5.70800781250000e-01 3.25813531875610e-01
469 6.98730468750000e-01 4.88224267959595e-01
470 6.82128906250000e-01 4.65299844741821e-01
471 6.25976562500000e-01 3.91846656799316e-01
472 6.60644531250000e-01 4.36451196670532e-01
473 5.92285156250000e-01 3.50801706314087e-01
474 5.93750000000000e-01 3.52539062500000e-01
475 5.60546875000000e-01 3.14212799072266e-01
476 5.24414062500000e-01 2.75010108947754e-01
477 4.89257812500000e-01 2.39373207092285e-01
478 4.02343750000000e-01 1.61880493164062e-01
479 4.73632812500000e-01 2.24328041076660e-01
480 4.88769531250000e-01 2.38895654678345e-01
481 4.09667968750000e-01 1.67827844619751e-01
482 3.39843750000000e-01 1.15493774414062e-01
483 3.33496093750000e-01 1.11219644546509e-01
484 2.42675781250000e-01 5.88915348052979e-02
485 2.27539062500000e-01 5.17740249633789e-02
486 2.44140625000000e-01 5.96046447753906e-02
487 2.25097656250000e-01 5.06689548492432e-02
488 2.52929687500000e-01 6.39734268188477e-02
489 2.29492187500000e-01 5.26666641235352e-02
490 2.15820312500000e-01 4.65784072875977e-02
491 2.57812500000000e-01 6.64672851562500e-02
492 2.26562500000000e-01 5.13305664062500e-02
493 2.45117187500000e-01 6.00824356079102e-02
494 2.40722656250000e-01 5.79473972320557e-02
495 2.46093750000000e-01 6.05621337890625e-02
496 2.72949218750000e-01 7.45012760162354e-02
497 1.47460937500000e-01 2.17447280883789e-02
498 1.76757812500000e-01 3.12433242797852e-02
499 2.14355468750000e-01 4.59482669830322e-02
500 1.49902343750000e-01 2.24707126617432e-02
501 1.16210937500000e-01 1.35049819946289e-02
502 1.09375000000000e-01 1.19628906250000e-02
503 1.67968750000000e-01 2.82135009765625e-02
504 1.87011718750000e-01 3.49733829498291e-02
505 1.58203125000000e-01 2.50282287597656e-02
506 1.71386718750000e-01 2.93734073638916e-02
507 2.43164062500000e-01 5.91287612915039e-02
508 2.40234375000000e-01 5.77125549316406e-02
509 2.33398437500000e-01 5.44748306274414e-02
510 1.48925781250000e-01 2.21788883209229e-02
511 1.42578125000000e-01 2.03285217285156e-02
512 1.67480468750000e-01 2.80497074127197e-02
513 1.88964843750000e-01 3.57077121734619e-02
514 2.25097656250000e-01 5.06689548492432e-02
515 1.81152343750000e-01 3.28161716461182e-02
516 1.56250000000000e-01 2.44140625000000e-02
517 2.22167968750000e-01 4.93586063385010e-02
518 3.17871093750000e-01 1.01042032241821e-01
519 2.72460937500000e-01 7.42349624633789e-02
520 2.94921875000000e-01 8.69789123535156e-02
521 2.82714843750000e-01 7.99276828765869e-02
522 3.19824218750000e-01 1.02287530899048e-01
523 3.49609375000000e-01 1.22226715087891e-01
524 3.46679687500000e-01 1.20186805725098e-01
525 3.28125000000000e-01 1.07666015625000e-01
526 2.88574218750000e-01 8.32750797271729e-02
527 2.99316406250000e-01 8.95903110504150e-02
528 2.88085937500000e-01 8.29935073852539e-02
529 3.48632812500000e-01 1.21544837951660e-01
530 3.08105468750000e-01 9.49289798736572e-02
531 2.88574218750000e-01 8.32750797271729e-02
532 2.78320312500000e-01 7.74621963500977e-02
533 2.90527343750000e-01 8.44061374664307e-02
534 3.17871093750000e-01 1.01042032241821e-01
535 3.17382812500000e-01 1.00731849670410e-01
536 2.44628906250000e-01 5.98433017730713e-02
537 2.41210937500000e-01 5.81827163696289e-02
538 1.88964843750000e-01 3.57077121734619e-02
539 1.99707031250000e-01 3.98828983306885e-02
540 1.89453125000000e-01 3.58924865722656e-02
541 1.49902343750000e-01 2.24707126617432e-02
542 1.61132812500000e-01 2.59637832641602e-02
543 1.51367187500000e-01 2.29120254516602e-02
544 1.56738281250000e-01 2.45668888092041e-02
545 1.13281250000000e-01 1.28326416015625e-02
546 8.98437500000000e-02 8.07189941406250e-03
547 1.34277343750000e-01 1.80304050445557e-02
548 1.20605468750000e-01 1.45456790924072e-02
549 1.59179687500000e-01 2.53381729125977e-02
550 2.53417968750000e-01 6.42206668853760e-02
551 2.22167968750000e-01 4.93586063385010e-02
552 2.67089843750000e-01 7.13369846343994e-02
553 3.07128906250000e-01 9.43281650543213e-02
554 3.29101562500000e-01 1.08307838439941e-01
555 3.16406250000000e-01 1.00112915039062e-01
556 2.93945312500000e-01 8.64038467407227e-02
557 4.00390625000000e-01 1.60312652587891e-01
558 4.36035156250000e-01 1.90126657485962e-01
559 4.18457031250000e-01 1.75106287002563e-01
560 4.15039062500000e-01 1.72257423400879e-01
561 4.20898437500000e-01 1.77155494689941e-01
562 4.30664062500000e-01 1.85471534729004e-01
563 4.09667968750000e-01 1.67827844619751e-01
564 3.11035156250000e-01 9.67428684234619e-02
565 2.81738281250000e-01 7.93764591217041e-02
566 3.01269531250000e-01 9.07633304595947e-02
567 2.97363281250000e-01 8.84249210357666e-02
568 3.23730468750000e-01 1.04801416397095e-01
569 3.87695312500000e-01 1.50307655334473e-01
570 3.82812500000000e-01 1.46545410156250e-01
571 4.32128906250000e-01 1.86735391616821e-01
572 4.47753906250000e-01 2.00483560562134e-01
573 4.83886718750000e-01 2.34146356582642e-01
574 4.55078125000000e-01 2.07096099853516e-01
575 4.21386718750000e-01 1.77566766738892e-01
576 5.02441406250000e-01 2.52447366714478e-01
577 5.51757812500000e-01 3.04436683654785e-01
578 5.69824218750000e-01 3.24699640274048e-01
579 5.46875000000000e-01 2.99072265625000e-01
580 5.76171875000000e-01 3.31974029541016e-01
581 6.01074218750000e-01 3.61290216445923e-01
582 6.23046875000000e-01 3.88187408447266e-01
583 6.33300781250000e-01 4.01069879531860e-01
584 6.57226562500000e-01 4.31946754455566e-01
585 6.73828125000000e-01 4.54044342041016e-01
586 7.50976562500000e-01 5.63965797424316e-01
587 7.22656250000000e-01 5.22232055664062e-01
588 7.42187500000000e-01 5.50842285156250e-01
589 7.50000000000000e-01 5.62500000000000e-01
590 7.12402343750000e-01 5.07517099380493e-01
591 7.66601562500000e-01 5.87677955627441e-01
592 7.15332031250000e-01 5.11699914932251e-01
593 5.81054687500000e-01 3.37624549865723e-01
594 6.04003906250000e-01 3.64820718765259e-01
595 6.28417968750000e-01 3.94909143447876e-01
596 6.25488281250000e-01 3.91235589981079e-01
597 5.67382812500000e-01 3.21923255920410e-01
598 5.39062500000000e-01 2.90588378906250e-01
599 5.46386718750000e-01 2.98538446426392e-01
600 5.80078125000000e-01 3.36490631103516e-01
601 5.59570312500000e-01 3.13118934631348e-01
602 5.76660156250000e-01 3.32536935806274e-01
603 6.09863281250000e-01 3.71933221817017e-01
604 5.71777343750000e-01 3.26929330825806e-01
605 4.88769531250000e-01 2.38895654678345e-01
606 4.88281250000000e-01 2.38418579101562e-01
607 5.39550781250000e-01 2.91115045547485e-01
608 5.39062500000000e-01 2.90588378906250e-01
609 5.49316406250000e-01 3.01748514175415e-01
610 5.55664062500000e-01 3.08762550354004e-01
611 6.01562500000000e-01 3.61877441406250e-01
612 5.48828125000000e-01 3.01212310791016e-01
613 5.57128906250000e-01 3.10392618179321e-01
614 5.70312500000000e-01 3.25256347656250e-01
615 5.60058593750000e-01 3.13665628433228e-01
616 5.76660156250000e-01 3.32536935806274e-01
617 5.37109375000000e-01 2.88486480712891e-01
618 5.98632812500000e-01 3.58361244201660e-01
619 5.85449218750000e-01 3.42750787734985e-01
620 6.13769531250000e-01 3.76713037490845e-01
621 6.22558593750000e-01 3.87579202651978e-01
622 6.63574218750000e-01 4.40330743789673e-01
623 5.89843750000000e-01 3.47915649414062e-01
624 6.43066406250000e-01 4.13534402847290e-01
625 5.62500000000000e-01 3.16406250000000e-01
626 5.25878906250000e-01 2.76548624038696e-01
627 5.29785156250000e-01 2.80672311782837e-01
628 4.75585937500000e-01 2.26181983947754e-01
629 5.27832031250000e-01 2.78606653213501e-01
630 5.94726562500000e-01 3.53699684143066e-01
631 6.77246093750000e-01 4.58662271499634e-01
632 7.28515625000000e-01 5.30735015869141e-01
633 7.26562500000000e-01 5.27893066406250e-01
634 7.33886718750000e-01 5.38589715957642e-01
635 7.22167968750000e-01 5.21526575088501e-01
636 7.65625000000000e-01 5.86181640625000e-01
637 7.52441406250000e-01 5.66168069839478e-01
638 7.76855468750000e-01 6.03504419326782e-01
639 7.47070312500000e-01 5.58114051818848e-01
640 7.70019531250000e-01 5.92930078506470e-01
641 7.91015625000000e-01 6.25705718994141e-01
642 7.75878906250000e-01 6.01988077163696e-01
643 7.37304687500000e-01 5.43618202209473e-01
644 7.16796875000000e-01 5.13797760009766e-01
645 7.11914062500000e-01 5.06821632385254e-01
646 7.44140625000000e-01 5.53745269775391e-01
647 7.29003906250000e-01 5.31446695327759e-01
648 7.07519531250000e-01 5.00583887100220e-01
649 6.66503906250000e-01 4.44227457046509e-01
650 6.93847656250000e-01 4.81424570083618e-01
651 6.01562500000000e-01 3.61877441406250e-01
652 5.99121093750000e-01 3.58946084976196e-01
653 6.79199218750000e-01 4.61311578750610e-01
654 7.13378906250000e-01 5.08909463882446e-01
655 7.26562500000000e-01 5.27893066406250e-01
656 7.75878906250000e-01 6.01988077163696e-01
657 7.57324218750000e-01 5.73539972305298e-01
658 7.50000000000000e-01 5.62500000000000e-01
659 7.35839843750000e-01 5.41460275650024e-01
660 7.08984375000000e-01 5.02658843994141e-01
661 6.57714843750000e-01 4.32588815689087e-01
662 6.42578125000000e-01 4.12906646728516e-01
663 6.05957031250000e-01 3.67183923721313e-01
664 6.64062500000000e-01 4.40979003906250e-01
665 6.86035156250000e-01 4.70644235610962e-01
666 7.44140625000000e-01 5.53745269775391e-01
667 7.67578125000000e-01 5.89176177978516e-01
668 7.17285156250000e-01 5.14497995376587e-01
669 7.60742187500000e-01 5.78728675842285e-01
670 7.15820312500000e-01 5.12398719787598e-01
671 6.86523437500000e-01 4.71314430236816e-01
672 6.87988281250000e-01 4.73327875137329e-01
673 7.11914062500000e-01 5.06821632385254e-01
674 6.72363281250000e-01 4.52072381973267e-01
675 6.69921875000000e-01 4.48795318603516e-01
676 7.02636718750000e-01 4.93698358535767e-01
677 7.32421875000000e-01 5.36441802978516e-01
678 6.91406250000000e-01 4.78042602539062e-01
679 6.90429687500000e-01 4.76693153381348e-01
680 6.82128906250000e-01 4.65299844741821e-01
681 7.09472656250000e-01 5.03351449966431e-01
682 6.96289062500000e-01 4.84818458557129e-01
683 6.92871093750000e-01 4.80070352554321e-01
684 7.33398437500000e-01 5.37873268127441e-01
685 7.40234375000000e-01 5.47946929931641e-01
686 7.45605468750000e-01 5.55927515029907e-01
687 7.20703125000000e-01 5.19412994384766e-01
688 7.74414062500000e-01 5.99717140197754e-01
689 7.06054687500000e-01 4.98513221740723e-01
690 6.93847656250000e-01 4.81424570083618e-01
691 7.14355468750000e-01 5.10303735733032e-01
692 7.25585937500000e-01 5.26474952697754e-01
693 6.92382812500000e-01 4.79393959045410e-01
694 6.71386718750000e-01 4.50760126113892e-01
695 6.40625000000000e-01 4.10400390625000e-01
696 6.01074218750000e-01 3.61290216445923e-01
697 5.77636718750000e-01 3.33664178848267e-01
698 5.82519531250000e-01 3.39329004287720e-01
699 6.04003906250000e-01 3.64820718765259e-01
700 5.87402343750000e-01 3.45041513442993e-01
701 5.91796875000000e-01 3.50223541259766e-01
702 5.67871093750000e-01 3.22477579116821e-01
703 5.58105468750000e-01 3.11481714248657e-01
704 5.61523437500000e-01 3.15308570861816e-01
705 6.11816406250000e-01 3.74319314956665e-01
706 5.89355468750000e-01 3.47339868545532e-01
707 5.64941406250000e-01 3.19158792495728e-01
708 5.82031250000000e-01 3.38760375976562e-01
709 6.11816406250000e-01 3.74319314956665e-01
710 5.68847656250000e-01 3.23587656021118e-01
711 6.10351562500000e-01 3.72529029846191e-01
712 6.45996093750000e-01 4.17310953140259e-01
713 6.02050781250000e-01 3.62465143203735e-01
714 6.83105468750000e-01 4.66633081436157e-01
715 6.71386718750000e-01 4.50760126113892e-01
716 6.64550781250000e-01 4.41627740859985e-01
717 6.41113281250000e-01 4.11026239395142e-01
718 5.87890625000000e-01 3.45615386962891e-01
719 5.72265625000000e-01 3.27487945556641e-01
720 5.59082031250000e-01 3.12572717666626e-01
721 5.41503906250000e-01 2.93226480484009e-01
722 5.24414062500000e-01 2.75010108947754e-01
723 4.73144531250000e-01 2.23865747451782e-01
724 4.45312500000000e-01 1.98303222656250e-01
725 3.95019531250000e-01 1.56040430068970e-01
726 5.01464843750000e-01 2.51466989517212e-01
727 4.88769531250000e-01 2.38895654678345e-01
728 5.20019531250000e-01 2.70420312881470e-01
729 4.92675781250000e-01 2.42729425430298e-01
730 4.19433593750000e-01 1.75924539566040e-01
731 4.64355468750000e-01 2.15626001358032e-01
732 4.40917968750000e-01 1.94408655166626e-01
733 3.95019531250000e-01 1.56040430068970e-01
734 4.11132812500000e-01 1.69030189514160e-01
735 3.67187500000000e-01 1.34826660156250e-01
736 3.13476562500000e-01 9.82675552368164e-02
737 2.50000000000000e-01 6.25000000000000e-02
738 2.50000000000000e-01 6.25000000000000e-02
739 2.05078125000000e-01 4.20570373535156e-02
740 3.37402343750000e-01 1.13840341567993e-01
741 3.77441406250000e-01 1.42462015151978e-01
742 3.67187500000000e-01 1.34826660156250e-01
743 3.08105468750000e-01 9.49289798736572e-02
744 4.00878906250000e-01 1.60703897476196e-01
745 4.01855468750000e-01 1.61487817764282e-01
746 3.66210937500000e-01 1.34110450744629e-01
747 3.44726562500000e-01 1.18836402893066e-01
748 3.59375000000000e-01 1.29150390625000e-01
749 2.56347656250000e-01 6.57141208648682e-02
750 2.99804687500000e-01 8.98828506469727e-02
751 2.85156250000000e-01 8.13140869140625e-02
752 2.98828125000000e-01 8.92982482910156e-02
753 3.42773437500000e-01 1.17493629455566e-01
754 4.16015625000000e-01 1.73069000244141e-01
755 4.52636718750000e-01 2.04879999160767e-01
756 4.79980468750000e-01 2.30381250381470e-01
757 5.45410156250000e-01 2.97472238540649e-01
758 5.58593750000000e-01 3.12026977539062e-01
759 5.94238281250000e-01 3.53119134902954e-01
760 5.79589843750000e-01 3.35924386978149e-01
761 5.83984375000000e-01 3.41037750244141e-01
762 5.60058593750000e-01 3.13665628433228e-01
763 5.44921875000000e-01 2.96939849853516e-01
764 5.58105468750000e-01 3.11481714248657e-01
765 5.57128906250000e-01 3.10392618179321e-01
766 6.29394531250000e-01 3.96137475967407e-01
767 5.90332031250000e-01 3.48491907119751e-01
768 6.18652343750000e-01 3.82730722427368e-01
769 6.49414062500000e-01 4.21738624572754e-01
770 6.41113281250000e-01 4.11026239395142e-01
771 6.44531250000000e-01 4.15420532226562e-01
772 6.48925781250000e-01 4.21104669570923e-01
773 6.38183593750000e-01 4.07278299331665e-01
774 6.59179687500000e-01 4.34517860412598e-01
775 6.10351562500000e-01 3.72529029846191e-01
776 6.47949218750000e-01 4.19838190078735e-01
777 6.86523437500000e-01 4.71314430236816e-01
778 6.51855468750000e-01 4.24915552139282e-01
779 6.36230468750000e-01 4.04789209365845e-01
780 6.13281250000000e-01 3.76113891601562e-01
781 5.93261718750000e-01 3.51959466934204e-01
782 5.21484375000000e-01 2.71945953369141e-01
783 4.87792968750000e-01 2.37941980361938e-01
784 4.88281250000000e-01 2.38418579101562e-01
785 5.42480468750000e-01 2.94285058975220e-01
786 5.24414062500000e-01 2.75010108947754e-01
787 5.43457031250000e-01 2.95345544815063e-01
788 5.22949218750000e-01 2.73475885391235e-01
789 4.79492187500000e-01 2.29912757873535e-01
790 5.36621093750000e-01 2.87962198257446e-01
791 4.96582031250000e-01 2.46593713760376e-01
792 5.00488281250000e-01 2.50488519668579e-01
793 5.11230468750000e-01 2.61356592178345e-01
794 4.96582031250000e-01 2.46593713760376e-01
795 5.22460937500000e-01 2.72965431213379e-01
796 4.58496093750000e-01 2.10218667984009e-01
797 4.56542968750000e-01 2.08431482315063e-01
798 5.09765625000000e-01 2.59860992431641e-01
799 5.28808593750000e-01 2.79638528823853e-01
800 5.94238281250000e-01 3.53119134902954e-01
801 5.98632812500000e-01 3.58361244201660e-01
802 5.51269531250000e-01 3.03898096084595e-01
803 5.42480468750000e-01 2.94285058975220e-01
804 5.48828125000000e-01 3.01212310791016e-01
805 5.79589843750000e-01 3.35924386978149e-01
806 5.29296875000000e-01 2.80155181884766e-01
807 5.03417968750000e-01 2.53429651260376e-01
808 5.51757812500000e-01 3.04436683654785e-01
809 5.84472656250000e-01 3.41608285903931e-01
810 5.87890625000000e-01 3.45615386962891e-01
811 5.68847656250000e-01 3.23587656021118e-01
812 5.44433593750000e-01 2.96407938003540e-01
813 5.98144531250000e-01 3.57776880264282e-01
814 5.98632812500000e-01 3.58361244201660e-01
815 6.14746093750000e-01 3.77912759780884e-01
816 5.74218750000000e-01 3.29727172851562e-01
817 5.10253906250000e-01 2.60359048843384e-01
818 5.24414062500000e-01 2.75010108947754e-01
819 4.78027343750000e-01 2.28510141372681e-01
820 4.89257812500000e-01 2.39373207092285e-01
821 4.48730468750000e-01 2.01359033584595e-01
822 3.95507812500000e-01 1.56426429748535e-01
823 3.51074218750000e-01 1.23253107070923e-01
824 3.62792968750000e-01 1.31618738174438e-01
825 3.95507812500000e-01 1.56426429748535e-01
826 3.91601562500000e-01 1.53351783752441e-01
827 3.95996093750000e-01 1.56812906265259e-01
828 3.02734375000000e-01 9.16481018066406e-02
829 2.92480468750000e-01 8.55448246002197e-02
830 3.14941406250000e-01 9.91880893707275e-02
831 3.17382812500000e-01 1.00731849670410e-01
832 2.97851562500000e-01 8.87155532836914e-02
833 3.96972656250000e-01 1.57587289810181e-01
834 4.03808593750000e-01 1.63061380386353e-01
835 4.35546875000000e-01 1.89701080322266e-01
836 4.57031250000000e-01 2.08877563476562e-01
837 4.14062500000000e-01 1.71447753906250e-01
838 4.56054687500000e-01 2.07985877990723e-01
839 4.15039062500000e-01 1.72257423400879e-01
840 4.39941406250000e-01 1.93548440933228e-01
841 4.47265625000000e-01 2.00046539306641e-01
842 4.91699218750000e-01 2.41768121719360e-01
843 5.51757812500000e-01 3.04436683654785e-01
844 5.89355468750000e-01 3.47339868545532e-01
845 5.89843750000000e-01 3.47915649414062e-01
846 5.91796875000000e-01 3.50223541259766e-01
847 6.17675781250000e-01 3.81523370742798e-01
848 7.02636718750000e-01 4.93698358535767e-01
849 6.53808593750000e-01 4.27465677261353e-01
850 6.11328125000000e-01 3.73722076416016e-01
851 5.83007812500000e-01 3.39898109436035e-01
852 5.72265625000000e-01 3.27487945556641e-01
853 5.26855468750000e-01 2.77576684951782e-01
854 5.08789062500000e-01 2.58866310119629e-01
855 4.79492187500000e-01 2.29912757873535e-01
856 6.02050781250000e-01 3.62465143203735e-01
857 6.17675781250000e-01 3.81523370742798e-01
858 6.70898437500000e-01 4.50104713439941e-01
859 6.07421875000000e-01 3.68961334228516e-01
860 5.98144531250000e-01 3.57776880264282e-01
861 6.05468750000000e-01 3.66592407226562e-01
862 6.84082031250000e-01 4.67968225479126e-01
863 6.33789062500000e-01 4.01688575744629e-01
864 5.91308593750000e-01 3.49645853042603e-01
865 5.79101562500000e-01 3.35358619689941e-01
866 6.15234375000000e-01 3.78513336181641e-01
867 6.49902343750000e-01 4.22373056411743e-01
868 7.48535156250000e-01 5.60304880142212e-01
869 7.23144531250000e-01 5.22938013076782e-01
870 7.10449218750000e-01 5.04738092422485e-01
871 7.10449218750000e-01 5.04738092422485e-01
872 7.71972656250000e-01 5.95941781997681e-01
873 7.67089843750000e-01 5.88426828384399e-01
874 8.00292968750000e-01 6.40468835830688e-01
875 7.70996093750000e-01 5.94434976577759e-01
876 7.77343750000000e-01 6.04263305664062e-01
877 7.10449218750000e-01 5.04738092422485e-01
878 6.64062500000000e-01 4.40979003906250e-01
879 6.82617187500000e-01 4.65966224670410e-01
880 7.08496093750000e-01 5.01966714859009e-01
881 6.68457031250000e-01 4.46834802627563e-01
882 6.52343750000000e-01 4.25552368164062e-01
883 7.03125000000000e-01 4.94384765625000e-01
884 7.72949218750000e-01 5.97450494766235e-01
885 7.22167968750000e-01 5.21526575088501e-01
886 7.27050781250000e-01 5.28602838516235e-01
887 6.57226562500000e-01 4.31946754455566e-01
888 6.67968750000000e-01 4.46182250976562e-01
889 5.80078125000000e-01 3.36490631103516e-01
890 5.67382812500000e-01 3.21923255920410e-01
891 5.80078125000000e-01 3.36490631103516e-01
892 6.15722656250000e-01 3.79114389419556e-01
893 5.91796875000000e-01 3.50223541259766e-01
894 6.18164062500000e-01 3.82126808166504e-01
895 5.82031250000000e-01 3.38760375976562e-01
896 5.99609375000000e-01 3.59531402587891e-01
897 6.06933593750000e-01 3.68368387222290e-01
898 6.04492187500000e-01 3.65410804748535e-01
899 5.82031250000000e-01 3.38760375976562e-01
900 5.92773437500000e-01 3.51380348205566e-01
901 6.22070312500000e-01 3.86971473693848e-01
902 5.72753906250000e-01 3.28047037124634e-01
903 6.13281250000000e-01 3.76113891601562e-01
904 6.24023437500000e-01 3.89405250549316e-01
905 6.46972656250000e-01 4.18573617935181e-01
906 6.04492187500000e-01 3.65410804748535e-01
907 6.02539062500000e-01 3.63053321838379e-01
908 5.66894531250000e-01 3.21369409561157e-01
909 5.58105468750000e-01 3.11481714248657e-01
910 5.62011718750000e-01 3.15857172012329e-01
911 6.27441406250000e-01 3.93682718276978e-01
912 6.43554687500000e-01 4.14162635803223e-01
913 6.84082031250000e-01 4.67968225479126e-01
914 6.89941406250000e-01 4.76019144058228e-01
915 6.74316406250000e-01 4.54702615737915e-01
916 7.19726562500000e-01 5.18006324768066e-01
917 6.81640625000000e-01 4.64633941650391e-01
918 7.12402343750000e-01 5.07517099380493e-01
919 7.39746093750000e-01 5.47224283218384e-01
920 7.41699218750000e-01 5.50117731094360e-01
921 7.08984375000000e-01 5.02658843994141e-01
922 7.05078125000000e-01 4.97135162353516e-01
923 6.78222656250000e-01 4.59985971450806e-01
924 7.29980468750000e-01 5.32871484756470e-01
925 6.85058593750000e-01 4.69305276870728e-01
926 6.26464843750000e-01 3.92458200454712e-01
927 6.45996093750000e-01 4.17310953140259e-01
928 6.40625000000000e-01 4.10400390625000e-01
929 5.98144531250000e-01 3.57776880264282e-01
930 5.74218750000000e-01 3.29727172851562e-01
931 5.94726562500000e-01 3.53699684143066e-01
932 6.42578125000000e-01 4.12906646728516e-01
933 6.95312500000000e-01 4.83459472656250e-01
934 6.59667968750000e-01 4.35161828994751e-01
935 6.87988281250000e-01 4.73327875137329e-01
936 6.32324218750000e-01 3.99833917617798e-01
937 6.92871093750000e-01 4.80070352554321e-01
938 6.85058593750000e-01 4.69305276870728e-01
939 6.14257812500000e-01 3.77312660217285e-01
940 6.08886718750000e-01 3.70743036270142e-01
941 5.92285156250000e-01 3.50801706314087e-01
942 5.87890625000000e-01 3.45615386962891e-01
943 5.55664062500000e-01 3.08762550354004e-01
944 5.45410156250000e-01 2.97472238540649e-01
945 5.51269531250000e-01 3.03898096084595e-01
946 5.01464843750000e-01 2.51466989517212e-01
947 5.10253906250000e-01 2.60359048843384e-01
948 4.90722656250000e-01 2.40808725357056e-01
949 5.11230468750000e-01 2.61356592178345e-01
950 4.84863281250000e-01 2.35092401504517e-01
951 4.95117187500000e-01 2.45141029357910e-01
952 5.14160156250000e-01 2.64360666275024e-01
953 4.94628906250000e-01 2.44657754898071e-01
954 4.50683593750000e-01 2.03115701675415e-01
955 4.95605468750000e-01 2.45624780654907e-01
956 4.79003906250000e-01 2.29444742202759e-01
957 5.04394531250000e-01 2.54413843154907e-01
958 5.31250000000000e-01 2.82226562500000e-01
959 5.07812500000000e-01 2.57873535156250e-01
960 5.31738281250000e-01 2.82745599746704e-01
961 5.64453125000000e-01 3.18607330322266e-01
962 5.48339843750000e-01 3.00676584243774e-01
963 5.15625000000000e-01 2.65869140625000e-01
964 5.60546875000000e-01 3.14212799072266e-01
965 6.26953125000000e-01 3.93070220947266e-01
966 5.92285156250000e-01 3.50801706314087e-01
967 6.35742187500000e-01 4.04168128967285e-01
968 6.13769531250000e-01 3.76713037490845e-01
969 5.27343750000000e-01 2.78091430664062e-01
970 5.75195312500000e-01 3.30849647521973e-01
971 6.11816406250000e-01 3.74319314956665e-01
972 5.74218750000000e-01 3.29727172851562e-01
973 5.85937500000000e-01 3.43322753906250e-01
974 5.39062500000000e-01 2.90588378906250e-01
975 5.14160156250000e-01 2.64360666275024e-01
976 4.39941406250000e-01 1.93548440933228e-01
977 4.22851562500000e-01 1.78803443908691e-01
978 4.19433593750000e-01 1.75924539566040e-01
979 4.92675781250000e-01 2.42729425430298e-01
980 5.04882812500000e-01 2.54906654357910e-01
981 5.42968750000000e-01 2.94815063476562e-01
982 5.86914062500000e-01 3.44468116760254e-01
983 6.10839843750000e-01 3.73125314712524e-01
984 6.19140625000000e-01 3.83335113525391e-01
985 5.90332031250000e-01 3.48491907119751e-01
986 5.55175781250000e-01 3.08220148086548e-01
987 5.55664062500000e-01 3.08762550354004e-01
988 5.56152343750000e-01 3.09305429458618e-01
989 5.40039062500000e-01 2.91642189025879e-01
990 4.75097656250000e-01 2.25717782974243e-01
991 4.80957031250000e-01 2.31319665908813e-01
992 5.24414062500000e-01 2.75010108947754e-01
993 5.23925781250000e-01 2.74498224258423e-01
994 5.06835937500000e-01 2.56882667541504e-01
995 4.97070312500000e-01 2.47078895568848e-01
996 4.24316406250000e-01 1.80044412612915e-01
997 4.74121093750000e-01 2.24790811538696e-01
998 4.14550781250000e-01 1.71852350234985e-01
999 4.40429687500000e-01 1.93978309631348e-01
