0 4.74121093750000e-01 2.24790811538696e-01
1 5.04882812500000e-01 2.54906654357910e-01
2 5.30761718750000e-01 2.81708002090454e-01
3 5.34179687500000e-01 2.85347938537598e-01
4 4.95117187500000e-01 2.45141029357910e-01
5 4.99023437500000e-01 2.49024391174316e-01
6 5.33691406250000e-01 2.84826517105103e-01
7 5.29296875000000e-01 2.80155181884766e-01
8 5.78125000000000e-01 3.34228515625000e-01
9 6.88964843750000e-01 4.74672555923462e-01
10 7.08496093750000e-01 5.01966714859009e-01
11 6.80664062500000e-01 4.63303565979004e-01
12 6.48925781250000e-01 4.21104669570923e-01
13 6.50390625000000e-01 4.23007965087891e-01
14 6.80664062500000e-01 4.63303565979004e-01
15 6.46972656250000e-01 4.18573617935181e-01
16 6.56250000000000e-01 4.30664062500000e-01
17 6.11328125000000e-01 3.73722076416016e-01
18 5.84472656250000e-01 3.41608285903931e-01
19 5.80566406250000e-01 3.37057352066040e-01
20 6.17675781250000e-01 3.81523370742798e-01
21 6.03515625000000e-01 3.64231109619141e-01
22 6.67480468750000e-01 4.45530176162720e-01
23 6.64550781250000e-01 4.41627740859985e-01
24 6.62597656250000e-01 4.39035654067993e-01
25 6.60156250000000e-01 4.35806274414062e-01
26 6.76269531250000e-01 4.57340478897095e-01
27 6.42578125000000e-01 4.12906646728516e-01
28 6.12792968750000e-01 3.75515222549438e-01
29 6.16699218750000e-01 3.80317926406860e-01
30 6.02050781250000e-01 3.62465143203735e-01
31 6.29882812500000e-01 3.96752357482910e-01
32 5.88378906250000e-01 3.46189737319946e-01
33 6.10351562500000e-01 3.72529029846191e-01
34 5.49804687500000e-01 3.02285194396973e-01
35 4.46777343750000e-01 1.99609994888306e-01
36 4.48730468750000e-01 2.01359033584595e-01
37 4.42871093750000e-01 1.96134805679321e-01
38 4.76562500000000e-01 2.27111816406250e-01
39 4.60937500000000e-01 2.12463378906250e-01
40 5.23925781250000e-01 2.74498224258423e-01
41 4.94628906250000e-01 2.44657754898071e-01
42 5.41015625000000e-01 2.92697906494141e-01
43 4.43359375000000e-01 1.96567535400391e-01
44 4.41894531250000e-01 1.95270776748657e-01
45 4.99511718750000e-01 2.49511957168579e-01
46 4.48242187500000e-01 2.00921058654785e-01
47 4.68261718750000e-01 2.19269037246704e-01
48 4.85839843750000e-01 2.36040353775024e-01
49 4.79492187500000e-01 2.29912757873535e-01
50 5.37597656250000e-01 2.89011240005493e-01
51 5.76171875000000e-01 3.31974029541016e-01
52 5.56152343750000e-01 3.09305429458618e-01
53 5.40039062500000e-01 2.91642189025879e-01
54 5.24414062500000e-01 2.75010108947754e-01
55 5.59082031250000e-01 3.12572717666626e-01
56 5.59570312500000e-01 3.13118934631348e-01
57 6.20605468750000e-01 3.85151147842407e-01
58 6.85546875000000e-01 4.69974517822266e-01
59 6.50390625000000e-01 4.23007965087891e-01
60 6.89453125000000e-01 4.75345611572266e-01
61 7.53417968750000e-01 5.67638635635376e-01
62 7.80273437500000e-01 6.08826637268066e-01
63 7.28515625000000e-01 5.30735015869141e-01
64 7.18261718750000e-01 5.15899896621704e-01
65 7.22656250000000e-01 5.22232055664062e-01
66 6.70410156250000e-01 4.49449777603149e-01
67 6.49414062500000e-01 4.21738624572754e-01
68 6.87988281250000e-01 4.73327875137329e-01
69 5.70800781250000e-01 3.25813531875610e-01
70 6.07910156250000e-01 3.69554758071899e-01
71 6.38183593750000e-01 4.07278299331665e-01
72 6.55273437500000e-01 4.29383277893066e-01
73 6.35253906250000e-01 4.03547525405884e-01
74 6.44531250000000e-01 4.15420532226562e-01
75 6.41113281250000e-01 4.11026239395142e-01
76 6.51855468750000e-01 4.24915552139282e-01
77 6.21093750000000e-01 3.85757446289062e-01
78 6.02050781250000e-01 3.62465143203735e-01
79 6.47460937500000e-01 4.19205665588379e-01
80 6.57226562500000e-01 4.31946754455566e-01
81 6.36718750000000e-01 4.05410766601562e-01
82 6.78710937500000e-01 4.60648536682129e-01
83 6.74804687500000e-01 4.55361366271973e-01
84 7.29980468750000e-01 5.32871484756470e-01
85 7.04589843750000e-01 4.96446847915649e-01
86 7.03613281250000e-01 4.95071649551392e-01
87 7.08007812500000e-01 5.01275062561035e-01
88 7.10937500000000e-01 5.05432128906250e-01
89 7.30957031250000e-01 5.34298181533813e-01
90 7.15820312500000e-01 5.12398719787598e-01
91 6.25000000000000e-01 3.90625000000000e-01
92 6.41113281250000e-01 4.11026239395142e-01
93 6.65039062500000e-01 4.42276954650879e-01
94 6.58691406250000e-01 4.33874368667603e-01
95 6.44531250000000e-01 4.15420532226562e-01
96 6.03515625000000e-01 3.64231109619141e-01
97 5.37109375000000e-01 2.88486480712891e-01
98 5.38085937500000e-01 2.89536476135254e-01
99 4.89257812500000e-01 2.39373207092285e-01
100 5.03906250000000e-01 2.53921508789062e-01
101 5.15625000000000e-01 2.65869140625000e-01
102 5.64941406250000e-01 3.19158792495728e-01
103 6.24511718750000e-01 3.90014886856079e-01
104 6.20117187500000e-01 3.84545326232910e-01
105 5.84960937500000e-01 3.42179298400879e-01
106 5.70312500000000e-01 3.25256347656250e-01
107 6.15234375000000e-01 3.78513336181641e-01
108 5.52246093750000e-01 3.04975748062134e-01
109 6.24023437500000e-01 3.89405250549316e-01
110 5.99609375000000e-01 3.59531402587891e-01
111 5.94726562500000e-01 3.53699684143066e-01
112 6.21093750000000e-01 3.85757446289062e-01
113 6.09375000000000e-01 3.71337890625000e-01
114 5.87890625000000e-01 3.45615386962891e-01
115 6.31835937500000e-01 3.99216651916504e-01
116 6.14257812500000e-01 3.77312660217285e-01
117 5.67382812500000e-01 3.21923255920410e-01
118 5.14648437500000e-01 2.64863014221191e-01
119 5.45898437500000e-01 2.98005104064941e-01
120 5.24414062500000e-01 2.75010108947754e-01
121 5.24414062500000e-01 2.75010108947754e-01
122 4.85351562500000e-01 2.35566139221191e-01
123 5.20019531250000e-01 2.70420312881470e-01
124 5.33691406250000e-01 2.84826517105103e-01
125 5.16113281250000e-01 2.66372919082642e-01
126 5.06347656250000e-01 2.56387948989868e-01
127 4.43359375000000e-01 1.96567535400391e-01
128 4.23339843750000e-01 1.79216623306274e-01
129 3.58886718750000e-01 1.28799676895142e-01
130 3.71582031250000e-01 1.38073205947876e-01
131 3.61328125000000e-01 1.30558013916016e-01
132 3.11035156250000e-01 9.67428684234619e-02
133 3.59375000000000e-01 1.29150390625000e-01
134 3.88183593750000e-01 1.50686502456665e-01
135 3.80371093750000e-01 1.44682168960571e-01
136 3.92578125000000e-01 1.54117584228516e-01
137 3.62304687500000e-01 1.31264686584473e-01
138 3.41308593750000e-01 1.16491556167603e-01
139 3.58398437500000e-01 1.28449440002441e-01
140 3.49609375000000e-01 1.22226715087891e-01
141 3.73046875000000e-01 1.39163970947266e-01
142 3.90625000000000e-01 1.52587890625000e-01
143 3.83300781250000e-01 1.46919488906860e-01
144 3.94042968750000e-01 1.55269861221313e-01
145 3.54492187500000e-01 1.25664710998535e-01
146 4.22851562500000e-01 1.78803443908691e-01
147 4.04785156250000e-01 1.63851022720337e-01
148 3.64746093750000e-01 1.33039712905884e-01
149 4.12597656250000e-01 1.70236825942993e-01
150 4.84375000000000e-01 2.34619140625000e-01
151 5.36132812500000e-01 2.87438392639160e-01
152 5.44921875000000e-01 2.96939849853516e-01
153 5.43457031250000e-01 2.95345544815063e-01
154 5.12695312500000e-01 2.62856483459473e-01
155 5.32226562500000e-01 2.83265113830566e-01
156 4.49707031250000e-01 2.02236413955688e-01
157 4.75585937500000e-01 2.26181983947754e-01
158 5.27343750000000e-01 2.78091430664062e-01
159 5.76171875000000e-01 3.31974029541016e-01
160 5.81054687500000e-01 3.37624549865723e-01
161 6.44531250000000e-01 4.15420532226562e-01
162 7.09960937500000e-01 5.04044532775879e-01
163 6.92871093750000e-01 4.80070352554321e-01
164 6.59667968750000e-01 4.35161828994751e-01
165 6.89941406250000e-01 4.76019144058228e-01
166 7.00683593750000e-01 4.90957498550415e-01
167 7.20214843750000e-01 5.18709421157837e-01
168 7.08496093750000e-01 5.01966714859009e-01
169 7.31445312500000e-01 5.35012245178223e-01
170 7.11425781250000e-01 5.06126642227173e-01
171 7.49511718750000e-01 5.61767816543579e-01
172 7.65136718750000e-01 5.85434198379517e-01
173 7.34863281250000e-01 5.40024042129517e-01
174 7.39746093750000e-01 5.47224283218384e-01
175 7.32421875000000e-01 5.36441802978516e-01
176 6.65039062500000e-01 4.42276954650879e-01
177 6.18164062500000e-01 3.82126808166504e-01
178 6.41601562500000e-01 4.11652565002441e-01
179 6.80175781250000e-01 4.62639093399048e-01
180 6.80664062500000e-01 4.63303565979004e-01
181 6.87988281250000e-01 4.73327875137329e-01
182 7.03613281250000e-01 4.95071649551392e-01
183 6.89941406250000e-01 4.76019144058228e-01
184 6.49902343750000e-01 4.22373056411743e-01
185 6.46972656250000e-01 4.18573617935181e-01
186 5.71289062500000e-01 3.26371192932129e-01
187 5.58593750000000e-01 3.12026977539062e-01
188 6.69433593750000e-01 4.48141336441040e-01
189 6.77246093750000e-01 4.58662271499634e-01
190 6.83105468750000e-01 4.66633081436157e-01
191 6.29394531250000e-01 3.96137475967407e-01
192 6.20605468750000e-01 3.85151147842407e-01
193 6.05957031250000e-01 3.67183923721313e-01
194 6.34765625000000e-01 4.02927398681641e-01
195 6.78222656250000e-01 4.59985971450806e-01
196 6.11328125000000e-01 3.73722076416016e-01
197 6.94824218750000e-01 4.82780694961548e-01
198 7.07519531250000e-01 5.00583887100220e-01
199 6.91894531250000e-01 4.78718042373657e-01
200 7.32910156250000e-01 5.37157297134399e-01
201 7.20703125000000e-01 5.19412994384766e-01
202 7.08984375000000e-01 5.02658843994141e-01
203 6.79687500000000e-01 4.61975097656250e-01
204 7.15820312500000e-01 5.12398719787598e-01
205 6.42089843750000e-01 4.12279367446899e-01
206 6.37207031250000e-01 4.06032800674438e-01
207 6.31347656250000e-01 3.98599863052368e-01
208 6.28417968750000e-01 3.94909143447876e-01
209 6.24511718750000e-01 3.90014886856079e-01
210 5.86914062500000e-01 3.44468116760254e-01
211 6.17675781250000e-01 3.81523370742798e-01
212 5.91308593750000e-01 3.49645853042603e-01
213 5.41992187500000e-01 2.93755531311035e-01
214 5.47363281250000e-01 2.99606561660767e-01
215 5.62500000000000e-01 3.16406250000000e-01
216 5.41503906250000e-01 2.93226480484009e-01
217 4.94628906250000e-01 2.44657754898071e-01
218 4.39941406250000e-01 1.93548440933228e-01
219 4.23339843750000e-01 1.79216623306274e-01
220 4.77050781250000e-01 2.27577447891235e-01
221 5.13183593750000e-01 2.63357400894165e-01
222 5.54199218750000e-01 3.07136774063110e-01
223 6.08398437500000e-01 3.70148658752441e-01
224 6.26953125000000e-01 3.93070220947266e-01
225 5.41015625000000e-01 2.92697906494141e-01
226 4.36523437500000e-01 1.90552711486816e-01
227 4.15527343750000e-01 1.72662973403931e-01
228 4.72167968750000e-01 2.22942590713501e-01
229 4.82421875000000e-01 2.32730865478516e-01
230 4.68750000000000e-01 2.19726562500000e-01
231 5.05859375000000e-01 2.55893707275391e-01
232 5.49804687500000e-01 3.02285194396973e-01
233 5.39550781250000e-01 2.91115045547485e-01
234 5.01953125000000e-01 2.51956939697266e-01
235 4.93652343750000e-01 2.43692636489868e-01
236 4.93164062500000e-01 2.43210792541504e-01
237 4.27734375000000e-01 1.82956695556641e-01
238 3.51562500000000e-01 1.23596191406250e-01
239 4.27734375000000e-01 1.82956695556641e-01
240 4.45800781250000e-01 1.98738336563110e-01
241 4.73632812500000e-01 2.24328041076660e-01
242 4.80468750000000e-01 2.30850219726562e-01
243 4.80468750000000e-01 2.30850219726562e-01
244 5.37597656250000e-01 2.89011240005493e-01
245 4.94628906250000e-01 2.44657754898071e-01
246 4.63378906250000e-01 2.14720010757446e-01
247 4.80468750000000e-01 2.30850219726562e-01
248 4.91699218750000e-01 2.41768121719360e-01
249 5.06347656250000e-01 2.56387948989868e-01
250 4.96093750000000e-01 2.46109008789062e-01
251 4.88281250000000e-01 2.38418579101562e-01
252 4.79980468750000e-01 2.30381250381470e-01
253 4.46289062500000e-01 1.99173927307129e-01
254 4.54101562500000e-01 2.06208229064941e-01
255 4.01855468750000e-01 1.61487817764282e-01
256 4.55566406250000e-01 2.07540750503540e-01
257 4.69238281250000e-01 2.20184564590454e-01
258 5.07324218750000e-01 2.57377862930298e-01
259 4.72656250000000e-01 2.23403930664062e-01
260 4.42382812500000e-01 1.95702552795410e-01
261 4.83886718750000e-01 2.34146356582642e-01
262 5.95703125000000e-01 3.54862213134766e-01
263 6.30371093750000e-01 3.97367715835571e-01
264 6.16210937500000e-01 3.79715919494629e-01
265 6.52832031250000e-01 4.26189661026001e-01
266 6.11816406250000e-01 3.74319314956665e-01
267 6.17675781250000e-01 3.81523370742798e-01
268 6.38183593750000e-01 4.07278299331665e-01
269 6.70410156250000e-01 4.49449777603149e-01
270 6.33300781250000e-01 4.01069879531860e-01
271 6.28906250000000e-01 3.95523071289062e-01
272 5.89843750000000e-01 3.47915649414062e-01
273 6.41113281250000e-01 4.11026239395142e-01
274 6.34765625000000e-01 4.02927398681641e-01
275 6.68945312500000e-01 4.47487831115723e-01
276 6.19140625000000e-01 3.83335113525391e-01
277 6.54785156250000e-01 4.28743600845337e-01
278 6.62597656250000e-01 4.39035654067993e-01
279 6.18652343750000e-01 3.82730722427368e-01
280 5.95214843750000e-01 3.54280710220337e-01
281 5.79101562500000e-01 3.35358619689941e-01
282 5.88867187500000e-01 3.46764564514160e-01
283 5.79101562500000e-01 3.35358619689941e-01
284 6.05957031250000e-01 3.67183923721313e-01
285 6.11328125000000e-01 3.73722076416016e-01
286 6.01074218750000e-01 3.61290216445923e-01
287 5.83984375000000e-01 3.41037750244141e-01
288 5.77636718750000e-01 3.33664178848267e-01
289 5.35156250000000e-01 2.86392211914062e-01
290 5.24902343750000e-01 2.75522470474243e-01
291 6.04003906250000e-01 3.64820718765259e-01
292 6.61621093750000e-01 4.37742471694946e-01
293 6.30859375000000e-01 3.97983551025391e-01
294 6.80175781250000e-01 4.62639093399048e-01
295 6.34765625000000e-01 4.02927398681641e-01
296 5.88867187500000e-01 3.46764564514160e-01
297 6.07910156250000e-01 3.69554758071899e-01
298 5.92773437500000e-01 3.51380348205566e-01
299 5.86914062500000e-01 3.44468116760254e-01
300 5.47363281250000e-01 2.99606561660767e-01
301 5.62011718750000e-01 3.15857172012329e-01
302 5.64941406250000e-01 3.19158792495728e-01
303 5.07812500000000e-01 2.57873535156250e-01
304 5.52734375000000e-01 3.05515289306641e-01
305 5.56640625000000e-01 3.09848785400391e-01
306 5.18554687500000e-01 2.68898963928223e-01
307 5.41015625000000e-01 2.92697906494141e-01
308 5.31738281250000e-01 2.82745599746704e-01
309 5.00488281250000e-01 2.50488519668579e-01
310 5.22949218750000e-01 2.73475885391235e-01
311 5.32226562500000e-01 2.83265113830566e-01
312 5.34179687500000e-01 2.85347938537598e-01
313 4.92675781250000e-01 2.42729425430298e-01
314 5.00488281250000e-01 2.50488519668579e-01
315 4.62402343750000e-01 2.13815927505493e-01
316 4.62402343750000e-01 2.13815927505493e-01
317 4.68261718750000e-01 2.19269037246704e-01
318 5.57128906250000e-01 3.10392618179321e-01
319 5.29785156250000e-01 2.80672311782837e-01
320 5.08300781250000e-01 2.58369684219360e-01
321 5.38085937500000e-01 2.89536476135254e-01
322 4.57519531250000e-01 2.09324121475220e-01
323 4.86328125000000e-01 2.36515045166016e-01
324 5.12207031250000e-01 2.62356042861938e-01
325 5.79101562500000e-01 3.35358619689941e-01
326 6.04003906250000e-01 3.64820718765259e-01
327 5.82031250000000e-01 3.38760375976562e-01
328 5.83984375000000e-01 3.41037750244141e-01
329 6.13281250000000e-01 3.76113891601562e-01
330 5.62500000000000e-01 3.16406250000000e-01
331 6.19140625000000e-01 3.83335113525391e-01
332 6.10839843750000e-01 3.73125314712524e-01
333 5.83496093750000e-01 3.40467691421509e-01
334 6.02539062500000e-01 3.63053321838379e-01
335 5.73730468750000e-01 3.29166650772095e-01
336 5.24902343750000e-01 2.75522470474243e-01
337 4.69726562500000e-01 2.20643043518066e-01
338 4.80957031250000e-01 2.31319665908813e-01
339 5.06347656250000e-01 2.56387948989868e-01
340 5.37597656250000e-01 2.89011240005493e-01
341 4.77539062500000e-01 2.28043556213379e-01
342 5.37109375000000e-01 2.88486480712891e-01
343 4.96093750000000e-01 2.46109008789062e-01
344 4.49707031250000e-01 2.02236413955688e-01
345 3.78417968750000e-01 1.43200159072876e-01
346 4.50683593750000e-01 2.03115701675415e-01
347 4.57031250000000e-01 2.08877563476562e-01
348 4.34082031250000e-01 1.88427209854126e-01
349 3.87695312500000e-01 1.50307655334473e-01
350 3.76953125000000e-01 1.42093658447266e-01
351 3.46191406250000e-01 1.19848489761353e-01
352 2.76855468750000e-01 7.66489505767822e-02
353 2.57324218750000e-01 6.62157535552979e-02
354 1.95312500000000e-01 3.81469726562500e-02
355 2.11425781250000e-01 4.47008609771729e-02
356 1.75292968750000e-01 3.07276248931885e-02
357 2.49023437500000e-01 6.20126724243164e-02
358 2.57324218750000e-01 6.62157535552979e-02
359 2.98828125000000e-01 8.92982482910156e-02
360 2.11425781250000e-01 4.47008609771729e-02
361 2.33398437500000e-01 5.44748306274414e-02
362 1.79687500000000e-01 3.22875976562500e-02
363 1.77246093750000e-01 3.14161777496338e-02
364 2.34863281250000e-01 5.51607608795166e-02
365 1.33789062500000e-01 1.78995132446289e-02
366 9.13085937500000e-02 8.33725929260254e-03
367 5.81054687500000e-02 3.37624549865723e-03
368 8.49609375000000e-02 7.21836090087891e-03
369 1.32324218750000e-01 1.75096988677979e-02
370 1.21093750000000e-01 1.46636962890625e-02
371 7.95898437500000e-02 6.33454322814941e-03
372 1.16210937500000e-01 1.35049819946289e-02
373 1.47460937500000e-01 2.17447280883789e-02
374 1.04980468750000e-01 1.10208988189697e-02
375 1.47460937500000e-01 2.17447280883789e-02
376 9.42382812500000e-02 8.88085365295410e-03
377 1.61132812500000e-02 2.59637832641602e-04
378 7.32421875000000e-03 5.36441802978516e-05
379 4.44335937500000e-02 1.97434425354004e-03
380 1.19628906250000e-01 1.43110752105713e-02
381 1.61132812500000e-01 2.59637832641602e-02
382 1.82128906250000e-01 3.31709384918213e-02
383 1.93359375000000e-01 3.73878479003906e-02
384 1.27441406250000e-01 1.62413120269775e-02
385 3.17382812500000e-02 1.00731849670410e-03
386 3.22265625000000e-02 1.03855133056641e-03
387 9.27734375000000e-03 8.60691070556641e-05
388 3.46679687500000e-02 1.20186805725098e-03
389 4.98046875000000e-02 2.48050689697266e-03
390 4.54101562500000e-02 2.06208229064941e-03
391 8.00781250000000e-02 6.41250610351562e-03
392 2.39257812500000e-02 5.72443008422852e-04
393 8.00781250000000e-02 6.41250610351562e-03
394 9.81445312500000e-02 9.63234901428223e-03
395 1.95312500000000e-01 3.81469726562500e-02
396 3.04687500000000e-01 9.28344726562500e-02
397 2.82226562500000e-01 7.96518325805664e-02
398 3.14453125000000e-01 9.88807678222656e-02
399 3.67675781250000e-01 1.35185480117798e-01
400 4.41894531250000e-01 1.95270776748657e-01
401 4.70703125000000e-01 2.21561431884766e-01
402 4.89257812500000e-01 2.39373207092285e-01
403 5.32714843750000e-01 2.83785104751587e-01
404 5.43457031250000e-01 2.95345544815063e-01
405 6.09375000000000e-01 3.71337890625000e-01
406 6.20117187500000e-01 3.84545326232910e-01
407 5.95214843750000e-01 3.54280710220337e-01
408 5.94238281250000e-01 3.53119134902954e-01
409 5.45410156250000e-01 2.97472238540649e-01
410 5.69335937500000e-01 3.24143409729004e-01
411 5.58593750000000e-01 3.12026977539062e-01
412 5.06347656250000e-01 2.56387948989868e-01
413 5.01464843750000e-01 2.51466989517212e-01
414 5.65429687500000e-01 3.19710731506348e-01
415 5.17089843750000e-01 2.67381906509399e-01
416 5.07324218750000e-01 2.57377862930298e-01
417 5.65429687500000e-01 3.19710731506348e-01
418 6.20117187500000e-01 3.84545326232910e-01
419 6.87500000000000e-01 4.72656250000000e-01
420 6.29882812500000e-01 3.96752357482910e-01
421 6.46484375000000e-01 4.17942047119141e-01
422 6.65527343750000e-01 4.42926645278931e-01
423 6.40136718750000e-01 4.09775018692017e-01
424 6.35253906250000e-01 4.03547525405884e-01
425 6.73828125000000e-01 4.54044342041016e-01
426 7.30468750000000e-01 5.33584594726562e-01
427 7.70996093750000e-01 5.94434976577759e-01
428 7.56835937500000e-01 5.72800636291504e-01
429 7.25585937500000e-01 5.26474952697754e-01
430 7.29003906250000e-01 5.31446695327759e-01
431 6.87988281250000e-01 4.73327875137329e-01
432 7.01660156250000e-01 4.92326974868774e-01
433 6.69921875000000e-01 4.48795318603516e-01
434 6.69921875000000e-01 4.48795318603516e-01
435 7.34375000000000e-01 5.39306640625000e-01
436 6.86523437500000e-01 4.71314430236816e-01
437 6.66992187500000e-01 4.44878578186035e-01
438 6.39160156250000e-01 4.08525705337524e-01
439 6.46972656250000e-01 4.18573617935181e-01
440 5.99609375000000e-01 3.59531402587891e-01
441 6.44531250000000e-01 4.15420532226562e-01
442 6.25000000000000e-01 3.90625000000000e-01
443 6.95800781250000e-01 4.84138727188110e-01
444 6.84082031250000e-01 4.67968225479126e-01
445 7.23632812500000e-01 5.23644447326660e-01
446 7.26074218750000e-01 5.27183771133423e-01
447 7.58300781250000e-01 5.75020074844360e-01
448 7.28027343750000e-01 5.30023813247681e-01
449 7.01660156250000e-01 4.92326974868774e-01
450 6.79199218750000e-01 4.61311578750610e-01
451 6.60644531250000e-01 4.36451196670532e-01
452 6.40625000000000e-01 4.10400390625000e-01
453 6.60644531250000e-01 4.36451196670532e-01
454 6.32324218750000e-01 3.99833917617798e-01
455 6.17675781250000e-01 3.81523370742798e-01
456 6.41601562500000e-01 4.11652565002441e-01
457 6.41113281250000e-01 4.11026239395142e-01
458 6.62109375000000e-01 4.38388824462891e-01
459 6.68457031250000e-01 4.46834802627563e-01
460 6.08886718750000e-01 3.70743036270142e-01
461 5.61035156250000e-01 3.14760446548462e-01
462 5.88867187500000e-01 3.46764564514160e-01
463 6.19628906250000e-01 3.83939981460571e-01
464 5.97167968750000e-01 3.56609582901001e-01
465 6.33300781250000e-01 4.01069879531860e-01
466 5.68359375000000e-01 3.23032379150391e-01
467 4.80957031250000e-01 2.31319665908813e-01
468 4.56542968750000e-01 2.08431482315063e-01
469 4.24804687500000e-01 1.80459022521973e-01
470 3.66699218750000e-01 1.34468317031860e-01
471 2.95898437500000e-01 8.75558853149414e-02
472 2.74902343750000e-01 7.55712985992432e-02
473 1.94335937500000e-01 3.77664566040039e-02
474 1.88964843750000e-01 3.57077121734619e-02
475 1.40625000000000e-01 1.97753906250000e-02
476 1.05957031250000e-01 1.12268924713135e-02
477 1.52832031250000e-01 2.33576297760010e-02
478 1.17187500000000e-01 1.37329101562500e-02
479 1.56738281250000e-01 2.45668888092041e-02
480 1.38183593750000e-01 1.90947055816650e-02
481 1.93847656250000e-01 3.75769138336182e-02
482 1.45507812500000e-01 2.11725234985352e-02
483 1.52832031250000e-01 2.33576297760010e-02
484 1.54785156250000e-01 2.39584445953369e-02
485 1.51367187500000e-01 2.29120254516602e-02
486 1.62597656250000e-01 2.64379978179932e-02
487 9.52148437500000e-02 9.06586647033691e-03
488 9.32617187500000e-02 8.69774818420410e-03
489 1.10351562500000e-01 1.21774673461914e-02
490 1.10839843750000e-01 1.22854709625244e-02
491 6.98242187500000e-02 4.87542152404785e-03
492 6.39648437500000e-02 4.09150123596191e-03
493 6.93359375000000e-02 4.80747222900391e-03
494 9.81445312500000e-02 9.63234901428223e-03
495 1.16699218750000e-01 1.36187076568604e-02
496 1.68945312500000e-01 2.85425186157227e-02
497 1.94335937500000e-01 3.77664566040039e-02
498 2.06054687500000e-01 4.24585342407227e-02
499 2.59765625000000e-01 6.74781799316406e-02
500 2.75878906250000e-01 7.61091709136963e-02
501 1.92382812500000e-01 3.70111465454102e-02
502 1.31347656250000e-01 1.72522068023682e-02
503 1.55761718750000e-01 2.42617130279541e-02
504 1.08886718750000e-01 1.18563175201416e-02
505 1.07421875000000e-01 1.15394592285156e-02
506 8.59375000000000e-02 7.38525390625000e-03
507 1.43066406250000e-01 2.04679965972900e-02
508 1.20605468750000e-01 1.45456790924072e-02
509 1.82128906250000e-01 3.31709384918213e-02
510 2.66601562500000e-01 7.10763931274414e-02
511 2.89062500000000e-01 8.35571289062500e-02
512 2.95410156250000e-01 8.72671604156494e-02
513 2.67578125000000e-01 7.15980529785156e-02
514 1.86035156250000e-01 3.46090793609619e-02
515 1.83593750000000e-01 3.37066650390625e-02
516 2.27539062500000e-01 5.17740249633789e-02
517 2.01171875000000e-01 4.04701232910156e-02
518 1.78222656250000e-01 3.17633152008057e-02
519 1.67968750000000e-01 2.82135009765625e-02
520 1.66503906250000e-01 2.77235507965088e-02
521 1.11328125000000e-01 1.23939514160156e-02
522 8.78906250000000e-02 7.72476196289062e-03
523 8.69140625000000e-02 7.55405426025391e-03
524 1.45507812500000e-01 2.11725234985352e-02
525 1.10351562500000e-01 1.21774673461914e-02
526 9.37500000000000e-02 8.78906250000000e-03
527 8.39843750000000e-02 7.05337524414062e-03
528 1.25976562500000e-01 1.58700942993164e-02
529 8.78906250000000e-02 7.72476196289062e-03
530 1.14746093750000e-01 1.31666660308838e-02
531 6.00585937500000e-02 3.60703468322754e-03
532 5.95703125000000e-02 3.54862213134766e-03
533 4.15039062500000e-02 1.72257423400879e-03
534 4.19921875000000e-02 1.76334381103516e-03
535 7.66601562500000e-02 5.87677955627441e-03
536 8.44726562500000e-02 7.13562965393066e-03
537 1.40625000000000e-01 1.97753906250000e-02
538 1.37695312500000e-01 1.89599990844727e-02
539 1.56250000000000e-01 2.44140625000000e-02
540 8.25195312500000e-02 6.80947303771973e-03
541 8.39843750000000e-02 7.05337524414062e-03
542 3.12500000000000e-02 9.76562500000000e-04
543 4.49218750000000e-02 2.01797485351562e-03
544 3.41796875000000e-03 1.16825103759766e-05
545 6.39648437500000e-02 4.09150123596191e-03
546 2.19726562500000e-02 4.82797622680664e-04
547 3.07617187500000e-02 9.46283340454102e-04
548 8.30078125000000e-03 6.89029693603516e-05
549 1.41601562500000e-02 2.00510025024414e-04
550 4.73632812500000e-02 2.24328041076660e-03
551 1.31835937500000e-02 1.73807144165039e-04
552 3.36914062500000e-02 1.13511085510254e-03
553 2.63671875000000e-02 6.95228576660156e-04
554 1.08886718750000e-01 1.18563175201416e-02
555 9.57031250000000e-02 9.15908813476562e-03
556 1.13281250000000e-01 1.28326416015625e-02
557 1.91406250000000e-01 3.66363525390625e-02
558 2.34863281250000e-01 5.51607608795166e-02
559 2.30957031250000e-01 5.33411502838135e-02
560 1.96777343750000e-01 3.87213230133057e-02
561 1.46972656250000e-01 2.16009616851807e-02
562 1.78222656250000e-01 3.17633152008057e-02
563 1.82128906250000e-01 3.31709384918213e-02
564 1.43066406250000e-01 2.04679965972900e-02
565 2.12402343750000e-01 4.51147556304932e-02
566 1.69921875000000e-01 2.88734436035156e-02
567 2.07031250000000e-01 4.28619384765625e-02
568 2.65136718750000e-01 7.02974796295166e-02
569 2.44140625000000e-01 5.96046447753906e-02
570 2.86621093750000e-01 8.21516513824463e-02
571 2.74902343750000e-01 7.55712985992432e-02
572 2.97851562500000e-01 8.87155532836914e-02
573 2.76855468750000e-01 7.66489505767822e-02
574 2.36816406250000e-01 5.60820102691650e-02
575 2.20703125000000e-01 4.87098693847656e-02
576 3.02734375000000e-01 9.16481018066406e-02
577 3.10058593750000e-01 9.61363315582275e-02
578 2.46582031250000e-01 6.08026981353760e-02
579 2.44628906250000e-01 5.98433017730713e-02
580 2.22656250000000e-01 4.95758056640625e-02
581 2.23144531250000e-01 4.97934818267822e-02
582 2.64648437500000e-01 7.00387954711914e-02
583 2.48046875000000e-01 6.15272521972656e-02
584 2.38769531250000e-01 5.70108890533447e-02
585 2.57324218750000e-01 6.62157535552979e-02
586 1.79687500000000e-01 3.22875976562500e-02
587 2.31933593750000e-01 5.37931919097900e-02
588 1.75292968750000e-01 3.07276248931885e-02
589 1.07910156250000e-01 1.16446018218994e-02
590 6.34765625000000e-02 4.02927398681641e-03
591 8.00781250000000e-02 6.41250610351562e-03
592 7.81250000000000e-02 6.10351562500000e-03
593 6.44531250000000e-02 4.15420532226562e-03
594 4.63867187500000e-02 2.15172767639160e-03
595 9.71679687500000e-02 9.44161415100098e-03
596 8.15429687500000e-02 6.64925575256348e-03
597 9.42382812500000e-02 8.88085365295410e-03
598 8.88671875000000e-02 7.89737701416016e-03
599 1.03515625000000e-01 1.07154846191406e-02
600 1.12304687500000e-01 1.26123428344727e-02
601 1.25976562500000e-01 1.58700942993164e-02
602 5.66406250000000e-02 3.20816040039062e-03
603 1.14257812500000e-01 1.30548477172852e-02
604 6.34765625000000e-02 4.02927398681641e-03
605 9.42382812500000e-02 8.88085365295410e-03
606 8.74023437500000e-02 7.63916969299316e-03
607 8.44726562500000e-02 7.13562965393066e-03
608 1.12304687500000e-02 1.26123428344727e-04
609 9.71679687500000e-02 9.44161415100098e-03
610 2.78320312500000e-02 7.74621963500977e-04
611 4.49218750000000e-02 2.01797485351562e-03
612 8.88671875000000e-02 7.89737701416016e-03
613 1.04980468750000e-01 1.10208988189697e-02
614 1.12304687500000e-01 1.26123428344727e-02
615 1.77246093750000e-01 3.14161777496338e-02
616 2.02148437500000e-01 4.08639907836914e-02
617 1.41113281250000e-01 1.99129581451416e-02
618 1.33300781250000e-01 1.77690982818604e-02
619 1.70898437500000e-01 2.92062759399414e-02
620 1.87500000000000e-01 3.51562500000000e-02
621 2.25097656250000e-01 5.06689548492432e-02
622 2.38769531250000e-01 5.70108890533447e-02
623 2.22656250000000e-01 4.95758056640625e-02
624 2.56835937500000e-01 6.59646987915039e-02
625 2.92480468750000e-01 8.55448246002197e-02
626 3.42773437500000e-01 1.17493629455566e-01
627 4.04296875000000e-01 1.63455963134766e-01
628 3.82812500000000e-01 1.46545410156250e-01
629 4.40429687500000e-01 1.93978309631348e-01
630 4.35058593750000e-01 1.89275979995728e-01
631 4.16503906250000e-01 1.73475503921509e-01
632 4.11621093750000e-01 1.69431924819946e-01
633 3.52050781250000e-01 1.23939752578735e-01
634 4.05273437500000e-01 1.64246559143066e-01
635 4.01855468750000e-01 1.61487817764282e-01
636 3.57421875000000e-01 1.27750396728516e-01
637 4.00390625000000e-01 1.60312652587891e-01
638 5.19531250000000e-01 2.69912719726562e-01
639 5.14160156250000e-01 2.64360666275024e-01
640 4.72656250000000e-01 2.23403930664062e-01
641 4.57031250000000e-01 2.08877563476562e-01
642 4.32617187500000e-01 1.87157630920410e-01
643 4.76074218750000e-01 2.26646661758423e-01
644 4.37988281250000e-01 1.91833734512329e-01
645 3.99414062500000e-01 1.59531593322754e-01
646 3.45214843750000e-01 1.19173288345337e-01
647 3.38867187500000e-01 1.14830970764160e-01
648 3.54003906250000e-01 1.25318765640259e-01
649 3.64746093750000e-01 1.33039712905884e-01
650 3.30566406250000e-01 1.09274148941040e-01
651 2.24609375000000e-01 5.04493713378906e-02
652 2.38769531250000e-01 5.70108890533447e-02
653 2.53906250000000e-01 6.44683837890625e-02
654 2.79785156250000e-01 7.82797336578369e-02
655 3.23730468750000e-01 1.04801416397095e-01
656 2.82226562500000e-01 7.96518325805664e-02
657 1.65039062500000e-01 2.72378921508789e-02
658 1.27929687500000e-01 1.63660049438477e-02
659 5.17578125000000e-02 2.67887115478516e-03
660 9.81445312500000e-02 9.63234901428223e-03
661 9.42382812500000e-02 8.88085365295410e-03
662 1.46972656250000e-01 2.16009616851807e-02
663 1.66015625000000e-01 2.75611877441406e-02
664 7.86132812500000e-02 6.18004798889160e-03
665 2.92968750000000e-02 8.58306884765625e-04
666 1.38671875000000e-01 1.92298889160156e-02
667 1.12792968750000e-01 1.27222537994385e-02
668 7.66601562500000e-02 5.87677955627441e-03
669 2.78320312500000e-02 7.74621963500977e-04
670 5.07812500000000e-02 2.57873535156250e-03
671 2.39257812500000e-02 5.72443008422852e-04
672 6.64062500000000e-02 4.40979003906250e-03
673 1.11816406250000e-01 1.25029087066650e-02
674 8.34960937500000e-02 6.97159767150879e-03
675 1.90429687500000e-02 3.62634658813477e-04
676 4.29687500000000e-02 1.84631347656250e-03
677 7.12890625000000e-02 5.08213043212891e-03
678 1.36718750000000e-01 1.86920166015625e-02
679 1.80175781250000e-01 3.24633121490479e-02
680 1.10839843750000e-01 1.22854709625244e-02
681 1.08886718750000e-01 1.18563175201416e-02
682 6.73828125000000e-02 4.54044342041016e-03
683 5.46875000000000e-02 2.99072265625000e-03
684 8.49609375000000e-02 7.21836090087891e-03
685 8.83789062500000e-02 7.81083106994629e-03
686 4.34570312500000e-02 1.88851356506348e-03
687 1.46484375000000e-02 2.14576721191406e-04
688 2.92968750000000e-03 8.58306884765625e-06
689 2.24609375000000e-02 5.04493713378906e-04
690 3.90625000000000e-03 1.52587890625000e-05
691 4.39453125000000e-03 1.93119049072266e-05
692 2.19726562500000e-02 4.82797622680664e-04
693 4.98046875000000e-02 2.48050689697266e-03
694 4.24804687500000e-02 1.80459022521973e-03
695 1.22070312500000e-02 1.49011611938477e-04
696 1.34277343750000e-01 1.80304050445557e-02
697 1.61132812500000e-01 2.59637832641602e-02
698 1.67968750000000e-01 2.82135009765625e-02
699 1.57714843750000e-01 2.48739719390869e-02
700 1.69433593750000e-01 2.87077426910400e-02
701 2.08007812500000e-01 4.32672500610352e-02
702 2.91503906250000e-01 8.49745273590088e-02
703 2.50000000000000e-01 6.25000000000000e-02
704 2.33886718750000e-01 5.47029972076416e-02
705 1.48925781250000e-01 2.21788883209229e-02
706 1.73339843750000e-01 3.00467014312744e-02
707 6.68945312500000e-02 4.47487831115723e-03
708 5.17578125000000e-02 2.67887115478516e-03
709 1.20605468750000e-01 1.45456790924072e-02
710 2.45605468750000e-01 6.03220462799072e-02
711 2.71484375000000e-01 7.37037658691406e-02
712 2.90527343750000e-01 8.44061374664307e-02
713 2.83203125000000e-01 8.02040100097656e-02
714 3.43750000000000e-01 1.18164062500000e-01
715 2.85644531250000e-01 8.15927982330322e-02
716 3.12500000000000e-01 9.76562500000000e-02
717 3.38378906250000e-01 1.14500284194946e-01
718 3.32031250000000e-01 1.10244750976562e-01
719 3.43261718750000e-01 1.17828607559204e-01
720 4.04296875000000e-01 1.63455963134766e-01
721 3.67187500000000e-01 1.34826660156250e-01
722 3.01269531250000e-01 9.07633304595947e-02
723 3.77929687500000e-01 1.42830848693848e-01
724 3.44238281250000e-01 1.18499994277954e-01
725 3.47167968750000e-01 1.20525598526001e-01
726 3.01757812500000e-01 9.10577774047852e-02
727 2.77832031250000e-01 7.71906375885010e-02
728 3.12011718750000e-01 9.73513126373291e-02
729 3.26660156250000e-01 1.06706857681274e-01
730 3.76464843750000e-01 1.41725778579712e-01
731 4.21875000000000e-01 1.77978515625000e-01
732 4.19921875000000e-01 1.76334381103516e-01
733 3.12500000000000e-01 9.76562500000000e-02
734 3.25683593750000e-01 1.06069803237915e-01
735 2.75390625000000e-01 7.58399963378906e-02
736 2.92480468750000e-01 8.55448246002197e-02
737 2.72949218750000e-01 7.45012760162354e-02
738 2.52929687500000e-01 6.39734268188477e-02
739 2.55859375000000e-01 6.54640197753906e-02
740 2.25097656250000e-01 5.06689548492432e-02
741 1.99707031250000e-01 3.98828983306885e-02
742 1.88476562500000e-01 3.55234146118164e-02
743 1.64550781250000e-01 2.70769596099854e-02
744 1.66015625000000e-01 2.75611877441406e-02
745 1.39160156250000e-01 1.93655490875244e-02
746 1.79687500000000e-01 3.22875976562500e-02
747 1.80175781250000e-01 3.24633121490479e-02
748 1.64550781250000e-01 2.70769596099854e-02
749 2.63671875000000e-01 6.95228576660156e-02
750 2.80273437500000e-01 7.85531997680664e-02
751 2.98339843750000e-01 8.90066623687744e-02
752 2.84667968750000e-01 8.10358524322510e-02
753 3.03222656250000e-01 9.19439792633057e-02
754 3.16406250000000e-01 1.00112915039062e-01
755 3.09082031250000e-01 9.55317020416260e-02
756 2.50488281250000e-01 6.27443790435791e-02
757 2.68066406250000e-01 7.18595981597900e-02
758 2.64160156250000e-01 6.97805881500244e-02
759 2.51464843750000e-01 6.32345676422119e-02
760 2.60253906250000e-01 6.77320957183838e-02
761 2.80273437500000e-01 7.85531997680664e-02
762 2.91992187500000e-01 8.52594375610352e-02
763 2.91015625000000e-01 8.46900939941406e-02
764 2.63183593750000e-01 6.92656040191650e-02
765 3.40332031250000e-01 1.15825891494751e-01
766 2.93945312500000e-01 8.64038467407227e-02
767 3.54980468750000e-01 1.26011133193970e-01
768 2.47558593750000e-01 6.12852573394775e-02
769 2.28027343750000e-01 5.19964694976807e-02
770 2.37304687500000e-01 5.63135147094727e-02
771 1.49414062500000e-01 2.23245620727539e-02
772 1.89941406250000e-01 3.60777378082275e-02
773 1.34277343750000e-01 1.80304050445557e-02
774 1.01562500000000e-01 1.03149414062500e-02
775 6.00585937500000e-02 3.60703468322754e-03
776 7.12890625000000e-02 5.08213043212891e-03
777 9.96093750000000e-02 9.92202758789062e-03
778 8.44726562500000e-02 7.13562965393066e-03
779 9.32617187500000e-02 8.69774818420410e-03
780 3.90625000000000e-02 1.52587890625000e-03
781 5.37109375000000e-03 2.88486480712891e-05
782 9.03320312500000e-02 8.15987586975098e-03
783 1.06933593750000e-01 1.14347934722900e-02
784 1.51855468750000e-01 2.30600833892822e-02
785 1.76757812500000e-01 3.12433242797852e-02
786 1.66992187500000e-01 2.78863906860352e-02
787 1.58691406250000e-01 2.51829624176025e-02
788 1.82128906250000e-01 3.31709384918213e-02
789 1.83593750000000e-01 3.37066650390625e-02
790 1.88964843750000e-01 3.57077121734619e-02
791 1.62597656250000e-01 2.64379978179932e-02
792 1.84082031250000e-01 3.38861942291260e-02
793 1.84570312500000e-01 3.40662002563477e-02
794 1.76757812500000e-01 3.12433242797852e-02
795 1.25488281250000e-01 1.57473087310791e-02
796 1.26953125000000e-01 1.61170959472656e-02
797 1.34765625000000e-01 1.81617736816406e-02
798 1.81152343750000e-01 3.28161716461182e-02
799 1.82128906250000e-01 3.31709384918213e-02
800 1.98730468750000e-01 3.94937992095947e-02
801 1.59667968750000e-01 2.54938602447510e-02
802 1.03027343750000e-01 1.06146335601807e-02
803 1.36230468750000e-01 1.85587406158447e-02
804 1.58203125000000e-01 2.50282287597656e-02
805 1.81152343750000e-01 3.28161716461182e-02
806 1.83593750000000e-01 3.37066650390625e-02
807 1.82617187500000e-01 3.33490371704102e-02
808 1.62597656250000e-01 2.64379978179932e-02
809 1.47949218750000e-01 2.18889713287354e-02
810 2.35839843750000e-01 5.56204319000244e-02
811 2.63671875000000e-01 6.95228576660156e-02
812 2.90527343750000e-01 8.44061374664307e-02
813 2.60253906250000e-01 6.77320957183838e-02
814 2.48046875000000e-01 6.15272521972656e-02
815 2.55859375000000e-01 6.54640197753906e-02
816 2.92968750000000e-01 8.58306884765625e-02
817 2.93945312500000e-01 8.64038467407227e-02
818 2.65625000000000e-01 7.05566406250000e-02
819 2.76367187500000e-01 7.63788223266602e-02
820 2.37304687500000e-01 5.63135147094727e-02
821 2.06542968750000e-01 4.26599979400635e-02
822 2.15820312500000e-01 4.65784072875977e-02
823 1.88476562500000e-01 3.55234146118164e-02
824 2.07519531250000e-01 4.30643558502197e-02
825 2.22167968750000e-01 4.93586063385010e-02
826 1.86523437500000e-01 3.47909927368164e-02
827 1.75781250000000e-01 3.08990478515625e-02
828 1.96777343750000e-01 3.87213230133057e-02
829 1.70898437500000e-01 2.92062759399414e-02
830 1.48437500000000e-01 2.20336914062500e-02
831 5.90820312500000e-02 3.49068641662598e-03
832 1.04492187500000e-01 1.09186172485352e-02
833 6.10351562500000e-02 3.72529029846191e-03
834 9.22851562500000e-02 8.51655006408691e-03
835 5.81054687500000e-02 3.37624549865723e-03
836 9.76562500000000e-04 9.53674316406250e-07
837 4.39453125000000e-02 1.93119049072266e-03
838 8.64257812500000e-02 7.46941566467285e-03
839 3.46679687500000e-02 1.20186805725098e-03
840 1.49414062500000e-01 2.23245620727539e-02
841 1.60644531250000e-01 2.58066654205322e-02
842 1.48437500000000e-01 2.20336914062500e-02
843 1.60156250000000e-01 2.56500244140625e-02
844 1.21582031250000e-01 1.47821903228760e-02
845 1.74316406250000e-01 3.03862094879150e-02
846 1.40136718750000e-01 1.96382999420166e-02
847 1.55273437500000e-01 2.41098403930664e-02
848 1.51367187500000e-01 2.29120254516602e-02
849 1.64062500000000e-01 2.69165039062500e-02
850 1.96289062500000e-01 3.85293960571289e-02
851 2.53906250000000e-01 6.44683837890625e-02
852 2.39257812500000e-01 5.72443008422852e-02
853 2.00195312500000e-01 4.00781631469727e-02
854 2.11425781250000e-01 4.47008609771729e-02
855 2.57324218750000e-01 6.62157535552979e-02
856 2.35839843750000e-01 5.56204319000244e-02
857 2.27050781250000e-01 5.15520572662354e-02
858 1.73339843750000e-01 3.00467014312744e-02
859 2.02636718750000e-01 4.10616397857666e-02
860 1.18164062500000e-01 1.39627456665039e-02
861 1.59667968750000e-01 2.54938602447510e-02
862 1.72363281250000e-01 2.97091007232666e-02
863 1.39648437500000e-01 1.95016860961914e-02
864 1.97265625000000e-01 3.89137268066406e-02
865 1.39648437500000e-01 1.95016860961914e-02
866 1.65527343750000e-01 2.73993015289307e-02
867 1.31347656250000e-01 1.72522068023682e-02
868 1.31835937500000e-01 1.73807144165039e-02
869 1.41113281250000e-01 1.99129581451416e-02
870 1.20117187500000e-01 1.44281387329102e-02
871 2.06054687500000e-01 4.24585342407227e-02
872 2.24121093750000e-01 5.02302646636963e-02
873 1.07910156250000e-01 1.16446018218994e-02
874 9.08203125000000e-02 8.24832916259766e-03
875 5.90820312500000e-02 3.49068641662598e-03
876 1.09863281250000e-01 1.20699405670166e-02
877 4.88281250000000e-02 2.38418579101562e-03
878 4.78515625000000e-02 2.28977203369141e-03
879 5.56640625000000e-02 3.09848785400391e-03
880 8.30078125000000e-03 6.89029693603516e-05
881 2.29492187500000e-02 5.26666641235352e-04
882 1.31835937500000e-02 1.73807144165039e-04
883 4.88281250000000e-03 2.38418579101562e-05
884 4.73632812500000e-02 2.24328041076660e-03
885 3.46679687500000e-02 1.20186805725098e-03
886 5.27343750000000e-02 2.78091430664062e-03
887 1.22070312500000e-02 1.49011611938477e-04
888 4.73632812500000e-02 2.24328041076660e-03
889 8.98437500000000e-02 8.07189941406250e-03
890 5.27343750000000e-02 2.78091430664062e-03
891 2.88085937500000e-02 8.29935073852539e-04
892 1.59179687500000e-01 2.53381729125977e-02
893 1.35742187500000e-01 1.84259414672852e-02
894 8.88671875000000e-02 7.89737701416016e-03
895 9.37500000000000e-02 8.78906250000000e-03
896 5.76171875000000e-02 3.31974029541016e-03
897 2.39257812500000e-02 5.72443008422852e-04
898 1.46484375000000e-03 2.14576721191406e-06
899 4.98046875000000e-02 2.48050689697266e-03
900 1.41601562500000e-02 2.00510025024414e-04
901 2.63671875000000e-02 6.95228576660156e-04
902 3.02734375000000e-02 9.16481018066406e-04
903 1.46484375000000e-03 2.14576721191406e-06
904 8.78906250000000e-03 7.72476196289062e-05
905 1.80664062500000e-02 3.26395034790039e-04
906 7.32421875000000e-03 5.36441802978516e-05
907 2.53906250000000e-02 6.44683837890625e-04
908 6.98242187500000e-02 4.87542152404785e-03
909 7.76367187500000e-02 6.02746009826660e-03
910 9.81445312500000e-02 9.63234901428223e-03
911 8.93554687500000e-02 7.98439979553223e-03
912 9.47265625000000e-02 8.97312164306641e-03
913 1.18652343750000e-01 1.40783786773682e-02
914 1.05957031250000e-01 1.12268924713135e-02
915 1.10351562500000e-01 1.21774673461914e-02
916 9.37500000000000e-02 8.78906250000000e-03
917 8.00781250000000e-02 6.41250610351562e-03
918 1.20117187500000e-01 1.44281387329102e-02
919 1.47949218750000e-01 2.18889713287354e-02
920 1.43066406250000e-01 2.04679965972900e-02
921 1.76269531250000e-01 3.10709476470947e-02
922 1.45996093750000e-01 2.13148593902588e-02
923 1.55273437500000e-01 2.41098403930664e-02
924 1.12304687500000e-01 1.26123428344727e-02
925 7.03125000000000e-02 4.94384765625000e-03
926 8.98437500000000e-02 8.07189941406250e-03
927 1.18652343750000e-01 1.40783786773682e-02
928 1.15722656250000e-01 1.33917331695557e-02
929 1.99218750000000e-01 3.96881103515625e-02
930 2.00683593750000e-01 4.02739048004150e-02
931 1.73828125000000e-01 3.02162170410156e-02
932 2.57812500000000e-01 6.64672851562500e-02
933 2.14843750000000e-01 4.61578369140625e-02
934 1.80664062500000e-01 3.26395034790039e-02
935 2.32421875000000e-01 5.40199279785156e-02
936 2.57812500000000e-01 6.64672851562500e-02
937 2.44140625000000e-01 5.96046447753906e-02
938 3.01757812500000e-01 9.10577774047852e-02
939 2.13378906250000e-01 4.55305576324463e-02
940 1.36718750000000e-01 1.86920166015625e-02
941 1.35742187500000e-01 1.84259414672852e-02
942 1.35253906250000e-01 1.82936191558838e-02
943 1.02539062500000e-01 1.05142593383789e-02
944 6.59179687500000e-02 4.34517860412598e-03
945 5.46875000000000e-02 2.99072265625000e-03
946 8.64257812500000e-02 7.46941566467285e-03
947 2.97851562500000e-02 8.87155532836914e-04
948 1.66015625000000e-02 2.75611877441406e-04
949 3.02734375000000e-02 9.16481018066406e-04
950 1.61132812500000e-02 2.59637832641602e-04
951 2.29492187500000e-02 5.26666641235352e-04
952 3.41796875000000e-03 1.16825103759766e-05
953 4.58984375000000e-02 2.10666656494141e-03
954 1.12304687500000e-02 1.26123428344727e-04
955 4.54101562500000e-02 2.06208229064941e-03
956 7.81250000000000e-02 6.10351562500000e-03
957 8.25195312500000e-02 6.80947303771973e-03
958 1.25488281250000e-01 1.57473087310791e-02
959 9.17968750000000e-02 8.42666625976562e-03
960 9.27734375000000e-02 8.60691070556641e-03
961 6.73828125000000e-02 4.54044342041016e-03
962 1.51367187500000e-01 2.29120254516602e-02
963 1.83593750000000e-01 3.37066650390625e-02
964 1.98730468750000e-01 3.94937992095947e-02
965 2.35839843750000e-01 5.56204319000244e-02
966 2.87597656250000e-01 8.27124118804932e-02
967 2.89062500000000e-01 8.35571289062500e-02
968 2.91503906250000e-01 8.49745273590088e-02
969 3.60839843750000e-01 1.30205392837524e-01
970 3.67187500000000e-01 1.34826660156250e-01
971 3.49121093750000e-01 1.21885538101196e-01
972 3.26660156250000e-01 1.06706857681274e-01
973 3.74511718750000e-01 1.40259027481079e-01
974 4.01367187500000e-01 1.61095619201660e-01
975 3.84277343750000e-01 1.47669076919556e-01
976 3.44238281250000e-01 1.18499994277954e-01
977 3.44726562500000e-01 1.18836402893066e-01
978 3.95996093750000e-01 1.56812906265259e-01
979 4.04296875000000e-01 1.63455963134766e-01
980 4.15527343750000e-01 1.72662973403931e-01
981 4.52148437500000e-01 2.04438209533691e-01
982 4.63867187500000e-01 2.15172767639160e-01
983 3.82324218750000e-01 1.46171808242798e-01
984 3.38867187500000e-01 1.14830970764160e-01
985 3.17382812500000e-01 1.00731849670410e-01
986 2.84667968750000e-01 8.10358524322510e-02
987 3.13476562500000e-01 9.82675552368164e-02
988 2.77343750000000e-01 7.69195556640625e-02
989 2.98828125000000e-01 8.92982482910156e-02
990 3.50097656250000e-01 1.22568368911743e-01
991 3.08593750000000e-01 9.52301025390625e-02
992 3.01757812500000e-01 9.10577774047852e-02
993 2.25585937500000e-01 5.08890151977539e-02
994 1.90429687500000e-01 3.62634658813477e-02
995 2.20703125000000e-01 4.87098693847656e-02
996 1.77734375000000e-01 3.15895080566406e-02
997 2.07031250000000e-01 4.28619384765625e-02
998 2.29492187500000e-01 5.26666641235352e-02
999 1.45019531250000e-01 2.10306644439697e-02
