0 6.87500000000000e-01 4.72656250000000e-01
1 6.70898437500000e-01 4.50104713439941e-01
2 6.60156250000000e-01 4.35806274414062e-01
3 6.80664062500000e-01 4.63303565979004e-01
4 6.92382812500000e-01 4.79393959045410e-01
5 7.17773437500000e-01 5.15198707580566e-01
6 6.98730468750000e-01 4.88224267959595e-01
7 6.99218750000000e-01 4.88906860351562e-01
8 6.78710937500000e-01 4.60648536682129e-01
9 6.19140625000000e-01 3.83335113525391e-01
10 5.41503906250000e-01 2.93226480484009e-01
11 5.81542968750000e-01 3.38192224502563e-01
12 5.71289062500000e-01 3.26371192932129e-01
13 5.36132812500000e-01 2.87438392639160e-01
14 5.94238281250000e-01 3.53119134902954e-01
15 5.29296875000000e-01 2.80155181884766e-01
16 4.93164062500000e-01 2.43210792541504e-01
17 4.77050781250000e-01 2.27577447891235e-01
18 4.70214843750000e-01 2.21101999282837e-01
19 4.76074218750000e-01 2.26646661758423e-01
20 4.64355468750000e-01 2.15626001358032e-01
21 5.00000000000000e-01 2.50000000000000e-01
22 5.02441406250000e-01 2.52447366714478e-01
23 4.57031250000000e-01 2.08877563476562e-01
24 4.30175781250000e-01 1.85051202774048e-01
25 3.16406250000000e-01 1.00112915039062e-01
26 2.88574218750000e-01 8.32750797271729e-02
27 3.57910156250000e-01 1.28099679946899e-01
28 3.23242187500000e-01 1.04485511779785e-01
29 3.54980468750000e-01 1.26011133193970e-01
30 3.13476562500000e-01 9.82675552368164e-02
31 2.79296875000000e-01 7.80067443847656e-02
32 2.61718750000000e-01 6.84967041015625e-02
33 2.72949218750000e-01 7.45012760162354e-02
34 2.52929687500000e-01 6.39734268188477e-02
35 3.16406250000000e-01 1.00112915039062e-01
36 3.61816406250000e-01 1.30911111831665e-01
37 4.32617187500000e-01 1.87157630920410e-01
38 3.97949218750000e-01 1.58363580703735e-01
39 4.07714843750000e-01 1.66231393814087e-01
40 3.63769531250000e-01 1.32328271865845e-01
41 3.30078125000000e-01 1.08951568603516e-01
42 3.42285156250000e-01 1.17159128189087e-01
43 3.49609375000000e-01 1.22226715087891e-01
44 3.78906250000000e-01 1.43569946289062e-01
45 4.59472656250000e-01 2.11115121841431e-01
46 3.86718750000000e-01 1.49551391601562e-01
47 3.96484375000000e-01 1.57199859619141e-01
48 3.92089843750000e-01 1.53734445571899e-01
49 4.50195312500000e-01 2.02675819396973e-01
50 4.48730468750000e-01 2.01359033584595e-01
51 3.85253906250000e-01 1.48420572280884e-01
52 4.44335937500000e-01 1.97434425354004e-01
53 4.43847656250000e-01 1.97000741958618e-01
54 4.56054687500000e-01 2.07985877990723e-01
55 5.10742187500000e-01 2.60857582092285e-01
56 5.21484375000000e-01 2.71945953369141e-01
57 5.38574218750000e-01 2.90062189102173e-01
58 5.02929687500000e-01 2.52938270568848e-01
59 4.56054687500000e-01 2.07985877990723e-01
60 4.75585937500000e-01 2.26181983947754e-01
61 4.73632812500000e-01 2.24328041076660e-01
62 4.80468750000000e-01 2.30850219726562e-01
63 5.81542968750000e-01 3.38192224502563e-01
64 5.27343750000000e-01 2.78091430664062e-01
65 5.30761718750000e-01 2.81708002090454e-01
66 4.92675781250000e-01 2.42729425430298e-01
67 4.27734375000000e-01 1.82956695556641e-01
68 4.54589843750000e-01 2.06651926040649e-01
69 5.41015625000000e-01 2.92697906494141e-01
70 5.50292968750000e-01 3.02822351455688e-01
71 4.92675781250000e-01 2.42729425430298e-01
72 4.53125000000000e-01 2.05322265625000e-01
73 5.16601562500000e-01 2.66877174377441e-01
74 5.14648437500000e-01 2.64863014221191e-01
75 4.59960937500000e-01 2.11564064025879e-01
76 4.39453125000000e-01 1.93119049072266e-01
77 4.51171875000000e-01 2.03556060791016e-01
78 4.68750000000000e-01 2.19726562500000e-01
79 5.12695312500000e-01 2.62856483459473e-01
80 5.42968750000000e-01 2.94815063476562e-01
81 6.00585937500000e-01 3.60703468322754e-01
82 6.05957031250000e-01 3.67183923721313e-01
83 5.95214843750000e-01 3.54280710220337e-01
84 5.88867187500000e-01 3.46764564514160e-01
85 6.19140625000000e-01 3.83335113525391e-01
86 6.04492187500000e-01 3.65410804748535e-01
87 6.50390625000000e-01 4.23007965087891e-01
88 6.12792968750000e-01 3.75515222549438e-01
89 6.65039062500000e-01 4.42276954650879e-01
90 6.25000000000000e-01 3.90625000000000e-01
91 6.15234375000000e-01 3.78513336181641e-01
92 5.96679687500000e-01 3.56026649475098e-01
93 5.95703125000000e-01 3.54862213134766e-01
94 5.98632812500000e-01 3.58361244201660e-01
95 5.53222656250000e-01 3.06055307388306e-01
96 5.75195312500000e-01 3.30849647521973e-01
97 5.67382812500000e-01 3.21923255920410e-01
98 5.75195312500000e-01 3.30849647521973e-01
99 5.68359375000000e-01 3.23032379150391e-01
100 6.04980468750000e-01 3.66001367568970e-01
101 6.35742187500000e-01 4.04168128967285e-01
102 6.36718750000000e-01 4.05410766601562e-01
103 6.16699218750000e-01 3.80317926406860e-01
104 6.43554687500000e-01 4.14162635803223e-01
105 6.60644531250000e-01 4.36451196670532e-01
106 6.43066406250000e-01 4.13534402847290e-01
107 6.68945312500000e-01 4.47487831115723e-01
108 5.44921875000000e-01 2.96939849853516e-01
109 5.58105468750000e-01 3.11481714248657e-01
110 5.16601562500000e-01 2.66877174377441e-01
111 5.15136718750000e-01 2.65365839004517e-01
112 5.00976562500000e-01 2.50977516174316e-01
113 4.85839843750000e-01 2.36040353775024e-01
114 4.42382812500000e-01 1.95702552795410e-01
115 4.46777343750000e-01 1.99609994888306e-01
116 4.66308593750000e-01 2.17443704605103e-01
117 4.97070312500000e-01 2.47078895568848e-01
118 5.16601562500000e-01 2.66877174377441e-01
119 5.97167968750000e-01 3.56609582901001e-01
120 5.83007812500000e-01 3.39898109436035e-01
121 5.31738281250000e-01 2.82745599746704e-01
122 4.99023437500000e-01 2.49024391174316e-01
123 5.28808593750000e-01 2.79638528823853e-01
124 5.47363281250000e-01 2.99606561660767e-01
125 4.77539062500000e-01 2.28043556213379e-01
126 5.26855468750000e-01 2.77576684951782e-01
127 5.51757812500000e-01 3.04436683654785e-01
128 5.26855468750000e-01 2.77576684951782e-01
129 5.36621093750000e-01 2.87962198257446e-01
130 5.56152343750000e-01 3.09305429458618e-01
131 5.85937500000000e-01 3.43322753906250e-01
132 5.48828125000000e-01 3.01212310791016e-01
133 5.43457031250000e-01 2.95345544815063e-01
134 5.96679687500000e-01 3.56026649475098e-01
135 5.58105468750000e-01 3.11481714248657e-01
136 5.58105468750000e-01 3.11481714248657e-01
137 5.35644531250000e-01 2.86915063858032e-01
138 5.65917968750000e-01 3.20263147354126e-01
139 5.28808593750000e-01 2.79638528823853e-01
140 5.42480468750000e-01 2.94285058975220e-01
141 6.30859375000000e-01 3.97983551025391e-01
142 5.96679687500000e-01 3.56026649475098e-01
143 5.70312500000000e-01 3.25256347656250e-01
144 5.75683593750000e-01 3.31411600112915e-01
145 5.53710937500000e-01 3.06595802307129e-01
146 4.89257812500000e-01 2.39373207092285e-01
147 5.05371093750000e-01 2.55399942398071e-01
148 5.14160156250000e-01 2.64360666275024e-01
149 5.72265625000000e-01 3.27487945556641e-01
150 5.87890625000000e-01 3.45615386962891e-01
151 6.19628906250000e-01 3.83939981460571e-01
152 6.82617187500000e-01 4.65966224670410e-01
153 6.94335937500000e-01 4.82102394104004e-01
154 7.10449218750000e-01 5.04738092422485e-01
155 6.80175781250000e-01 4.62639093399048e-01
156 6.16210937500000e-01 3.79715919494629e-01
157 5.89355468750000e-01 3.47339868545532e-01
158 6.34277343750000e-01 4.02307748794556e-01
159 6.04980468750000e-01 3.66001367568970e-01
160 5.23437500000000e-01 2.73986816406250e-01
161 5.22460937500000e-01 2.72965431213379e-01
162 5.27343750000000e-01 2.78091430664062e-01
163 5.75683593750000e-01 3.31411600112915e-01
164 5.70800781250000e-01 3.25813531875610e-01
165 5.25390625000000e-01 2.76035308837891e-01
166 5.04882812500000e-01 2.54906654357910e-01
167 4.51171875000000e-01 2.03556060791016e-01
168 5.11230468750000e-01 2.61356592178345e-01
169 5.83007812500000e-01 3.39898109436035e-01
170 5.55175781250000e-01 3.08220148086548e-01
171 5.53222656250000e-01 3.06055307388306e-01
172 6.11816406250000e-01 3.74319314956665e-01
173 5.74707031250000e-01 3.30288171768188e-01
174 5.54199218750000e-01 3.07136774063110e-01
175 5.15625000000000e-01 2.65869140625000e-01
176 5.24902343750000e-01 2.75522470474243e-01
177 4.30175781250000e-01 1.85051202774048e-01
178 3.77441406250000e-01 1.42462015151978e-01
179 3.41796875000000e-01 1.16825103759766e-01
180 3.71093750000000e-01 1.37710571289062e-01
181 3.41796875000000e-01 1.16825103759766e-01
182 3.26660156250000e-01 1.06706857681274e-01
183 3.74023437500000e-01 1.39893531799316e-01
184 3.64257812500000e-01 1.32683753967285e-01
185 4.20410156250000e-01 1.76744699478149e-01
186 3.39355468750000e-01 1.15162134170532e-01
187 3.44238281250000e-01 1.18499994277954e-01
188 3.64746093750000e-01 1.33039712905884e-01
189 3.84765625000000e-01 1.48044586181641e-01
190 4.56054687500000e-01 2.07985877990723e-01
191 4.85351562500000e-01 2.35566139221191e-01
192 4.02832031250000e-01 1.62273645401001e-01
193 3.47167968750000e-01 1.20525598526001e-01
194 3.44726562500000e-01 1.18836402893066e-01
195 3.82324218750000e-01 1.46171808242798e-01
196 4.15039062500000e-01 1.72257423400879e-01
197 3.78906250000000e-01 1.43569946289062e-01
198 3.72070312500000e-01 1.38436317443848e-01
199 4.03320312500000e-01 1.62667274475098e-01
200 3.94042968750000e-01 1.55269861221313e-01
201 3.54980468750000e-01 1.26011133193970e-01
202 3.23730468750000e-01 1.04801416397095e-01
203 3.42285156250000e-01 1.17159128189087e-01
204 3.42773437500000e-01 1.17493629455566e-01
205 3.75488281250000e-01 1.40991449356079e-01
206 3.72070312500000e-01 1.38436317443848e-01
207 3.92578125000000e-01 1.54117584228516e-01
208 4.12597656250000e-01 1.70236825942993e-01
209 3.44238281250000e-01 1.18499994277954e-01
210 4.11132812500000e-01 1.69030189514160e-01
211 3.76464843750000e-01 1.41725778579712e-01
212 4.30664062500000e-01 1.85471534729004e-01
213 4.46777343750000e-01 1.99609994888306e-01
214 4.42871093750000e-01 1.96134805679321e-01
215 4.27246093750000e-01 1.82539224624634e-01
216 4.53613281250000e-01 2.05765008926392e-01
217 4.12597656250000e-01 1.70236825942993e-01
218 4.08691406250000e-01 1.67028665542603e-01
219 3.60351562500000e-01 1.29853248596191e-01
220 3.94531250000000e-01 1.55654907226562e-01
221 4.42382812500000e-01 1.95702552795410e-01
222 4.43359375000000e-01 1.96567535400391e-01
223 4.34082031250000e-01 1.88427209854126e-01
224 4.75097656250000e-01 2.25717782974243e-01
225 4.95605468750000e-01 2.45624780654907e-01
226 5.12207031250000e-01 2.62356042861938e-01
227 5.48828125000000e-01 3.01212310791016e-01
228 5.58593750000000e-01 3.12026977539062e-01
229 5.20996093750000e-01 2.71436929702759e-01
230 4.63378906250000e-01 2.14720010757446e-01
231 4.48730468750000e-01 2.01359033584595e-01
232 3.91601562500000e-01 1.53351783752441e-01
233 3.72558593750000e-01 1.38799905776978e-01
234 3.93554687500000e-01 1.54885292053223e-01
235 4.28710937500000e-01 1.83793067932129e-01
236 4.30664062500000e-01 1.85471534729004e-01
237 4.30175781250000e-01 1.85051202774048e-01
238 4.38964843750000e-01 1.92690134048462e-01
239 4.47753906250000e-01 2.00483560562134e-01
240 4.90722656250000e-01 2.40808725357056e-01
241 4.44335937500000e-01 1.97434425354004e-01
242 4.87304687500000e-01 2.37465858459473e-01
243 4.25781250000000e-01 1.81289672851562e-01
244 5.07324218750000e-01 2.57377862930298e-01
245 5.62500000000000e-01 3.16406250000000e-01
246 5.76171875000000e-01 3.31974029541016e-01
247 6.25488281250000e-01 3.91235589981079e-01
248 5.61523437500000e-01 3.15308570861816e-01
249 5.71289062500000e-01 3.26371192932129e-01
250 5.53710937500000e-01 3.06595802307129e-01
251 5.72753906250000e-01 3.28047037124634e-01
252 6.28417968750000e-01 3.94909143447876e-01
253 6.71875000000000e-01 4.51416015625000e-01
254 6.70898437500000e-01 4.50104713439941e-01
255 7.50976562500000e-01 5.63965797424316e-01
256 7.91992187500000e-01 6.27251625061035e-01
257 7.43652343750000e-01 5.53018808364868e-01
258 7.58300781250000e-01 5.75020074844360e-01
259 7.45117187500000e-01 5.55199623107910e-01
260 7.78320312500000e-01 6.05782508850098e-01
261 7.87597656250000e-01 6.20310068130493e-01
262 7.97851562500000e-01 6.36567115783691e-01
263 7.65136718750000e-01 5.85434198379517e-01
264 7.58300781250000e-01 5.75020074844360e-01
265 7.43164062500000e-01 5.52292823791504e-01
266 7.36816406250000e-01 5.42898416519165e-01
267 7.25585937500000e-01 5.26474952697754e-01
268 7.65625000000000e-01 5.86181640625000e-01
269 7.37792968750000e-01 5.44338464736938e-01
270 6.92382812500000e-01 4.79393959045410e-01
271 7.13378906250000e-01 5.08909463882446e-01
272 7.23144531250000e-01 5.22938013076782e-01
273 6.89941406250000e-01 4.76019144058228e-01
274 7.29492187500000e-01 5.32158851623535e-01
275 7.35351562500000e-01 5.40741920471191e-01
276 7.28515625000000e-01 5.30735015869141e-01
277 7.24121093750000e-01 5.24351358413696e-01
278 7.06542968750000e-01 4.99202966690063e-01
279 6.85546875000000e-01 4.69974517822266e-01
280 6.76269531250000e-01 4.57340478897095e-01
281 7.12890625000000e-01 5.08213043212891e-01
282 7.21191406250000e-01 5.20117044448853e-01
283 6.99707031250000e-01 4.89589929580688e-01
284 7.00683593750000e-01 4.90957498550415e-01
285 6.97265625000000e-01 4.86179351806641e-01
286 6.61621093750000e-01 4.37742471694946e-01
287 7.03613281250000e-01 4.95071649551392e-01
288 6.84082031250000e-01 4.67968225479126e-01
289 6.83105468750000e-01 4.66633081436157e-01
290 7.48535156250000e-01 5.60304880142212e-01
291 7.10937500000000e-01 5.05432128906250e-01
292 7.38769531250000e-01 5.45780420303345e-01
293 6.40625000000000e-01 4.10400390625000e-01
294 5.92773437500000e-01 3.51380348205566e-01
295 5.85449218750000e-01 3.42750787734985e-01
296 5.81542968750000e-01 3.38192224502563e-01
297 5.92285156250000e-01 3.50801706314087e-01
298 6.12304687500000e-01 3.74917030334473e-01
299 6.30859375000000e-01 3.97983551025391e-01
300 6.05468750000000e-01 3.66592407226562e-01
301 5.71289062500000e-01 3.26371192932129e-01
302 4.91210937500000e-01 2.41288185119629e-01
303 5.11230468750000e-01 2.61356592178345e-01
304 5.23437500000000e-01 2.73986816406250e-01
305 5.55664062500000e-01 3.08762550354004e-01
306 5.16601562500000e-01 2.66877174377441e-01
307 5.66406250000000e-01 3.20816040039062e-01
308 5.57128906250000e-01 3.10392618179321e-01
309 5.68847656250000e-01 3.23587656021118e-01
310 5.74707031250000e-01 3.30288171768188e-01
311 5.43945312500000e-01 2.95876502990723e-01
312 5.43945312500000e-01 2.95876502990723e-01
313 5.92773437500000e-01 3.51380348205566e-01
314 5.83496093750000e-01 3.40467691421509e-01
315 5.58593750000000e-01 3.12026977539062e-01
316 5.30761718750000e-01 2.81708002090454e-01
317 5.18554687500000e-01 2.68898963928223e-01
318 5.83496093750000e-01 3.40467691421509e-01
319 5.27343750000000e-01 2.78091430664062e-01
320 5.48339843750000e-01 3.00676584243774e-01
321 6.29394531250000e-01 3.96137475967407e-01
322 5.93261718750000e-01 3.51959466934204e-01
323 6.11328125000000e-01 3.73722076416016e-01
324 6.06933593750000e-01 3.68368387222290e-01
325 5.97167968750000e-01 3.56609582901001e-01
326 7.08007812500000e-01 5.01275062561035e-01
327 7.38769531250000e-01 5.45780420303345e-01
328 7.13378906250000e-01 5.08909463882446e-01
329 6.95800781250000e-01 4.84138727188110e-01
330 7.45117187500000e-01 5.55199623107910e-01
331 7.01171875000000e-01 4.91641998291016e-01
332 7.62695312500000e-01 5.81704139709473e-01
333 7.59765625000000e-01 5.77243804931641e-01
334 7.58300781250000e-01 5.75020074844360e-01
335 7.25585937500000e-01 5.26474952697754e-01
336 7.29003906250000e-01 5.31446695327759e-01
337 7.08984375000000e-01 5.02658843994141e-01
338 6.74804687500000e-01 4.55361366271973e-01
339 6.46972656250000e-01 4.18573617935181e-01
340 6.47949218750000e-01 4.19838190078735e-01
341 6.95800781250000e-01 4.84138727188110e-01
342 7.04589843750000e-01 4.96446847915649e-01
343 6.78222656250000e-01 4.59985971450806e-01
344 7.19726562500000e-01 5.18006324768066e-01
345 6.66015625000000e-01 4.43576812744141e-01
346 6.44042968750000e-01 4.14791345596313e-01
347 6.40136718750000e-01 4.09775018692017e-01
348 6.25976562500000e-01 3.91846656799316e-01
349 5.82031250000000e-01 3.38760375976562e-01
350 5.60058593750000e-01 3.13665628433228e-01
351 5.81054687500000e-01 3.37624549865723e-01
352 5.62011718750000e-01 3.15857172012329e-01
353 5.23925781250000e-01 2.74498224258423e-01
354 5.43945312500000e-01 2.95876502990723e-01
355 5.45410156250000e-01 2.97472238540649e-01
356 6.01562500000000e-01 3.61877441406250e-01
357 5.83984375000000e-01 3.41037750244141e-01
358 6.09375000000000e-01 3.71337890625000e-01
359 6.01074218750000e-01 3.61290216445923e-01
360 6.11816406250000e-01 3.74319314956665e-01
361 5.37597656250000e-01 2.89011240005493e-01
362 5.33691406250000e-01 2.84826517105103e-01
363 5.03417968750000e-01 2.53429651260376e-01
364 4.63378906250000e-01 2.14720010757446e-01
365 4.33105468750000e-01 1.87580347061157e-01
366 4.63378906250000e-01 2.14720010757446e-01
367 4.49218750000000e-01 2.01797485351562e-01
368 4.59960937500000e-01 2.11564064025879e-01
369 4.53613281250000e-01 2.05765008926392e-01
370 4.73632812500000e-01 2.24328041076660e-01
371 4.99511718750000e-01 2.49511957168579e-01
372 5.02929687500000e-01 2.52938270568848e-01
373 5.63964843750000e-01 3.18056344985962e-01
374 5.35644531250000e-01 2.86915063858032e-01
375 4.85839843750000e-01 2.36040353775024e-01
376 4.65332031250000e-01 2.16533899307251e-01
377 4.51660156250000e-01 2.03996896743774e-01
378 4.29687500000000e-01 1.84631347656250e-01
379 4.38476562500000e-01 1.92261695861816e-01
380 4.58984375000000e-01 2.10666656494141e-01
381 4.69238281250000e-01 2.20184564590454e-01
382 4.84863281250000e-01 2.35092401504517e-01
383 4.20898437500000e-01 1.77155494689941e-01
384 4.13574218750000e-01 1.71043634414673e-01
385 3.95507812500000e-01 1.56426429748535e-01
386 3.56933593750000e-01 1.27401590347290e-01
387 4.36035156250000e-01 1.90126657485962e-01
388 4.70214843750000e-01 2.21101999282837e-01
389 4.41894531250000e-01 1.95270776748657e-01
390 4.94628906250000e-01 2.44657754898071e-01
391 4.95605468750000e-01 2.45624780654907e-01
392 4.46289062500000e-01 1.99173927307129e-01
393 4.07226562500000e-01 1.65833473205566e-01
394 3.77929687500000e-01 1.42830848693848e-01
395 2.11425781250000e-01 4.47008609771729e-02
396 2.41210937500000e-01 5.81827163696289e-02
397 2.76855468750000e-01 7.66489505767822e-02
398 2.80273437500000e-01 7.85531997680664e-02
399 3.37890625000000e-01 1.14170074462891e-01
400 3.95996093750000e-01 1.56812906265259e-01
401 3.72070312500000e-01 1.38436317443848e-01
402 3.81347656250000e-01 1.45426034927368e-01
403 3.04199218750000e-01 9.25371646881104e-02
404 3.09082031250000e-01 9.55317020416260e-02
405 2.97363281250000e-01 8.84249210357666e-02
406 3.10546875000000e-01 9.64393615722656e-02
407 3.61328125000000e-01 1.30558013916016e-01
408 3.59375000000000e-01 1.29150390625000e-01
409 3.95507812500000e-01 1.56426429748535e-01
410 4.75585937500000e-01 2.26181983947754e-01
411 5.07812500000000e-01 2.57873535156250e-01
412 4.78027343750000e-01 2.28510141372681e-01
413 5.08300781250000e-01 2.58369684219360e-01
414 3.85742187500000e-01 1.48797035217285e-01
415 3.82324218750000e-01 1.46171808242798e-01
416 3.87695312500000e-01 1.50307655334473e-01
417 3.75976562500000e-01 1.41358375549316e-01
418 3.19335937500000e-01 1.01975440979004e-01
419 3.07128906250000e-01 9.43281650543213e-02
420 3.16894531250000e-01 1.00422143936157e-01
421 2.68066406250000e-01 7.18595981597900e-02
422 3.00781250000000e-01 9.04693603515625e-02
423 3.23730468750000e-01 1.04801416397095e-01
424 2.62207031250000e-01 6.87525272369385e-02
425 1.43066406250000e-01 2.04679965972900e-02
426 1.73339843750000e-01 3.00467014312744e-02
427 1.51367187500000e-01 2.29120254516602e-02
428 1.91406250000000e-01 3.66363525390625e-02
429 1.71386718750000e-01 2.93734073638916e-02
430 8.05664062500000e-02 6.49094581604004e-03
431 9.22851562500000e-02 8.51655006408691e-03
432 1.61132812500000e-02 2.59637832641602e-04
433 5.37109375000000e-03 2.88486480712891e-05
434 4.68750000000000e-02 2.19726562500000e-03
435 2.24609375000000e-02 5.04493713378906e-04
436 1.80664062500000e-02 3.26395034790039e-04
437 1.23535156250000e-01 1.52609348297119e-02
438 1.47460937500000e-01 2.17447280883789e-02
439 1.58691406250000e-01 2.51829624176025e-02
440 4.63867187500000e-02 2.15172767639160e-03
441 7.66601562500000e-02 5.87677955627441e-03
442 4.93164062500000e-02 2.43210792541504e-03
443 3.32031250000000e-02 1.10244750976562e-03
444 1.26953125000000e-02 1.61170959472656e-04
445 3.90625000000000e-02 1.52587890625000e-03
446 2.53906250000000e-02 6.44683837890625e-04
447 1.11328125000000e-01 1.23939514160156e-02
448 1.63085937500000e-01 2.65970230102539e-02
449 1.79687500000000e-01 3.22875976562500e-02
450 2.00195312500000e-01 4.00781631469727e-02
451 1.71875000000000e-01 2.95410156250000e-02
452 6.59179687500000e-02 4.34517860412598e-03
453 7.17773437500000e-02 5.15198707580566e-03
454 1.15722656250000e-01 1.33917331695557e-02
455 1.74316406250000e-01 3.03862094879150e-02
456 2.11914062500000e-01 4.49075698852539e-02
457 2.07519531250000e-01 4.30643558502197e-02
458 2.77343750000000e-01 7.69195556640625e-02
459 3.06152343750000e-01 9.37292575836182e-02
460 3.63281250000000e-01 1.31973266601562e-01
461 4.07226562500000e-01 1.65833473205566e-01
462 4.38476562500000e-01 1.92261695861816e-01
463 4.93164062500000e-01 2.43210792541504e-01
464 5.03417968750000e-01 2.53429651260376e-01
465 5.70312500000000e-01 3.25256347656250e-01
466 5.40527343750000e-01 2.92169809341431e-01
467 5.57128906250000e-01 3.10392618179321e-01
468 6.35742187500000e-01 4.04168128967285e-01
469 5.84960937500000e-01 3.42179298400879e-01
470 5.26855468750000e-01 2.77576684951782e-01
471 4.73632812500000e-01 2.24328041076660e-01
472 5.07812500000000e-01 2.57873535156250e-01
473 5.07324218750000e-01 2.57377862930298e-01
474 4.60449218750000e-01 2.12013483047485e-01
475 4.17480468750000e-01 1.74289941787720e-01
476 3.95507812500000e-01 1.56426429748535e-01
477 3.84765625000000e-01 1.48044586181641e-01
478 4.03808593750000e-01 1.63061380386353e-01
479 4.12109375000000e-01 1.69834136962891e-01
480 4.21875000000000e-01 1.77978515625000e-01
481 4.26269531250000e-01 1.81705713272095e-01
482 4.18457031250000e-01 1.75106287002563e-01
483 4.62402343750000e-01 2.13815927505493e-01
484 4.75585937500000e-01 2.26181983947754e-01
485 4.51171875000000e-01 2.03556060791016e-01
486 4.48242187500000e-01 2.00921058654785e-01
487 4.83398437500000e-01 2.33674049377441e-01
488 5.30273437500000e-01 2.81189918518066e-01
489 4.71191406250000e-01 2.22021341323853e-01
490 5.19042968750000e-01 2.69405603408813e-01
491 5.25390625000000e-01 2.76035308837891e-01
492 4.57519531250000e-01 2.09324121475220e-01
493 4.24804687500000e-01 1.80459022521973e-01
494 3.66699218750000e-01 1.34468317031860e-01
495 3.55957031250000e-01 1.26705408096313e-01
496 3.36425781250000e-01 1.13182306289673e-01
497 3.39355468750000e-01 1.15162134170532e-01
498 3.57910156250000e-01 1.28099679946899e-01
499 3.54003906250000e-01 1.25318765640259e-01
500 3.07128906250000e-01 9.43281650543213e-02
501 3.68652343750000e-01 1.35904550552368e-01
502 3.53027343750000e-01 1.24628305435181e-01
503 3.69628906250000e-01 1.36625528335571e-01
504 4.09667968750000e-01 1.67827844619751e-01
505 4.35546875000000e-01 1.89701080322266e-01
506 4.55078125000000e-01 2.07096099853516e-01
507 3.51562500000000e-01 1.23596191406250e-01
508 2.27050781250000e-01 5.15520572662354e-02
509 2.37792968750000e-01 5.65454959869385e-02
510 2.70507812500000e-01 7.31744766235352e-02
511 1.43554687500000e-01 2.06079483032227e-02
512 9.96093750000000e-02 9.92202758789062e-03
513 1.51367187500000e-01 2.29120254516602e-02
514 1.76269531250000e-01 3.10709476470947e-02
515 1.87500000000000e-01 3.51562500000000e-02
516 1.84570312500000e-01 3.40662002563477e-02
517 2.25097656250000e-01 5.06689548492432e-02
518 2.19238281250000e-01 4.80654239654541e-02
519 1.81640625000000e-01 3.29933166503906e-02
520 2.55859375000000e-01 6.54640197753906e-02
521 3.04199218750000e-01 9.25371646881104e-02
522 2.77832031250000e-01 7.71906375885010e-02
523 2.94433593750000e-01 8.66911411285400e-02
524 2.20214843750000e-01 4.84945774078369e-02
525 3.57421875000000e-01 1.27750396728516e-01
526 3.50097656250000e-01 1.22568368911743e-01
527 3.35937500000000e-01 1.12854003906250e-01
528 3.56445312500000e-01 1.27053260803223e-01
529 3.62792968750000e-01 1.31618738174438e-01
530 3.60839843750000e-01 1.30205392837524e-01
531 3.57421875000000e-01 1.27750396728516e-01
532 3.43750000000000e-01 1.18164062500000e-01
533 3.37890625000000e-01 1.14170074462891e-01
534 3.17382812500000e-01 1.00731849670410e-01
535 3.04687500000000e-01 9.28344726562500e-02
536 3.41796875000000e-01 1.16825103759766e-01
537 3.05175781250000e-01 9.31322574615479e-02
538 3.24707031250000e-01 1.05434656143188e-01
539 3.32519531250000e-01 1.10569238662720e-01
540 2.99316406250000e-01 8.95903110504150e-02
541 3.90625000000000e-01 1.52587890625000e-01
542 4.18457031250000e-01 1.75106287002563e-01
543 4.33593750000000e-01 1.88003540039062e-01
544 4.53613281250000e-01 2.05765008926392e-01
545 4.37500000000000e-01 1.91406250000000e-01
546 5.37109375000000e-01 2.88486480712891e-01
547 5.83984375000000e-01 3.41037750244141e-01
548 5.66894531250000e-01 3.21369409561157e-01
549 5.62011718750000e-01 3.15857172012329e-01
550 5.52734375000000e-01 3.05515289306641e-01
551 5.52246093750000e-01 3.04975748062134e-01
552 6.47949218750000e-01 4.19838190078735e-01
553 5.99121093750000e-01 3.58946084976196e-01
554 6.47949218750000e-01 4.19838190078735e-01
555 5.87402343750000e-01 3.45041513442993e-01
556 6.21093750000000e-01 3.85757446289062e-01
557 6.35742187500000e-01 4.04168128967285e-01
558 6.86523437500000e-01 4.71314430236816e-01
559 6.78710937500000e-01 4.60648536682129e-01
560 7.16796875000000e-01 5.13797760009766e-01
561 6.93359375000000e-01 4.80747222900391e-01
562 6.74316406250000e-01 4.54702615737915e-01
563 6.51855468750000e-01 4.24915552139282e-01
564 6.78222656250000e-01 4.59985971450806e-01
565 6.84570312500000e-01 4.68636512756348e-01
566 6.35253906250000e-01 4.03547525405884e-01
567 6.44531250000000e-01 4.15420532226562e-01
568 6.12792968750000e-01 3.75515222549438e-01
569 6.09863281250000e-01 3.71933221817017e-01
570 5.67871093750000e-01 3.22477579116821e-01
571 5.68847656250000e-01 3.23587656021118e-01
572 5.90332031250000e-01 3.48491907119751e-01
573 5.93750000000000e-01 3.52539062500000e-01
574 6.02050781250000e-01 3.62465143203735e-01
575 6.06445312500000e-01 3.67775917053223e-01
576 6.04980468750000e-01 3.66001367568970e-01
577 6.25488281250000e-01 3.91235589981079e-01
578 5.89843750000000e-01 3.47915649414062e-01
579 6.04492187500000e-01 3.65410804748535e-01
580 6.00585937500000e-01 3.60703468322754e-01
581 7.06542968750000e-01 4.99202966690063e-01
582 6.89453125000000e-01 4.75345611572266e-01
583 7.43652343750000e-01 5.53018808364868e-01
584 7.16796875000000e-01 5.13797760009766e-01
585 7.39257812500000e-01 5.46502113342285e-01
586 7.23144531250000e-01 5.22938013076782e-01
587 7.31445312500000e-01 5.35012245178223e-01
588 7.41210937500000e-01 5.49393653869629e-01
589 7.73437500000000e-01 5.98205566406250e-01
590 7.08984375000000e-01 5.02658843994141e-01
591 6.89453125000000e-01 4.75345611572266e-01
592 6.35742187500000e-01 4.04168128967285e-01
593 6.91894531250000e-01 4.78718042373657e-01
594 6.50390625000000e-01 4.23007965087891e-01
595 6.48925781250000e-01 4.21104669570923e-01
596 6.59179687500000e-01 4.34517860412598e-01
597 6.83105468750000e-01 4.66633081436157e-01
598 6.13769531250000e-01 3.76713037490845e-01
599 6.01074218750000e-01 3.61290216445923e-01
600 5.84472656250000e-01 3.41608285903931e-01
601 5.72265625000000e-01 3.27487945556641e-01
602 5.85449218750000e-01 3.42750787734985e-01
603 6.81152343750000e-01 4.63968515396118e-01
604 6.86523437500000e-01 4.71314430236816e-01
605 6.26464843750000e-01 3.92458200454712e-01
606 5.93261718750000e-01 3.51959466934204e-01
607 5.54199218750000e-01 3.07136774063110e-01
608 5.91308593750000e-01 3.49645853042603e-01
609 6.25000000000000e-01 3.90625000000000e-01
610 6.70898437500000e-01 4.50104713439941e-01
611 6.26953125000000e-01 3.93070220947266e-01
612 6.35742187500000e-01 4.04168128967285e-01
613 6.86523437500000e-01 4.71314430236816e-01
614 6.84082031250000e-01 4.67968225479126e-01
615 6.08398437500000e-01 3.70148658752441e-01
616 5.71777343750000e-01 3.26929330825806e-01
617 6.04980468750000e-01 3.66001367568970e-01
618 5.75195312500000e-01 3.30849647521973e-01
619 5.83496093750000e-01 3.40467691421509e-01
620 5.33203125000000e-01 2.84305572509766e-01
621 4.33105468750000e-01 1.87580347061157e-01
622 4.09179687500000e-01 1.67428016662598e-01
623 5.08789062500000e-01 2.58866310119629e-01
624 5.20507812500000e-01 2.70928382873535e-01
625 4.88281250000000e-01 2.38418579101562e-01
626 4.65332031250000e-01 2.16533899307251e-01
627 4.29199218750000e-01 1.84211969375610e-01
628 4.50683593750000e-01 2.03115701675415e-01
629 5.12695312500000e-01 2.62856483459473e-01
630 5.46875000000000e-01 2.99072265625000e-01
631 5.69824218750000e-01 3.24699640274048e-01
632 6.14746093750000e-01 3.77912759780884e-01
633 6.09863281250000e-01 3.71933221817017e-01
634 6.12304687500000e-01 3.74917030334473e-01
635 6.24511718750000e-01 3.90014886856079e-01
636 5.91796875000000e-01 3.50223541259766e-01
637 5.19531250000000e-01 2.69912719726562e-01
638 4.87792968750000e-01 2.37941980361938e-01
639 5.05859375000000e-01 2.55893707275391e-01
640 5.07812500000000e-01 2.57873535156250e-01
641 4.84863281250000e-01 2.35092401504517e-01
642 4.86816406250000e-01 2.36990213394165e-01
643 5.35156250000000e-01 2.86392211914062e-01
644 4.73144531250000e-01 2.23865747451782e-01
645 4.51660156250000e-01 2.03996896743774e-01
646 4.35546875000000e-01 1.89701080322266e-01
647 4.91699218750000e-01 2.41768121719360e-01
648 5.36132812500000e-01 2.87438392639160e-01
649 5.36132812500000e-01 2.87438392639160e-01
650 5.43457031250000e-01 2.95345544815063e-01
651 5.71289062500000e-01 3.26371192932129e-01
652 5.19042968750000e-01 2.69405603408813e-01
653 5.24902343750000e-01 2.75522470474243e-01
654 5.83496093750000e-01 3.40467691421509e-01
655 5.93261718750000e-01 3.51959466934204e-01
656 5.69824218750000e-01 3.24699640274048e-01
657 5.53222656250000e-01 3.06055307388306e-01
658 5.23437500000000e-01 2.73986816406250e-01
659 5.90820312500000e-01 3.49068641662598e-01
660 5.95703125000000e-01 3.54862213134766e-01
661 5.83496093750000e-01 3.40467691421509e-01
662 5.54687500000000e-01 3.07678222656250e-01
663 5.03906250000000e-01 2.53921508789062e-01
664 4.35058593750000e-01 1.89275979995728e-01
665 4.15527343750000e-01 1.72662973403931e-01
666 4.18457031250000e-01 1.75106287002563e-01
667 5.00976562500000e-01 2.50977516174316e-01
668 4.65332031250000e-01 2.16533899307251e-01
669 4.73144531250000e-01 2.23865747451782e-01
670 4.57031250000000e-01 2.08877563476562e-01
671 4.00390625000000e-01 1.60312652587891e-01
672 3.44726562500000e-01 1.18836402893066e-01
673 3.18359375000000e-01 1.01352691650391e-01
674 3.07617187500000e-01 9.46283340454102e-02
675 2.91503906250000e-01 8.49745273590088e-02
676 3.06640625000000e-01 9.40284729003906e-02
677 2.99804687500000e-01 8.98828506469727e-02
678 2.67089843750000e-01 7.13369846343994e-02
679 2.38281250000000e-01 5.67779541015625e-02
680 1.44531250000000e-01 2.08892822265625e-02
681 1.74316406250000e-01 3.03862094879150e-02
682 1.63085937500000e-01 2.65970230102539e-02
683 1.97265625000000e-01 3.89137268066406e-02
684 2.20703125000000e-01 4.87098693847656e-02
685 2.71484375000000e-01 7.37037658691406e-02
686 2.77832031250000e-01 7.71906375885010e-02
687 2.28027343750000e-01 5.19964694976807e-02
688 2.60253906250000e-01 6.77320957183838e-02
689 2.43652343750000e-01 5.93664646148682e-02
690 2.31445312500000e-01 5.35669326782227e-02
691 2.72949218750000e-01 7.45012760162354e-02
692 2.70019531250000e-01 7.29105472564697e-02
693 2.07519531250000e-01 4.30643558502197e-02
694 1.69433593750000e-01 2.87077426910400e-02
695 2.28515625000000e-01 5.22193908691406e-02
696 2.05078125000000e-01 4.20570373535156e-02
697 2.60253906250000e-01 6.77320957183838e-02
698 2.57812500000000e-01 6.64672851562500e-02
699 3.45703125000000e-01 1.19510650634766e-01
700 3.87695312500000e-01 1.50307655334473e-01
701 3.25683593750000e-01 1.06069803237915e-01
702 3.22753906250000e-01 1.04170083999634e-01
703 3.41308593750000e-01 1.16491556167603e-01
704 4.14062500000000e-01 1.71447753906250e-01
705 3.99414062500000e-01 1.59531593322754e-01
706 3.45703125000000e-01 1.19510650634766e-01
707 2.78808593750000e-01 7.77342319488525e-02
708 3.31054687500000e-01 1.09597206115723e-01
709 4.02343750000000e-01 1.61880493164062e-01
710 4.22363281250000e-01 1.78390741348267e-01
711 3.80859375000000e-01 1.45053863525391e-01
712 4.24804687500000e-01 1.80459022521973e-01
713 4.33593750000000e-01 1.88003540039062e-01
714 3.95507812500000e-01 1.56426429748535e-01
715 3.89648437500000e-01 1.51825904846191e-01
716 4.10156250000000e-01 1.68228149414062e-01
717 3.71093750000000e-01 1.37710571289062e-01
718 2.83203125000000e-01 8.02040100097656e-02
719 2.80761718750000e-01 7.88271427154541e-02
720 3.46191406250000e-01 1.19848489761353e-01
721 3.30566406250000e-01 1.09274148941040e-01
722 3.79882812500000e-01 1.44310951232910e-01
723 4.22363281250000e-01 1.78390741348267e-01
724 4.13574218750000e-01 1.71043634414673e-01
725 4.08203125000000e-01 1.66629791259766e-01
726 4.26269531250000e-01 1.81705713272095e-01
727 4.55566406250000e-01 2.07540750503540e-01
728 4.76074218750000e-01 2.26646661758423e-01
729 4.16503906250000e-01 1.73475503921509e-01
730 4.53613281250000e-01 2.05765008926392e-01
731 4.76562500000000e-01 2.27111816406250e-01
732 4.43847656250000e-01 1.97000741958618e-01
733 4.03808593750000e-01 1.63061380386353e-01
734 4.21875000000000e-01 1.77978515625000e-01
735 4.42871093750000e-01 1.96134805679321e-01
736 4.38964843750000e-01 1.92690134048462e-01
737 4.16503906250000e-01 1.73475503921509e-01
738 4.75585937500000e-01 2.26181983947754e-01
739 4.38476562500000e-01 1.92261695861816e-01
740 3.51074218750000e-01 1.23253107070923e-01
741 4.24316406250000e-01 1.80044412612915e-01
742 3.77441406250000e-01 1.42462015151978e-01
743 3.36425781250000e-01 1.13182306289673e-01
744 2.71972656250000e-01 7.39691257476807e-02
745 2.76367187500000e-01 7.63788223266602e-02
746 2.48046875000000e-01 6.15272521972656e-02
747 2.55371093750000e-01 6.52143955230713e-02
748 2.86132812500000e-01 8.18719863891602e-02
749 2.39257812500000e-01 5.72443008422852e-02
750 2.42675781250000e-01 5.88915348052979e-02
751 2.50976562500000e-01 6.29892349243164e-02
752 2.99804687500000e-01 8.98828506469727e-02
753 3.20800781250000e-01 1.02913141250610e-01
754 2.76367187500000e-01 7.63788223266602e-02
755 3.10058593750000e-01 9.61363315582275e-02
756 3.55468750000000e-01 1.26358032226562e-01
757 3.91601562500000e-01 1.53351783752441e-01
758 4.60449218750000e-01 2.12013483047485e-01
759 4.37011718750000e-01 1.90979242324829e-01
760 4.39453125000000e-01 1.93119049072266e-01
761 4.92187500000000e-01 2.42248535156250e-01
762 4.93164062500000e-01 2.43210792541504e-01
763 4.94140625000000e-01 2.44174957275391e-01
764 5.21972656250000e-01 2.72455453872681e-01
765 6.02539062500000e-01 3.63053321838379e-01
766 5.22949218750000e-01 2.73475885391235e-01
767 4.48730468750000e-01 2.01359033584595e-01
768 4.40917968750000e-01 1.94408655166626e-01
769 4.53125000000000e-01 2.05322265625000e-01
770 4.67285156250000e-01 2.18355417251587e-01
771 4.63378906250000e-01 2.14720010757446e-01
772 4.64843750000000e-01 2.16079711914062e-01
773 4.20898437500000e-01 1.77155494689941e-01
774 3.69140625000000e-01 1.36264801025391e-01
775 3.51562500000000e-01 1.23596191406250e-01
776 3.14941406250000e-01 9.91880893707275e-02
777 3.18359375000000e-01 1.01352691650391e-01
778 3.97460937500000e-01 1.57975196838379e-01
779 3.37402343750000e-01 1.13840341567993e-01
780 2.92968750000000e-01 8.58306884765625e-02
781 2.93457031250000e-01 8.61170291900635e-02
782 3.42773437500000e-01 1.17493629455566e-01
783 4.08691406250000e-01 1.67028665542603e-01
784 4.86328125000000e-01 2.36515045166016e-01
785 4.45800781250000e-01 1.98738336563110e-01
786 4.84375000000000e-01 2.34619140625000e-01
787 4.16503906250000e-01 1.73475503921509e-01
788 4.27246093750000e-01 1.82539224624634e-01
789 4.17480468750000e-01 1.74289941787720e-01
790 4.77050781250000e-01 2.27577447891235e-01
791 5.44433593750000e-01 2.96407938003540e-01
792 5.70800781250000e-01 3.25813531875610e-01
793 5.73730468750000e-01 3.29166650772095e-01
794 5.71777343750000e-01 3.26929330825806e-01
795 5.19042968750000e-01 2.69405603408813e-01
796 4.72167968750000e-01 2.22942590713501e-01
797 4.58984375000000e-01 2.10666656494141e-01
798 4.02832031250000e-01 1.62273645401001e-01
799 4.25292968750000e-01 1.80874109268188e-01
800 4.47265625000000e-01 2.00046539306641e-01
801 4.54589843750000e-01 2.06651926040649e-01
802 5.32714843750000e-01 2.83785104751587e-01
803 5.62500000000000e-01 3.16406250000000e-01
804 5.98632812500000e-01 3.58361244201660e-01
805 5.35156250000000e-01 2.86392211914062e-01
806 4.98535156250000e-01 2.48537302017212e-01
807 4.96093750000000e-01 2.46109008789062e-01
808 4.80957031250000e-01 2.31319665908813e-01
809 4.22363281250000e-01 1.78390741348267e-01
810 3.86718750000000e-01 1.49551391601562e-01
811 4.19921875000000e-01 1.76334381103516e-01
812 4.91699218750000e-01 2.41768121719360e-01
813 4.34570312500000e-01 1.88851356506348e-01
814 4.53125000000000e-01 2.05322265625000e-01
815 5.25390625000000e-01 2.76035308837891e-01
816 5.17089843750000e-01 2.67381906509399e-01
817 4.49218750000000e-01 2.01797485351562e-01
818 4.73632812500000e-01 2.24328041076660e-01
819 5.07324218750000e-01 2.57377862930298e-01
820 5.06835937500000e-01 2.56882667541504e-01
821 5.57617187500000e-01 3.10936927795410e-01
822 6.28906250000000e-01 3.95523071289062e-01
823 5.84472656250000e-01 3.41608285903931e-01
824 5.61523437500000e-01 3.15308570861816e-01
825 5.41992187500000e-01 2.93755531311035e-01
826 6.28906250000000e-01 3.95523071289062e-01
827 6.27929687500000e-01 3.94295692443848e-01
828 5.67382812500000e-01 3.21923255920410e-01
829 6.31835937500000e-01 3.99216651916504e-01
830 6.85058593750000e-01 4.69305276870728e-01
831 7.00683593750000e-01 4.90957498550415e-01
832 6.59179687500000e-01 4.34517860412598e-01
833 6.34277343750000e-01 4.02307748794556e-01
834 5.74218750000000e-01 3.29727172851562e-01
835 5.93261718750000e-01 3.51959466934204e-01
836 5.86425781250000e-01 3.43895196914673e-01
837 5.52246093750000e-01 3.04975748062134e-01
838 5.96191406250000e-01 3.55444192886353e-01
839 6.30371093750000e-01 3.97367715835571e-01
840 6.91894531250000e-01 4.78718042373657e-01
841 6.57714843750000e-01 4.32588815689087e-01
842 6.66015625000000e-01 4.43576812744141e-01
843 6.33300781250000e-01 4.01069879531860e-01
844 6.91894531250000e-01 4.78718042373657e-01
845 7.16308593750000e-01 5.13098001480103e-01
846 7.08007812500000e-01 5.01275062561035e-01
847 6.66992187500000e-01 4.44878578186035e-01
848 6.56250000000000e-01 4.30664062500000e-01
849 6.67968750000000e-01 4.46182250976562e-01
850 6.61621093750000e-01 4.37742471694946e-01
851 6.51367187500000e-01 4.24279212951660e-01
852 6.91406250000000e-01 4.78042602539062e-01
853 6.51855468750000e-01 4.24915552139282e-01
854 6.69433593750000e-01 4.48141336441040e-01
855 6.44531250000000e-01 4.15420532226562e-01
856 6.28906250000000e-01 3.95523071289062e-01
857 6.09863281250000e-01 3.71933221817017e-01
858 6.62597656250000e-01 4.39035654067993e-01
859 6.65527343750000e-01 4.42926645278931e-01
860 6.33300781250000e-01 4.01069879531860e-01
861 5.75195312500000e-01 3.30849647521973e-01
862 6.23046875000000e-01 3.88187408447266e-01
863 6.00097656250000e-01 3.60117197036743e-01
864 5.84472656250000e-01 3.41608285903931e-01
865 5.94238281250000e-01 3.53119134902954e-01
866 5.68359375000000e-01 3.23032379150391e-01
867 5.35156250000000e-01 2.86392211914062e-01
868 5.16113281250000e-01 2.66372919082642e-01
869 4.91699218750000e-01 2.41768121719360e-01
870 5.00000000000000e-01 2.50000000000000e-01
871 5.46875000000000e-01 2.99072265625000e-01
872 5.65429687500000e-01 3.19710731506348e-01
873 5.63476562500000e-01 3.17505836486816e-01
874 5.66894531250000e-01 3.21369409561157e-01
875 5.11718750000000e-01 2.61856079101562e-01
876 4.89746093750000e-01 2.39851236343384e-01
877 4.69238281250000e-01 2.20184564590454e-01
878 4.66308593750000e-01 2.17443704605103e-01
879 4.82910156250000e-01 2.33202219009399e-01
880 3.97460937500000e-01 1.57975196838379e-01
881 3.79394531250000e-01 1.43940210342407e-01
882 3.32519531250000e-01 1.10569238662720e-01
883 3.03710937500000e-01 9.22403335571289e-02
884 2.75390625000000e-01 7.58399963378906e-02
885 1.95312500000000e-01 3.81469726562500e-02
886 1.50878906250000e-01 2.27644443511963e-02
887 1.36230468750000e-01 1.85587406158447e-02
888 1.42089843750000e-01 2.01895236968994e-02
889 1.94824218750000e-01 3.79564762115479e-02
890 2.14843750000000e-01 4.61578369140625e-02
891 1.67480468750000e-01 2.80497074127197e-02
892 5.02929687500000e-02 2.52938270568848e-03
893 5.71289062500000e-02 3.26371192932129e-03
894 6.49414062500000e-02 4.21738624572754e-03
895 7.22656250000000e-02 5.22232055664062e-03
896 1.43554687500000e-01 2.06079483032227e-02
897 1.39160156250000e-01 1.93655490875244e-02
898 1.68945312500000e-01 2.85425186157227e-02
899 1.61132812500000e-01 2.59637832641602e-02
900 1.29882812500000e-01 1.68695449829102e-02
901 1.25488281250000e-01 1.57473087310791e-02
902 1.53808593750000e-01 2.36570835113525e-02
903 1.12792968750000e-01 1.27222537994385e-02
904 1.14746093750000e-01 1.31666660308838e-02
905 1.05957031250000e-01 1.12268924713135e-02
906 8.54492187500000e-02 7.30156898498535e-03
907 1.12792968750000e-01 1.27222537994385e-02
908 1.80175781250000e-01 3.24633121490479e-02
909 1.35253906250000e-01 1.82936191558838e-02
910 1.24023437500000e-01 1.53818130493164e-02
911 9.66796875000000e-02 9.34696197509766e-03
912 3.41796875000000e-02 1.16825103759766e-03
913 3.27148437500000e-02 1.07026100158691e-03
914 2.58789062500000e-02 6.69717788696289e-04
915 1.85546875000000e-02 3.44276428222656e-04
916 4.15039062500000e-02 1.72257423400879e-03
917 3.32031250000000e-02 1.10244750976562e-03
918 9.37500000000000e-02 8.78906250000000e-03
919 1.78710937500000e-01 3.19375991821289e-02
920 2.67578125000000e-01 7.15980529785156e-02
921 2.58300781250000e-01 6.67192935943604e-02
922 2.62207031250000e-01 6.87525272369385e-02
923 3.16894531250000e-01 1.00422143936157e-01
924 2.72949218750000e-01 7.45012760162354e-02
925 3.03710937500000e-01 9.22403335571289e-02
926 3.20312500000000e-01 1.02600097656250e-01
927 3.76953125000000e-01 1.42093658447266e-01
928 3.70605468750000e-01 1.37348413467407e-01
929 3.08593750000000e-01 9.52301025390625e-02
930 3.19335937500000e-01 1.01975440979004e-01
931 2.85644531250000e-01 8.15927982330322e-02
932 3.17382812500000e-01 1.00731849670410e-01
933 2.74414062500000e-01 7.53030776977539e-02
934 3.39355468750000e-01 1.15162134170532e-01
935 3.76464843750000e-01 1.41725778579712e-01
936 3.62792968750000e-01 1.31618738174438e-01
937 3.26660156250000e-01 1.06706857681274e-01
938 3.79394531250000e-01 1.43940210342407e-01
939 4.60937500000000e-01 2.12463378906250e-01
940 5.06835937500000e-01 2.56882667541504e-01
941 5.56152343750000e-01 3.09305429458618e-01
942 5.35644531250000e-01 2.86915063858032e-01
943 5.02441406250000e-01 2.52447366714478e-01
944 5.36132812500000e-01 2.87438392639160e-01
945 6.40625000000000e-01 4.10400390625000e-01
946 6.45019531250000e-01 4.16050195693970e-01
947 7.03613281250000e-01 4.95071649551392e-01
948 6.94335937500000e-01 4.82102394104004e-01
949 6.25000000000000e-01 3.90625000000000e-01
950 6.58691406250000e-01 4.33874368667603e-01
951 6.53808593750000e-01 4.27465677261353e-01
952 7.22656250000000e-01 5.22232055664062e-01
953 7.12890625000000e-01 5.08213043212891e-01
954 6.39160156250000e-01 4.08525705337524e-01
955 6.86035156250000e-01 4.70644235610962e-01
956 7.15332031250000e-01 5.11699914932251e-01
957 7.09960937500000e-01 5.04044532775879e-01
958 6.08886718750000e-01 3.70743036270142e-01
959 6.63085937500000e-01 4.39682960510254e-01
960 7.03125000000000e-01 4.94384765625000e-01
961 6.50878906250000e-01 4.23643350601196e-01
962 6.24023437500000e-01 3.89405250549316e-01
963 6.08398437500000e-01 3.70148658752441e-01
964 5.68359375000000e-01 3.23032379150391e-01
965 5.36132812500000e-01 2.87438392639160e-01
966 5.47851562500000e-01 3.00141334533691e-01
967 6.03027343750000e-01 3.63641977310181e-01
968 5.87890625000000e-01 3.45615386962891e-01
969 5.49316406250000e-01 3.01748514175415e-01
970 5.15625000000000e-01 2.65869140625000e-01
971 5.19531250000000e-01 2.69912719726562e-01
972 5.12207031250000e-01 2.62356042861938e-01
973 5.09765625000000e-01 2.59860992431641e-01
974 5.00488281250000e-01 2.50488519668579e-01
975 4.28710937500000e-01 1.83793067932129e-01
976 3.93554687500000e-01 1.54885292053223e-01
977 3.79882812500000e-01 1.44310951232910e-01
978 3.25683593750000e-01 1.06069803237915e-01
979 3.20800781250000e-01 1.02913141250610e-01
980 3.57421875000000e-01 1.27750396728516e-01
981 2.90527343750000e-01 8.44061374664307e-02
982 3.84765625000000e-01 1.48044586181641e-01
983 4.47753906250000e-01 2.00483560562134e-01
984 4.17968750000000e-01 1.74697875976562e-01
985 4.77539062500000e-01 2.28043556213379e-01
986 4.47753906250000e-01 2.00483560562134e-01
987 4.34082031250000e-01 1.88427209854126e-01
988 3.92089843750000e-01 1.53734445571899e-01
989 3.24707031250000e-01 1.05434656143188e-01
990 3.41796875000000e-01 1.16825103759766e-01
991 3.69140625000000e-01 1.36264801025391e-01
992 2.95410156250000e-01 8.72671604156494e-02
993 3.72558593750000e-01 1.38799905776978e-01
994 3.73046875000000e-01 1.39163970947266e-01
995 4.43847656250000e-01 1.97000741958618e-01
996 4.53613281250000e-01 2.05765008926392e-01
997 5.04882812500000e-01 2.54906654357910e-01
998 5.01953125000000e-01 2.51956939697266e-01
999 4.65332031250000e-01 2.16533899307251e-01
