0 6.41113281250000e-01 4.11026239395142e-01
1 7.61230468750000e-01 5.79471826553345e-01
2 6.70898437500000e-01 4.50104713439941e-01
3 6.44042968750000e-01 4.14791345596313e-01
4 6.46972656250000e-01 4.18573617935181e-01
5 6.02050781250000e-01 3.62465143203735e-01
6 6.10839843750000e-01 3.73125314712524e-01
7 5.21972656250000e-01 2.72455453872681e-01
8 5.62011718750000e-01 3.15857172012329e-01
9 5.64453125000000e-01 3.18607330322266e-01
10 5.83984375000000e-01 3.41037750244141e-01
11 5.73730468750000e-01 3.29166650772095e-01
12 5.72753906250000e-01 3.28047037124634e-01
13 6.56250000000000e-01 4.30664062500000e-01
14 6.35742187500000e-01 4.04168128967285e-01
15 6.26953125000000e-01 3.93070220947266e-01
16 6.45019531250000e-01 4.16050195693970e-01
17 6.64550781250000e-01 4.41627740859985e-01
18 6.17187500000000e-01 3.80920410156250e-01
19 6.60644531250000e-01 4.36451196670532e-01
20 6.35742187500000e-01 4.04168128967285e-01
21 6.58691406250000e-01 4.33874368667603e-01
22 6.70410156250000e-01 4.49449777603149e-01
23 6.02050781250000e-01 3.62465143203735e-01
24 5.55664062500000e-01 3.08762550354004e-01
25 5.14160156250000e-01 2.64360666275024e-01
26 4.88769531250000e-01 2.38895654678345e-01
27 4.92675781250000e-01 2.42729425430298e-01
28 5.55664062500000e-01 3.08762550354004e-01
29 5.58105468750000e-01 3.11481714248657e-01
30 6.26953125000000e-01 3.93070220947266e-01
31 5.58105468750000e-01 3.11481714248657e-01
32 5.41992187500000e-01 2.93755531311035e-01
33 5.23437500000000e-01 2.73986816406250e-01
34 5.15136718750000e-01 2.65365839004517e-01
35 5.42480468750000e-01 2.94285058975220e-01
36 5.98144531250000e-01 3.57776880264282e-01
37 6.01562500000000e-01 3.61877441406250e-01
38 5.69335937500000e-01 3.24143409729004e-01
39 5.98632812500000e-01 3.58361244201660e-01
40 6.50390625000000e-01 4.23007965087891e-01
41 6.77246093750000e-01 4.58662271499634e-01
42 6.26953125000000e-01 3.93070220947266e-01
43 6.55761718750000e-01 4.30023431777954e-01
44 7.12890625000000e-01 5.08213043212891e-01
45 7.05566406250000e-01 4.97823953628540e-01
46 7.16796875000000e-01 5.13797760009766e-01
47 6.79199218750000e-01 4.61311578750610e-01
48 6.62597656250000e-01 4.39035654067993e-01
49 7.04101562500000e-01 4.95759010314941e-01
50 7.05566406250000e-01 4.97823953628540e-01
51 7.19238281250000e-01 5.17303705215454e-01
52 7.10937500000000e-01 5.05432128906250e-01
53 7.10449218750000e-01 5.04738092422485e-01
54 6.06445312500000e-01 3.67775917053223e-01
55 6.49902343750000e-01 4.22373056411743e-01
56 6.05468750000000e-01 3.66592407226562e-01
57 5.62500000000000e-01 3.16406250000000e-01
58 5.82031250000000e-01 3.38760375976562e-01
59 5.34667968750000e-01 2.85869836807251e-01
60 4.83886718750000e-01 2.34146356582642e-01
61 5.43945312500000e-01 2.95876502990723e-01
62 5.23925781250000e-01 2.74498224258423e-01
63 5.67871093750000e-01 3.22477579116821e-01
64 6.51855468750000e-01 4.24915552139282e-01
65 6.46972656250000e-01 4.18573617935181e-01
66 6.33300781250000e-01 4.01069879531860e-01
67 6.14746093750000e-01 3.77912759780884e-01
68 5.87890625000000e-01 3.45615386962891e-01
69 6.37695312500000e-01 4.06655311584473e-01
70 6.38671875000000e-01 4.07901763916016e-01
71 6.26953125000000e-01 3.93070220947266e-01
72 6.49414062500000e-01 4.21738624572754e-01
73 6.04980468750000e-01 3.66001367568970e-01
74 6.09863281250000e-01 3.71933221817017e-01
75 5.86425781250000e-01 3.43895196914673e-01
76 6.30371093750000e-01 3.97367715835571e-01
77 5.22949218750000e-01 2.73475885391235e-01
78 5.79589843750000e-01 3.35924386978149e-01
79 6.41601562500000e-01 4.11652565002441e-01
80 7.18750000000000e-01 5.16601562500000e-01
81 7.21191406250000e-01 5.20117044448853e-01
82 7.21679687500000e-01 5.20821571350098e-01
83 6.81640625000000e-01 4.64633941650391e-01
84 6.61621093750000e-01 4.37742471694946e-01
85 7.13378906250000e-01 5.08909463882446e-01
86 6.46972656250000e-01 4.18573617935181e-01
87 6.82617187500000e-01 4.65966224670410e-01
88 6.92382812500000e-01 4.79393959045410e-01
89 6.90429687500000e-01 4.76693153381348e-01
90 7.07031250000000e-01 4.99893188476562e-01
91 7.19726562500000e-01 5.18006324768066e-01
92 6.56738281250000e-01 4.31305170059204e-01
93 7.15820312500000e-01 5.12398719787598e-01
94 7.55859375000000e-01 5.71323394775391e-01
95 7.31445312500000e-01 5.35012245178223e-01
96 7.65625000000000e-01 5.86181640625000e-01
97 7.19238281250000e-01 5.17303705215454e-01
98 7.34863281250000e-01 5.40024042129517e-01
99 7.27050781250000e-01 5.28602838516235e-01
100 7.08496093750000e-01 5.01966714859009e-01
101 7.12890625000000e-01 5.08213043212891e-01
102 7.35839843750000e-01 5.41460275650024e-01
103 6.76269531250000e-01 4.57340478897095e-01
104 6.87011718750000e-01 4.71985101699829e-01
105 7.00683593750000e-01 4.90957498550415e-01
106 7.31445312500000e-01 5.35012245178223e-01
107 6.88476562500000e-01 4.73999977111816e-01
108 7.32421875000000e-01 5.36441802978516e-01
109 7.10449218750000e-01 5.04738092422485e-01
110 7.25097656250000e-01 5.25766611099243e-01
111 6.92382812500000e-01 4.79393959045410e-01
112 6.80175781250000e-01 4.62639093399048e-01
113 7.30468750000000e-01 5.33584594726562e-01
114 6.46972656250000e-01 4.18573617935181e-01
115 6.30859375000000e-01 3.97983551025391e-01
116 7.07031250000000e-01 4.99893188476562e-01
117 6.70898437500000e-01 4.50104713439941e-01
118 6.95312500000000e-01 4.83459472656250e-01
119 6.48437500000000e-01 4.20471191406250e-01
120 6.97265625000000e-01 4.86179351806641e-01
121 6.76269531250000e-01 4.57340478897095e-01
122 6.87500000000000e-01 4.72656250000000e-01
123 6.75292968750000e-01 4.56020593643188e-01
124 6.88964843750000e-01 4.74672555923462e-01
125 7.40722656250000e-01 5.48670053482056e-01
126 7.05078125000000e-01 4.97135162353516e-01
127 7.27539062500000e-01 5.29313087463379e-01
128 7.28027343750000e-01 5.30023813247681e-01
129 6.43554687500000e-01 4.14162635803223e-01
130 6.95800781250000e-01 4.84138727188110e-01
131 7.31445312500000e-01 5.35012245178223e-01
132 7.63671875000000e-01 5.83194732666016e-01
133 7.28027343750000e-01 5.30023813247681e-01
134 7.06542968750000e-01 4.99202966690063e-01
135 7.55371093750000e-01 5.70585489273071e-01
136 7.19238281250000e-01 5.17303705215454e-01
137 7.69042968750000e-01 5.91427087783813e-01
138 7.33886718750000e-01 5.38589715957642e-01
139 7.49023437500000e-01 5.61036109924316e-01
140 6.83105468750000e-01 4.66633081436157e-01
141 7.18261718750000e-01 5.15899896621704e-01
142 6.65527343750000e-01 4.42926645278931e-01
143 7.16308593750000e-01 5.13098001480103e-01
144 6.87500000000000e-01 4.72656250000000e-01
145 7.61230468750000e-01 5.79471826553345e-01
146 7.40722656250000e-01 5.48670053482056e-01
147 7.37304687500000e-01 5.43618202209473e-01
148 7.42187500000000e-01 5.50842285156250e-01
149 7.76367187500000e-01 6.02746009826660e-01
150 7.54882812500000e-01 5.69848060607910e-01
151 6.89453125000000e-01 4.75345611572266e-01
152 6.94335937500000e-01 4.82102394104004e-01
153 6.90917968750000e-01 4.77367639541626e-01
154 6.36718750000000e-01 4.05410766601562e-01
155 6.93847656250000e-01 4.81424570083618e-01
156 6.64062500000000e-01 4.40979003906250e-01
157 5.96679687500000e-01 3.56026649475098e-01
158 5.79589843750000e-01 3.35924386978149e-01
159 5.56152343750000e-01 3.09305429458618e-01
160 5.94238281250000e-01 3.53119134902954e-01
161 5.34179687500000e-01 2.85347938537598e-01
162 5.11718750000000e-01 2.61856079101562e-01
163 5.30273437500000e-01 2.81189918518066e-01
164 5.61035156250000e-01 3.14760446548462e-01
165 5.76660156250000e-01 3.32536935806274e-01
166 5.37109375000000e-01 2.88486480712891e-01
167 5.53222656250000e-01 3.06055307388306e-01
168 5.75683593750000e-01 3.31411600112915e-01
169 4.53125000000000e-01 2.05322265625000e-01
170 4.03808593750000e-01 1.63061380386353e-01
171 4.54589843750000e-01 2.06651926040649e-01
172 4.89257812500000e-01 2.39373207092285e-01
173 4.50195312500000e-01 2.02675819396973e-01
174 4.49707031250000e-01 2.02236413955688e-01
175 4.17480468750000e-01 1.74289941787720e-01
176 4.24316406250000e-01 1.80044412612915e-01
177 4.07226562500000e-01 1.65833473205566e-01
178 4.09667968750000e-01 1.67827844619751e-01
179 3.98925781250000e-01 1.59141778945923e-01
180 3.73535156250000e-01 1.39528512954712e-01
181 3.67675781250000e-01 1.35185480117798e-01
182 3.55468750000000e-01 1.26358032226562e-01
183 3.19824218750000e-01 1.02287530899048e-01
184 3.23730468750000e-01 1.04801416397095e-01
185 3.27148437500000e-01 1.07026100158691e-01
186 4.10644531250000e-01 1.68628931045532e-01
187 3.76464843750000e-01 1.41725778579712e-01
188 5.15136718750000e-01 2.65365839004517e-01
189 5.28320312500000e-01 2.79122352600098e-01
190 5.33203125000000e-01 2.84305572509766e-01
191 4.83398437500000e-01 2.33674049377441e-01
192 4.38476562500000e-01 1.92261695861816e-01
193 4.38476562500000e-01 1.92261695861816e-01
194 4.42871093750000e-01 1.96134805679321e-01
195 4.80468750000000e-01 2.30850219726562e-01
196 4.59960937500000e-01 2.11564064025879e-01
197 4.37011718750000e-01 1.90979242324829e-01
198 4.71191406250000e-01 2.22021341323853e-01
199 4.28222656250000e-01 1.83374643325806e-01
200 3.30566406250000e-01 1.09274148941040e-01
201 3.69140625000000e-01 1.36264801025391e-01
202 4.30175781250000e-01 1.85051202774048e-01
203 4.49218750000000e-01 2.01797485351562e-01
204 4.52636718750000e-01 2.04879999160767e-01
205 5.32226562500000e-01 2.83265113830566e-01
206 4.83886718750000e-01 2.34146356582642e-01
207 5.16601562500000e-01 2.66877174377441e-01
208 5.20996093750000e-01 2.71436929702759e-01
209 5.22460937500000e-01 2.72965431213379e-01
210 5.46386718750000e-01 2.98538446426392e-01
211 5.27343750000000e-01 2.78091430664062e-01
212 4.62890625000000e-01 2.14267730712891e-01
213 4.61914062500000e-01 2.13364601135254e-01
214 4.06250000000000e-01 1.65039062500000e-01
215 4.12597656250000e-01 1.70236825942993e-01
216 4.30664062500000e-01 1.85471534729004e-01
217 4.65332031250000e-01 2.16533899307251e-01
218 4.95605468750000e-01 2.45624780654907e-01
219 4.94628906250000e-01 2.44657754898071e-01
220 4.97070312500000e-01 2.47078895568848e-01
221 4.57519531250000e-01 2.09324121475220e-01
222 4.06250000000000e-01 1.65039062500000e-01
223 3.61328125000000e-01 1.30558013916016e-01
224 3.52539062500000e-01 1.24283790588379e-01
225 3.56445312500000e-01 1.27053260803223e-01
226 3.26660156250000e-01 1.06706857681274e-01
227 3.40332031250000e-01 1.15825891494751e-01
228 3.36425781250000e-01 1.13182306289673e-01
229 3.45214843750000e-01 1.19173288345337e-01
230 2.49511718750000e-01 6.22560977935791e-02
231 3.12988281250000e-01 9.79616641998291e-02
232 3.16406250000000e-01 1.00112915039062e-01
233 3.00781250000000e-01 9.04693603515625e-02
234 2.59277343750000e-01 6.72247409820557e-02
235 2.67089843750000e-01 7.13369846343994e-02
236 2.04101562500000e-01 4.16574478149414e-02
237 2.53906250000000e-01 6.44683837890625e-02
238 2.92968750000000e-01 8.58306884765625e-02
239 3.12988281250000e-01 9.79616641998291e-02
240 3.36914062500000e-01 1.13511085510254e-01
241 3.31542968750000e-01 1.09920740127563e-01
242 3.36425781250000e-01 1.13182306289673e-01
243 3.45703125000000e-01 1.19510650634766e-01
244 3.54492187500000e-01 1.25664710998535e-01
245 3.02734375000000e-01 9.16481018066406e-02
246 3.42773437500000e-01 1.17493629455566e-01
247 3.43750000000000e-01 1.18164062500000e-01
248 3.42285156250000e-01 1.17159128189087e-01
249 3.24218750000000e-01 1.05117797851562e-01
250 2.66601562500000e-01 7.10763931274414e-02
251 3.14453125000000e-01 9.88807678222656e-02
252 2.85156250000000e-01 8.13140869140625e-02
253 2.54394531250000e-01 6.47165775299072e-02
254 2.28515625000000e-01 5.22193908691406e-02
255 2.22167968750000e-01 4.93586063385010e-02
256 2.25585937500000e-01 5.08890151977539e-02
257 2.01171875000000e-01 4.04701232910156e-02
258 1.71386718750000e-01 2.93734073638916e-02
259 2.06542968750000e-01 4.26599979400635e-02
260 2.22167968750000e-01 4.93586063385010e-02
261 1.97753906250000e-01 3.91066074371338e-02
262 1.15722656250000e-01 1.33917331695557e-02
263 7.86132812500000e-02 6.18004798889160e-03
264 8.34960937500000e-02 6.97159767150879e-03
265 1.85546875000000e-02 3.44276428222656e-04
266 8.78906250000000e-02 7.72476196289062e-03
267 1.10351562500000e-01 1.21774673461914e-02
268 1.57226562500000e-01 2.47201919555664e-02
269 1.53320312500000e-01 2.35071182250977e-02
270 1.04980468750000e-01 1.10208988189697e-02
271 7.71484375000000e-02 5.95188140869141e-03
272 1.08886718750000e-01 1.18563175201416e-02
273 9.52148437500000e-02 9.06586647033691e-03
274 2.09960937500000e-02 4.40835952758789e-04
275 9.27734375000000e-03 8.60691070556641e-05
276 3.56445312500000e-02 1.27053260803223e-03
277 7.91015625000000e-02 6.25705718994141e-03
278 5.22460937500000e-02 2.72965431213379e-03
279 5.56640625000000e-02 3.09848785400391e-03
280 2.92968750000000e-03 8.58306884765625e-06
281 4.44335937500000e-02 1.97434425354004e-03
282 3.71093750000000e-02 1.37710571289062e-03
283 1.04980468750000e-01 1.10208988189697e-02
284 6.00585937500000e-02 3.60703468322754e-03
285 1.95312500000000e-02 3.81469726562500e-04
286 5.76171875000000e-02 3.31974029541016e-03
287 6.83593750000000e-02 4.67300415039062e-03
288 1.40136718750000e-01 1.96382999420166e-02
289 2.08007812500000e-01 4.32672500610352e-02
290 2.04101562500000e-01 4.16574478149414e-02
291 2.58300781250000e-01 6.67192935943604e-02
292 2.75390625000000e-01 7.58399963378906e-02
293 3.27148437500000e-01 1.07026100158691e-01
294 3.80859375000000e-01 1.45053863525391e-01
295 4.06738281250000e-01 1.65436029434204e-01
296 3.86718750000000e-01 1.49551391601562e-01
297 3.43750000000000e-01 1.18164062500000e-01
298 3.47167968750000e-01 1.20525598526001e-01
299 3.09570312500000e-01 9.58337783813477e-02
300 2.77832031250000e-01 7.71906375885010e-02
301 2.67089843750000e-01 7.13369846343994e-02
302 2.65625000000000e-01 7.05566406250000e-02
303 2.78320312500000e-01 7.74621963500977e-02
304 1.96777343750000e-01 3.87213230133057e-02
305 1.21582031250000e-01 1.47821903228760e-02
306 7.42187500000000e-02 5.50842285156250e-03
307 9.42382812500000e-02 8.88085365295410e-03
308 9.71679687500000e-02 9.44161415100098e-03
309 1.63574218750000e-01 2.67565250396729e-02
310 1.28906250000000e-01 1.66168212890625e-02
311 1.65527343750000e-01 2.73993015289307e-02
312 1.94335937500000e-01 3.77664566040039e-02
313 1.96289062500000e-01 3.85293960571289e-02
314 2.26074218750000e-01 5.11095523834229e-02
315 2.29003906250000e-01 5.24427890777588e-02
316 2.82226562500000e-01 7.96518325805664e-02
317 3.06640625000000e-01 9.40284729003906e-02
318 2.70019531250000e-01 7.29105472564697e-02
319 3.29101562500000e-01 1.08307838439941e-01
320 3.76953125000000e-01 1.42093658447266e-01
321 4.14550781250000e-01 1.71852350234985e-01
322 4.29687500000000e-01 1.84631347656250e-01
323 5.01953125000000e-01 2.51956939697266e-01
324 4.96582031250000e-01 2.46593713760376e-01
325 4.96093750000000e-01 2.46109008789062e-01
326 4.94140625000000e-01 2.44174957275391e-01
327 4.99511718750000e-01 2.49511957168579e-01
328 4.55566406250000e-01 2.07540750503540e-01
329 4.96582031250000e-01 2.46593713760376e-01
330 5.14648437500000e-01 2.64863014221191e-01
331 4.78027343750000e-01 2.28510141372681e-01
332 4.79003906250000e-01 2.29444742202759e-01
333 4.84863281250000e-01 2.35092401504517e-01
334 5.02929687500000e-01 2.52938270568848e-01
335 4.77050781250000e-01 2.27577447891235e-01
336 4.71679687500000e-01 2.22481727600098e-01
337 4.76074218750000e-01 2.26646661758423e-01
338 4.71679687500000e-01 2.22481727600098e-01
339 4.84375000000000e-01 2.34619140625000e-01
340 5.34667968750000e-01 2.85869836807251e-01
341 6.06445312500000e-01 3.67775917053223e-01
342 5.39550781250000e-01 2.91115045547485e-01
343 5.03906250000000e-01 2.53921508789062e-01
344 4.93652343750000e-01 2.43692636489868e-01
345 5.53222656250000e-01 3.06055307388306e-01
346 5.78125000000000e-01 3.34228515625000e-01
347 5.26367187500000e-01 2.77062416076660e-01
348 5.73730468750000e-01 3.29166650772095e-01
349 5.28320312500000e-01 2.79122352600098e-01
350 5.82031250000000e-01 3.38760375976562e-01
351 5.55664062500000e-01 3.08762550354004e-01
352 5.30273437500000e-01 2.81189918518066e-01
353 5.27832031250000e-01 2.78606653213501e-01
354 5.51757812500000e-01 3.04436683654785e-01
355 5.46875000000000e-01 2.99072265625000e-01
356 5.20507812500000e-01 2.70928382873535e-01
357 5.32714843750000e-01 2.83785104751587e-01
358 6.25000000000000e-01 3.90625000000000e-01
359 7.14843750000000e-01 5.11001586914062e-01
360 7.08984375000000e-01 5.02658843994141e-01
361 6.88964843750000e-01 4.74672555923462e-01
362 6.32324218750000e-01 3.99833917617798e-01
363 5.91308593750000e-01 3.49645853042603e-01
364 5.31250000000000e-01 2.82226562500000e-01
365 5.35644531250000e-01 2.86915063858032e-01
366 5.09277343750000e-01 2.59363412857056e-01
367 5.05371093750000e-01 2.55399942398071e-01
368 5.04394531250000e-01 2.54413843154907e-01
369 4.79980468750000e-01 2.30381250381470e-01
370 4.93652343750000e-01 2.43692636489868e-01
371 4.94628906250000e-01 2.44657754898071e-01
372 4.80468750000000e-01 2.30850219726562e-01
373 4.58984375000000e-01 2.10666656494141e-01
374 3.55468750000000e-01 1.26358032226562e-01
375 3.37890625000000e-01 1.14170074462891e-01
376 3.67675781250000e-01 1.35185480117798e-01
377 4.01855468750000e-01 1.61487817764282e-01
378 5.50292968750000e-01 3.02822351455688e-01
379 5.41015625000000e-01 2.92697906494141e-01
380 5.21972656250000e-01 2.72455453872681e-01
381 5.95214843750000e-01 3.54280710220337e-01
382 5.81542968750000e-01 3.38192224502563e-01
383 6.26464843750000e-01 3.92458200454712e-01
384 5.95703125000000e-01 3.54862213134766e-01
385 5.64941406250000e-01 3.19158792495728e-01
386 5.85937500000000e-01 3.43322753906250e-01
387 5.81542968750000e-01 3.38192224502563e-01
388 6.20605468750000e-01 3.85151147842407e-01
389 5.95703125000000e-01 3.54862213134766e-01
390 6.37207031250000e-01 4.06032800674438e-01
391 5.92285156250000e-01 3.50801706314087e-01
392 6.27441406250000e-01 3.93682718276978e-01
393 6.57714843750000e-01 4.32588815689087e-01
394 6.49902343750000e-01 4.22373056411743e-01
395 6.61621093750000e-01 4.37742471694946e-01
396 6.75781250000000e-01 4.56680297851562e-01
397 7.30957031250000e-01 5.34298181533813e-01
398 6.85546875000000e-01 4.69974517822266e-01
399 6.89453125000000e-01 4.75345611572266e-01
400 6.89941406250000e-01 4.76019144058228e-01
401 6.74804687500000e-01 4.55361366271973e-01
402 6.65039062500000e-01 4.42276954650879e-01
403 7.09960937500000e-01 5.04044532775879e-01
404 6.90917968750000e-01 4.77367639541626e-01
405 7.43164062500000e-01 5.52292823791504e-01
406 7.94921875000000e-01 6.31900787353516e-01
407 7.43652343750000e-01 5.53018808364868e-01
408 7.54394531250000e-01 5.69111108779907e-01
409 7.78808593750000e-01 6.06542825698853e-01
410 7.37792968750000e-01 5.44338464736938e-01
411 7.21191406250000e-01 5.20117044448853e-01
412 7.19238281250000e-01 5.17303705215454e-01
413 7.46582031250000e-01 5.57384729385376e-01
414 7.66601562500000e-01 5.87677955627441e-01
415 7.29492187500000e-01 5.32158851623535e-01
416 7.37792968750000e-01 5.44338464736938e-01
417 7.24609375000000e-01 5.25058746337891e-01
418 6.60156250000000e-01 4.35806274414062e-01
419 6.11328125000000e-01 3.73722076416016e-01
420 6.25976562500000e-01 3.91846656799316e-01
421 7.05566406250000e-01 4.97823953628540e-01
422 6.60156250000000e-01 4.35806274414062e-01
423 5.92773437500000e-01 3.51380348205566e-01
424 5.98632812500000e-01 3.58361244201660e-01
425 5.56152343750000e-01 3.09305429458618e-01
426 4.93164062500000e-01 2.43210792541504e-01
427 4.46777343750000e-01 1.99609994888306e-01
428 4.79980468750000e-01 2.30381250381470e-01
429 4.44824218750000e-01 1.97868585586548e-01
430 3.96972656250000e-01 1.57587289810181e-01
431 4.84375000000000e-01 2.34619140625000e-01
432 5.20019531250000e-01 2.70420312881470e-01
433 5.00976562500000e-01 2.50977516174316e-01
434 4.79980468750000e-01 2.30381250381470e-01
435 4.08691406250000e-01 1.67028665542603e-01
436 3.48632812500000e-01 1.21544837951660e-01
437 4.23339843750000e-01 1.79216623306274e-01
438 3.17871093750000e-01 1.01042032241821e-01
439 3.10058593750000e-01 9.61363315582275e-02
440 3.80371093750000e-01 1.44682168960571e-01
441 4.81445312500000e-01 2.31789588928223e-01
442 4.46777343750000e-01 1.99609994888306e-01
443 4.66796875000000e-01 2.17899322509766e-01
444 4.64355468750000e-01 2.15626001358032e-01
445 4.80957031250000e-01 2.31319665908813e-01
446 5.70312500000000e-01 3.25256347656250e-01
447 5.27343750000000e-01 2.78091430664062e-01
448 4.87304687500000e-01 2.37465858459473e-01
449 4.26757812500000e-01 1.82122230529785e-01
450 4.36523437500000e-01 1.90552711486816e-01
451 4.12109375000000e-01 1.69834136962891e-01
452 4.60937500000000e-01 2.12463378906250e-01
453 4.48730468750000e-01 2.01359033584595e-01
454 4.33105468750000e-01 1.87580347061157e-01
455 4.48730468750000e-01 2.01359033584595e-01
456 4.59960937500000e-01 2.11564064025879e-01
457 4.99023437500000e-01 2.49024391174316e-01
458 4.25292968750000e-01 1.80874109268188e-01
459 4.80468750000000e-01 2.30850219726562e-01
460 4.96582031250000e-01 2.46593713760376e-01
461 3.94531250000000e-01 1.55654907226562e-01
462 3.85253906250000e-01 1.48420572280884e-01
463 4.46777343750000e-01 1.99609994888306e-01
464 4.95117187500000e-01 2.45141029357910e-01
465 5.01953125000000e-01 2.51956939697266e-01
466 4.81445312500000e-01 2.31789588928223e-01
467 4.82421875000000e-01 2.32730865478516e-01
468 4.23339843750000e-01 1.79216623306274e-01
469 4.05273437500000e-01 1.64246559143066e-01
470 4.73632812500000e-01 2.24328041076660e-01
471 4.84863281250000e-01 2.35092401504517e-01
472 4.41894531250000e-01 1.95270776748657e-01
473 4.50195312500000e-01 2.02675819396973e-01
474 4.14062500000000e-01 1.71447753906250e-01
475 4.27734375000000e-01 1.82956695556641e-01
476 4.03808593750000e-01 1.63061380386353e-01
477 3.95996093750000e-01 1.56812906265259e-01
478 4.79980468750000e-01 2.30381250381470e-01
479 4.53125000000000e-01 2.05322265625000e-01
480 5.37597656250000e-01 2.89011240005493e-01
481 4.59472656250000e-01 2.11115121841431e-01
482 4.88281250000000e-01 2.38418579101562e-01
483 4.85351562500000e-01 2.35566139221191e-01
484 4.91210937500000e-01 2.41288185119629e-01
485 4.91210937500000e-01 2.41288185119629e-01
486 4.92187500000000e-01 2.42248535156250e-01
487 4.93652343750000e-01 2.43692636489868e-01
488 5.30273437500000e-01 2.81189918518066e-01
489 5.61035156250000e-01 3.14760446548462e-01
490 6.09375000000000e-01 3.71337890625000e-01
491 5.58105468750000e-01 3.11481714248657e-01
492 5.85449218750000e-01 3.42750787734985e-01
493 5.62500000000000e-01 3.16406250000000e-01
494 5.95214843750000e-01 3.54280710220337e-01
495 6.48925781250000e-01 4.21104669570923e-01
496 5.61035156250000e-01 3.14760446548462e-01
497 5.55664062500000e-01 3.08762550354004e-01
498 5.28320312500000e-01 2.79122352600098e-01
499 5.20507812500000e-01 2.70928382873535e-01
500 5.10253906250000e-01 2.60359048843384e-01
501 5.27832031250000e-01 2.78606653213501e-01
502 5.28808593750000e-01 2.79638528823853e-01
503 4.65820312500000e-01 2.16988563537598e-01
504 4.04785156250000e-01 1.63851022720337e-01
505 3.75976562500000e-01 1.41358375549316e-01
506 4.38964843750000e-01 1.92690134048462e-01
507 4.59472656250000e-01 2.11115121841431e-01
508 4.92675781250000e-01 2.42729425430298e-01
509 4.53613281250000e-01 2.05765008926392e-01
510 4.62890625000000e-01 2.14267730712891e-01
511 4.01367187500000e-01 1.61095619201660e-01
512 4.06738281250000e-01 1.65436029434204e-01
513 3.25195312500000e-01 1.05751991271973e-01
514 3.48632812500000e-01 1.21544837951660e-01
515 3.69628906250000e-01 1.36625528335571e-01
516 3.93554687500000e-01 1.54885292053223e-01
517 3.64257812500000e-01 1.32683753967285e-01
518 3.72070312500000e-01 1.38436317443848e-01
519 3.26171875000000e-01 1.06388092041016e-01
520 3.08593750000000e-01 9.52301025390625e-02
521 3.58886718750000e-01 1.28799676895142e-01
522 3.28125000000000e-01 1.07666015625000e-01
523 3.71093750000000e-01 1.37710571289062e-01
524 3.63769531250000e-01 1.32328271865845e-01
525 3.19824218750000e-01 1.02287530899048e-01
526 3.45703125000000e-01 1.19510650634766e-01
527 3.28125000000000e-01 1.07666015625000e-01
528 3.69628906250000e-01 1.36625528335571e-01
529 3.50097656250000e-01 1.22568368911743e-01
530 2.97363281250000e-01 8.84249210357666e-02
531 2.31445312500000e-01 5.35669326782227e-02
532 2.21679687500000e-01 4.91418838500977e-02
533 1.83593750000000e-01 3.37066650390625e-02
534 2.80273437500000e-01 7.85531997680664e-02
535 2.91503906250000e-01 8.49745273590088e-02
536 3.11523437500000e-01 9.70468521118164e-02
537 3.02246093750000e-01 9.13527011871338e-02
538 3.10546875000000e-01 9.64393615722656e-02
539 2.18261718750000e-01 4.76381778717041e-02
540 2.20703125000000e-01 4.87098693847656e-02
541 2.19726562500000e-01 4.82797622680664e-02
542 2.53906250000000e-01 6.44683837890625e-02
543 2.46582031250000e-01 6.08026981353760e-02
544 2.13378906250000e-01 4.55305576324463e-02
545 1.78710937500000e-01 3.19375991821289e-02
546 2.00683593750000e-01 4.02739048004150e-02
547 2.13867187500000e-01 4.57391738891602e-02
548 1.80664062500000e-01 3.26395034790039e-02
549 2.06542968750000e-01 4.26599979400635e-02
550 2.11914062500000e-01 4.49075698852539e-02
551 1.79687500000000e-01 3.22875976562500e-02
552 1.46484375000000e-01 2.14576721191406e-02
553 1.53808593750000e-01 2.36570835113525e-02
554 1.36718750000000e-01 1.86920166015625e-02
555 1.16699218750000e-01 1.36187076568604e-02
556 1.12304687500000e-01 1.26123428344727e-02
557 1.47949218750000e-01 2.18889713287354e-02
558 1.23046875000000e-01 1.51405334472656e-02
559 3.07617187500000e-02 9.46283340454102e-04
560 5.27343750000000e-02 2.78091430664062e-03
561 6.54296875000000e-02 4.28104400634766e-03
562 3.71093750000000e-02 1.37710571289062e-03
563 9.76562500000000e-04 9.53674316406250e-07
564 4.34570312500000e-02 1.88851356506348e-03
565 1.03515625000000e-01 1.07154846191406e-02
566 1.51367187500000e-01 2.29120254516602e-02
567 2.02148437500000e-01 4.08639907836914e-02
568 1.06445312500000e-01 1.13306045532227e-02
569 9.27734375000000e-02 8.60691070556641e-03
570 5.71289062500000e-02 3.26371192932129e-03
571 8.83789062500000e-02 7.81083106994629e-03
572 7.86132812500000e-02 6.18004798889160e-03
573 1.29394531250000e-01 1.67429447174072e-02
574 5.46875000000000e-02 2.99072265625000e-03
575 5.61523437500000e-02 3.15308570861816e-03
576 1.09863281250000e-01 1.20699405670166e-02
577 7.37304687500000e-02 5.43618202209473e-03
578 8.59375000000000e-02 7.38525390625000e-03
579 6.25000000000000e-02 3.90625000000000e-03
580 1.30859375000000e-01 1.71241760253906e-02
581 2.63671875000000e-02 6.95228576660156e-04
582 7.32421875000000e-03 5.36441802978516e-05
583 8.30078125000000e-03 6.89029693603516e-05
584 8.78906250000000e-03 7.72476196289062e-05
585 4.39453125000000e-02 1.93119049072266e-03
586 1.12304687500000e-02 1.26123428344727e-04
587 5.22460937500000e-02 2.72965431213379e-03
588 1.22070312500000e-02 1.49011611938477e-04
589 2.97851562500000e-02 8.87155532836914e-04
590 1.29882812500000e-01 1.68695449829102e-02
591 8.69140625000000e-02 7.55405426025391e-03
592 1.12304687500000e-01 1.26123428344727e-02
593 1.65039062500000e-01 2.72378921508789e-02
594 1.39160156250000e-01 1.93655490875244e-02
595 6.83593750000000e-02 4.67300415039062e-03
596 6.05468750000000e-02 3.66592407226562e-03
597 4.29687500000000e-02 1.84631347656250e-03
598 6.83593750000000e-03 4.67300415039062e-05
599 5.81054687500000e-02 3.37624549865723e-03
600 9.96093750000000e-02 9.92202758789062e-03
601 1.32324218750000e-01 1.75096988677979e-02
602 1.00585937500000e-01 1.01175308227539e-02
603 7.71484375000000e-02 5.95188140869141e-03
604 3.17382812500000e-02 1.00731849670410e-03
605 5.17578125000000e-02 2.67887115478516e-03
606 1.21093750000000e-01 1.46636962890625e-02
607 7.27539062500000e-02 5.29313087463379e-03
608 5.37109375000000e-02 2.88486480712891e-03
609 5.41992187500000e-02 2.93755531311035e-03
610 5.22460937500000e-02 2.72965431213379e-03
611 5.41992187500000e-02 2.93755531311035e-03
612 1.90429687500000e-02 3.62634658813477e-04
613 6.34765625000000e-02 4.02927398681641e-03
614 2.09960937500000e-02 4.40835952758789e-04
615 7.51953125000000e-02 5.65433502197266e-03
616 8.15429687500000e-02 6.64925575256348e-03
617 8.93554687500000e-02 7.98439979553223e-03
618 4.24804687500000e-02 1.80459022521973e-03
619 1.46484375000000e-02 2.14576721191406e-04
620 2.09960937500000e-02 4.40835952758789e-04
621 2.92968750000000e-02 8.58306884765625e-04
622 5.02929687500000e-02 2.52938270568848e-03
623 2.73437500000000e-02 7.47680664062500e-04
624 8.25195312500000e-02 6.80947303771973e-03
625 7.95898437500000e-02 6.33454322814941e-03
626 1.28417968750000e-01 1.64911746978760e-02
627 1.79687500000000e-01 3.22875976562500e-02
628 1.89453125000000e-01 3.58924865722656e-02
629 2.55371093750000e-01 6.52143955230713e-02
630 1.84570312500000e-01 3.40662002563477e-02
631 1.92382812500000e-01 3.70111465454102e-02
632 1.87988281250000e-01 3.53395938873291e-02
633 1.72363281250000e-01 2.97091007232666e-02
634 1.65527343750000e-01 2.73993015289307e-02
635 1.87500000000000e-01 3.51562500000000e-02
636 2.10937500000000e-01 4.44946289062500e-02
637 2.31933593750000e-01 5.37931919097900e-02
638 2.50976562500000e-01 6.29892349243164e-02
639 2.12402343750000e-01 4.51147556304932e-02
640 2.49023437500000e-01 6.20126724243164e-02
641 3.89648437500000e-01 1.51825904846191e-01
642 4.57031250000000e-01 2.08877563476562e-01
643 4.44335937500000e-01 1.97434425354004e-01
644 5.45410156250000e-01 2.97472238540649e-01
645 4.59472656250000e-01 2.11115121841431e-01
646 4.48242187500000e-01 2.00921058654785e-01
647 4.29687500000000e-01 1.84631347656250e-01
648 4.44335937500000e-01 1.97434425354004e-01
649 5.10742187500000e-01 2.60857582092285e-01
650 5.45898437500000e-01 2.98005104064941e-01
651 5.45898437500000e-01 2.98005104064941e-01
652 5.97167968750000e-01 3.56609582901001e-01
653 5.83984375000000e-01 3.41037750244141e-01
654 6.36230468750000e-01 4.04789209365845e-01
655 5.81054687500000e-01 3.37624549865723e-01
656 5.99121093750000e-01 3.58946084976196e-01
657 5.24414062500000e-01 2.75010108947754e-01
658 4.85351562500000e-01 2.35566139221191e-01
659 3.87695312500000e-01 1.50307655334473e-01
660 4.84375000000000e-01 2.34619140625000e-01
661 4.05761718750000e-01 1.64642572402954e-01
662 4.08691406250000e-01 1.67028665542603e-01
663 4.13085937500000e-01 1.70639991760254e-01
664 3.71582031250000e-01 1.38073205947876e-01
665 3.68652343750000e-01 1.35904550552368e-01
666 3.08593750000000e-01 9.52301025390625e-02
667 2.92480468750000e-01 8.55448246002197e-02
668 3.51074218750000e-01 1.23253107070923e-01
669 3.60351562500000e-01 1.29853248596191e-01
670 3.69140625000000e-01 1.36264801025391e-01
671 3.33496093750000e-01 1.11219644546509e-01
672 3.85253906250000e-01 1.48420572280884e-01
673 3.92578125000000e-01 1.54117584228516e-01
674 3.97949218750000e-01 1.58363580703735e-01
675 3.56445312500000e-01 1.27053260803223e-01
676 3.19824218750000e-01 1.02287530899048e-01
677 3.87207031250000e-01 1.49929285049438e-01
678 3.33007812500000e-01 1.10894203186035e-01
679 2.60742187500000e-01 6.79864883422852e-02
680 2.60742187500000e-01 6.79864883422852e-02
681 2.07519531250000e-01 4.30643558502197e-02
682 2.33886718750000e-01 5.47029972076416e-02
683 2.93457031250000e-01 8.61170291900635e-02
684 2.72460937500000e-01 7.42349624633789e-02
685 1.92871093750000e-01 3.71992588043213e-02
686 9.32617187500000e-02 8.69774818420410e-03
687 5.71289062500000e-02 3.26371192932129e-03
688 7.22656250000000e-02 5.22232055664062e-03
689 1.46484375000000e-02 2.14576721191406e-04
690 2.05078125000000e-02 4.20570373535156e-04
691 3.66210937500000e-02 1.34110450744629e-03
692 4.68750000000000e-02 2.19726562500000e-03
693 4.19921875000000e-02 1.76334381103516e-03
694 5.46875000000000e-02 2.99072265625000e-03
695 4.05273437500000e-02 1.64246559143066e-03
696 2.53906250000000e-02 6.44683837890625e-04
697 4.19921875000000e-02 1.76334381103516e-03
698 9.27734375000000e-03 8.60691070556641e-05
699 1.46484375000000e-02 2.14576721191406e-04
700 2.34375000000000e-02 5.49316406250000e-04
701 3.07617187500000e-02 9.46283340454102e-04
702 7.81250000000000e-02 6.10351562500000e-03
703 1.60644531250000e-01 2.58066654205322e-02
704 1.83593750000000e-01 3.37066650390625e-02
705 2.24609375000000e-01 5.04493713378906e-02
706 2.14355468750000e-01 4.59482669830322e-02
707 2.13378906250000e-01 4.55305576324463e-02
708 2.55371093750000e-01 6.52143955230713e-02
709 2.13378906250000e-01 4.55305576324463e-02
710 2.22656250000000e-01 4.95758056640625e-02
711 2.42187500000000e-01 5.86547851562500e-02
712 2.47070312500000e-01 6.10437393188477e-02
713 1.59667968750000e-01 2.54938602447510e-02
714 1.43066406250000e-01 2.04679965972900e-02
715 1.54785156250000e-01 2.39584445953369e-02
716 1.73339843750000e-01 3.00467014312744e-02
717 2.01660156250000e-01 4.06668186187744e-02
718 1.38671875000000e-01 1.92298889160156e-02
719 1.70410156250000e-01 2.90396213531494e-02
720 1.95312500000000e-01 3.81469726562500e-02
721 2.35351562500000e-01 5.53903579711914e-02
722 1.68457031250000e-01 2.83777713775635e-02
723 1.27929687500000e-01 1.63660049438477e-02
724 1.13281250000000e-01 1.28326416015625e-02
725 1.12304687500000e-01 1.26123428344727e-02
726 2.09960937500000e-02 4.40835952758789e-04
727 6.44531250000000e-02 4.15420532226562e-03
728 9.47265625000000e-02 8.97312164306641e-03
729 9.76562500000000e-02 9.53674316406250e-03
730 4.05273437500000e-02 1.64246559143066e-03
731 3.80859375000000e-02 1.45053863525391e-03
732 4.05273437500000e-02 1.64246559143066e-03
733 9.03320312500000e-02 8.15987586975098e-03
734 1.39160156250000e-01 1.93655490875244e-02
735 1.83105468750000e-01 3.35276126861572e-02
736 1.65527343750000e-01 2.73993015289307e-02
737 2.00683593750000e-01 4.02739048004150e-02
738 2.09960937500000e-01 4.40835952758789e-02
739 1.79687500000000e-01 3.22875976562500e-02
740 2.11425781250000e-01 4.47008609771729e-02
741 2.91503906250000e-01 8.49745273590088e-02
742 2.84179687500000e-01 8.07580947875977e-02
743 3.04687500000000e-01 9.28344726562500e-02
744 3.42285156250000e-01 1.17159128189087e-01
745 3.03222656250000e-01 9.19439792633057e-02
746 4.14550781250000e-01 1.71852350234985e-01
747 4.01367187500000e-01 1.61095619201660e-01
748 4.16992187500000e-01 1.73882484436035e-01
749 4.26757812500000e-01 1.82122230529785e-01
750 4.66796875000000e-01 2.17899322509766e-01
751 5.26855468750000e-01 2.77576684951782e-01
752 6.28417968750000e-01 3.94909143447876e-01
753 5.58105468750000e-01 3.11481714248657e-01
754 5.68359375000000e-01 3.23032379150391e-01
755 5.92773437500000e-01 3.51380348205566e-01
756 5.88378906250000e-01 3.46189737319946e-01
757 6.12304687500000e-01 3.74917030334473e-01
758 5.93261718750000e-01 3.51959466934204e-01
759 5.89355468750000e-01 3.47339868545532e-01
760 5.54199218750000e-01 3.07136774063110e-01
761 5.22460937500000e-01 2.72965431213379e-01
762 5.64453125000000e-01 3.18607330322266e-01
763 5.23437500000000e-01 2.73986816406250e-01
764 4.99511718750000e-01 2.49511957168579e-01
765 4.96582031250000e-01 2.46593713760376e-01
766 5.07324218750000e-01 2.57377862930298e-01
767 4.16015625000000e-01 1.73069000244141e-01
768 4.40917968750000e-01 1.94408655166626e-01
769 4.61914062500000e-01 2.13364601135254e-01
770 4.83886718750000e-01 2.34146356582642e-01
771 4.94628906250000e-01 2.44657754898071e-01
772 4.91210937500000e-01 2.41288185119629e-01
773 5.96191406250000e-01 3.55444192886353e-01
774 6.16699218750000e-01 3.80317926406860e-01
775 5.95703125000000e-01 3.54862213134766e-01
776 6.06933593750000e-01 3.68368387222290e-01
777 5.34179687500000e-01 2.85347938537598e-01
778 5.26855468750000e-01 2.77576684951782e-01
779 5.06835937500000e-01 2.56882667541504e-01
780 5.26855468750000e-01 2.77576684951782e-01
781 5.50781250000000e-01 3.03359985351562e-01
782 5.24902343750000e-01 2.75522470474243e-01
783 5.47363281250000e-01 2.99606561660767e-01
784 4.80468750000000e-01 2.30850219726562e-01
785 4.77539062500000e-01 2.28043556213379e-01
786 3.72558593750000e-01 1.38799905776978e-01
787 3.82324218750000e-01 1.46171808242798e-01
788 4.35058593750000e-01 1.89275979995728e-01
789 4.51660156250000e-01 2.03996896743774e-01
790 4.45800781250000e-01 1.98738336563110e-01
791 4.67773437500000e-01 2.18811988830566e-01
792 4.65332031250000e-01 2.16533899307251e-01
793 4.98535156250000e-01 2.48537302017212e-01
794 5.18554687500000e-01 2.68898963928223e-01
795 5.29785156250000e-01 2.80672311782837e-01
796 5.42480468750000e-01 2.94285058975220e-01
797 5.91796875000000e-01 3.50223541259766e-01
798 5.70312500000000e-01 3.25256347656250e-01
799 5.63964843750000e-01 3.18056344985962e-01
800 5.80078125000000e-01 3.36490631103516e-01
801 6.20117187500000e-01 3.84545326232910e-01
802 6.58691406250000e-01 4.33874368667603e-01
803 6.50390625000000e-01 4.23007965087891e-01
804 6.17675781250000e-01 3.81523370742798e-01
805 6.16210937500000e-01 3.79715919494629e-01
806 5.90332031250000e-01 3.48491907119751e-01
807 5.55175781250000e-01 3.08220148086548e-01
808 5.85449218750000e-01 3.42750787734985e-01
809 6.26953125000000e-01 3.93070220947266e-01
810 6.66503906250000e-01 4.44227457046509e-01
811 6.50878906250000e-01 4.23643350601196e-01
812 6.42578125000000e-01 4.12906646728516e-01
813 7.03613281250000e-01 4.95071649551392e-01
814 6.84570312500000e-01 4.68636512756348e-01
815 6.72851562500000e-01 4.52729225158691e-01
816 6.77246093750000e-01 4.58662271499634e-01
817 6.71875000000000e-01 4.51416015625000e-01
818 6.40625000000000e-01 4.10400390625000e-01
819 6.40136718750000e-01 4.09775018692017e-01
820 6.27929687500000e-01 3.94295692443848e-01
821 6.03027343750000e-01 3.63641977310181e-01
822 6.33300781250000e-01 4.01069879531860e-01
823 5.59570312500000e-01 3.13118934631348e-01
824 5.04882812500000e-01 2.54906654357910e-01
825 5.90332031250000e-01 3.48491907119751e-01
826 5.47851562500000e-01 3.00141334533691e-01
827 5.59082031250000e-01 3.12572717666626e-01
828 5.37109375000000e-01 2.88486480712891e-01
829 4.76562500000000e-01 2.27111816406250e-01
830 4.79492187500000e-01 2.29912757873535e-01
831 4.80468750000000e-01 2.30850219726562e-01
832 5.30761718750000e-01 2.81708002090454e-01
833 6.01074218750000e-01 3.61290216445923e-01
834 6.62109375000000e-01 4.38388824462891e-01
835 6.09863281250000e-01 3.71933221817017e-01
836 5.72265625000000e-01 3.27487945556641e-01
837 6.22070312500000e-01 3.86971473693848e-01
838 6.03515625000000e-01 3.64231109619141e-01
839 6.45507812500000e-01 4.16680335998535e-01
840 6.43554687500000e-01 4.14162635803223e-01
841 6.14746093750000e-01 3.77912759780884e-01
842 6.09375000000000e-01 3.71337890625000e-01
843 6.54785156250000e-01 4.28743600845337e-01
844 6.64062500000000e-01 4.40979003906250e-01
845 6.74316406250000e-01 4.54702615737915e-01
846 6.72851562500000e-01 4.52729225158691e-01
847 6.64550781250000e-01 4.41627740859985e-01
848 7.00195312500000e-01 4.90273475646973e-01
849 6.97265625000000e-01 4.86179351806641e-01
850 6.21093750000000e-01 3.85757446289062e-01
851 5.94238281250000e-01 3.53119134902954e-01
852 5.82031250000000e-01 3.38760375976562e-01
853 5.98632812500000e-01 3.58361244201660e-01
854 5.86425781250000e-01 3.43895196914673e-01
855 6.08886718750000e-01 3.70743036270142e-01
856 5.74218750000000e-01 3.29727172851562e-01
857 5.94238281250000e-01 3.53119134902954e-01
858 6.12792968750000e-01 3.75515222549438e-01
859 6.93359375000000e-01 4.80747222900391e-01
860 7.37304687500000e-01 5.43618202209473e-01
861 6.85546875000000e-01 4.69974517822266e-01
862 7.01171875000000e-01 4.91641998291016e-01
863 7.19726562500000e-01 5.18006324768066e-01
864 6.94824218750000e-01 4.82780694961548e-01
865 5.91308593750000e-01 3.49645853042603e-01
866 5.31250000000000e-01 2.82226562500000e-01
867 5.30273437500000e-01 2.81189918518066e-01
868 4.97558593750000e-01 2.47564554214478e-01
869 5.57128906250000e-01 3.10392618179321e-01
870 5.96679687500000e-01 3.56026649475098e-01
871 5.85449218750000e-01 3.42750787734985e-01
872 6.59667968750000e-01 4.35161828994751e-01
873 6.44531250000000e-01 4.15420532226562e-01
874 6.47949218750000e-01 4.19838190078735e-01
875 6.67480468750000e-01 4.45530176162720e-01
876 6.49902343750000e-01 4.22373056411743e-01
877 6.69921875000000e-01 4.48795318603516e-01
878 6.65527343750000e-01 4.42926645278931e-01
879 6.67968750000000e-01 4.46182250976562e-01
880 6.49414062500000e-01 4.21738624572754e-01
881 6.86523437500000e-01 4.71314430236816e-01
882 7.16796875000000e-01 5.13797760009766e-01
883 7.09960937500000e-01 5.04044532775879e-01
884 7.13867187500000e-01 5.09606361389160e-01
885 7.38769531250000e-01 5.45780420303345e-01
886 7.04101562500000e-01 4.95759010314941e-01
887 7.45117187500000e-01 5.55199623107910e-01
888 6.99707031250000e-01 4.89589929580688e-01
889 6.85546875000000e-01 4.69974517822266e-01
890 6.20117187500000e-01 3.84545326232910e-01
891 6.33789062500000e-01 4.01688575744629e-01
892 5.96191406250000e-01 3.55444192886353e-01
893 5.71289062500000e-01 3.26371192932129e-01
894 5.63476562500000e-01 3.17505836486816e-01
895 5.84960937500000e-01 3.42179298400879e-01
896 6.15234375000000e-01 3.78513336181641e-01
897 6.36718750000000e-01 4.05410766601562e-01
898 5.44433593750000e-01 2.96407938003540e-01
899 5.47363281250000e-01 2.99606561660767e-01
900 5.97167968750000e-01 3.56609582901001e-01
901 6.26953125000000e-01 3.93070220947266e-01
902 6.26953125000000e-01 3.93070220947266e-01
903 6.62109375000000e-01 4.38388824462891e-01
904 6.20605468750000e-01 3.85151147842407e-01
905 6.00585937500000e-01 3.60703468322754e-01
906 5.75195312500000e-01 3.30849647521973e-01
907 6.25976562500000e-01 3.91846656799316e-01
908 5.81054687500000e-01 3.37624549865723e-01
909 6.19140625000000e-01 3.83335113525391e-01
910 6.39160156250000e-01 4.08525705337524e-01
911 6.76757812500000e-01 4.58001136779785e-01
912 7.05078125000000e-01 4.97135162353516e-01
913 6.48925781250000e-01 4.21104669570923e-01
914 6.31835937500000e-01 3.99216651916504e-01
915 6.55273437500000e-01 4.29383277893066e-01
916 6.72851562500000e-01 4.52729225158691e-01
917 6.49414062500000e-01 4.21738624572754e-01
918 6.65527343750000e-01 4.42926645278931e-01
919 6.65527343750000e-01 4.42926645278931e-01
920 6.71875000000000e-01 4.51416015625000e-01
921 6.44531250000000e-01 4.15420532226562e-01
922 6.75292968750000e-01 4.56020593643188e-01
923 6.46484375000000e-01 4.17942047119141e-01
924 5.81054687500000e-01 3.37624549865723e-01
925 5.37109375000000e-01 2.88486480712891e-01
926 5.18554687500000e-01 2.68898963928223e-01
927 5.04394531250000e-01 2.54413843154907e-01
928 4.70214843750000e-01 2.21101999282837e-01
929 5.29785156250000e-01 2.80672311782837e-01
930 5.21484375000000e-01 2.71945953369141e-01
931 5.47851562500000e-01 3.00141334533691e-01
932 6.42578125000000e-01 4.12906646728516e-01
933 6.08398437500000e-01 3.70148658752441e-01
934 6.59179687500000e-01 4.34517860412598e-01
935 6.50390625000000e-01 4.23007965087891e-01
936 5.78125000000000e-01 3.34228515625000e-01
937 5.98144531250000e-01 3.57776880264282e-01
938 5.56152343750000e-01 3.09305429458618e-01
939 5.87890625000000e-01 3.45615386962891e-01
940 6.34277343750000e-01 4.02307748794556e-01
941 6.19140625000000e-01 3.83335113525391e-01
942 6.02539062500000e-01 3.63053321838379e-01
943 6.30371093750000e-01 3.97367715835571e-01
944 6.91894531250000e-01 4.78718042373657e-01
945 6.76269531250000e-01 4.57340478897095e-01
946 6.28906250000000e-01 3.95523071289062e-01
947 6.55761718750000e-01 4.30023431777954e-01
948 6.69921875000000e-01 4.48795318603516e-01
949 6.78222656250000e-01 4.59985971450806e-01
950 6.43554687500000e-01 4.14162635803223e-01
951 6.90917968750000e-01 4.77367639541626e-01
952 6.71875000000000e-01 4.51416015625000e-01
953 6.97265625000000e-01 4.86179351806641e-01
954 6.91406250000000e-01 4.78042602539062e-01
955 6.55761718750000e-01 4.30023431777954e-01
956 6.89453125000000e-01 4.75345611572266e-01
957 6.87500000000000e-01 4.72656250000000e-01
958 6.53808593750000e-01 4.27465677261353e-01
959 7.55371093750000e-01 5.70585489273071e-01
960 7.94921875000000e-01 6.31900787353516e-01
961 7.50000000000000e-01 5.62500000000000e-01
962 7.49023437500000e-01 5.61036109924316e-01
963 7.80273437500000e-01 6.08826637268066e-01
964 7.45605468750000e-01 5.55927515029907e-01
965 7.56835937500000e-01 5.72800636291504e-01
966 7.63671875000000e-01 5.83194732666016e-01
967 7.06054687500000e-01 4.98513221740723e-01
968 7.00195312500000e-01 4.90273475646973e-01
969 6.20117187500000e-01 3.84545326232910e-01
970 6.09375000000000e-01 3.71337890625000e-01
971 5.82031250000000e-01 3.38760375976562e-01
972 5.38085937500000e-01 2.89536476135254e-01
973 6.13281250000000e-01 3.76113891601562e-01
974 6.06933593750000e-01 3.68368387222290e-01
975 6.21093750000000e-01 3.85757446289062e-01
976 6.45507812500000e-01 4.16680335998535e-01
977 5.68359375000000e-01 3.23032379150391e-01
978 5.90820312500000e-01 3.49068641662598e-01
979 6.18164062500000e-01 3.82126808166504e-01
980 6.03515625000000e-01 3.64231109619141e-01
981 6.49902343750000e-01 4.22373056411743e-01
982 6.91406250000000e-01 4.78042602539062e-01
983 6.88476562500000e-01 4.73999977111816e-01
984 6.44531250000000e-01 4.15420532226562e-01
985 6.59179687500000e-01 4.34517860412598e-01
986 6.95312500000000e-01 4.83459472656250e-01
987 6.77246093750000e-01 4.58662271499634e-01
988 6.17675781250000e-01 3.81523370742798e-01
989 6.22558593750000e-01 3.87579202651978e-01
990 6.75781250000000e-01 4.56680297851562e-01
991 6.84570312500000e-01 4.68636512756348e-01
992 6.38671875000000e-01 4.07901763916016e-01
993 6.62109375000000e-01 4.38388824462891e-01
994 7.20703125000000e-01 5.19412994384766e-01
995 7.32910156250000e-01 5.37157297134399e-01
996 6.93359375000000e-01 4.80747222900391e-01
997 6.92382812500000e-01 4.79393959045410e-01
998 6.82617187500000e-01 4.65966224670410e-01
999 7.01660156250000e-01 4.92326974868774e-01
