0 6.28417968750000e-01 3.94909143447876e-01
1 6.29882812500000e-01 3.96752357482910e-01
2 5.62011718750000e-01 3.15857172012329e-01
3 6.04492187500000e-01 3.65410804748535e-01
4 5.77636718750000e-01 3.33664178848267e-01
5 5.65917968750000e-01 3.20263147354126e-01
6 5.33203125000000e-01 2.84305572509766e-01
7 4.61425781250000e-01 2.12913751602173e-01
8 4.60449218750000e-01 2.12013483047485e-01
9 5.67871093750000e-01 3.22477579116821e-01
10 5.29785156250000e-01 2.80672311782837e-01
11 5.50292968750000e-01 3.02822351455688e-01
12 5.42480468750000e-01 2.94285058975220e-01
13 6.06933593750000e-01 3.68368387222290e-01
14 6.25000000000000e-01 3.90625000000000e-01
15 5.96191406250000e-01 3.55444192886353e-01
16 6.51855468750000e-01 4.24915552139282e-01
17 6.47460937500000e-01 4.19205665588379e-01
18 6.43066406250000e-01 4.13534402847290e-01
19 6.65527343750000e-01 4.42926645278931e-01
20 7.44140625000000e-01 5.53745269775391e-01
21 7.46093750000000e-01 5.56655883789062e-01
22 7.01660156250000e-01 4.92326974868774e-01
23 6.84570312500000e-01 4.68636512756348e-01
24 7.10449218750000e-01 5.04738092422485e-01
25 7.37304687500000e-01 5.43618202209473e-01
26 7.39257812500000e-01 5.46502113342285e-01
27 7.22656250000000e-01 5.22232055664062e-01
28 7.02636718750000e-01 4.93698358535767e-01
29 6.36718750000000e-01 4.05410766601562e-01
30 6.41601562500000e-01 4.11652565002441e-01
31 6.20605468750000e-01 3.85151147842407e-01
32 6.22070312500000e-01 3.86971473693848e-01
33 5.51269531250000e-01 3.03898096084595e-01
34 5.73242187500000e-01 3.28606605529785e-01
35 5.66894531250000e-01 3.21369409561157e-01
36 6.19140625000000e-01 3.83335113525391e-01
37 6.13769531250000e-01 3.76713037490845e-01
38 6.05957031250000e-01 3.67183923721313e-01
39 6.12304687500000e-01 3.74917030334473e-01
40 6.64550781250000e-01 4.41627740859985e-01
41 6.08886718750000e-01 3.70743036270142e-01
42 6.07910156250000e-01 3.69554758071899e-01
43 6.44531250000000e-01 4.15420532226562e-01
44 6.37207031250000e-01 4.06032800674438e-01
45 6.34277343750000e-01 4.02307748794556e-01
46 5.87890625000000e-01 3.45615386962891e-01
47 6.24023437500000e-01 3.89405250549316e-01
48 6.61621093750000e-01 4.37742471694946e-01
49 7.22167968750000e-01 5.21526575088501e-01
50 7.01171875000000e-01 4.91641998291016e-01
51 6.19628906250000e-01 3.83939981460571e-01
52 5.60546875000000e-01 3.14212799072266e-01
53 4.51660156250000e-01 2.03996896743774e-01
54 4.78027343750000e-01 2.28510141372681e-01
55 4.05273437500000e-01 1.64246559143066e-01
56 3.90136718750000e-01 1.52206659317017e-01
57 4.04785156250000e-01 1.63851022720337e-01
58 3.80371093750000e-01 1.44682168960571e-01
59 3.72070312500000e-01 1.38436317443848e-01
60 2.95898437500000e-01 8.75558853149414e-02
61 3.36425781250000e-01 1.13182306289673e-01
62 2.62207031250000e-01 6.87525272369385e-02
63 2.92480468750000e-01 8.55448246002197e-02
64 2.46093750000000e-01 6.05621337890625e-02
65 3.06152343750000e-01 9.37292575836182e-02
66 4.23339843750000e-01 1.79216623306274e-01
67 3.85253906250000e-01 1.48420572280884e-01
68 3.75488281250000e-01 1.40991449356079e-01
69 3.67675781250000e-01 1.35185480117798e-01
70 4.13574218750000e-01 1.71043634414673e-01
71 4.24316406250000e-01 1.80044412612915e-01
72 4.12597656250000e-01 1.70236825942993e-01
73 3.86230468750000e-01 1.49173974990845e-01
74 4.08691406250000e-01 1.67028665542603e-01
75 4.33105468750000e-01 1.87580347061157e-01
76 4.37011718750000e-01 1.90979242324829e-01
77 4.13574218750000e-01 1.71043634414673e-01
78 4.56054687500000e-01 2.07985877990723e-01
79 4.43847656250000e-01 1.97000741958618e-01
80 4.54589843750000e-01 2.06651926040649e-01
81 4.24804687500000e-01 1.80459022521973e-01
82 3.64746093750000e-01 1.33039712905884e-01
83 3.15917968750000e-01 9.98041629791260e-02
84 3.56933593750000e-01 1.27401590347290e-01
85 3.92089843750000e-01 1.53734445571899e-01
86 3.85253906250000e-01 1.48420572280884e-01
87 3.90625000000000e-01 1.52587890625000e-01
88 3.34472656250000e-01 1.11871957778931e-01
89 4.00390625000000e-01 1.60312652587891e-01
90 4.57519531250000e-01 2.09324121475220e-01
91 5.11718750000000e-01 2.61856079101562e-01
92 5.40527343750000e-01 2.92169809341431e-01
93 4.98535156250000e-01 2.48537302017212e-01
94 5.26367187500000e-01 2.77062416076660e-01
95 5.14648437500000e-01 2.64863014221191e-01
96 5.72753906250000e-01 3.28047037124634e-01
97 6.16699218750000e-01 3.80317926406860e-01
98 5.71777343750000e-01 3.26929330825806e-01
99 5.65917968750000e-01 3.20263147354126e-01
100 5.81054687500000e-01 3.37624549865723e-01
101 5.83496093750000e-01 3.40467691421509e-01
102 5.47363281250000e-01 2.99606561660767e-01
103 5.38085937500000e-01 2.89536476135254e-01
104 5.64941406250000e-01 3.19158792495728e-01
105 5.46386718750000e-01 2.98538446426392e-01
106 6.40625000000000e-01 4.10400390625000e-01
107 6.48437500000000e-01 4.20471191406250e-01
108 5.91308593750000e-01 3.49645853042603e-01
109 5.39550781250000e-01 2.91115045547485e-01
110 5.99121093750000e-01 3.58946084976196e-01
111 5.49804687500000e-01 3.02285194396973e-01
112 5.80078125000000e-01 3.36490631103516e-01
113 5.77148437500000e-01 3.33100318908691e-01
114 5.74707031250000e-01 3.30288171768188e-01
115 5.28320312500000e-01 2.79122352600098e-01
116 5.54687500000000e-01 3.07678222656250e-01
117 5.86425781250000e-01 3.43895196914673e-01
118 5.20507812500000e-01 2.70928382873535e-01
119 5.36132812500000e-01 2.87438392639160e-01
120 5.52246093750000e-01 3.04975748062134e-01
121 5.33691406250000e-01 2.84826517105103e-01
122 5.32714843750000e-01 2.83785104751587e-01
123 5.55664062500000e-01 3.08762550354004e-01
124 5.16113281250000e-01 2.66372919082642e-01
125 4.77539062500000e-01 2.28043556213379e-01
126 4.79492187500000e-01 2.29912757873535e-01
127 5.16113281250000e-01 2.66372919082642e-01
128 5.26367187500000e-01 2.77062416076660e-01
129 5.21972656250000e-01 2.72455453872681e-01
130 4.63867187500000e-01 2.15172767639160e-01
131 4.72167968750000e-01 2.22942590713501e-01
132 4.63867187500000e-01 2.15172767639160e-01
133 4.52636718750000e-01 2.04879999160767e-01
134 4.52148437500000e-01 2.04438209533691e-01
135 4.60937500000000e-01 2.12463378906250e-01
136 4.54101562500000e-01 2.06208229064941e-01
137 4.29687500000000e-01 1.84631347656250e-01
138 4.57031250000000e-01 2.08877563476562e-01
139 5.04882812500000e-01 2.54906654357910e-01
140 4.83886718750000e-01 2.34146356582642e-01
141 5.64941406250000e-01 3.19158792495728e-01
142 5.59082031250000e-01 3.12572717666626e-01
143 6.55273437500000e-01 4.29383277893066e-01
144 6.45019531250000e-01 4.16050195693970e-01
145 5.97167968750000e-01 3.56609582901001e-01
146 6.17187500000000e-01 3.80920410156250e-01
147 6.53320312500000e-01 4.26827430725098e-01
148 6.40625000000000e-01 4.10400390625000e-01
149 5.92285156250000e-01 3.50801706314087e-01
150 6.23535156250000e-01 3.88796091079712e-01
151 6.08886718750000e-01 3.70743036270142e-01
152 6.00097656250000e-01 3.60117197036743e-01
153 5.66894531250000e-01 3.21369409561157e-01
154 5.56152343750000e-01 3.09305429458618e-01
155 5.48339843750000e-01 3.00676584243774e-01
156 5.63476562500000e-01 3.17505836486816e-01
157 5.91308593750000e-01 3.49645853042603e-01
158 5.83984375000000e-01 3.41037750244141e-01
159 5.94238281250000e-01 3.53119134902954e-01
160 6.26953125000000e-01 3.93070220947266e-01
161 6.63085937500000e-01 4.39682960510254e-01
162 5.99121093750000e-01 3.58946084976196e-01
163 6.02539062500000e-01 3.63053321838379e-01
164 6.39160156250000e-01 4.08525705337524e-01
165 6.67968750000000e-01 4.46182250976562e-01
166 6.81640625000000e-01 4.64633941650391e-01
167 6.68457031250000e-01 4.46834802627563e-01
168 6.10351562500000e-01 3.72529029846191e-01
169 5.80566406250000e-01 3.37057352066040e-01
170 6.03515625000000e-01 3.64231109619141e-01
171 6.10351562500000e-01 3.72529029846191e-01
172 5.89843750000000e-01 3.47915649414062e-01
173 5.93750000000000e-01 3.52539062500000e-01
174 6.04003906250000e-01 3.64820718765259e-01
175 5.88378906250000e-01 3.46189737319946e-01
176 6.61621093750000e-01 4.37742471694946e-01
177 5.96679687500000e-01 3.56026649475098e-01
178 5.84960937500000e-01 3.42179298400879e-01
179 5.65917968750000e-01 3.20263147354126e-01
180 5.77148437500000e-01 3.33100318908691e-01
181 5.22949218750000e-01 2.73475885391235e-01
182 5.16113281250000e-01 2.66372919082642e-01
183 4.84863281250000e-01 2.35092401504517e-01
184 4.42871093750000e-01 1.96134805679321e-01
185 4.77050781250000e-01 2.27577447891235e-01
186 4.21875000000000e-01 1.77978515625000e-01
187 4.31640625000000e-01 1.86313629150391e-01
188 4.01367187500000e-01 1.61095619201660e-01
189 4.53613281250000e-01 2.05765008926392e-01
190 4.89746093750000e-01 2.39851236343384e-01
191 4.94140625000000e-01 2.44174957275391e-01
192 4.21386718750000e-01 1.77566766738892e-01
193 4.50683593750000e-01 2.03115701675415e-01
194 4.29199218750000e-01 1.84211969375610e-01
195 4.16992187500000e-01 1.73882484436035e-01
196 4.18457031250000e-01 1.75106287002563e-01
197 4.86816406250000e-01 2.36990213394165e-01
198 4.71191406250000e-01 2.22021341323853e-01
199 4.67773437500000e-01 2.18811988830566e-01
200 4.51171875000000e-01 2.03556060791016e-01
201 3.84765625000000e-01 1.48044586181641e-01
202 3.60351562500000e-01 1.29853248596191e-01
203 3.51074218750000e-01 1.23253107070923e-01
204 4.17480468750000e-01 1.74289941787720e-01
205 4.38476562500000e-01 1.92261695861816e-01
206 3.85742187500000e-01 1.48797035217285e-01
207 4.55078125000000e-01 2.07096099853516e-01
208 4.54589843750000e-01 2.06651926040649e-01
209 3.31542968750000e-01 1.09920740127563e-01
210 3.90136718750000e-01 1.52206659317017e-01
211 3.52539062500000e-01 1.24283790588379e-01
212 3.53515625000000e-01 1.24973297119141e-01
213 4.33593750000000e-01 1.88003540039062e-01
214 3.37402343750000e-01 1.13840341567993e-01
215 3.47167968750000e-01 1.20525598526001e-01
216 2.55859375000000e-01 6.54640197753906e-02
217 2.77832031250000e-01 7.71906375885010e-02
218 2.82226562500000e-01 7.96518325805664e-02
219 2.49511718750000e-01 6.22560977935791e-02
220 2.88574218750000e-01 8.32750797271729e-02
221 2.76367187500000e-01 7.63788223266602e-02
222 2.57324218750000e-01 6.62157535552979e-02
223 2.33398437500000e-01 5.44748306274414e-02
224 3.12500000000000e-01 9.76562500000000e-02
225 3.13964843750000e-01 9.85739231109619e-02
226 3.23730468750000e-01 1.04801416397095e-01
227 2.24609375000000e-01 5.04493713378906e-02
228 2.12890625000000e-01 4.53224182128906e-02
229 1.73828125000000e-01 3.02162170410156e-02
230 1.07421875000000e-01 1.15394592285156e-02
231 5.07812500000000e-02 2.57873535156250e-03
232 3.56445312500000e-02 1.27053260803223e-03
233 1.17187500000000e-02 1.37329101562500e-04
234 5.51757812500000e-02 3.04436683654785e-03
235 9.37500000000000e-02 8.78906250000000e-03
236 7.03125000000000e-02 4.94384765625000e-03
237 7.51953125000000e-02 5.65433502197266e-03
238 4.93164062500000e-02 2.43210792541504e-03
239 1.51367187500000e-02 2.29120254516602e-04
240 1.95312500000000e-03 3.81469726562500e-06
241 2.29492187500000e-02 5.26666641235352e-04
242 5.51757812500000e-02 3.04436683654785e-03
243 1.00097656250000e-01 1.00195407867432e-02
244 1.90429687500000e-02 3.62634658813477e-04
245 1.36718750000000e-02 1.86920166015625e-04
246 3.75976562500000e-02 1.41358375549316e-03
247 1.02539062500000e-02 1.05142593383789e-04
248 6.34765625000000e-03 4.02927398681641e-05
249 1.51367187500000e-02 2.29120254516602e-04
250 1.17187500000000e-02 1.37329101562500e-04
251 7.32421875000000e-03 5.36441802978516e-05
252 1.51367187500000e-02 2.29120254516602e-04
253 6.10351562500000e-02 3.72529029846191e-03
254 1.13769531250000e-01 1.29435062408447e-02
255 1.47460937500000e-01 2.17447280883789e-02
256 1.19140625000000e-01 1.41944885253906e-02
257 6.54296875000000e-02 4.28104400634766e-03
258 3.27148437500000e-02 1.07026100158691e-03
259 1.17187500000000e-02 1.37329101562500e-04
260 8.74023437500000e-02 7.63916969299316e-03
261 1.14746093750000e-01 1.31666660308838e-02
262 1.29882812500000e-01 1.68695449829102e-02
263 1.38183593750000e-01 1.90947055816650e-02
264 2.21679687500000e-01 4.91418838500977e-02
265 2.21191406250000e-01 4.89256381988525e-02
266 2.13867187500000e-01 4.57391738891602e-02
267 1.92382812500000e-01 3.70111465454102e-02
268 2.29980468750000e-01 5.28910160064697e-02
269 2.26562500000000e-01 5.13305664062500e-02
270 2.26562500000000e-01 5.13305664062500e-02
271 2.74902343750000e-01 7.55712985992432e-02
272 3.33007812500000e-01 1.10894203186035e-01
273 3.24218750000000e-01 1.05117797851562e-01
274 3.84765625000000e-01 1.48044586181641e-01
275 3.23242187500000e-01 1.04485511779785e-01
276 3.31054687500000e-01 1.09597206115723e-01
277 3.27148437500000e-01 1.07026100158691e-01
278 2.42187500000000e-01 5.86547851562500e-02
279 2.66113281250000e-01 7.08162784576416e-02
280 2.84667968750000e-01 8.10358524322510e-02
281 2.70507812500000e-01 7.31744766235352e-02
282 2.48535156250000e-01 6.17697238922119e-02
283 2.26562500000000e-01 5.13305664062500e-02
284 3.06640625000000e-01 9.40284729003906e-02
285 2.19238281250000e-01 4.80654239654541e-02
286 2.74902343750000e-01 7.55712985992432e-02
287 2.64160156250000e-01 6.97805881500244e-02
288 2.12402343750000e-01 4.51147556304932e-02
289 2.06542968750000e-01 4.26599979400635e-02
290 2.31445312500000e-01 5.35669326782227e-02
291 2.32421875000000e-01 5.40199279785156e-02
292 2.40722656250000e-01 5.79473972320557e-02
293 2.52929687500000e-01 6.39734268188477e-02
294 2.94433593750000e-01 8.66911411285400e-02
295 3.06640625000000e-01 9.40284729003906e-02
296 3.00292968750000e-01 9.01758670806885e-02
297 2.30957031250000e-01 5.33411502838135e-02
298 2.00195312500000e-01 4.00781631469727e-02
299 1.63085937500000e-01 2.65970230102539e-02
300 1.99707031250000e-01 3.98828983306885e-02
301 2.62695312500000e-01 6.90088272094727e-02
302 2.85156250000000e-01 8.13140869140625e-02
303 3.12988281250000e-01 9.79616641998291e-02
304 2.39257812500000e-01 5.72443008422852e-02
305 3.49121093750000e-01 1.21885538101196e-01
306 3.77929687500000e-01 1.42830848693848e-01
307 4.00878906250000e-01 1.60703897476196e-01
308 3.20312500000000e-01 1.02600097656250e-01
309 2.59765625000000e-01 6.74781799316406e-02
310 2.57812500000000e-01 6.64672851562500e-02
311 2.70996093750000e-01 7.34388828277588e-02
312 3.10058593750000e-01 9.61363315582275e-02
313 2.91992187500000e-01 8.52594375610352e-02
314 2.44140625000000e-01 5.96046447753906e-02
315 2.29003906250000e-01 5.24427890777588e-02
316 1.57226562500000e-01 2.47201919555664e-02
317 1.78222656250000e-01 3.17633152008057e-02
318 1.86035156250000e-01 3.46090793609619e-02
319 2.64648437500000e-01 7.00387954711914e-02
320 2.89062500000000e-01 8.35571289062500e-02
321 3.14453125000000e-01 9.88807678222656e-02
322 3.75000000000000e-01 1.40625000000000e-01
323 3.50585937500000e-01 1.22910499572754e-01
324 3.22753906250000e-01 1.04170083999634e-01
325 2.86621093750000e-01 8.21516513824463e-02
326 2.81738281250000e-01 7.93764591217041e-02
327 2.75390625000000e-01 7.58399963378906e-02
328 2.79785156250000e-01 7.82797336578369e-02
329 2.76855468750000e-01 7.66489505767822e-02
330 3.20800781250000e-01 1.02913141250610e-01
331 3.29101562500000e-01 1.08307838439941e-01
332 3.51074218750000e-01 1.23253107070923e-01
333 3.71093750000000e-01 1.37710571289062e-01
334 3.72070312500000e-01 1.38436317443848e-01
335 3.77929687500000e-01 1.42830848693848e-01
336 3.63769531250000e-01 1.32328271865845e-01
337 2.65625000000000e-01 7.05566406250000e-02
338 2.61718750000000e-01 6.84967041015625e-02
339 1.83105468750000e-01 3.35276126861572e-02
340 2.14355468750000e-01 4.59482669830322e-02
341 1.04003906250000e-01 1.08168125152588e-02
342 1.02050781250000e-01 1.04143619537354e-02
343 1.19628906250000e-01 1.43110752105713e-02
344 3.07617187500000e-02 9.46283340454102e-04
345 7.81250000000000e-03 6.10351562500000e-05
346 2.39257812500000e-02 5.72443008422852e-04
347 6.34765625000000e-03 4.02927398681641e-05
348 2.39257812500000e-02 5.72443008422852e-04
349 8.30078125000000e-02 6.89029693603516e-03
350 8.83789062500000e-02 7.81083106994629e-03
351 1.38183593750000e-01 1.90947055816650e-02
352 2.05566406250000e-01 4.22575473785400e-02
353 1.38671875000000e-01 1.92298889160156e-02
354 1.20117187500000e-01 1.44281387329102e-02
355 1.36230468750000e-01 1.85587406158447e-02
356 1.38671875000000e-01 1.92298889160156e-02
357 9.27734375000000e-02 8.60691070556641e-03
358 7.81250000000000e-02 6.10351562500000e-03
359 9.37500000000000e-02 8.78906250000000e-03
360 2.24609375000000e-02 5.04493713378906e-04
361 7.08007812500000e-02 5.01275062561035e-03
362 7.86132812500000e-02 6.18004798889160e-03
363 1.25000000000000e-01 1.56250000000000e-02
364 1.60644531250000e-01 2.58066654205322e-02
365 3.00292968750000e-01 9.01758670806885e-02
366 3.17382812500000e-01 1.00731849670410e-01
367 3.34960937500000e-01 1.12198829650879e-01
368 3.24218750000000e-01 1.05117797851562e-01
369 2.70507812500000e-01 7.31744766235352e-02
370 3.43750000000000e-01 1.18164062500000e-01
371 3.83300781250000e-01 1.46919488906860e-01
372 3.02734375000000e-01 9.16481018066406e-02
373 3.65234375000000e-01 1.33396148681641e-01
374 3.74511718750000e-01 1.40259027481079e-01
375 3.35937500000000e-01 1.12854003906250e-01
376 3.33007812500000e-01 1.10894203186035e-01
377 3.58398437500000e-01 1.28449440002441e-01
378 3.17382812500000e-01 1.00731849670410e-01
379 3.31054687500000e-01 1.09597206115723e-01
380 3.43261718750000e-01 1.17828607559204e-01
381 3.35937500000000e-01 1.12854003906250e-01
382 3.87207031250000e-01 1.49929285049438e-01
383 4.41894531250000e-01 1.95270776748657e-01
384 3.53027343750000e-01 1.24628305435181e-01
385 2.46582031250000e-01 6.08026981353760e-02
386 1.62597656250000e-01 2.64379978179932e-02
387 2.17773437500000e-01 4.74252700805664e-02
388 2.72949218750000e-01 7.45012760162354e-02
389 3.19335937500000e-01 1.01975440979004e-01
390 2.72949218750000e-01 7.45012760162354e-02
391 2.72949218750000e-01 7.45012760162354e-02
392 2.70996093750000e-01 7.34388828277588e-02
393 2.08007812500000e-01 4.32672500610352e-02
394 1.47949218750000e-01 2.18889713287354e-02
395 7.66601562500000e-02 5.87677955627441e-03
396 1.21582031250000e-01 1.47821903228760e-02
397 5.22460937500000e-02 2.72965431213379e-03
398 9.81445312500000e-02 9.63234901428223e-03
399 1.02050781250000e-01 1.04143619537354e-02
400 7.51953125000000e-02 5.65433502197266e-03
401 1.45507812500000e-01 2.11725234985352e-02
402 1.59179687500000e-01 2.53381729125977e-02
403 1.43066406250000e-01 2.04679965972900e-02
404 1.05468750000000e-01 1.11236572265625e-02
405 1.29394531250000e-01 1.67429447174072e-02
406 5.51757812500000e-02 3.04436683654785e-03
407 1.42578125000000e-01 2.03285217285156e-02
408 1.58691406250000e-01 2.51829624176025e-02
409 1.09375000000000e-01 1.19628906250000e-02
410 1.88964843750000e-01 3.57077121734619e-02
411 2.70019531250000e-01 7.29105472564697e-02
412 1.85058593750000e-01 3.42466831207275e-02
413 2.28515625000000e-01 5.22193908691406e-02
414 3.12988281250000e-01 9.79616641998291e-02
415 3.13964843750000e-01 9.85739231109619e-02
416 2.90039062500000e-01 8.41226577758789e-02
417 2.93945312500000e-01 8.64038467407227e-02
418 2.53906250000000e-01 6.44683837890625e-02
419 2.65625000000000e-01 7.05566406250000e-02
420 2.06542968750000e-01 4.26599979400635e-02
421 1.87011718750000e-01 3.49733829498291e-02
422 1.77734375000000e-01 3.15895080566406e-02
423 2.03613281250000e-01 4.14583683013916e-02
424 1.97265625000000e-01 3.89137268066406e-02
425 1.52832031250000e-01 2.33576297760010e-02
426 1.25000000000000e-01 1.56250000000000e-02
427 9.17968750000000e-02 8.42666625976562e-03
428 9.81445312500000e-02 9.63234901428223e-03
429 5.85937500000000e-02 3.43322753906250e-03
430 1.51367187500000e-02 2.29120254516602e-04
431 3.41796875000000e-02 1.16825103759766e-03
432 2.49023437500000e-02 6.20126724243164e-04
433 8.49609375000000e-02 7.21836090087891e-03
434 8.93554687500000e-02 7.98439979553223e-03
435 1.28906250000000e-01 1.66168212890625e-02
436 1.43066406250000e-01 2.04679965972900e-02
437 7.95898437500000e-02 6.33454322814941e-03
438 6.15234375000000e-02 3.78513336181641e-03
439 5.12695312500000e-02 2.62856483459473e-03
440 7.56835937500000e-02 5.72800636291504e-03
441 1.51367187500000e-02 2.29120254516602e-04
442 1.26953125000000e-02 1.61170959472656e-04
443 2.78320312500000e-02 7.74621963500977e-04
444 8.30078125000000e-03 6.89029693603516e-05
445 4.10156250000000e-02 1.68228149414062e-03
446 1.95312500000000e-02 3.81469726562500e-04
447 1.07910156250000e-01 1.16446018218994e-02
448 7.76367187500000e-02 6.02746009826660e-03
449 5.95703125000000e-02 3.54862213134766e-03
450 5.46875000000000e-02 2.99072265625000e-03
451 1.09863281250000e-01 1.20699405670166e-02
452 1.26953125000000e-01 1.61170959472656e-02
453 4.05273437500000e-02 1.64246559143066e-03
454 4.34570312500000e-02 1.88851356506348e-03
455 1.41601562500000e-02 2.00510025024414e-04
456 2.09960937500000e-02 4.40835952758789e-04
457 7.81250000000000e-03 6.10351562500000e-05
458 1.22070312500000e-02 1.49011611938477e-04
459 1.95312500000000e-03 3.81469726562500e-06
460 4.88281250000000e-04 2.38418579101562e-07
461 3.75976562500000e-02 1.41358375549316e-03
462 2.05078125000000e-02 4.20570373535156e-04
463 4.98046875000000e-02 2.48050689697266e-03
464 1.44531250000000e-01 2.08892822265625e-02
465 1.43066406250000e-01 2.04679965972900e-02
466 1.61621093750000e-01 2.61213779449463e-02
467 1.67480468750000e-01 2.80497074127197e-02
468 1.19628906250000e-01 1.43110752105713e-02
469 1.78222656250000e-01 3.17633152008057e-02
470 2.13378906250000e-01 4.55305576324463e-02
471 1.26953125000000e-01 1.61170959472656e-02
472 1.05468750000000e-01 1.11236572265625e-02
473 1.26464843750000e-01 1.59933567047119e-02
474 1.75292968750000e-01 3.07276248931885e-02
475 2.22656250000000e-01 4.95758056640625e-02
476 2.43164062500000e-01 5.91287612915039e-02
477 2.09472656250000e-01 4.38787937164307e-02
478 1.78710937500000e-01 3.19375991821289e-02
479 1.93359375000000e-01 3.73878479003906e-02
480 1.41601562500000e-01 2.00510025024414e-02
481 1.54785156250000e-01 2.39584445953369e-02
482 1.09863281250000e-01 1.20699405670166e-02
483 1.79199218750000e-01 3.21123600006104e-02
484 1.70898437500000e-01 2.92062759399414e-02
485 1.77734375000000e-01 3.15895080566406e-02
486 2.11914062500000e-01 4.49075698852539e-02
487 1.90429687500000e-01 3.62634658813477e-02
488 1.09375000000000e-01 1.19628906250000e-02
489 1.03027343750000e-01 1.06146335601807e-02
490 1.58691406250000e-01 2.51829624176025e-02
491 2.22167968750000e-01 4.93586063385010e-02
492 2.20703125000000e-01 4.87098693847656e-02
493 1.63085937500000e-01 2.65970230102539e-02
494 1.41113281250000e-01 1.99129581451416e-02
495 1.01562500000000e-01 1.03149414062500e-02
496 1.04003906250000e-01 1.08168125152588e-02
497 6.25000000000000e-02 3.90625000000000e-03
498 2.44140625000000e-02 5.96046447753906e-04
499 7.03125000000000e-02 4.94384765625000e-03
500 8.05664062500000e-02 6.49094581604004e-03
501 8.93554687500000e-02 7.98439979553223e-03
502 1.51367187500000e-02 2.29120254516602e-04
503 2.92968750000000e-03 8.58306884765625e-06
504 1.95312500000000e-03 3.81469726562500e-06
505 2.92968750000000e-03 8.58306884765625e-06
506 1.46484375000000e-02 2.14576721191406e-04
507 5.27343750000000e-02 2.78091430664062e-03
508 3.66210937500000e-02 1.34110450744629e-03
509 1.56250000000000e-02 2.44140625000000e-04
510 1.66015625000000e-02 2.75611877441406e-04
511 5.66406250000000e-02 3.20816040039062e-03
512 4.34570312500000e-02 1.88851356506348e-03
513 8.30078125000000e-03 6.89029693603516e-05
514 1.85546875000000e-02 3.44276428222656e-04
515 4.24804687500000e-02 1.80459022521973e-03
516 2.92968750000000e-02 8.58306884765625e-04
517 8.59375000000000e-02 7.38525390625000e-03
518 8.83789062500000e-02 7.81083106994629e-03
519 7.12890625000000e-02 5.08213043212891e-03
520 1.36718750000000e-02 1.86920166015625e-04
521 5.85937500000000e-02 3.43322753906250e-03
522 1.13769531250000e-01 1.29435062408447e-02
523 4.73632812500000e-02 2.24328041076660e-03
524 2.34375000000000e-02 5.49316406250000e-04
525 9.76562500000000e-03 9.53674316406250e-05
526 3.71093750000000e-02 1.37710571289062e-03
527 9.27734375000000e-03 8.60691070556641e-05
528 1.75781250000000e-02 3.08990478515625e-04
529 2.34375000000000e-02 5.49316406250000e-04
530 1.05468750000000e-01 1.11236572265625e-02
531 8.25195312500000e-02 6.80947303771973e-03
532 3.71093750000000e-02 1.37710571289062e-03
533 2.44140625000000e-03 5.96046447753906e-06
534 2.78320312500000e-02 7.74621963500977e-04
535 1.36718750000000e-02 1.86920166015625e-04
536 9.76562500000000e-03 9.53674316406250e-05
537 4.44335937500000e-02 1.97434425354004e-03
538 2.44140625000000e-03 5.96046447753906e-06
539 2.44140625000000e-02 5.96046447753906e-04
540 5.07812500000000e-02 2.57873535156250e-03
541 1.70898437500000e-02 2.92062759399414e-04
542 3.85742187500000e-02 1.48797035217285e-03
543 1.46484375000000e-03 2.14576721191406e-06
544 8.30078125000000e-03 6.89029693603516e-05
545 3.02734375000000e-02 9.16481018066406e-04
546 5.07812500000000e-02 2.57873535156250e-03
547 3.80859375000000e-02 1.45053863525391e-03
548 1.13769531250000e-01 1.29435062408447e-02
549 1.57714843750000e-01 2.48739719390869e-02
550 1.77734375000000e-01 3.15895080566406e-02
551 1.58203125000000e-01 2.50282287597656e-02
552 1.97265625000000e-01 3.89137268066406e-02
553 1.61621093750000e-01 2.61213779449463e-02
554 1.84082031250000e-01 3.38861942291260e-02
555 2.23144531250000e-01 4.97934818267822e-02
556 2.35839843750000e-01 5.56204319000244e-02
557 2.39746093750000e-01 5.74781894683838e-02
558 2.15820312500000e-01 4.65784072875977e-02
559 2.22167968750000e-01 4.93586063385010e-02
560 2.45605468750000e-01 6.03220462799072e-02
561 3.00292968750000e-01 9.01758670806885e-02
562 2.11914062500000e-01 4.49075698852539e-02
563 2.11425781250000e-01 4.47008609771729e-02
564 2.16308593750000e-01 4.67894077301025e-02
565 2.26562500000000e-01 5.13305664062500e-02
566 2.37304687500000e-01 5.63135147094727e-02
567 2.50976562500000e-01 6.29892349243164e-02
568 3.33496093750000e-01 1.11219644546509e-01
569 3.16894531250000e-01 1.00422143936157e-01
570 3.13964843750000e-01 9.85739231109619e-02
571 3.00292968750000e-01 9.01758670806885e-02
572 3.35937500000000e-01 1.12854003906250e-01
573 3.32519531250000e-01 1.10569238662720e-01
574 3.05664062500000e-01 9.34305191040039e-02
575 2.64648437500000e-01 7.00387954711914e-02
576 2.63183593750000e-01 6.92656040191650e-02
577 2.97851562500000e-01 8.87155532836914e-02
578 3.19824218750000e-01 1.02287530899048e-01
579 3.39355468750000e-01 1.15162134170532e-01
580 3.04687500000000e-01 9.28344726562500e-02
581 2.89550781250000e-01 8.38396549224854e-02
582 3.46679687500000e-01 1.20186805725098e-01
583 3.59863281250000e-01 1.29501581192017e-01
584 3.08593750000000e-01 9.52301025390625e-02
585 2.84179687500000e-01 8.07580947875977e-02
586 2.94433593750000e-01 8.66911411285400e-02
587 2.95410156250000e-01 8.72671604156494e-02
588 3.33984375000000e-01 1.11545562744141e-01
589 2.82714843750000e-01 7.99276828765869e-02
590 2.62695312500000e-01 6.90088272094727e-02
591 2.12402343750000e-01 4.51147556304932e-02
592 2.11914062500000e-01 4.49075698852539e-02
593 1.97753906250000e-01 3.91066074371338e-02
594 2.62695312500000e-01 6.90088272094727e-02
595 3.01269531250000e-01 9.07633304595947e-02
596 3.87207031250000e-01 1.49929285049438e-01
597 3.39843750000000e-01 1.15493774414062e-01
598 2.46093750000000e-01 6.05621337890625e-02
599 2.01660156250000e-01 4.06668186187744e-02
600 1.76757812500000e-01 3.12433242797852e-02
601 2.26562500000000e-01 5.13305664062500e-02
602 2.97363281250000e-01 8.84249210357666e-02
603 3.23730468750000e-01 1.04801416397095e-01
604 2.71972656250000e-01 7.39691257476807e-02
605 2.93945312500000e-01 8.64038467407227e-02
606 3.21777343750000e-01 1.03540658950806e-01
607 2.65625000000000e-01 7.05566406250000e-02
608 3.21777343750000e-01 1.03540658950806e-01
609 3.26171875000000e-01 1.06388092041016e-01
610 2.51953125000000e-01 6.34803771972656e-02
611 2.90039062500000e-01 8.41226577758789e-02
612 3.13964843750000e-01 9.85739231109619e-02
613 3.61328125000000e-01 1.30558013916016e-01
614 3.60351562500000e-01 1.29853248596191e-01
615 4.23339843750000e-01 1.79216623306274e-01
616 4.09667968750000e-01 1.67827844619751e-01
617 4.06738281250000e-01 1.65436029434204e-01
618 4.20410156250000e-01 1.76744699478149e-01
619 4.27246093750000e-01 1.82539224624634e-01
620 4.13574218750000e-01 1.71043634414673e-01
621 5.08300781250000e-01 2.58369684219360e-01
622 5.43457031250000e-01 2.95345544815063e-01
623 5.12207031250000e-01 2.62356042861938e-01
624 4.67773437500000e-01 2.18811988830566e-01
625 4.40429687500000e-01 1.93978309631348e-01
626 4.42382812500000e-01 1.95702552795410e-01
627 4.80468750000000e-01 2.30850219726562e-01
628 5.24414062500000e-01 2.75010108947754e-01
629 5.16601562500000e-01 2.66877174377441e-01
630 4.33593750000000e-01 1.88003540039062e-01
631 4.96582031250000e-01 2.46593713760376e-01
632 4.91210937500000e-01 2.41288185119629e-01
633 4.99511718750000e-01 2.49511957168579e-01
634 5.02441406250000e-01 2.52447366714478e-01
635 5.62500000000000e-01 3.16406250000000e-01
636 5.94238281250000e-01 3.53119134902954e-01
637 5.82519531250000e-01 3.39329004287720e-01
638 6.43554687500000e-01 4.14162635803223e-01
639 7.10937500000000e-01 5.05432128906250e-01
640 6.68457031250000e-01 4.46834802627563e-01
641 6.67480468750000e-01 4.45530176162720e-01
642 6.25976562500000e-01 3.91846656799316e-01
643 6.23535156250000e-01 3.88796091079712e-01
644 5.84472656250000e-01 3.41608285903931e-01
645 5.94238281250000e-01 3.53119134902954e-01
646 5.59082031250000e-01 3.12572717666626e-01
647 5.04882812500000e-01 2.54906654357910e-01
648 5.19531250000000e-01 2.69912719726562e-01
649 5.41992187500000e-01 2.93755531311035e-01
650 5.36132812500000e-01 2.87438392639160e-01
651 5.79101562500000e-01 3.35358619689941e-01
652 5.69335937500000e-01 3.24143409729004e-01
653 5.41992187500000e-01 2.93755531311035e-01
654 6.25000000000000e-01 3.90625000000000e-01
655 5.81542968750000e-01 3.38192224502563e-01
656 5.86914062500000e-01 3.44468116760254e-01
657 5.85937500000000e-01 3.43322753906250e-01
658 5.96191406250000e-01 3.55444192886353e-01
659 5.73242187500000e-01 3.28606605529785e-01
660 5.62500000000000e-01 3.16406250000000e-01
661 5.81542968750000e-01 3.38192224502563e-01
662 5.27832031250000e-01 2.78606653213501e-01
663 4.77539062500000e-01 2.28043556213379e-01
664 5.06835937500000e-01 2.56882667541504e-01
665 5.62988281250000e-01 3.16955804824829e-01
666 5.18554687500000e-01 2.68898963928223e-01
667 5.46386718750000e-01 2.98538446426392e-01
668 5.93750000000000e-01 3.52539062500000e-01
669 5.67382812500000e-01 3.21923255920410e-01
670 4.96093750000000e-01 2.46109008789062e-01
671 5.72265625000000e-01 3.27487945556641e-01
672 5.47363281250000e-01 2.99606561660767e-01
673 5.10253906250000e-01 2.60359048843384e-01
674 5.56152343750000e-01 3.09305429458618e-01
675 5.50781250000000e-01 3.03359985351562e-01
676 4.78515625000000e-01 2.28977203369141e-01
677 5.67871093750000e-01 3.22477579116821e-01
678 5.86425781250000e-01 3.43895196914673e-01
679 5.98632812500000e-01 3.58361244201660e-01
680 5.09277343750000e-01 2.59363412857056e-01
681 4.75585937500000e-01 2.26181983947754e-01
682 4.79980468750000e-01 2.30381250381470e-01
683 4.08203125000000e-01 1.66629791259766e-01
684 4.43847656250000e-01 1.97000741958618e-01
685 4.64843750000000e-01 2.16079711914062e-01
686 4.49218750000000e-01 2.01797485351562e-01
687 5.00000000000000e-01 2.50000000000000e-01
688 5.70800781250000e-01 3.25813531875610e-01
689 5.30761718750000e-01 2.81708002090454e-01
690 5.72265625000000e-01 3.27487945556641e-01
691 4.58984375000000e-01 2.10666656494141e-01
692 5.37109375000000e-01 2.88486480712891e-01
693 4.72656250000000e-01 2.23403930664062e-01
694 4.46289062500000e-01 1.99173927307129e-01
695 4.77050781250000e-01 2.27577447891235e-01
696 4.98535156250000e-01 2.48537302017212e-01
697 4.93652343750000e-01 2.43692636489868e-01
698 4.41406250000000e-01 1.94839477539062e-01
699 4.52636718750000e-01 2.04879999160767e-01
700 4.49218750000000e-01 2.01797485351562e-01
701 3.96484375000000e-01 1.57199859619141e-01
702 4.63867187500000e-01 2.15172767639160e-01
703 4.88281250000000e-01 2.38418579101562e-01
704 5.08789062500000e-01 2.58866310119629e-01
705 5.38085937500000e-01 2.89536476135254e-01
706 5.81054687500000e-01 3.37624549865723e-01
707 5.38574218750000e-01 2.90062189102173e-01
708 5.54199218750000e-01 3.07136774063110e-01
709 5.57128906250000e-01 3.10392618179321e-01
710 5.70800781250000e-01 3.25813531875610e-01
711 5.92773437500000e-01 3.51380348205566e-01
712 5.62988281250000e-01 3.16955804824829e-01
713 5.61523437500000e-01 3.15308570861816e-01
714 4.60937500000000e-01 2.12463378906250e-01
715 4.70703125000000e-01 2.21561431884766e-01
716 4.38964843750000e-01 1.92690134048462e-01
717 4.79980468750000e-01 2.30381250381470e-01
718 4.58984375000000e-01 2.10666656494141e-01
719 3.88671875000000e-01 1.51065826416016e-01
720 4.15527343750000e-01 1.72662973403931e-01
721 3.69140625000000e-01 1.36264801025391e-01
722 2.85644531250000e-01 8.15927982330322e-02
723 2.11425781250000e-01 4.47008609771729e-02
724 1.43066406250000e-01 2.04679965972900e-02
725 1.08886718750000e-01 1.18563175201416e-02
726 4.39453125000000e-03 1.93119049072266e-05
727 2.05078125000000e-02 4.20570373535156e-04
728 2.24609375000000e-02 5.04493713378906e-04
729 3.71093750000000e-02 1.37710571289062e-03
730 2.68554687500000e-02 7.21216201782227e-04
731 4.39453125000000e-03 1.93119049072266e-05
732 3.41796875000000e-03 1.16825103759766e-05
733 5.02929687500000e-02 2.52938270568848e-03
734 1.12792968750000e-01 1.27222537994385e-02
735 1.80664062500000e-01 3.26395034790039e-02
736 1.93359375000000e-01 3.73878479003906e-02
737 1.53808593750000e-01 2.36570835113525e-02
738 1.36230468750000e-01 1.85587406158447e-02
739 1.74316406250000e-01 3.03862094879150e-02
740 2.36328125000000e-01 5.58509826660156e-02
741 2.13378906250000e-01 4.55305576324463e-02
742 1.64062500000000e-01 2.69165039062500e-02
743 2.31933593750000e-01 5.37931919097900e-02
744 2.00195312500000e-01 4.00781631469727e-02
745 2.32910156250000e-01 5.42471408843994e-02
746 2.17285156250000e-01 4.72128391265869e-02
747 2.06054687500000e-01 4.24585342407227e-02
748 2.06054687500000e-01 4.24585342407227e-02
749 1.39648437500000e-01 1.95016860961914e-02
750 1.17187500000000e-01 1.37329101562500e-02
751 1.52343750000000e-01 2.32086181640625e-02
752 1.47460937500000e-01 2.17447280883789e-02
753 1.29882812500000e-01 1.68695449829102e-02
754 1.43066406250000e-01 2.04679965972900e-02
755 1.20605468750000e-01 1.45456790924072e-02
756 9.61914062500000e-02 9.25278663635254e-03
757 3.51562500000000e-02 1.23596191406250e-03
758 6.88476562500000e-02 4.73999977111816e-03
759 1.48437500000000e-01 2.20336914062500e-02
760 1.03027343750000e-01 1.06146335601807e-02
761 1.58691406250000e-01 2.51829624176025e-02
762 1.75781250000000e-01 3.08990478515625e-02
763 1.60156250000000e-01 2.56500244140625e-02
764 1.91894531250000e-01 3.68235111236572e-02
765 1.50878906250000e-01 2.27644443511963e-02
766 2.11425781250000e-01 4.47008609771729e-02
767 1.91894531250000e-01 3.68235111236572e-02
768 1.76269531250000e-01 3.10709476470947e-02
769 1.79199218750000e-01 3.21123600006104e-02
770 1.26464843750000e-01 1.59933567047119e-02
771 1.33789062500000e-01 1.78995132446289e-02
772 1.53808593750000e-01 2.36570835113525e-02
773 9.32617187500000e-02 8.69774818420410e-03
774 1.39648437500000e-01 1.95016860961914e-02
775 1.54785156250000e-01 2.39584445953369e-02
776 1.81640625000000e-01 3.29933166503906e-02
777 1.98730468750000e-01 3.94937992095947e-02
778 1.68945312500000e-01 2.85425186157227e-02
779 1.76269531250000e-01 3.10709476470947e-02
780 2.03125000000000e-01 4.12597656250000e-02
781 2.98339843750000e-01 8.90066623687744e-02
782 2.52441406250000e-01 6.37266635894775e-02
783 3.29101562500000e-01 1.08307838439941e-01
784 3.33007812500000e-01 1.10894203186035e-01
785 3.72070312500000e-01 1.38436317443848e-01
786 3.29589843750000e-01 1.08629465103149e-01
787 3.11035156250000e-01 9.67428684234619e-02
788 2.83691406250000e-01 8.04808139801025e-02
789 3.54492187500000e-01 1.25664710998535e-01
790 2.98339843750000e-01 8.90066623687744e-02
791 2.98339843750000e-01 8.90066623687744e-02
792 3.24707031250000e-01 1.05434656143188e-01
793 3.94531250000000e-01 1.55654907226562e-01
794 4.55078125000000e-01 2.07096099853516e-01
795 4.28222656250000e-01 1.83374643325806e-01
796 4.47753906250000e-01 2.00483560562134e-01
797 4.19921875000000e-01 1.76334381103516e-01
798 4.27246093750000e-01 1.82539224624634e-01
799 4.21875000000000e-01 1.77978515625000e-01
800 4.73144531250000e-01 2.23865747451782e-01
801 4.71679687500000e-01 2.22481727600098e-01
802 4.99023437500000e-01 2.49024391174316e-01
803 5.46875000000000e-01 2.99072265625000e-01
804 5.27832031250000e-01 2.78606653213501e-01
805 5.72265625000000e-01 3.27487945556641e-01
806 5.27343750000000e-01 2.78091430664062e-01
807 5.13671875000000e-01 2.63858795166016e-01
808 5.41015625000000e-01 2.92697906494141e-01
809 5.13671875000000e-01 2.63858795166016e-01
810 4.40917968750000e-01 1.94408655166626e-01
811 4.88769531250000e-01 2.38895654678345e-01
812 5.05859375000000e-01 2.55893707275391e-01
813 4.31152343750000e-01 1.85892343521118e-01
814 4.24316406250000e-01 1.80044412612915e-01
815 4.06738281250000e-01 1.65436029434204e-01
816 3.84765625000000e-01 1.48044586181641e-01
817 4.15527343750000e-01 1.72662973403931e-01
818 3.32031250000000e-01 1.10244750976562e-01
819 3.42773437500000e-01 1.17493629455566e-01
820 3.34960937500000e-01 1.12198829650879e-01
821 4.55078125000000e-01 2.07096099853516e-01
822 4.43359375000000e-01 1.96567535400391e-01
823 4.43847656250000e-01 1.97000741958618e-01
824 3.91601562500000e-01 1.53351783752441e-01
825 3.72558593750000e-01 1.38799905776978e-01
826 4.61425781250000e-01 2.12913751602173e-01
827 4.40429687500000e-01 1.93978309631348e-01
828 4.18945312500000e-01 1.75515174865723e-01
829 4.58007812500000e-01 2.09771156311035e-01
830 4.80957031250000e-01 2.31319665908813e-01
831 4.77539062500000e-01 2.28043556213379e-01
832 5.04882812500000e-01 2.54906654357910e-01
833 5.12207031250000e-01 2.62356042861938e-01
834 5.53222656250000e-01 3.06055307388306e-01
835 5.84472656250000e-01 3.41608285903931e-01
836 6.18164062500000e-01 3.82126808166504e-01
837 5.55664062500000e-01 3.08762550354004e-01
838 5.74707031250000e-01 3.30288171768188e-01
839 6.02050781250000e-01 3.62465143203735e-01
840 6.59179687500000e-01 4.34517860412598e-01
841 5.64941406250000e-01 3.19158792495728e-01
842 5.57617187500000e-01 3.10936927795410e-01
843 5.45898437500000e-01 2.98005104064941e-01
844 5.84960937500000e-01 3.42179298400879e-01
845 5.55175781250000e-01 3.08220148086548e-01
846 5.60058593750000e-01 3.13665628433228e-01
847 5.76171875000000e-01 3.31974029541016e-01
848 5.86914062500000e-01 3.44468116760254e-01
849 6.31347656250000e-01 3.98599863052368e-01
850 5.86914062500000e-01 3.44468116760254e-01
851 5.63964843750000e-01 3.18056344985962e-01
852 5.36132812500000e-01 2.87438392639160e-01
853 5.63964843750000e-01 3.18056344985962e-01
854 4.91699218750000e-01 2.41768121719360e-01
855 5.52734375000000e-01 3.05515289306641e-01
856 6.05957031250000e-01 3.67183923721313e-01
857 6.17187500000000e-01 3.80920410156250e-01
858 6.12304687500000e-01 3.74917030334473e-01
859 6.07910156250000e-01 3.69554758071899e-01
860 5.83007812500000e-01 3.39898109436035e-01
861 5.93750000000000e-01 3.52539062500000e-01
862 5.41992187500000e-01 2.93755531311035e-01
863 5.29785156250000e-01 2.80672311782837e-01
864 5.92773437500000e-01 3.51380348205566e-01
865 5.68847656250000e-01 3.23587656021118e-01
866 5.34179687500000e-01 2.85347938537598e-01
867 4.63378906250000e-01 2.14720010757446e-01
868 4.18945312500000e-01 1.75515174865723e-01
869 4.18945312500000e-01 1.75515174865723e-01
870 3.93554687500000e-01 1.54885292053223e-01
871 4.72656250000000e-01 2.23403930664062e-01
872 4.34082031250000e-01 1.88427209854126e-01
873 5.09765625000000e-01 2.59860992431641e-01
874 4.80957031250000e-01 2.31319665908813e-01
875 5.24902343750000e-01 2.75522470474243e-01
876 5.25878906250000e-01 2.76548624038696e-01
877 4.81933593750000e-01 2.32259988784790e-01
878 4.93652343750000e-01 2.43692636489868e-01
879 5.00976562500000e-01 2.50977516174316e-01
880 5.12207031250000e-01 2.62356042861938e-01
881 5.09277343750000e-01 2.59363412857056e-01
882 4.91699218750000e-01 2.41768121719360e-01
883 5.26367187500000e-01 2.77062416076660e-01
884 4.79492187500000e-01 2.29912757873535e-01
885 4.80468750000000e-01 2.30850219726562e-01
886 5.58105468750000e-01 3.11481714248657e-01
887 5.53222656250000e-01 3.06055307388306e-01
888 5.94238281250000e-01 3.53119134902954e-01
889 6.02539062500000e-01 3.63053321838379e-01
890 5.91308593750000e-01 3.49645853042603e-01
891 6.29394531250000e-01 3.96137475967407e-01
892 6.04980468750000e-01 3.66001367568970e-01
893 5.82031250000000e-01 3.38760375976562e-01
894 5.96191406250000e-01 3.55444192886353e-01
895 5.57128906250000e-01 3.10392618179321e-01
896 5.83007812500000e-01 3.39898109436035e-01
897 6.79199218750000e-01 4.61311578750610e-01
898 6.66015625000000e-01 4.43576812744141e-01
899 6.56738281250000e-01 4.31305170059204e-01
900 6.42578125000000e-01 4.12906646728516e-01
901 5.89843750000000e-01 3.47915649414062e-01
902 6.17187500000000e-01 3.80920410156250e-01
903 6.48925781250000e-01 4.21104669570923e-01
904 6.60644531250000e-01 4.36451196670532e-01
905 6.53808593750000e-01 4.27465677261353e-01
906 6.27929687500000e-01 3.94295692443848e-01
907 6.53320312500000e-01 4.26827430725098e-01
908 6.43066406250000e-01 4.13534402847290e-01
909 6.31835937500000e-01 3.99216651916504e-01
910 6.25976562500000e-01 3.91846656799316e-01
911 5.88378906250000e-01 3.46189737319946e-01
912 5.26367187500000e-01 2.77062416076660e-01
913 5.11230468750000e-01 2.61356592178345e-01
914 4.73144531250000e-01 2.23865747451782e-01
915 4.46777343750000e-01 1.99609994888306e-01
916 4.23339843750000e-01 1.79216623306274e-01
917 4.13574218750000e-01 1.71043634414673e-01
918 3.78906250000000e-01 1.43569946289062e-01
919 4.82421875000000e-01 2.32730865478516e-01
920 4.68750000000000e-01 2.19726562500000e-01
921 4.58984375000000e-01 2.10666656494141e-01
922 4.67773437500000e-01 2.18811988830566e-01
923 5.33203125000000e-01 2.84305572509766e-01
924 6.31835937500000e-01 3.99216651916504e-01
925 6.32812500000000e-01 4.00451660156250e-01
926 6.14257812500000e-01 3.77312660217285e-01
927 6.10839843750000e-01 3.73125314712524e-01
928 6.24023437500000e-01 3.89405250549316e-01
929 6.49902343750000e-01 4.22373056411743e-01
930 7.22656250000000e-01 5.22232055664062e-01
931 6.74804687500000e-01 4.55361366271973e-01
932 6.61132812500000e-01 4.37096595764160e-01
933 6.92871093750000e-01 4.80070352554321e-01
934 6.68457031250000e-01 4.46834802627563e-01
935 7.03613281250000e-01 4.95071649551392e-01
936 7.12402343750000e-01 5.07517099380493e-01
937 6.65527343750000e-01 4.42926645278931e-01
938 7.19726562500000e-01 5.18006324768066e-01
939 6.69433593750000e-01 4.48141336441040e-01
940 6.88476562500000e-01 4.73999977111816e-01
941 7.20703125000000e-01 5.19412994384766e-01
942 6.81640625000000e-01 4.64633941650391e-01
943 6.87500000000000e-01 4.72656250000000e-01
944 6.83593750000000e-01 4.67300415039062e-01
945 7.34863281250000e-01 5.40024042129517e-01
946 7.03613281250000e-01 4.95071649551392e-01
947 6.59667968750000e-01 4.35161828994751e-01
948 6.37695312500000e-01 4.06655311584473e-01
949 6.24511718750000e-01 3.90014886856079e-01
950 5.79101562500000e-01 3.35358619689941e-01
951 6.12304687500000e-01 3.74917030334473e-01
952 6.34765625000000e-01 4.02927398681641e-01
953 6.68945312500000e-01 4.47487831115723e-01
954 6.70898437500000e-01 4.50104713439941e-01
955 7.29003906250000e-01 5.31446695327759e-01
956 7.90039062500000e-01 6.24161720275879e-01
957 7.51464843750000e-01 5.64699411392212e-01
958 7.53906250000000e-01 5.68374633789062e-01
959 7.48046875000000e-01 5.59574127197266e-01
960 7.50488281250000e-01 5.63232660293579e-01
961 7.30468750000000e-01 5.33584594726562e-01
962 6.85546875000000e-01 4.69974517822266e-01
963 6.57226562500000e-01 4.31946754455566e-01
964 6.91894531250000e-01 4.78718042373657e-01
965 7.45117187500000e-01 5.55199623107910e-01
966 7.35351562500000e-01 5.40741920471191e-01
967 7.13378906250000e-01 5.08909463882446e-01
968 7.26562500000000e-01 5.27893066406250e-01
969 7.06542968750000e-01 4.99202966690063e-01
970 6.95800781250000e-01 4.84138727188110e-01
971 6.64550781250000e-01 4.41627740859985e-01
972 6.67480468750000e-01 4.45530176162720e-01
973 6.11816406250000e-01 3.74319314956665e-01
974 5.85937500000000e-01 3.43322753906250e-01
975 5.93750000000000e-01 3.52539062500000e-01
976 5.56640625000000e-01 3.09848785400391e-01
977 6.04003906250000e-01 3.64820718765259e-01
978 6.03515625000000e-01 3.64231109619141e-01
979 5.52246093750000e-01 3.04975748062134e-01
980 5.52734375000000e-01 3.05515289306641e-01
981 6.23535156250000e-01 3.88796091079712e-01
982 6.13769531250000e-01 3.76713037490845e-01
983 6.07910156250000e-01 3.69554758071899e-01
984 6.25976562500000e-01 3.91846656799316e-01
985 5.90332031250000e-01 3.48491907119751e-01
986 5.66894531250000e-01 3.21369409561157e-01
987 5.20996093750000e-01 2.71436929702759e-01
988 5.43945312500000e-01 2.95876502990723e-01
989 5.25390625000000e-01 2.76035308837891e-01
990 5.57617187500000e-01 3.10936927795410e-01
991 5.25390625000000e-01 2.76035308837891e-01
992 5.62500000000000e-01 3.16406250000000e-01
993 5.57617187500000e-01 3.10936927795410e-01
994 5.57617187500000e-01 3.10936927795410e-01
995 5.61523437500000e-01 3.15308570861816e-01
996 5.76660156250000e-01 3.32536935806274e-01
997 5.76171875000000e-01 3.31974029541016e-01
998 6.25976562500000e-01 3.91846656799316e-01
999 6.28417968750000e-01 3.94909143447876e-01
