0 5.84472656250000e-01 3.41608285903931e-01
1 5.25878906250000e-01 2.76548624038696e-01
2 5.49316406250000e-01 3.01748514175415e-01
3 4.88769531250000e-01 2.38895654678345e-01
4 4.69238281250000e-01 2.20184564590454e-01
5 4.39453125000000e-01 1.93119049072266e-01
6 3.91601562500000e-01 1.53351783752441e-01
7 3.95996093750000e-01 1.56812906265259e-01
8 4.07714843750000e-01 1.66231393814087e-01
9 4.51660156250000e-01 2.03996896743774e-01
10 4.11132812500000e-01 1.69030189514160e-01
11 4.83886718750000e-01 2.34146356582642e-01
12 4.17968750000000e-01 1.74697875976562e-01
13 4.44335937500000e-01 1.97434425354004e-01
14 4.77539062500000e-01 2.28043556213379e-01
15 5.15136718750000e-01 2.65365839004517e-01
16 4.37500000000000e-01 1.91406250000000e-01
17 3.94531250000000e-01 1.55654907226562e-01
18 4.12109375000000e-01 1.69834136962891e-01
19 3.99902343750000e-01 1.59921884536743e-01
20 4.03320312500000e-01 1.62667274475098e-01
21 4.16015625000000e-01 1.73069000244141e-01
22 4.13574218750000e-01 1.71043634414673e-01
23 3.59863281250000e-01 1.29501581192017e-01
24 3.65722656250000e-01 1.33753061294556e-01
25 3.86718750000000e-01 1.49551391601562e-01
26 4.05273437500000e-01 1.64246559143066e-01
27 3.87695312500000e-01 1.50307655334473e-01
28 3.69140625000000e-01 1.36264801025391e-01
29 3.39843750000000e-01 1.15493774414062e-01
30 3.17382812500000e-01 1.00731849670410e-01
31 2.36328125000000e-01 5.58509826660156e-02
32 2.62695312500000e-01 6.90088272094727e-02
33 2.29003906250000e-01 5.24427890777588e-02
34 2.88085937500000e-01 8.29935073852539e-02
35 2.63183593750000e-01 6.92656040191650e-02
36 2.55371093750000e-01 6.52143955230713e-02
37 3.54980468750000e-01 1.26011133193970e-01
38 3.39355468750000e-01 1.15162134170532e-01
39 3.74023437500000e-01 1.39893531799316e-01
40 3.15429687500000e-01 9.94958877563477e-02
41 2.79296875000000e-01 7.80067443847656e-02
42 2.64648437500000e-01 7.00387954711914e-02
43 3.42285156250000e-01 1.17159128189087e-01
44 3.45703125000000e-01 1.19510650634766e-01
45 3.11035156250000e-01 9.67428684234619e-02
46 2.51464843750000e-01 6.32345676422119e-02
47 2.84179687500000e-01 8.07580947875977e-02
48 2.47558593750000e-01 6.12852573394775e-02
49 1.97753906250000e-01 3.91066074371338e-02
50 2.55371093750000e-01 6.52143955230713e-02
51 3.15917968750000e-01 9.98041629791260e-02
52 3.50585937500000e-01 1.22910499572754e-01
53 3.31542968750000e-01 1.09920740127563e-01
54 3.97949218750000e-01 1.58363580703735e-01
55 3.71093750000000e-01 1.37710571289062e-01
56 3.52050781250000e-01 1.23939752578735e-01
57 3.64746093750000e-01 1.33039712905884e-01
58 3.74023437500000e-01 1.39893531799316e-01
59 3.83300781250000e-01 1.46919488906860e-01
60 3.06152343750000e-01 9.37292575836182e-02
61 2.96386718750000e-01 8.78450870513916e-02
62 2.83691406250000e-01 8.04808139801025e-02
63 2.87597656250000e-01 8.27124118804932e-02
64 3.14941406250000e-01 9.91880893707275e-02
65 3.33496093750000e-01 1.11219644546509e-01
66 2.97363281250000e-01 8.84249210357666e-02
67 3.29589843750000e-01 1.08629465103149e-01
68 3.04687500000000e-01 9.28344726562500e-02
69 2.02148437500000e-01 4.08639907836914e-02
70 2.23632812500000e-01 5.00116348266602e-02
71 2.18261718750000e-01 4.76381778717041e-02
72 2.83203125000000e-01 8.02040100097656e-02
73 2.78320312500000e-01 7.74621963500977e-02
74 3.14941406250000e-01 9.91880893707275e-02
75 2.94921875000000e-01 8.69789123535156e-02
76 2.12890625000000e-01 4.53224182128906e-02
77 2.72949218750000e-01 7.45012760162354e-02
78 2.67089843750000e-01 7.13369846343994e-02
79 3.04687500000000e-01 9.28344726562500e-02
80 3.23242187500000e-01 1.04485511779785e-01
81 3.20800781250000e-01 1.02913141250610e-01
82 2.52929687500000e-01 6.39734268188477e-02
83 2.19238281250000e-01 4.80654239654541e-02
84 2.33398437500000e-01 5.44748306274414e-02
85 1.47949218750000e-01 2.18889713287354e-02
86 1.44042968750000e-01 2.07483768463135e-02
87 1.35253906250000e-01 1.82936191558838e-02
88 1.60644531250000e-01 2.58066654205322e-02
89 1.66503906250000e-01 2.77235507965088e-02
90 1.79199218750000e-01 3.21123600006104e-02
91 1.89453125000000e-01 3.58924865722656e-02
92 2.41699218750000e-01 5.84185123443604e-02
93 2.33398437500000e-01 5.44748306274414e-02
94 2.86132812500000e-01 8.18719863891602e-02
95 3.16894531250000e-01 1.00422143936157e-01
96 3.51562500000000e-01 1.23596191406250e-01
97 3.33496093750000e-01 1.11219644546509e-01
98 3.53027343750000e-01 1.24628305435181e-01
99 3.92578125000000e-01 1.54117584228516e-01
100 4.62890625000000e-01 2.14267730712891e-01
101 4.78027343750000e-01 2.28510141372681e-01
102 3.87207031250000e-01 1.49929285049438e-01
103 3.24218750000000e-01 1.05117797851562e-01
104 2.61230468750000e-01 6.82413578033447e-02
105 2.92480468750000e-01 8.55448246002197e-02
106 2.96875000000000e-01 8.81347656250000e-02
107 2.29980468750000e-01 5.28910160064697e-02
108 2.00195312500000e-01 4.00781631469727e-02
109 1.79199218750000e-01 3.21123600006104e-02
110 1.85546875000000e-01 3.44276428222656e-02
111 2.20703125000000e-01 4.87098693847656e-02
112 1.77246093750000e-01 3.14161777496338e-02
113 2.19726562500000e-01 4.82797622680664e-02
114 2.34375000000000e-01 5.49316406250000e-02
115 1.45019531250000e-01 2.10306644439697e-02
116 8.05664062500000e-02 6.49094581604004e-03
117 1.00585937500000e-01 1.01175308227539e-02
118 5.85937500000000e-02 3.43322753906250e-03
119 9.71679687500000e-02 9.44161415100098e-03
120 1.44531250000000e-01 2.08892822265625e-02
121 8.44726562500000e-02 7.13562965393066e-03
122 1.47949218750000e-01 2.18889713287354e-02
123 1.25488281250000e-01 1.57473087310791e-02
124 1.10839843750000e-01 1.22854709625244e-02
125 1.22070312500000e-01 1.49011611938477e-02
126 1.42089843750000e-01 2.01895236968994e-02
127 1.07421875000000e-01 1.15394592285156e-02
128 8.64257812500000e-02 7.46941566467285e-03
129 1.70898437500000e-01 2.92062759399414e-02
130 1.94824218750000e-01 3.79564762115479e-02
131 1.89453125000000e-01 3.58924865722656e-02
132 1.07421875000000e-01 1.15394592285156e-02
133 1.04003906250000e-01 1.08168125152588e-02
134 1.10839843750000e-01 1.22854709625244e-02
135 6.25000000000000e-02 3.90625000000000e-03
136 1.29394531250000e-01 1.67429447174072e-02
137 9.86328125000000e-02 9.72843170166016e-03
138 8.25195312500000e-02 6.80947303771973e-03
139 8.44726562500000e-02 7.13562965393066e-03
140 8.78906250000000e-02 7.72476196289062e-03
141 1.28906250000000e-01 1.66168212890625e-02
142 6.05468750000000e-02 3.66592407226562e-03
143 1.56250000000000e-02 2.44140625000000e-04
144 7.66601562500000e-02 5.87677955627441e-03
145 8.30078125000000e-03 6.89029693603516e-05
146 6.83593750000000e-03 4.67300415039062e-05
147 4.88281250000000e-03 2.38418579101562e-05
148 7.71484375000000e-02 5.95188140869141e-03
149 7.42187500000000e-02 5.50842285156250e-03
150 1.21582031250000e-01 1.47821903228760e-02
151 1.58691406250000e-01 2.51829624176025e-02
152 1.43066406250000e-01 2.04679965972900e-02
153 1.66015625000000e-01 2.75611877441406e-02
154 1.78710937500000e-01 3.19375991821289e-02
155 2.08496093750000e-01 4.34706211090088e-02
156 1.64550781250000e-01 2.70769596099854e-02
157 1.39160156250000e-01 1.93655490875244e-02
158 1.25000000000000e-01 1.56250000000000e-02
159 1.40625000000000e-01 1.97753906250000e-02
160 1.42578125000000e-01 2.03285217285156e-02
161 1.20117187500000e-01 1.44281387329102e-02
162 1.61621093750000e-01 2.61213779449463e-02
163 1.47949218750000e-01 2.18889713287354e-02
164 1.00097656250000e-01 1.00195407867432e-02
165 1.52832031250000e-01 2.33576297760010e-02
166 1.24023437500000e-01 1.53818130493164e-02
167 1.25488281250000e-01 1.57473087310791e-02
168 1.33789062500000e-01 1.78995132446289e-02
169 2.23632812500000e-01 5.00116348266602e-02
170 1.22070312500000e-01 1.49011611938477e-02
171 1.19628906250000e-01 1.43110752105713e-02
172 9.96093750000000e-02 9.92202758789062e-03
173 1.53320312500000e-01 2.35071182250977e-02
174 1.36718750000000e-01 1.86920166015625e-02
175 1.35742187500000e-01 1.84259414672852e-02
176 1.03027343750000e-01 1.06146335601807e-02
177 6.98242187500000e-02 4.87542152404785e-03
178 8.83789062500000e-02 7.81083106994629e-03
179 1.71386718750000e-01 2.93734073638916e-02
180 1.24511718750000e-01 1.55031681060791e-02
181 7.12890625000000e-02 5.08213043212891e-03
182 5.71289062500000e-02 3.26371192932129e-03
183 9.61914062500000e-02 9.25278663635254e-03
184 1.65527343750000e-01 2.73993015289307e-02
185 1.81640625000000e-01 3.29933166503906e-02
186 1.66015625000000e-01 2.75611877441406e-02
187 1.11328125000000e-01 1.23939514160156e-02
188 1.56738281250000e-01 2.45668888092041e-02
189 2.19238281250000e-01 4.80654239654541e-02
190 2.08984375000000e-01 4.36744689941406e-02
191 2.95898437500000e-01 8.75558853149414e-02
192 3.25195312500000e-01 1.05751991271973e-01
193 3.34472656250000e-01 1.11871957778931e-01
194 2.70019531250000e-01 7.29105472564697e-02
195 2.91015625000000e-01 8.46900939941406e-02
196 3.47656250000000e-01 1.20864868164062e-01
197 3.71582031250000e-01 1.38073205947876e-01
198 4.89257812500000e-01 2.39373207092285e-01
199 4.66796875000000e-01 2.17899322509766e-01
200 5.12207031250000e-01 2.62356042861938e-01
201 5.48828125000000e-01 3.01212310791016e-01
202 5.27832031250000e-01 2.78606653213501e-01
203 4.77050781250000e-01 2.27577447891235e-01
204 4.86816406250000e-01 2.36990213394165e-01
205 4.98046875000000e-01 2.48050689697266e-01
206 5.32226562500000e-01 2.83265113830566e-01
207 5.01464843750000e-01 2.51466989517212e-01
208 5.19042968750000e-01 2.69405603408813e-01
209 4.65820312500000e-01 2.16988563537598e-01
210 4.06738281250000e-01 1.65436029434204e-01
211 4.95117187500000e-01 2.45141029357910e-01
212 5.15625000000000e-01 2.65869140625000e-01
213 5.20019531250000e-01 2.70420312881470e-01
214 5.40039062500000e-01 2.91642189025879e-01
215 5.78125000000000e-01 3.34228515625000e-01
216 5.89843750000000e-01 3.47915649414062e-01
217 6.22070312500000e-01 3.86971473693848e-01
218 6.66015625000000e-01 4.43576812744141e-01
219 6.50390625000000e-01 4.23007965087891e-01
220 6.15722656250000e-01 3.79114389419556e-01
221 6.43066406250000e-01 4.13534402847290e-01
222 5.65917968750000e-01 3.20263147354126e-01
223 5.89355468750000e-01 3.47339868545532e-01
224 5.93261718750000e-01 3.51959466934204e-01
225 5.65917968750000e-01 3.20263147354126e-01
226 5.38574218750000e-01 2.90062189102173e-01
227 4.76074218750000e-01 2.26646661758423e-01
228 5.00488281250000e-01 2.50488519668579e-01
229 4.88769531250000e-01 2.38895654678345e-01
230 4.32128906250000e-01 1.86735391616821e-01
231 4.14550781250000e-01 1.71852350234985e-01
232 4.17968750000000e-01 1.74697875976562e-01
233 4.47753906250000e-01 2.00483560562134e-01
234 4.97070312500000e-01 2.47078895568848e-01
235 5.58593750000000e-01 3.12026977539062e-01
236 5.83496093750000e-01 3.40467691421509e-01
237 5.83984375000000e-01 3.41037750244141e-01
238 5.76660156250000e-01 3.32536935806274e-01
239 5.49804687500000e-01 3.02285194396973e-01
240 5.36132812500000e-01 2.87438392639160e-01
241 5.15136718750000e-01 2.65365839004517e-01
242 5.66894531250000e-01 3.21369409561157e-01
243 5.84960937500000e-01 3.42179298400879e-01
244 5.90820312500000e-01 3.49068641662598e-01
245 5.69335937500000e-01 3.24143409729004e-01
246 5.29296875000000e-01 2.80155181884766e-01
247 5.24902343750000e-01 2.75522470474243e-01
248 5.67382812500000e-01 3.21923255920410e-01
249 5.22460937500000e-01 2.72965431213379e-01
250 5.54199218750000e-01 3.07136774063110e-01
251 5.69824218750000e-01 3.24699640274048e-01
252 5.45898437500000e-01 2.98005104064941e-01
253 5.86425781250000e-01 3.43895196914673e-01
254 6.24023437500000e-01 3.89405250549316e-01
255 6.75781250000000e-01 4.56680297851562e-01
256 6.53320312500000e-01 4.26827430725098e-01
257 7.22656250000000e-01 5.22232055664062e-01
258 7.16308593750000e-01 5.13098001480103e-01
259 7.08007812500000e-01 5.01275062561035e-01
260 6.63574218750000e-01 4.40330743789673e-01
261 6.50390625000000e-01 4.23007965087891e-01
262 6.92382812500000e-01 4.79393959045410e-01
263 6.47949218750000e-01 4.19838190078735e-01
264 6.53808593750000e-01 4.27465677261353e-01
265 6.26953125000000e-01 3.93070220947266e-01
266 5.89355468750000e-01 3.47339868545532e-01
267 6.25488281250000e-01 3.91235589981079e-01
268 5.64941406250000e-01 3.19158792495728e-01
269 6.20117187500000e-01 3.84545326232910e-01
270 5.92285156250000e-01 3.50801706314087e-01
271 6.08886718750000e-01 3.70743036270142e-01
272 5.85449218750000e-01 3.42750787734985e-01
273 6.01074218750000e-01 3.61290216445923e-01
274 6.05957031250000e-01 3.67183923721313e-01
275 6.21093750000000e-01 3.85757446289062e-01
276 6.48437500000000e-01 4.20471191406250e-01
277 6.91894531250000e-01 4.78718042373657e-01
278 7.08007812500000e-01 5.01275062561035e-01
279 7.65625000000000e-01 5.86181640625000e-01
280 7.47070312500000e-01 5.58114051818848e-01
281 7.47558593750000e-01 5.58843851089478e-01
282 7.40234375000000e-01 5.47946929931641e-01
283 6.90917968750000e-01 4.77367639541626e-01
284 6.80664062500000e-01 4.63303565979004e-01
285 5.83007812500000e-01 3.39898109436035e-01
286 6.14746093750000e-01 3.77912759780884e-01
287 6.20605468750000e-01 3.85151147842407e-01
288 6.75292968750000e-01 4.56020593643188e-01
289 7.00195312500000e-01 4.90273475646973e-01
290 6.28906250000000e-01 3.95523071289062e-01
291 6.37207031250000e-01 4.06032800674438e-01
292 5.60058593750000e-01 3.13665628433228e-01
293 6.44042968750000e-01 4.14791345596313e-01
294 6.88964843750000e-01 4.74672555923462e-01
295 6.31835937500000e-01 3.99216651916504e-01
296 7.21191406250000e-01 5.20117044448853e-01
297 6.97265625000000e-01 4.86179351806641e-01
298 6.95312500000000e-01 4.83459472656250e-01
299 6.79199218750000e-01 4.61311578750610e-01
300 6.63085937500000e-01 4.39682960510254e-01
301 5.95703125000000e-01 3.54862213134766e-01
302 5.63476562500000e-01 3.17505836486816e-01
303 5.33691406250000e-01 2.84826517105103e-01
304 5.19531250000000e-01 2.69912719726562e-01
305 5.24902343750000e-01 2.75522470474243e-01
306 5.53222656250000e-01 3.06055307388306e-01
307 4.77539062500000e-01 2.28043556213379e-01
308 4.59472656250000e-01 2.11115121841431e-01
309 4.85839843750000e-01 2.36040353775024e-01
310 5.06347656250000e-01 2.56387948989868e-01
311 4.17480468750000e-01 1.74289941787720e-01
312 4.07226562500000e-01 1.65833473205566e-01
313 4.65820312500000e-01 2.16988563537598e-01
314 4.31152343750000e-01 1.85892343521118e-01
315 4.23828125000000e-01 1.79630279541016e-01
316 4.39941406250000e-01 1.93548440933228e-01
317 4.72656250000000e-01 2.23403930664062e-01
318 4.61914062500000e-01 2.13364601135254e-01
319 3.89160156250000e-01 1.51445627212524e-01
320 4.16992187500000e-01 1.73882484436035e-01
321 4.65332031250000e-01 2.16533899307251e-01
322 5.17578125000000e-01 2.67887115478516e-01
323 5.16113281250000e-01 2.66372919082642e-01
324 5.25390625000000e-01 2.76035308837891e-01
325 5.48828125000000e-01 3.01212310791016e-01
326 5.47363281250000e-01 2.99606561660767e-01
327 5.31738281250000e-01 2.82745599746704e-01
328 6.15722656250000e-01 3.79114389419556e-01
329 5.90820312500000e-01 3.49068641662598e-01
330 5.44921875000000e-01 2.96939849853516e-01
331 5.83007812500000e-01 3.39898109436035e-01
332 5.82031250000000e-01 3.38760375976562e-01
333 6.01562500000000e-01 3.61877441406250e-01
334 6.57226562500000e-01 4.31946754455566e-01
335 6.02539062500000e-01 3.63053321838379e-01
336 5.83496093750000e-01 3.40467691421509e-01
337 6.31835937500000e-01 3.99216651916504e-01
338 6.02539062500000e-01 3.63053321838379e-01
339 6.60156250000000e-01 4.35806274414062e-01
340 6.04003906250000e-01 3.64820718765259e-01
341 5.93750000000000e-01 3.52539062500000e-01
342 5.26367187500000e-01 2.77062416076660e-01
343 4.79492187500000e-01 2.29912757873535e-01
344 4.85839843750000e-01 2.36040353775024e-01
345 4.84863281250000e-01 2.35092401504517e-01
346 4.95117187500000e-01 2.45141029357910e-01
347 4.86816406250000e-01 2.36990213394165e-01
348 4.82910156250000e-01 2.33202219009399e-01
349 4.75585937500000e-01 2.26181983947754e-01
350 5.29785156250000e-01 2.80672311782837e-01
351 5.61523437500000e-01 3.15308570861816e-01
352 5.95214843750000e-01 3.54280710220337e-01
353 6.24511718750000e-01 3.90014886856079e-01
354 6.04980468750000e-01 3.66001367568970e-01
355 5.32226562500000e-01 2.83265113830566e-01
356 5.18554687500000e-01 2.68898963928223e-01
357 5.55175781250000e-01 3.08220148086548e-01
358 6.10351562500000e-01 3.72529029846191e-01
359 6.13281250000000e-01 3.76113891601562e-01
360 5.69824218750000e-01 3.24699640274048e-01
361 5.28320312500000e-01 2.79122352600098e-01
362 5.53710937500000e-01 3.06595802307129e-01
363 5.38574218750000e-01 2.90062189102173e-01
364 5.27832031250000e-01 2.78606653213501e-01
365 4.69238281250000e-01 2.20184564590454e-01
366 4.29199218750000e-01 1.84211969375610e-01
367 4.21386718750000e-01 1.77566766738892e-01
368 4.74121093750000e-01 2.24790811538696e-01
369 4.65332031250000e-01 2.16533899307251e-01
370 4.03320312500000e-01 1.62667274475098e-01
371 3.98925781250000e-01 1.59141778945923e-01
372 3.99414062500000e-01 1.59531593322754e-01
373 4.32128906250000e-01 1.86735391616821e-01
374 3.94042968750000e-01 1.55269861221313e-01
375 3.49121093750000e-01 1.21885538101196e-01
376 3.76953125000000e-01 1.42093658447266e-01
377 4.00878906250000e-01 1.60703897476196e-01
378 4.72167968750000e-01 2.22942590713501e-01
379 5.40039062500000e-01 2.91642189025879e-01
380 5.21972656250000e-01 2.72455453872681e-01
381 5.65917968750000e-01 3.20263147354126e-01
382 5.87890625000000e-01 3.45615386962891e-01
383 6.07421875000000e-01 3.68961334228516e-01
384 5.40039062500000e-01 2.91642189025879e-01
385 5.09765625000000e-01 2.59860992431641e-01
386 5.22949218750000e-01 2.73475885391235e-01
387 5.08300781250000e-01 2.58369684219360e-01
388 5.05371093750000e-01 2.55399942398071e-01
389 5.65429687500000e-01 3.19710731506348e-01
390 5.75195312500000e-01 3.30849647521973e-01
391 5.18066406250000e-01 2.68392801284790e-01
392 4.61425781250000e-01 2.12913751602173e-01
393 5.06347656250000e-01 2.56387948989868e-01
394 4.42871093750000e-01 1.96134805679321e-01
395 4.33105468750000e-01 1.87580347061157e-01
396 4.64843750000000e-01 2.16079711914062e-01
397 5.00488281250000e-01 2.50488519668579e-01
398 4.90234375000000e-01 2.40329742431641e-01
399 4.58984375000000e-01 2.10666656494141e-01
400 4.36523437500000e-01 1.90552711486816e-01
401 4.88281250000000e-01 2.38418579101562e-01
402 4.82421875000000e-01 2.32730865478516e-01
403 4.67773437500000e-01 2.18811988830566e-01
404 4.85839843750000e-01 2.36040353775024e-01
405 4.34082031250000e-01 1.88427209854126e-01
406 4.33593750000000e-01 1.88003540039062e-01
407 3.52050781250000e-01 1.23939752578735e-01
408 4.00390625000000e-01 1.60312652587891e-01
409 4.21386718750000e-01 1.77566766738892e-01
410 4.18457031250000e-01 1.75106287002563e-01
411 3.96484375000000e-01 1.57199859619141e-01
412 4.08691406250000e-01 1.67028665542603e-01
413 4.35546875000000e-01 1.89701080322266e-01
414 3.81835937500000e-01 1.45798683166504e-01
415 4.02343750000000e-01 1.61880493164062e-01
416 4.02832031250000e-01 1.62273645401001e-01
417 3.65722656250000e-01 1.33753061294556e-01
418 3.18359375000000e-01 1.01352691650391e-01
419 3.06640625000000e-01 9.40284729003906e-02
420 3.15917968750000e-01 9.98041629791260e-02
421 3.93554687500000e-01 1.54885292053223e-01
422 3.81835937500000e-01 1.45798683166504e-01
423 4.20898437500000e-01 1.77155494689941e-01
424 3.84765625000000e-01 1.48044586181641e-01
425 4.28222656250000e-01 1.83374643325806e-01
426 4.85839843750000e-01 2.36040353775024e-01
427 5.63964843750000e-01 3.18056344985962e-01
428 5.38085937500000e-01 2.89536476135254e-01
429 5.87402343750000e-01 3.45041513442993e-01
430 5.82031250000000e-01 3.38760375976562e-01
431 5.84472656250000e-01 3.41608285903931e-01
432 6.13769531250000e-01 3.76713037490845e-01
433 6.16210937500000e-01 3.79715919494629e-01
434 6.65527343750000e-01 4.42926645278931e-01
435 6.68457031250000e-01 4.46834802627563e-01
436 6.37695312500000e-01 4.06655311584473e-01
437 5.65917968750000e-01 3.20263147354126e-01
438 5.06835937500000e-01 2.56882667541504e-01
439 5.34179687500000e-01 2.85347938537598e-01
440 5.69824218750000e-01 3.24699640274048e-01
441 5.54199218750000e-01 3.07136774063110e-01
442 5.46386718750000e-01 2.98538446426392e-01
443 4.71191406250000e-01 2.22021341323853e-01
444 5.13183593750000e-01 2.63357400894165e-01
445 4.50683593750000e-01 2.03115701675415e-01
446 4.87792968750000e-01 2.37941980361938e-01
447 4.77050781250000e-01 2.27577447891235e-01
448 5.05371093750000e-01 2.55399942398071e-01
449 5.15136718750000e-01 2.65365839004517e-01
450 5.73242187500000e-01 3.28606605529785e-01
451 5.91796875000000e-01 3.50223541259766e-01
452 6.05957031250000e-01 3.67183923721313e-01
453 5.64941406250000e-01 3.19158792495728e-01
454 6.41113281250000e-01 4.11026239395142e-01
455 6.08886718750000e-01 3.70743036270142e-01
456 6.63085937500000e-01 4.39682960510254e-01
457 5.41015625000000e-01 2.92697906494141e-01
458 5.22949218750000e-01 2.73475885391235e-01
459 6.23046875000000e-01 3.88187408447266e-01
460 5.87890625000000e-01 3.45615386962891e-01
461 5.98144531250000e-01 3.57776880264282e-01
462 5.95703125000000e-01 3.54862213134766e-01
463 5.56152343750000e-01 3.09305429458618e-01
464 5.61035156250000e-01 3.14760446548462e-01
465 5.18554687500000e-01 2.68898963928223e-01
466 5.44433593750000e-01 2.96407938003540e-01
467 5.23437500000000e-01 2.73986816406250e-01
468 5.10253906250000e-01 2.60359048843384e-01
469 4.38964843750000e-01 1.92690134048462e-01
470 4.06250000000000e-01 1.65039062500000e-01
471 4.64355468750000e-01 2.15626001358032e-01
472 4.60449218750000e-01 2.12013483047485e-01
473 4.37011718750000e-01 1.90979242324829e-01
474 3.45214843750000e-01 1.19173288345337e-01
475 2.65136718750000e-01 7.02974796295166e-02
476 2.55371093750000e-01 6.52143955230713e-02
477 2.57812500000000e-01 6.64672851562500e-02
478 2.10937500000000e-01 4.44946289062500e-02
479 2.47070312500000e-01 6.10437393188477e-02
480 2.19238281250000e-01 4.80654239654541e-02
481 2.01171875000000e-01 4.04701232910156e-02
482 2.63183593750000e-01 6.92656040191650e-02
483 3.05175781250000e-01 9.31322574615479e-02
484 2.80761718750000e-01 7.88271427154541e-02
485 2.49023437500000e-01 6.20126724243164e-02
486 1.98242187500000e-01 3.92999649047852e-02
487 1.50390625000000e-01 2.26173400878906e-02
488 1.06445312500000e-01 1.13306045532227e-02
489 2.05078125000000e-01 4.20570373535156e-02
490 1.84570312500000e-01 3.40662002563477e-02
491 2.51464843750000e-01 6.32345676422119e-02
492 2.06054687500000e-01 4.24585342407227e-02
493 2.49511718750000e-01 6.22560977935791e-02
494 2.85156250000000e-01 8.13140869140625e-02
495 3.40820312500000e-01 1.16158485412598e-01
496 3.20312500000000e-01 1.02600097656250e-01
497 3.16894531250000e-01 1.00422143936157e-01
498 2.91015625000000e-01 8.46900939941406e-02
499 3.37890625000000e-01 1.14170074462891e-01
500 3.50097656250000e-01 1.22568368911743e-01
501 2.97363281250000e-01 8.84249210357666e-02
502 2.40234375000000e-01 5.77125549316406e-02
503 2.55371093750000e-01 6.52143955230713e-02
504 2.49511718750000e-01 6.22560977935791e-02
505 2.55859375000000e-01 6.54640197753906e-02
506 2.60253906250000e-01 6.77320957183838e-02
507 2.66601562500000e-01 7.10763931274414e-02
508 1.72363281250000e-01 2.97091007232666e-02
509 1.35742187500000e-01 1.84259414672852e-02
510 1.49414062500000e-01 2.23245620727539e-02
511 1.19140625000000e-01 1.41944885253906e-02
512 1.54296875000000e-01 2.38075256347656e-02
513 1.42089843750000e-01 2.01895236968994e-02
514 1.08398437500000e-01 1.17502212524414e-02
515 1.82128906250000e-01 3.31709384918213e-02
516 1.60644531250000e-01 2.58066654205322e-02
517 1.81640625000000e-01 3.29933166503906e-02
518 1.48925781250000e-01 2.21788883209229e-02
519 1.55273437500000e-01 2.41098403930664e-02
520 8.74023437500000e-02 7.63916969299316e-03
521 1.19140625000000e-01 1.41944885253906e-02
522 1.37695312500000e-01 1.89599990844727e-02
523 6.98242187500000e-02 4.87542152404785e-03
524 6.10351562500000e-02 3.72529029846191e-03
525 9.03320312500000e-02 8.15987586975098e-03
526 1.05468750000000e-01 1.11236572265625e-02
527 3.22265625000000e-02 1.03855133056641e-03
528 6.73828125000000e-02 4.54044342041016e-03
529 1.27929687500000e-01 1.63660049438477e-02
530 1.45507812500000e-01 2.11725234985352e-02
531 1.50878906250000e-01 2.27644443511963e-02
532 1.92382812500000e-01 3.70111465454102e-02
533 1.38183593750000e-01 1.90947055816650e-02
534 1.12304687500000e-01 1.26123428344727e-02
535 1.76269531250000e-01 3.10709476470947e-02
536 1.79687500000000e-01 3.22875976562500e-02
537 1.73828125000000e-01 3.02162170410156e-02
538 2.16796875000000e-01 4.70008850097656e-02
539 2.45117187500000e-01 6.00824356079102e-02
540 2.25585937500000e-01 5.08890151977539e-02
541 2.50976562500000e-01 6.29892349243164e-02
542 2.66601562500000e-01 7.10763931274414e-02
543 3.47656250000000e-01 1.20864868164062e-01
544 3.10058593750000e-01 9.61363315582275e-02
545 3.18359375000000e-01 1.01352691650391e-01
546 2.80273437500000e-01 7.85531997680664e-02
547 2.71972656250000e-01 7.39691257476807e-02
548 2.88574218750000e-01 8.32750797271729e-02
549 2.05566406250000e-01 4.22575473785400e-02
550 2.30957031250000e-01 5.33411502838135e-02
551 1.83593750000000e-01 3.37066650390625e-02
552 1.69433593750000e-01 2.87077426910400e-02
553 1.04980468750000e-01 1.10208988189697e-02
554 1.70410156250000e-01 2.90396213531494e-02
555 1.86523437500000e-01 3.47909927368164e-02
556 1.84570312500000e-01 3.40662002563477e-02
557 2.18750000000000e-01 4.78515625000000e-02
558 1.61132812500000e-01 2.59637832641602e-02
559 2.07519531250000e-01 4.30643558502197e-02
560 2.10449218750000e-01 4.42888736724854e-02
561 1.61621093750000e-01 2.61213779449463e-02
562 1.89453125000000e-01 3.58924865722656e-02
563 1.72851562500000e-01 2.98776626586914e-02
564 1.96777343750000e-01 3.87213230133057e-02
565 2.65136718750000e-01 7.02974796295166e-02
566 2.11914062500000e-01 4.49075698852539e-02
567 1.54785156250000e-01 2.39584445953369e-02
568 6.83593750000000e-02 4.67300415039062e-03
569 8.39843750000000e-02 7.05337524414062e-03
570 7.76367187500000e-02 6.02746009826660e-03
571 5.85937500000000e-02 3.43322753906250e-03
572 6.34765625000000e-03 4.02927398681641e-05
573 4.44335937500000e-02 1.97434425354004e-03
574 3.95507812500000e-02 1.56426429748535e-03
575 3.41796875000000e-02 1.16825103759766e-03
576 2.92968750000000e-03 8.58306884765625e-06
577 8.49609375000000e-02 7.21836090087891e-03
578 1.80664062500000e-01 3.26395034790039e-02
579 1.30371093750000e-01 1.69966220855713e-02
580 1.72851562500000e-01 2.98776626586914e-02
581 1.50390625000000e-01 2.26173400878906e-02
582 1.87011718750000e-01 3.49733829498291e-02
583 2.28027343750000e-01 5.19964694976807e-02
584 1.87011718750000e-01 3.49733829498291e-02
585 2.00195312500000e-01 4.00781631469727e-02
586 2.35839843750000e-01 5.56204319000244e-02
587 2.12890625000000e-01 4.53224182128906e-02
588 2.09960937500000e-01 4.40835952758789e-02
589 1.99707031250000e-01 3.98828983306885e-02
590 1.69921875000000e-01 2.88734436035156e-02
591 2.09960937500000e-01 4.40835952758789e-02
592 2.89062500000000e-01 8.35571289062500e-02
593 2.32910156250000e-01 5.42471408843994e-02
594 2.32421875000000e-01 5.40199279785156e-02
595 2.15332031250000e-01 4.63678836822510e-02
596 2.57324218750000e-01 6.62157535552979e-02
597 2.53417968750000e-01 6.42206668853760e-02
598 2.13867187500000e-01 4.57391738891602e-02
599 2.02636718750000e-01 4.10616397857666e-02
600 2.16308593750000e-01 4.67894077301025e-02
601 1.80175781250000e-01 3.24633121490479e-02
602 2.14843750000000e-01 4.61578369140625e-02
603 2.30468750000000e-01 5.31158447265625e-02
604 2.32910156250000e-01 5.42471408843994e-02
605 2.65625000000000e-01 7.05566406250000e-02
606 2.63671875000000e-01 6.95228576660156e-02
607 2.14355468750000e-01 4.59482669830322e-02
608 2.49511718750000e-01 6.22560977935791e-02
609 1.98242187500000e-01 3.92999649047852e-02
610 2.03613281250000e-01 4.14583683013916e-02
611 2.11914062500000e-01 4.49075698852539e-02
612 2.11914062500000e-01 4.49075698852539e-02
613 1.69433593750000e-01 2.87077426910400e-02
614 1.65527343750000e-01 2.73993015289307e-02
615 1.89453125000000e-01 3.58924865722656e-02
616 1.77246093750000e-01 3.14161777496338e-02
617 1.72851562500000e-01 2.98776626586914e-02
618 2.41699218750000e-01 5.84185123443604e-02
619 2.72949218750000e-01 7.45012760162354e-02
620 1.94335937500000e-01 3.77664566040039e-02
621 1.87988281250000e-01 3.53395938873291e-02
622 1.35742187500000e-01 1.84259414672852e-02
623 8.44726562500000e-02 7.13562965393066e-03
624 5.02929687500000e-02 2.52938270568848e-03
625 5.37109375000000e-03 2.88486480712891e-05
626 1.80664062500000e-02 3.26395034790039e-04
627 1.66015625000000e-02 2.75611877441406e-04
628 3.41796875000000e-03 1.16825103759766e-05
629 1.66015625000000e-02 2.75611877441406e-04
630 8.05664062500000e-02 6.49094581604004e-03
631 1.31835937500000e-01 1.73807144165039e-02
632 2.02148437500000e-01 4.08639907836914e-02
633 2.43164062500000e-01 5.91287612915039e-02
634 2.50488281250000e-01 6.27443790435791e-02
635 2.58300781250000e-01 6.67192935943604e-02
636 2.45117187500000e-01 6.00824356079102e-02
637 2.43164062500000e-01 5.91287612915039e-02
638 2.50976562500000e-01 6.29892349243164e-02
639 3.67187500000000e-01 1.34826660156250e-01
640 3.10058593750000e-01 9.61363315582275e-02
641 2.50488281250000e-01 6.27443790435791e-02
642 1.67968750000000e-01 2.82135009765625e-02
643 1.70898437500000e-01 2.92062759399414e-02
644 1.91894531250000e-01 3.68235111236572e-02
645 1.15722656250000e-01 1.33917331695557e-02
646 1.46972656250000e-01 2.16009616851807e-02
647 8.64257812500000e-02 7.46941566467285e-03
648 1.52832031250000e-01 2.33576297760010e-02
649 1.26464843750000e-01 1.59933567047119e-02
650 1.30859375000000e-01 1.71241760253906e-02
651 1.69921875000000e-01 2.88734436035156e-02
652 1.99707031250000e-01 3.98828983306885e-02
653 1.86523437500000e-01 3.47909927368164e-02
654 2.07519531250000e-01 4.30643558502197e-02
655 1.74804687500000e-01 3.05566787719727e-02
656 1.27929687500000e-01 1.63660049438477e-02
657 1.37207031250000e-01 1.88257694244385e-02
658 2.29003906250000e-01 5.24427890777588e-02
659 2.73437500000000e-01 7.47680664062500e-02
660 2.70996093750000e-01 7.34388828277588e-02
661 2.43652343750000e-01 5.93664646148682e-02
662 2.80273437500000e-01 7.85531997680664e-02
663 2.91992187500000e-01 8.52594375610352e-02
664 2.28027343750000e-01 5.19964694976807e-02
665 2.58300781250000e-01 6.67192935943604e-02
666 2.56835937500000e-01 6.59646987915039e-02
667 2.03613281250000e-01 4.14583683013916e-02
668 1.82128906250000e-01 3.31709384918213e-02
669 2.42675781250000e-01 5.88915348052979e-02
670 2.48046875000000e-01 6.15272521972656e-02
671 3.04199218750000e-01 9.25371646881104e-02
672 2.78808593750000e-01 7.77342319488525e-02
673 3.07128906250000e-01 9.43281650543213e-02
674 3.17382812500000e-01 1.00731849670410e-01
675 3.22265625000000e-01 1.03855133056641e-01
676 3.90625000000000e-01 1.52587890625000e-01
677 3.73535156250000e-01 1.39528512954712e-01
678 4.21875000000000e-01 1.77978515625000e-01
679 3.83300781250000e-01 1.46919488906860e-01
680 3.79882812500000e-01 1.44310951232910e-01
681 3.97949218750000e-01 1.58363580703735e-01
682 4.14062500000000e-01 1.71447753906250e-01
683 4.23828125000000e-01 1.79630279541016e-01
684 3.92578125000000e-01 1.54117584228516e-01
685 3.87695312500000e-01 1.50307655334473e-01
686 4.06250000000000e-01 1.65039062500000e-01
687 3.92578125000000e-01 1.54117584228516e-01
688 4.11132812500000e-01 1.69030189514160e-01
689 3.48144531250000e-01 1.21204614639282e-01
690 3.71093750000000e-01 1.37710571289062e-01
691 3.47656250000000e-01 1.20864868164062e-01
692 3.58886718750000e-01 1.28799676895142e-01
693 4.00390625000000e-01 1.60312652587891e-01
694 4.12597656250000e-01 1.70236825942993e-01
695 3.54980468750000e-01 1.26011133193970e-01
696 3.19824218750000e-01 1.02287530899048e-01
697 3.87695312500000e-01 1.50307655334473e-01
698 4.81445312500000e-01 2.31789588928223e-01
699 4.65332031250000e-01 2.16533899307251e-01
700 4.41894531250000e-01 1.95270776748657e-01
701 4.49707031250000e-01 2.02236413955688e-01
702 4.14550781250000e-01 1.71852350234985e-01
703 4.21875000000000e-01 1.77978515625000e-01
704 4.12597656250000e-01 1.70236825942993e-01
705 4.01855468750000e-01 1.61487817764282e-01
706 3.96972656250000e-01 1.57587289810181e-01
707 4.55078125000000e-01 2.07096099853516e-01
708 4.45312500000000e-01 1.98303222656250e-01
709 4.52148437500000e-01 2.04438209533691e-01
710 4.80468750000000e-01 2.30850219726562e-01
711 4.58984375000000e-01 2.10666656494141e-01
712 4.12109375000000e-01 1.69834136962891e-01
713 4.16992187500000e-01 1.73882484436035e-01
714 4.05761718750000e-01 1.64642572402954e-01
715 3.73535156250000e-01 1.39528512954712e-01
716 3.71582031250000e-01 1.38073205947876e-01
717 4.13574218750000e-01 1.71043634414673e-01
718 4.35546875000000e-01 1.89701080322266e-01
719 3.58398437500000e-01 1.28449440002441e-01
720 2.77832031250000e-01 7.71906375885010e-02
721 2.79785156250000e-01 7.82797336578369e-02
722 3.34960937500000e-01 1.12198829650879e-01
723 3.40332031250000e-01 1.15825891494751e-01
724 3.25683593750000e-01 1.06069803237915e-01
725 2.81250000000000e-01 7.91015625000000e-02
726 2.97851562500000e-01 8.87155532836914e-02
727 4.01855468750000e-01 1.61487817764282e-01
728 3.60839843750000e-01 1.30205392837524e-01
729 3.06640625000000e-01 9.40284729003906e-02
730 3.63769531250000e-01 1.32328271865845e-01
731 3.52539062500000e-01 1.24283790588379e-01
732 3.52539062500000e-01 1.24283790588379e-01
733 3.89648437500000e-01 1.51825904846191e-01
734 4.08203125000000e-01 1.66629791259766e-01
735 4.00878906250000e-01 1.60703897476196e-01
736 5.06835937500000e-01 2.56882667541504e-01
737 5.81542968750000e-01 3.38192224502563e-01
738 5.63964843750000e-01 3.18056344985962e-01
739 4.93164062500000e-01 2.43210792541504e-01
740 5.32226562500000e-01 2.83265113830566e-01
741 5.62011718750000e-01 3.15857172012329e-01
742 5.17089843750000e-01 2.67381906509399e-01
743 5.31738281250000e-01 2.82745599746704e-01
744 5.08789062500000e-01 2.58866310119629e-01
745 4.86816406250000e-01 2.36990213394165e-01
746 4.32128906250000e-01 1.86735391616821e-01
747 4.29687500000000e-01 1.84631347656250e-01
748 4.47265625000000e-01 2.00046539306641e-01
749 4.06250000000000e-01 1.65039062500000e-01
750 3.77929687500000e-01 1.42830848693848e-01
751 4.49707031250000e-01 2.02236413955688e-01
752 4.47265625000000e-01 2.00046539306641e-01
753 4.24804687500000e-01 1.80459022521973e-01
754 3.69140625000000e-01 1.36264801025391e-01
755 3.76464843750000e-01 1.41725778579712e-01
756 3.77929687500000e-01 1.42830848693848e-01
757 3.63281250000000e-01 1.31973266601562e-01
758 3.13476562500000e-01 9.82675552368164e-02
759 3.43750000000000e-01 1.18164062500000e-01
760 3.06152343750000e-01 9.37292575836182e-02
761 3.21777343750000e-01 1.03540658950806e-01
762 3.59863281250000e-01 1.29501581192017e-01
763 4.30664062500000e-01 1.85471534729004e-01
764 3.73535156250000e-01 1.39528512954712e-01
765 4.19433593750000e-01 1.75924539566040e-01
766 4.77050781250000e-01 2.27577447891235e-01
767 5.14648437500000e-01 2.64863014221191e-01
768 4.72656250000000e-01 2.23403930664062e-01
769 4.77050781250000e-01 2.27577447891235e-01
770 4.58984375000000e-01 2.10666656494141e-01
771 4.57519531250000e-01 2.09324121475220e-01
772 4.47753906250000e-01 2.00483560562134e-01
773 3.95507812500000e-01 1.56426429748535e-01
774 4.41406250000000e-01 1.94839477539062e-01
775 4.37988281250000e-01 1.91833734512329e-01
776 4.19921875000000e-01 1.76334381103516e-01
777 3.88183593750000e-01 1.50686502456665e-01
778 4.24804687500000e-01 1.80459022521973e-01
779 4.21386718750000e-01 1.77566766738892e-01
780 4.30664062500000e-01 1.85471534729004e-01
781 4.87304687500000e-01 2.37465858459473e-01
782 4.74609375000000e-01 2.25254058837891e-01
783 4.61914062500000e-01 2.13364601135254e-01
784 4.65332031250000e-01 2.16533899307251e-01
785 4.27734375000000e-01 1.82956695556641e-01
786 4.70214843750000e-01 2.21101999282837e-01
787 4.09179687500000e-01 1.67428016662598e-01
788 5.01953125000000e-01 2.51956939697266e-01
789 4.84375000000000e-01 2.34619140625000e-01
790 5.01464843750000e-01 2.51466989517212e-01
791 5.33691406250000e-01 2.84826517105103e-01
792 4.98046875000000e-01 2.48050689697266e-01
793 5.05859375000000e-01 2.55893707275391e-01
794 4.04785156250000e-01 1.63851022720337e-01
795 4.35058593750000e-01 1.89275979995728e-01
796 4.27734375000000e-01 1.82956695556641e-01
797 4.41406250000000e-01 1.94839477539062e-01
798 4.79003906250000e-01 2.29444742202759e-01
799 4.29687500000000e-01 1.84631347656250e-01
800 4.56054687500000e-01 2.07985877990723e-01
801 5.11230468750000e-01 2.61356592178345e-01
802 5.12207031250000e-01 2.62356042861938e-01
803 4.37988281250000e-01 1.91833734512329e-01
804 5.08789062500000e-01 2.58866310119629e-01
805 5.47363281250000e-01 2.99606561660767e-01
806 5.66894531250000e-01 3.21369409561157e-01
807 5.57617187500000e-01 3.10936927795410e-01
808 5.57617187500000e-01 3.10936927795410e-01
809 5.27832031250000e-01 2.78606653213501e-01
810 4.97070312500000e-01 2.47078895568848e-01
811 5.36132812500000e-01 2.87438392639160e-01
812 5.22949218750000e-01 2.73475885391235e-01
813 5.30761718750000e-01 2.81708002090454e-01
814 5.54687500000000e-01 3.07678222656250e-01
815 5.47363281250000e-01 2.99606561660767e-01
816 5.56152343750000e-01 3.09305429458618e-01
817 6.02050781250000e-01 3.62465143203735e-01
818 6.05957031250000e-01 3.67183923721313e-01
819 6.11816406250000e-01 3.74319314956665e-01
820 5.86425781250000e-01 3.43895196914673e-01
821 6.54296875000000e-01 4.28104400634766e-01
822 7.16796875000000e-01 5.13797760009766e-01
823 6.45996093750000e-01 4.17310953140259e-01
824 6.70898437500000e-01 4.50104713439941e-01
825 6.53808593750000e-01 4.27465677261353e-01
826 5.94238281250000e-01 3.53119134902954e-01
827 6.01562500000000e-01 3.61877441406250e-01
828 6.65039062500000e-01 4.42276954650879e-01
829 6.72363281250000e-01 4.52072381973267e-01
830 7.00683593750000e-01 4.90957498550415e-01
831 7.11425781250000e-01 5.06126642227173e-01
832 7.29003906250000e-01 5.31446695327759e-01
833 7.18261718750000e-01 5.15899896621704e-01
834 6.94824218750000e-01 4.82780694961548e-01
835 7.28515625000000e-01 5.30735015869141e-01
836 6.62109375000000e-01 4.38388824462891e-01
837 6.53320312500000e-01 4.26827430725098e-01
838 5.88867187500000e-01 3.46764564514160e-01
839 6.24023437500000e-01 3.89405250549316e-01
840 6.25000000000000e-01 3.90625000000000e-01
841 6.70898437500000e-01 4.50104713439941e-01
842 6.51855468750000e-01 4.24915552139282e-01
843 6.44042968750000e-01 4.14791345596313e-01
844 6.74804687500000e-01 4.55361366271973e-01
845 6.84570312500000e-01 4.68636512756348e-01
846 6.21093750000000e-01 3.85757446289062e-01
847 6.37207031250000e-01 4.06032800674438e-01
848 6.69921875000000e-01 4.48795318603516e-01
849 6.99218750000000e-01 4.88906860351562e-01
850 7.02636718750000e-01 4.93698358535767e-01
851 7.11914062500000e-01 5.06821632385254e-01
852 6.93847656250000e-01 4.81424570083618e-01
853 6.83593750000000e-01 4.67300415039062e-01
854 6.20117187500000e-01 3.84545326232910e-01
855 6.02539062500000e-01 3.63053321838379e-01
856 6.60644531250000e-01 4.36451196670532e-01
857 6.18164062500000e-01 3.82126808166504e-01
858 5.67382812500000e-01 3.21923255920410e-01
859 5.83496093750000e-01 3.40467691421509e-01
860 5.55664062500000e-01 3.08762550354004e-01
861 4.82421875000000e-01 2.32730865478516e-01
862 4.79003906250000e-01 2.29444742202759e-01
863 3.88671875000000e-01 1.51065826416016e-01
864 4.26757812500000e-01 1.82122230529785e-01
865 4.84375000000000e-01 2.34619140625000e-01
866 3.54003906250000e-01 1.25318765640259e-01
867 2.92480468750000e-01 8.55448246002197e-02
868 2.92480468750000e-01 8.55448246002197e-02
869 2.60253906250000e-01 6.77320957183838e-02
870 2.66601562500000e-01 7.10763931274414e-02
871 2.98828125000000e-01 8.92982482910156e-02
872 2.67089843750000e-01 7.13369846343994e-02
873 3.15429687500000e-01 9.94958877563477e-02
874 3.29589843750000e-01 1.08629465103149e-01
875 3.04199218750000e-01 9.25371646881104e-02
876 2.94433593750000e-01 8.66911411285400e-02
877 2.71972656250000e-01 7.39691257476807e-02
878 2.66113281250000e-01 7.08162784576416e-02
879 2.84179687500000e-01 8.07580947875977e-02
880 3.09082031250000e-01 9.55317020416260e-02
881 2.41210937500000e-01 5.81827163696289e-02
882 2.31933593750000e-01 5.37931919097900e-02
883 2.72460937500000e-01 7.42349624633789e-02
884 2.46582031250000e-01 6.08026981353760e-02
885 2.36328125000000e-01 5.58509826660156e-02
886 2.88085937500000e-01 8.29935073852539e-02
887 2.82226562500000e-01 7.96518325805664e-02
888 3.17871093750000e-01 1.01042032241821e-01
889 2.35839843750000e-01 5.56204319000244e-02
890 2.02636718750000e-01 4.10616397857666e-02
891 1.98730468750000e-01 3.94937992095947e-02
892 1.40625000000000e-01 1.97753906250000e-02
893 7.86132812500000e-02 6.18004798889160e-03
894 1.32812500000000e-01 1.76391601562500e-02
895 8.83789062500000e-02 7.81083106994629e-03
896 1.68457031250000e-01 2.83777713775635e-02
897 1.78222656250000e-01 3.17633152008057e-02
898 1.82128906250000e-01 3.31709384918213e-02
899 1.86035156250000e-01 3.46090793609619e-02
900 2.21191406250000e-01 4.89256381988525e-02
901 2.25097656250000e-01 5.06689548492432e-02
902 2.95410156250000e-01 8.72671604156494e-02
903 2.31445312500000e-01 5.35669326782227e-02
904 2.11914062500000e-01 4.49075698852539e-02
905 3.31542968750000e-01 1.09920740127563e-01
906 4.10156250000000e-01 1.68228149414062e-01
907 4.55078125000000e-01 2.07096099853516e-01
908 4.56054687500000e-01 2.07985877990723e-01
909 4.70703125000000e-01 2.21561431884766e-01
910 4.67773437500000e-01 2.18811988830566e-01
911 3.86718750000000e-01 1.49551391601562e-01
912 4.18457031250000e-01 1.75106287002563e-01
913 3.61328125000000e-01 1.30558013916016e-01
914 3.18359375000000e-01 1.01352691650391e-01
915 3.96484375000000e-01 1.57199859619141e-01
916 3.92578125000000e-01 1.54117584228516e-01
917 3.98925781250000e-01 1.59141778945923e-01
918 5.08789062500000e-01 2.58866310119629e-01
919 4.88281250000000e-01 2.38418579101562e-01
920 5.01464843750000e-01 2.51466989517212e-01
921 4.42871093750000e-01 1.96134805679321e-01
922 4.76074218750000e-01 2.26646661758423e-01
923 4.56542968750000e-01 2.08431482315063e-01
924 4.38476562500000e-01 1.92261695861816e-01
925 4.55566406250000e-01 2.07540750503540e-01
926 4.06738281250000e-01 1.65436029434204e-01
927 3.54980468750000e-01 1.26011133193970e-01
928 2.85644531250000e-01 8.15927982330322e-02
929 2.67578125000000e-01 7.15980529785156e-02
930 3.27148437500000e-01 1.07026100158691e-01
931 2.76855468750000e-01 7.66489505767822e-02
932 1.86035156250000e-01 3.46090793609619e-02
933 1.64550781250000e-01 2.70769596099854e-02
934 2.08007812500000e-01 4.32672500610352e-02
935 1.87500000000000e-01 3.51562500000000e-02
936 1.79687500000000e-01 3.22875976562500e-02
937 2.46093750000000e-01 6.05621337890625e-02
938 2.70507812500000e-01 7.31744766235352e-02
939 2.81738281250000e-01 7.93764591217041e-02
940 2.31933593750000e-01 5.37931919097900e-02
941 2.94921875000000e-01 8.69789123535156e-02
942 3.07617187500000e-01 9.46283340454102e-02
943 3.44238281250000e-01 1.18499994277954e-01
944 3.87695312500000e-01 1.50307655334473e-01
945 4.67285156250000e-01 2.18355417251587e-01
946 5.10742187500000e-01 2.60857582092285e-01
947 5.11230468750000e-01 2.61356592178345e-01
948 5.23925781250000e-01 2.74498224258423e-01
949 5.60058593750000e-01 3.13665628433228e-01
950 5.40039062500000e-01 2.91642189025879e-01
951 4.84375000000000e-01 2.34619140625000e-01
952 5.21972656250000e-01 2.72455453872681e-01
953 5.24414062500000e-01 2.75010108947754e-01
954 5.20019531250000e-01 2.70420312881470e-01
955 4.92675781250000e-01 2.42729425430298e-01
956 4.79492187500000e-01 2.29912757873535e-01
957 5.02929687500000e-01 2.52938270568848e-01
958 4.57519531250000e-01 2.09324121475220e-01
959 4.32617187500000e-01 1.87157630920410e-01
960 4.58496093750000e-01 2.10218667984009e-01
961 4.90722656250000e-01 2.40808725357056e-01
962 5.13183593750000e-01 2.63357400894165e-01
963 5.67871093750000e-01 3.22477579116821e-01
964 5.98632812500000e-01 3.58361244201660e-01
965 5.72265625000000e-01 3.27487945556641e-01
966 5.29785156250000e-01 2.80672311782837e-01
967 4.45312500000000e-01 1.98303222656250e-01
968 4.07226562500000e-01 1.65833473205566e-01
969 4.10156250000000e-01 1.68228149414062e-01
970 4.54101562500000e-01 2.06208229064941e-01
971 4.37500000000000e-01 1.91406250000000e-01
972 4.04296875000000e-01 1.63455963134766e-01
973 4.05761718750000e-01 1.64642572402954e-01
974 4.15527343750000e-01 1.72662973403931e-01
975 4.07226562500000e-01 1.65833473205566e-01
976 3.98437500000000e-01 1.58752441406250e-01
977 3.95019531250000e-01 1.56040430068970e-01
978 4.11132812500000e-01 1.69030189514160e-01
979 4.22363281250000e-01 1.78390741348267e-01
980 4.16503906250000e-01 1.73475503921509e-01
981 4.54589843750000e-01 2.06651926040649e-01
982 4.63378906250000e-01 2.14720010757446e-01
983 5.07324218750000e-01 2.57377862930298e-01
984 4.95605468750000e-01 2.45624780654907e-01
985 4.98046875000000e-01 2.48050689697266e-01
986 4.05273437500000e-01 1.64246559143066e-01
987 4.92675781250000e-01 2.42729425430298e-01
988 4.75097656250000e-01 2.25717782974243e-01
989 4.97558593750000e-01 2.47564554214478e-01
990 5.35644531250000e-01 2.86915063858032e-01
991 4.96093750000000e-01 2.46109008789062e-01
992 5.01464843750000e-01 2.51466989517212e-01
993 5.63964843750000e-01 3.18056344985962e-01
994 5.17089843750000e-01 2.67381906509399e-01
995 4.92675781250000e-01 2.42729425430298e-01
996 5.00488281250000e-01 2.50488519668579e-01
997 5.28808593750000e-01 2.79638528823853e-01
998 4.81445312500000e-01 2.31789588928223e-01
999 5.35156250000000e-01 2.86392211914062e-01
