0 6.75781250000000e-01 4.56680297851562e-01
1 7.15332031250000e-01 5.11699914932251e-01
2 7.31933593750000e-01 5.35726785659790e-01
3 6.63085937500000e-01 4.39682960510254e-01
4 7.05566406250000e-01 4.97823953628540e-01
5 7.31933593750000e-01 5.35726785659790e-01
6 7.39257812500000e-01 5.46502113342285e-01
7 7.07031250000000e-01 4.99893188476562e-01
8 7.40722656250000e-01 5.48670053482056e-01
9 6.66992187500000e-01 4.44878578186035e-01
10 6.94335937500000e-01 4.82102394104004e-01
11 6.81640625000000e-01 4.64633941650391e-01
12 6.11328125000000e-01 3.73722076416016e-01
13 6.13281250000000e-01 3.76113891601562e-01
14 6.05468750000000e-01 3.66592407226562e-01
15 6.09863281250000e-01 3.71933221817017e-01
16 6.05957031250000e-01 3.67183923721313e-01
17 6.24023437500000e-01 3.89405250549316e-01
18 5.88378906250000e-01 3.46189737319946e-01
19 5.96191406250000e-01 3.55444192886353e-01
20 6.49414062500000e-01 4.21738624572754e-01
21 6.65527343750000e-01 4.42926645278931e-01
22 5.82519531250000e-01 3.39329004287720e-01
23 5.90820312500000e-01 3.49068641662598e-01
24 5.89355468750000e-01 3.47339868545532e-01
25 5.58105468750000e-01 3.11481714248657e-01
26 5.26855468750000e-01 2.77576684951782e-01
27 4.79980468750000e-01 2.30381250381470e-01
28 5.28808593750000e-01 2.79638528823853e-01
29 5.36621093750000e-01 2.87962198257446e-01
30 5.26855468750000e-01 2.77576684951782e-01
31 5.67871093750000e-01 3.22477579116821e-01
32 5.81054687500000e-01 3.37624549865723e-01
33 6.36718750000000e-01 4.05410766601562e-01
34 6.77246093750000e-01 4.58662271499634e-01
35 7.19238281250000e-01 5.17303705215454e-01
36 6.68457031250000e-01 4.46834802627563e-01
37 6.57714843750000e-01 4.32588815689087e-01
38 6.44531250000000e-01 4.15420532226562e-01
39 6.35253906250000e-01 4.03547525405884e-01
40 6.11816406250000e-01 3.74319314956665e-01
41 6.45507812500000e-01 4.16680335998535e-01
42 6.08886718750000e-01 3.70743036270142e-01
43 6.64062500000000e-01 4.40979003906250e-01
44 6.54296875000000e-01 4.28104400634766e-01
45 6.51367187500000e-01 4.24279212951660e-01
46 6.27441406250000e-01 3.93682718276978e-01
47 5.84472656250000e-01 3.41608285903931e-01
48 5.51757812500000e-01 3.04436683654785e-01
49 5.76171875000000e-01 3.31974029541016e-01
50 5.62011718750000e-01 3.15857172012329e-01
51 5.91308593750000e-01 3.49645853042603e-01
52 6.25000000000000e-01 3.90625000000000e-01
53 6.04980468750000e-01 3.66001367568970e-01
54 5.62011718750000e-01 3.15857172012329e-01
55 5.22949218750000e-01 2.73475885391235e-01
56 5.37597656250000e-01 2.89011240005493e-01
57 5.35644531250000e-01 2.86915063858032e-01
58 4.82421875000000e-01 2.32730865478516e-01
59 5.54687500000000e-01 3.07678222656250e-01
60 5.73242187500000e-01 3.28606605529785e-01
61 5.82519531250000e-01 3.39329004287720e-01
62 6.14746093750000e-01 3.77912759780884e-01
63 6.41601562500000e-01 4.11652565002441e-01
64 6.48437500000000e-01 4.20471191406250e-01
65 6.13769531250000e-01 3.76713037490845e-01
66 5.64941406250000e-01 3.19158792495728e-01
67 6.56250000000000e-01 4.30664062500000e-01
68 6.04492187500000e-01 3.65410804748535e-01
69 6.44531250000000e-01 4.15420532226562e-01
70 6.02539062500000e-01 3.63053321838379e-01
71 6.60156250000000e-01 4.35806274414062e-01
72 5.80078125000000e-01 3.36490631103516e-01
73 5.82519531250000e-01 3.39329004287720e-01
74 5.47363281250000e-01 2.99606561660767e-01
75 5.88867187500000e-01 3.46764564514160e-01
76 5.58105468750000e-01 3.11481714248657e-01
77 5.45898437500000e-01 2.98005104064941e-01
78 5.72265625000000e-01 3.27487945556641e-01
79 5.95703125000000e-01 3.54862213134766e-01
80 5.87890625000000e-01 3.45615386962891e-01
81 6.10351562500000e-01 3.72529029846191e-01
82 6.21582031250000e-01 3.86364221572876e-01
83 6.31347656250000e-01 3.98599863052368e-01
84 5.62011718750000e-01 3.15857172012329e-01
85 6.36718750000000e-01 4.05410766601562e-01
86 7.15820312500000e-01 5.12398719787598e-01
87 6.70410156250000e-01 4.49449777603149e-01
88 6.90429687500000e-01 4.76693153381348e-01
89 6.63574218750000e-01 4.40330743789673e-01
90 6.55761718750000e-01 4.30023431777954e-01
91 6.44042968750000e-01 4.14791345596313e-01
92 6.94824218750000e-01 4.82780694961548e-01
93 6.80175781250000e-01 4.62639093399048e-01
94 6.97753906250000e-01 4.86860513687134e-01
95 6.64550781250000e-01 4.41627740859985e-01
96 6.29882812500000e-01 3.96752357482910e-01
97 6.77246093750000e-01 4.58662271499634e-01
98 6.89941406250000e-01 4.76019144058228e-01
99 6.39160156250000e-01 4.08525705337524e-01
100 5.80078125000000e-01 3.36490631103516e-01
101 5.83984375000000e-01 3.41037750244141e-01
102 5.39062500000000e-01 2.90588378906250e-01
103 5.11230468750000e-01 2.61356592178345e-01
104 5.40527343750000e-01 2.92169809341431e-01
105 5.00000000000000e-01 2.50000000000000e-01
106 5.48828125000000e-01 3.01212310791016e-01
107 5.56640625000000e-01 3.09848785400391e-01
108 5.23925781250000e-01 2.74498224258423e-01
109 5.11230468750000e-01 2.61356592178345e-01
110 5.36132812500000e-01 2.87438392639160e-01
111 5.99609375000000e-01 3.59531402587891e-01
112 5.70800781250000e-01 3.25813531875610e-01
113 5.51757812500000e-01 3.04436683654785e-01
114 5.18554687500000e-01 2.68898963928223e-01
115 5.39062500000000e-01 2.90588378906250e-01
116 4.89746093750000e-01 2.39851236343384e-01
117 5.67871093750000e-01 3.22477579116821e-01
118 5.69335937500000e-01 3.24143409729004e-01
119 5.68847656250000e-01 3.23587656021118e-01
120 5.96191406250000e-01 3.55444192886353e-01
121 6.32812500000000e-01 4.00451660156250e-01
122 6.27441406250000e-01 3.93682718276978e-01
123 6.08398437500000e-01 3.70148658752441e-01
124 6.38671875000000e-01 4.07901763916016e-01
125 6.69921875000000e-01 4.48795318603516e-01
126 6.50390625000000e-01 4.23007965087891e-01
127 6.47949218750000e-01 4.19838190078735e-01
128 6.35742187500000e-01 4.04168128967285e-01
129 6.18164062500000e-01 3.82126808166504e-01
130 6.21582031250000e-01 3.86364221572876e-01
131 5.59082031250000e-01 3.12572717666626e-01
132 5.38574218750000e-01 2.90062189102173e-01
133 5.51269531250000e-01 3.03898096084595e-01
134 5.67382812500000e-01 3.21923255920410e-01
135 5.26855468750000e-01 2.77576684951782e-01
136 5.59570312500000e-01 3.13118934631348e-01
137 5.18554687500000e-01 2.68898963928223e-01
138 5.33691406250000e-01 2.84826517105103e-01
139 5.38574218750000e-01 2.90062189102173e-01
140 5.33691406250000e-01 2.84826517105103e-01
141 5.54687500000000e-01 3.07678222656250e-01
142 5.83984375000000e-01 3.41037750244141e-01
143 5.94238281250000e-01 3.53119134902954e-01
144 6.71875000000000e-01 4.51416015625000e-01
145 7.23632812500000e-01 5.23644447326660e-01
146 7.69531250000000e-01 5.92178344726562e-01
147 7.16308593750000e-01 5.13098001480103e-01
148 7.23632812500000e-01 5.23644447326660e-01
149 6.67968750000000e-01 4.46182250976562e-01
150 6.93359375000000e-01 4.80747222900391e-01
151 6.74804687500000e-01 4.55361366271973e-01
152 6.62109375000000e-01 4.38388824462891e-01
153 6.53808593750000e-01 4.27465677261353e-01
154 6.88476562500000e-01 4.73999977111816e-01
155 6.98730468750000e-01 4.88224267959595e-01
156 7.47558593750000e-01 5.58843851089478e-01
157 7.63671875000000e-01 5.83194732666016e-01
158 7.29003906250000e-01 5.31446695327759e-01
159 7.24121093750000e-01 5.24351358413696e-01
160 7.23632812500000e-01 5.23644447326660e-01
161 7.66601562500000e-01 5.87677955627441e-01
162 7.69042968750000e-01 5.91427087783813e-01
163 7.51464843750000e-01 5.64699411392212e-01
164 7.17285156250000e-01 5.14497995376587e-01
165 7.42675781250000e-01 5.51567316055298e-01
166 7.36816406250000e-01 5.42898416519165e-01
167 7.61230468750000e-01 5.79471826553345e-01
168 7.38769531250000e-01 5.45780420303345e-01
169 7.40234375000000e-01 5.47946929931641e-01
170 7.61718750000000e-01 5.80215454101562e-01
171 7.56347656250000e-01 5.72061777114868e-01
172 7.22167968750000e-01 5.21526575088501e-01
173 7.33398437500000e-01 5.37873268127441e-01
174 6.95312500000000e-01 4.83459472656250e-01
175 6.98730468750000e-01 4.88224267959595e-01
176 6.79687500000000e-01 4.61975097656250e-01
177 5.90332031250000e-01 3.48491907119751e-01
178 5.95214843750000e-01 3.54280710220337e-01
179 5.89843750000000e-01 3.47915649414062e-01
180 6.33300781250000e-01 4.01069879531860e-01
181 5.71289062500000e-01 3.26371192932129e-01
182 5.80078125000000e-01 3.36490631103516e-01
183 5.92285156250000e-01 3.50801706314087e-01
184 6.38671875000000e-01 4.07901763916016e-01
185 6.37207031250000e-01 4.06032800674438e-01
186 6.19140625000000e-01 3.83335113525391e-01
187 6.13281250000000e-01 3.76113891601562e-01
188 6.08886718750000e-01 3.70743036270142e-01
189 5.82519531250000e-01 3.39329004287720e-01
190 5.99121093750000e-01 3.58946084976196e-01
191 5.99609375000000e-01 3.59531402587891e-01
192 6.05957031250000e-01 3.67183923721313e-01
193 6.42578125000000e-01 4.12906646728516e-01
194 6.87011718750000e-01 4.71985101699829e-01
195 6.23046875000000e-01 3.88187408447266e-01
196 6.80175781250000e-01 4.62639093399048e-01
197 6.19140625000000e-01 3.83335113525391e-01
198 6.10839843750000e-01 3.73125314712524e-01
199 6.35742187500000e-01 4.04168128967285e-01
200 6.64062500000000e-01 4.40979003906250e-01
201 6.62109375000000e-01 4.38388824462891e-01
202 6.99218750000000e-01 4.88906860351562e-01
203 7.10937500000000e-01 5.05432128906250e-01
204 7.06054687500000e-01 4.98513221740723e-01
205 7.28515625000000e-01 5.30735015869141e-01
206 6.80175781250000e-01 4.62639093399048e-01
207 7.04101562500000e-01 4.95759010314941e-01
208 6.95312500000000e-01 4.83459472656250e-01
209 6.82617187500000e-01 4.65966224670410e-01
210 6.85058593750000e-01 4.69305276870728e-01
211 6.94824218750000e-01 4.82780694961548e-01
212 7.46582031250000e-01 5.57384729385376e-01
213 6.87500000000000e-01 4.72656250000000e-01
214 6.42578125000000e-01 4.12906646728516e-01
215 6.48437500000000e-01 4.20471191406250e-01
216 6.33789062500000e-01 4.01688575744629e-01
217 6.64062500000000e-01 4.40979003906250e-01
218 6.28906250000000e-01 3.95523071289062e-01
219 6.00097656250000e-01 3.60117197036743e-01
220 6.28417968750000e-01 3.94909143447876e-01
221 5.61035156250000e-01 3.14760446548462e-01
222 5.11718750000000e-01 2.61856079101562e-01
223 5.23925781250000e-01 2.74498224258423e-01
224 6.12792968750000e-01 3.75515222549438e-01
225 6.27929687500000e-01 3.94295692443848e-01
226 5.31738281250000e-01 2.82745599746704e-01
227 5.27343750000000e-01 2.78091430664062e-01
228 5.51757812500000e-01 3.04436683654785e-01
229 4.99511718750000e-01 2.49511957168579e-01
230 4.42871093750000e-01 1.96134805679321e-01
231 4.60937500000000e-01 2.12463378906250e-01
232 3.61328125000000e-01 1.30558013916016e-01
233 3.79882812500000e-01 1.44310951232910e-01
234 3.34960937500000e-01 1.12198829650879e-01
235 3.34472656250000e-01 1.11871957778931e-01
236 3.02246093750000e-01 9.13527011871338e-02
237 3.63281250000000e-01 1.31973266601562e-01
238 3.70605468750000e-01 1.37348413467407e-01
239 4.51660156250000e-01 2.03996896743774e-01
240 4.62402343750000e-01 2.13815927505493e-01
241 5.14648437500000e-01 2.64863014221191e-01
242 5.43945312500000e-01 2.95876502990723e-01
243 5.44921875000000e-01 2.96939849853516e-01
244 5.17089843750000e-01 2.67381906509399e-01
245 5.38085937500000e-01 2.89536476135254e-01
246 5.22949218750000e-01 2.73475885391235e-01
247 5.25390625000000e-01 2.76035308837891e-01
248 5.33691406250000e-01 2.84826517105103e-01
249 5.15136718750000e-01 2.65365839004517e-01
250 4.51660156250000e-01 2.03996896743774e-01
251 4.32128906250000e-01 1.86735391616821e-01
252 4.47265625000000e-01 2.00046539306641e-01
253 4.28710937500000e-01 1.83793067932129e-01
254 3.97460937500000e-01 1.57975196838379e-01
255 3.92578125000000e-01 1.54117584228516e-01
256 4.35058593750000e-01 1.89275979995728e-01
257 4.34082031250000e-01 1.88427209854126e-01
258 4.94628906250000e-01 2.44657754898071e-01
259 4.76074218750000e-01 2.26646661758423e-01
260 4.83398437500000e-01 2.33674049377441e-01
261 5.09765625000000e-01 2.59860992431641e-01
262 5.79589843750000e-01 3.35924386978149e-01
263 5.10253906250000e-01 2.60359048843384e-01
264 4.86328125000000e-01 2.36515045166016e-01
265 4.67285156250000e-01 2.18355417251587e-01
266 4.78027343750000e-01 2.28510141372681e-01
267 5.27343750000000e-01 2.78091430664062e-01
268 5.63476562500000e-01 3.17505836486816e-01
269 5.79101562500000e-01 3.35358619689941e-01
270 5.37109375000000e-01 2.88486480712891e-01
271 5.19531250000000e-01 2.69912719726562e-01
272 5.84960937500000e-01 3.42179298400879e-01
273 5.81542968750000e-01 3.38192224502563e-01
274 5.00488281250000e-01 2.50488519668579e-01
275 5.17578125000000e-01 2.67887115478516e-01
276 5.37597656250000e-01 2.89011240005493e-01
277 5.57128906250000e-01 3.10392618179321e-01
278 5.86914062500000e-01 3.44468116760254e-01
279 6.50878906250000e-01 4.23643350601196e-01
280 6.83105468750000e-01 4.66633081436157e-01
281 7.30468750000000e-01 5.33584594726562e-01
282 6.70410156250000e-01 4.49449777603149e-01
283 6.40625000000000e-01 4.10400390625000e-01
284 5.93261718750000e-01 3.51959466934204e-01
285 6.20605468750000e-01 3.85151147842407e-01
286 6.19140625000000e-01 3.83335113525391e-01
287 5.90820312500000e-01 3.49068641662598e-01
288 6.44531250000000e-01 4.15420532226562e-01
289 6.46972656250000e-01 4.18573617935181e-01
290 6.48925781250000e-01 4.21104669570923e-01
291 6.45996093750000e-01 4.17310953140259e-01
292 6.51855468750000e-01 4.24915552139282e-01
293 7.11914062500000e-01 5.06821632385254e-01
294 6.71386718750000e-01 4.50760126113892e-01
295 6.66503906250000e-01 4.44227457046509e-01
296 5.97167968750000e-01 3.56609582901001e-01
297 6.02539062500000e-01 3.63053321838379e-01
298 5.56152343750000e-01 3.09305429458618e-01
299 5.37109375000000e-01 2.88486480712891e-01
300 5.62011718750000e-01 3.15857172012329e-01
301 6.05957031250000e-01 3.67183923721313e-01
302 6.41113281250000e-01 4.11026239395142e-01
303 6.60644531250000e-01 4.36451196670532e-01
304 6.84082031250000e-01 4.67968225479126e-01
305 7.05078125000000e-01 4.97135162353516e-01
306 6.60156250000000e-01 4.35806274414062e-01
307 6.72363281250000e-01 4.52072381973267e-01
308 6.34765625000000e-01 4.02927398681641e-01
309 6.48925781250000e-01 4.21104669570923e-01
310 6.30859375000000e-01 3.97983551025391e-01
311 6.30859375000000e-01 3.97983551025391e-01
312 6.04003906250000e-01 3.64820718765259e-01
313 5.13183593750000e-01 2.63357400894165e-01
314 5.41503906250000e-01 2.93226480484009e-01
315 5.40527343750000e-01 2.92169809341431e-01
316 4.81933593750000e-01 2.32259988784790e-01
317 5.38574218750000e-01 2.90062189102173e-01
318 5.53710937500000e-01 3.06595802307129e-01
319 5.40039062500000e-01 2.91642189025879e-01
320 5.08300781250000e-01 2.58369684219360e-01
321 5.52734375000000e-01 3.05515289306641e-01
322 5.88867187500000e-01 3.46764564514160e-01
323 5.66406250000000e-01 3.20816040039062e-01
324 5.23925781250000e-01 2.74498224258423e-01
325 4.82421875000000e-01 2.32730865478516e-01
326 5.37597656250000e-01 2.89011240005493e-01
327 4.58496093750000e-01 2.10218667984009e-01
328 5.18066406250000e-01 2.68392801284790e-01
329 6.00585937500000e-01 3.60703468322754e-01
330 6.06445312500000e-01 3.67775917053223e-01
331 6.15722656250000e-01 3.79114389419556e-01
332 5.34667968750000e-01 2.85869836807251e-01
333 5.60546875000000e-01 3.14212799072266e-01
334 5.70312500000000e-01 3.25256347656250e-01
335 5.96679687500000e-01 3.56026649475098e-01
336 5.62011718750000e-01 3.15857172012329e-01
337 6.02539062500000e-01 3.63053321838379e-01
338 5.70312500000000e-01 3.25256347656250e-01
339 5.31738281250000e-01 2.82745599746704e-01
340 5.30273437500000e-01 2.81189918518066e-01
341 5.25390625000000e-01 2.76035308837891e-01
342 5.91796875000000e-01 3.50223541259766e-01
343 6.37695312500000e-01 4.06655311584473e-01
344 5.82031250000000e-01 3.38760375976562e-01
345 5.98144531250000e-01 3.57776880264282e-01
346 5.91308593750000e-01 3.49645853042603e-01
347 5.62500000000000e-01 3.16406250000000e-01
348 5.58593750000000e-01 3.12026977539062e-01
349 5.58593750000000e-01 3.12026977539062e-01
350 6.21093750000000e-01 3.85757446289062e-01
351 5.81542968750000e-01 3.38192224502563e-01
352 6.02050781250000e-01 3.62465143203735e-01
353 5.73730468750000e-01 3.29166650772095e-01
354 5.62988281250000e-01 3.16955804824829e-01
355 5.74218750000000e-01 3.29727172851562e-01
356 5.81054687500000e-01 3.37624549865723e-01
357 5.35644531250000e-01 2.86915063858032e-01
358 5.33691406250000e-01 2.84826517105103e-01
359 5.32226562500000e-01 2.83265113830566e-01
360 4.86816406250000e-01 2.36990213394165e-01
361 4.56542968750000e-01 2.08431482315063e-01
362 4.53613281250000e-01 2.05765008926392e-01
363 4.78027343750000e-01 2.28510141372681e-01
364 4.28710937500000e-01 1.83793067932129e-01
365 3.70605468750000e-01 1.37348413467407e-01
366 3.72558593750000e-01 1.38799905776978e-01
367 3.24707031250000e-01 1.05434656143188e-01
368 3.57421875000000e-01 1.27750396728516e-01
369 2.92968750000000e-01 8.58306884765625e-02
370 3.45703125000000e-01 1.19510650634766e-01
371 3.24707031250000e-01 1.05434656143188e-01
372 3.02734375000000e-01 9.16481018066406e-02
373 3.25683593750000e-01 1.06069803237915e-01
374 2.98828125000000e-01 8.92982482910156e-02
375 3.34472656250000e-01 1.11871957778931e-01
376 4.10156250000000e-01 1.68228149414062e-01
377 4.25292968750000e-01 1.80874109268188e-01
378 4.07714843750000e-01 1.66231393814087e-01
379 4.12109375000000e-01 1.69834136962891e-01
380 3.58398437500000e-01 1.28449440002441e-01
381 3.33496093750000e-01 1.11219644546509e-01
382 3.00292968750000e-01 9.01758670806885e-02
383 3.12988281250000e-01 9.79616641998291e-02
384 3.07617187500000e-01 9.46283340454102e-02
385 2.86621093750000e-01 8.21516513824463e-02
386 3.40820312500000e-01 1.16158485412598e-01
387 2.83203125000000e-01 8.02040100097656e-02
388 1.87011718750000e-01 3.49733829498291e-02
389 1.90917968750000e-01 3.64496707916260e-02
390 1.54785156250000e-01 2.39584445953369e-02
391 1.58203125000000e-01 2.50282287597656e-02
392 1.16699218750000e-01 1.36187076568604e-02
393 1.25488281250000e-01 1.57473087310791e-02
394 1.02050781250000e-01 1.04143619537354e-02
395 2.24609375000000e-02 5.04493713378906e-04
396 5.12695312500000e-02 2.62856483459473e-03
397 1.00585937500000e-01 1.01175308227539e-02
398 8.83789062500000e-02 7.81083106994629e-03
399 1.03515625000000e-01 1.07154846191406e-02
400 1.11328125000000e-01 1.23939514160156e-02
401 1.34765625000000e-01 1.81617736816406e-02
402 1.04980468750000e-01 1.10208988189697e-02
403 1.32812500000000e-01 1.76391601562500e-02
404 8.93554687500000e-02 7.98439979553223e-03
405 9.47265625000000e-02 8.97312164306641e-03
406 1.22070312500000e-01 1.49011611938477e-02
407 1.35253906250000e-01 1.82936191558838e-02
408 8.98437500000000e-02 8.07189941406250e-03
409 1.39648437500000e-01 1.95016860961914e-02
410 2.22656250000000e-01 4.95758056640625e-02
411 2.46582031250000e-01 6.08026981353760e-02
412 2.15820312500000e-01 4.65784072875977e-02
413 1.64550781250000e-01 2.70769596099854e-02
414 1.28417968750000e-01 1.64911746978760e-02
415 1.96777343750000e-01 3.87213230133057e-02
416 2.02148437500000e-01 4.08639907836914e-02
417 2.08984375000000e-01 4.36744689941406e-02
418 2.33886718750000e-01 5.47029972076416e-02
419 3.01269531250000e-01 9.07633304595947e-02
420 3.10058593750000e-01 9.61363315582275e-02
421 3.32031250000000e-01 1.10244750976562e-01
422 2.87109375000000e-01 8.24317932128906e-02
423 2.63183593750000e-01 6.92656040191650e-02
424 2.37792968750000e-01 5.65454959869385e-02
425 2.29492187500000e-01 5.26666641235352e-02
426 2.18750000000000e-01 4.78515625000000e-02
427 2.47558593750000e-01 6.12852573394775e-02
428 2.53417968750000e-01 6.42206668853760e-02
429 1.92871093750000e-01 3.71992588043213e-02
430 2.86621093750000e-01 8.21516513824463e-02
431 3.27636718750000e-01 1.07345819473267e-01
432 2.86132812500000e-01 8.18719863891602e-02
433 2.67089843750000e-01 7.13369846343994e-02
434 2.97363281250000e-01 8.84249210357666e-02
435 2.98339843750000e-01 8.90066623687744e-02
436 3.52050781250000e-01 1.23939752578735e-01
437 2.91015625000000e-01 8.46900939941406e-02
438 2.59277343750000e-01 6.72247409820557e-02
439 3.11523437500000e-01 9.70468521118164e-02
440 3.34472656250000e-01 1.11871957778931e-01
441 3.38378906250000e-01 1.14500284194946e-01
442 3.33007812500000e-01 1.10894203186035e-01
443 3.27148437500000e-01 1.07026100158691e-01
444 2.92968750000000e-01 8.58306884765625e-02
445 3.20312500000000e-01 1.02600097656250e-01
446 2.61230468750000e-01 6.82413578033447e-02
447 3.22753906250000e-01 1.04170083999634e-01
448 3.90136718750000e-01 1.52206659317017e-01
449 3.57910156250000e-01 1.28099679946899e-01
450 4.08203125000000e-01 1.66629791259766e-01
451 4.52148437500000e-01 2.04438209533691e-01
452 4.03320312500000e-01 1.62667274475098e-01
453 4.07226562500000e-01 1.65833473205566e-01
454 3.88671875000000e-01 1.51065826416016e-01
455 3.47167968750000e-01 1.20525598526001e-01
456 3.19335937500000e-01 1.01975440979004e-01
457 3.99902343750000e-01 1.59921884536743e-01
458 3.67675781250000e-01 1.35185480117798e-01
459 3.34960937500000e-01 1.12198829650879e-01
460 3.91113281250000e-01 1.52969598770142e-01
461 3.78417968750000e-01 1.43200159072876e-01
462 3.87207031250000e-01 1.49929285049438e-01
463 3.88183593750000e-01 1.50686502456665e-01
464 3.90136718750000e-01 1.52206659317017e-01
465 4.52148437500000e-01 2.04438209533691e-01
466 4.78027343750000e-01 2.28510141372681e-01
467 5.08300781250000e-01 2.58369684219360e-01
468 4.84375000000000e-01 2.34619140625000e-01
469 5.20996093750000e-01 2.71436929702759e-01
470 5.75683593750000e-01 3.31411600112915e-01
471 5.54687500000000e-01 3.07678222656250e-01
472 5.01953125000000e-01 2.51956939697266e-01
473 5.67382812500000e-01 3.21923255920410e-01
474 5.74218750000000e-01 3.29727172851562e-01
475 6.15234375000000e-01 3.78513336181641e-01
476 5.64941406250000e-01 3.19158792495728e-01
477 5.34667968750000e-01 2.85869836807251e-01
478 5.67382812500000e-01 3.21923255920410e-01
479 5.18554687500000e-01 2.68898963928223e-01
480 5.43457031250000e-01 2.95345544815063e-01
481 5.25878906250000e-01 2.76548624038696e-01
482 5.31250000000000e-01 2.82226562500000e-01
483 4.07226562500000e-01 1.65833473205566e-01
484 4.48242187500000e-01 2.00921058654785e-01
485 5.76171875000000e-01 3.31974029541016e-01
486 6.14257812500000e-01 3.77312660217285e-01
487 5.22460937500000e-01 2.72965431213379e-01
488 4.68261718750000e-01 2.19269037246704e-01
489 4.37500000000000e-01 1.91406250000000e-01
490 4.47753906250000e-01 2.00483560562134e-01
491 3.78906250000000e-01 1.43569946289062e-01
492 3.61328125000000e-01 1.30558013916016e-01
493 3.41796875000000e-01 1.16825103759766e-01
494 2.16308593750000e-01 4.67894077301025e-02
495 2.86621093750000e-01 8.21516513824463e-02
496 2.76367187500000e-01 7.63788223266602e-02
497 2.91992187500000e-01 8.52594375610352e-02
498 2.47070312500000e-01 6.10437393188477e-02
499 2.62695312500000e-01 6.90088272094727e-02
500 2.35839843750000e-01 5.56204319000244e-02
501 2.59765625000000e-01 6.74781799316406e-02
502 2.40234375000000e-01 5.77125549316406e-02
503 3.46191406250000e-01 1.19848489761353e-01
504 3.62304687500000e-01 1.31264686584473e-01
505 3.55957031250000e-01 1.26705408096313e-01
506 3.13964843750000e-01 9.85739231109619e-02
507 3.16406250000000e-01 1.00112915039062e-01
508 3.04199218750000e-01 9.25371646881104e-02
509 2.65625000000000e-01 7.05566406250000e-02
510 2.95898437500000e-01 8.75558853149414e-02
511 1.94335937500000e-01 3.77664566040039e-02
512 2.79785156250000e-01 7.82797336578369e-02
513 2.80761718750000e-01 7.88271427154541e-02
514 3.35449218750000e-01 1.12526178359985e-01
515 2.84179687500000e-01 8.07580947875977e-02
516 2.77832031250000e-01 7.71906375885010e-02
517 3.11523437500000e-01 9.70468521118164e-02
518 3.26660156250000e-01 1.06706857681274e-01
519 3.09082031250000e-01 9.55317020416260e-02
520 2.83203125000000e-01 8.02040100097656e-02
521 2.84667968750000e-01 8.10358524322510e-02
522 4.44335937500000e-01 1.97434425354004e-01
523 3.73535156250000e-01 1.39528512954712e-01
524 3.57910156250000e-01 1.28099679946899e-01
525 3.88671875000000e-01 1.51065826416016e-01
526 3.81835937500000e-01 1.45798683166504e-01
527 4.15039062500000e-01 1.72257423400879e-01
528 3.81835937500000e-01 1.45798683166504e-01
529 4.51171875000000e-01 2.03556060791016e-01
530 4.59960937500000e-01 2.11564064025879e-01
531 4.17480468750000e-01 1.74289941787720e-01
532 4.23828125000000e-01 1.79630279541016e-01
533 4.87304687500000e-01 2.37465858459473e-01
534 4.83398437500000e-01 2.33674049377441e-01
535 5.26367187500000e-01 2.77062416076660e-01
536 6.29882812500000e-01 3.96752357482910e-01
537 5.75195312500000e-01 3.30849647521973e-01
538 6.07910156250000e-01 3.69554758071899e-01
539 6.54296875000000e-01 4.28104400634766e-01
540 6.41601562500000e-01 4.11652565002441e-01
541 6.56250000000000e-01 4.30664062500000e-01
542 7.12402343750000e-01 5.07517099380493e-01
543 7.58300781250000e-01 5.75020074844360e-01
544 7.54882812500000e-01 5.69848060607910e-01
545 7.38281250000000e-01 5.45059204101562e-01
546 6.87988281250000e-01 4.73327875137329e-01
547 6.47949218750000e-01 4.19838190078735e-01
548 6.57714843750000e-01 4.32588815689087e-01
549 6.78710937500000e-01 4.60648536682129e-01
550 6.66015625000000e-01 4.43576812744141e-01
551 7.12402343750000e-01 5.07517099380493e-01
552 7.19238281250000e-01 5.17303705215454e-01
553 7.30468750000000e-01 5.33584594726562e-01
554 6.92382812500000e-01 4.79393959045410e-01
555 6.64550781250000e-01 4.41627740859985e-01
556 7.27050781250000e-01 5.28602838516235e-01
557 7.49023437500000e-01 5.61036109924316e-01
558 7.54882812500000e-01 5.69848060607910e-01
559 6.97753906250000e-01 4.86860513687134e-01
560 7.02636718750000e-01 4.93698358535767e-01
561 7.70996093750000e-01 5.94434976577759e-01
562 7.75878906250000e-01 6.01988077163696e-01
563 7.48535156250000e-01 5.60304880142212e-01
564 7.49511718750000e-01 5.61767816543579e-01
565 7.37792968750000e-01 5.44338464736938e-01
566 7.19726562500000e-01 5.18006324768066e-01
567 7.33398437500000e-01 5.37873268127441e-01
568 7.20703125000000e-01 5.19412994384766e-01
569 6.60156250000000e-01 4.35806274414062e-01
570 6.59667968750000e-01 4.35161828994751e-01
571 6.65527343750000e-01 4.42926645278931e-01
572 6.03515625000000e-01 3.64231109619141e-01
573 6.01074218750000e-01 3.61290216445923e-01
574 5.78125000000000e-01 3.34228515625000e-01
575 5.55664062500000e-01 3.08762550354004e-01
576 5.63964843750000e-01 3.18056344985962e-01
577 6.02539062500000e-01 3.63053321838379e-01
578 5.94238281250000e-01 3.53119134902954e-01
579 6.17675781250000e-01 3.81523370742798e-01
580 6.13769531250000e-01 3.76713037490845e-01
581 6.08886718750000e-01 3.70743036270142e-01
582 6.55273437500000e-01 4.29383277893066e-01
583 6.78222656250000e-01 4.59985971450806e-01
584 6.37207031250000e-01 4.06032800674438e-01
585 7.07519531250000e-01 5.00583887100220e-01
586 6.83593750000000e-01 4.67300415039062e-01
587 7.05078125000000e-01 4.97135162353516e-01
588 6.63085937500000e-01 4.39682960510254e-01
589 6.49414062500000e-01 4.21738624572754e-01
590 6.95800781250000e-01 4.84138727188110e-01
591 6.46972656250000e-01 4.18573617935181e-01
592 6.40136718750000e-01 4.09775018692017e-01
593 7.05566406250000e-01 4.97823953628540e-01
594 6.89453125000000e-01 4.75345611572266e-01
595 7.37304687500000e-01 5.43618202209473e-01
596 7.41699218750000e-01 5.50117731094360e-01
597 7.48535156250000e-01 5.60304880142212e-01
598 7.31445312500000e-01 5.35012245178223e-01
599 7.15820312500000e-01 5.12398719787598e-01
600 7.48046875000000e-01 5.59574127197266e-01
601 7.03613281250000e-01 4.95071649551392e-01
602 7.04589843750000e-01 4.96446847915649e-01
603 7.01171875000000e-01 4.91641998291016e-01
604 6.74316406250000e-01 4.54702615737915e-01
605 6.90917968750000e-01 4.77367639541626e-01
606 6.51855468750000e-01 4.24915552139282e-01
607 6.72851562500000e-01 4.52729225158691e-01
608 6.96289062500000e-01 4.84818458557129e-01
609 7.22167968750000e-01 5.21526575088501e-01
610 6.87500000000000e-01 4.72656250000000e-01
611 6.46972656250000e-01 4.18573617935181e-01
612 6.54785156250000e-01 4.28743600845337e-01
613 6.35253906250000e-01 4.03547525405884e-01
614 5.25878906250000e-01 2.76548624038696e-01
615 5.48828125000000e-01 3.01212310791016e-01
616 6.37695312500000e-01 4.06655311584473e-01
617 6.76269531250000e-01 4.57340478897095e-01
618 6.93359375000000e-01 4.80747222900391e-01
619 6.78222656250000e-01 4.59985971450806e-01
620 7.24609375000000e-01 5.25058746337891e-01
621 7.35839843750000e-01 5.41460275650024e-01
622 7.08984375000000e-01 5.02658843994141e-01
623 7.22656250000000e-01 5.22232055664062e-01
624 7.18261718750000e-01 5.15899896621704e-01
625 6.68457031250000e-01 4.46834802627563e-01
626 6.16699218750000e-01 3.80317926406860e-01
627 7.08496093750000e-01 5.01966714859009e-01
628 7.10937500000000e-01 5.05432128906250e-01
629 6.82617187500000e-01 4.65966224670410e-01
630 7.13378906250000e-01 5.08909463882446e-01
631 7.08496093750000e-01 5.01966714859009e-01
632 6.66503906250000e-01 4.44227457046509e-01
633 6.35253906250000e-01 4.03547525405884e-01
634 6.88476562500000e-01 4.73999977111816e-01
635 6.86035156250000e-01 4.70644235610962e-01
636 6.86035156250000e-01 4.70644235610962e-01
637 6.77246093750000e-01 4.58662271499634e-01
638 6.92382812500000e-01 4.79393959045410e-01
639 6.72851562500000e-01 4.52729225158691e-01
640 5.96679687500000e-01 3.56026649475098e-01
641 6.34765625000000e-01 4.02927398681641e-01
642 5.31250000000000e-01 2.82226562500000e-01
643 4.93164062500000e-01 2.43210792541504e-01
644 5.20019531250000e-01 2.70420312881470e-01
645 6.02539062500000e-01 3.63053321838379e-01
646 5.39062500000000e-01 2.90588378906250e-01
647 5.75195312500000e-01 3.30849647521973e-01
648 5.83984375000000e-01 3.41037750244141e-01
649 5.33203125000000e-01 2.84305572509766e-01
650 5.90820312500000e-01 3.49068641662598e-01
651 5.86425781250000e-01 3.43895196914673e-01
652 4.55078125000000e-01 2.07096099853516e-01
653 4.53125000000000e-01 2.05322265625000e-01
654 4.69726562500000e-01 2.20643043518066e-01
655 4.19433593750000e-01 1.75924539566040e-01
656 4.72656250000000e-01 2.23403930664062e-01
657 4.79003906250000e-01 2.29444742202759e-01
658 4.28710937500000e-01 1.83793067932129e-01
659 3.98925781250000e-01 1.59141778945923e-01
660 3.22753906250000e-01 1.04170083999634e-01
661 3.06152343750000e-01 9.37292575836182e-02
662 2.72949218750000e-01 7.45012760162354e-02
663 2.74414062500000e-01 7.53030776977539e-02
664 2.82714843750000e-01 7.99276828765869e-02
665 2.93945312500000e-01 8.64038467407227e-02
666 2.79785156250000e-01 7.82797336578369e-02
667 3.34472656250000e-01 1.11871957778931e-01
668 3.44726562500000e-01 1.18836402893066e-01
669 2.75878906250000e-01 7.61091709136963e-02
670 2.10449218750000e-01 4.42888736724854e-02
671 1.99218750000000e-01 3.96881103515625e-02
672 2.27539062500000e-01 5.17740249633789e-02
673 2.04589843750000e-01 4.18570041656494e-02
674 2.68554687500000e-01 7.21216201782227e-02
675 2.79785156250000e-01 7.82797336578369e-02
676 1.70410156250000e-01 2.90396213531494e-02
677 2.57324218750000e-01 6.62157535552979e-02
678 2.10937500000000e-01 4.44946289062500e-02
679 2.14843750000000e-01 4.61578369140625e-02
680 2.57812500000000e-01 6.64672851562500e-02
681 2.64160156250000e-01 6.97805881500244e-02
682 2.97363281250000e-01 8.84249210357666e-02
683 3.12011718750000e-01 9.73513126373291e-02
684 3.36425781250000e-01 1.13182306289673e-01
685 3.06640625000000e-01 9.40284729003906e-02
686 3.13476562500000e-01 9.82675552368164e-02
687 2.94921875000000e-01 8.69789123535156e-02
688 2.90039062500000e-01 8.41226577758789e-02
689 2.94433593750000e-01 8.66911411285400e-02
690 2.45605468750000e-01 6.03220462799072e-02
691 2.07519531250000e-01 4.30643558502197e-02
692 2.74414062500000e-01 7.53030776977539e-02
693 2.84667968750000e-01 8.10358524322510e-02
694 2.41699218750000e-01 5.84185123443604e-02
695 3.39843750000000e-01 1.15493774414062e-01
696 4.04785156250000e-01 1.63851022720337e-01
697 4.10156250000000e-01 1.68228149414062e-01
698 4.37011718750000e-01 1.90979242324829e-01
699 4.66308593750000e-01 2.17443704605103e-01
700 4.97070312500000e-01 2.47078895568848e-01
701 5.03906250000000e-01 2.53921508789062e-01
702 4.76074218750000e-01 2.26646661758423e-01
703 3.99902343750000e-01 1.59921884536743e-01
704 4.15527343750000e-01 1.72662973403931e-01
705 4.00390625000000e-01 1.60312652587891e-01
706 3.54492187500000e-01 1.25664710998535e-01
707 3.95019531250000e-01 1.56040430068970e-01
708 4.08203125000000e-01 1.66629791259766e-01
709 3.73535156250000e-01 1.39528512954712e-01
710 3.36425781250000e-01 1.13182306289673e-01
711 3.72558593750000e-01 1.38799905776978e-01
712 3.37890625000000e-01 1.14170074462891e-01
713 3.54003906250000e-01 1.25318765640259e-01
714 2.69531250000000e-01 7.26470947265625e-02
715 2.65625000000000e-01 7.05566406250000e-02
716 2.00683593750000e-01 4.02739048004150e-02
717 2.55859375000000e-01 6.54640197753906e-02
718 3.16406250000000e-01 1.00112915039062e-01
719 2.95410156250000e-01 8.72671604156494e-02
720 3.71093750000000e-01 1.37710571289062e-01
721 3.34472656250000e-01 1.11871957778931e-01
722 4.22851562500000e-01 1.78803443908691e-01
723 4.09179687500000e-01 1.67428016662598e-01
724 3.62792968750000e-01 1.31618738174438e-01
725 3.71582031250000e-01 1.38073205947876e-01
726 4.06250000000000e-01 1.65039062500000e-01
727 4.54101562500000e-01 2.06208229064941e-01
728 4.81445312500000e-01 2.31789588928223e-01
729 4.94628906250000e-01 2.44657754898071e-01
730 5.17578125000000e-01 2.67887115478516e-01
731 4.88281250000000e-01 2.38418579101562e-01
732 4.74121093750000e-01 2.24790811538696e-01
733 4.44335937500000e-01 1.97434425354004e-01
734 4.68750000000000e-01 2.19726562500000e-01
735 5.03417968750000e-01 2.53429651260376e-01
736 5.61523437500000e-01 3.15308570861816e-01
737 6.06445312500000e-01 3.67775917053223e-01
738 6.45019531250000e-01 4.16050195693970e-01
739 6.20605468750000e-01 3.85151147842407e-01
740 6.09863281250000e-01 3.71933221817017e-01
741 6.59667968750000e-01 4.35161828994751e-01
742 6.17675781250000e-01 3.81523370742798e-01
743 6.65039062500000e-01 4.42276954650879e-01
744 6.83593750000000e-01 4.67300415039062e-01
745 6.71386718750000e-01 4.50760126113892e-01
746 6.45019531250000e-01 4.16050195693970e-01
747 6.76269531250000e-01 4.57340478897095e-01
748 7.08007812500000e-01 5.01275062561035e-01
749 7.22656250000000e-01 5.22232055664062e-01
750 6.70410156250000e-01 4.49449777603149e-01
751 6.87011718750000e-01 4.71985101699829e-01
752 6.67480468750000e-01 4.45530176162720e-01
753 6.45996093750000e-01 4.17310953140259e-01
754 6.07421875000000e-01 3.68961334228516e-01
755 6.26464843750000e-01 3.92458200454712e-01
756 6.80664062500000e-01 4.63303565979004e-01
757 7.05078125000000e-01 4.97135162353516e-01
758 6.71386718750000e-01 4.50760126113892e-01
759 6.84570312500000e-01 4.68636512756348e-01
760 7.50488281250000e-01 5.63232660293579e-01
761 7.26562500000000e-01 5.27893066406250e-01
762 7.52929687500000e-01 5.66903114318848e-01
763 6.66503906250000e-01 4.44227457046509e-01
764 6.47949218750000e-01 4.19838190078735e-01
765 6.72851562500000e-01 4.52729225158691e-01
766 6.73828125000000e-01 4.54044342041016e-01
767 6.80175781250000e-01 4.62639093399048e-01
768 6.37207031250000e-01 4.06032800674438e-01
769 6.34277343750000e-01 4.02307748794556e-01
770 6.35742187500000e-01 4.04168128967285e-01
771 6.43554687500000e-01 4.14162635803223e-01
772 6.29394531250000e-01 3.96137475967407e-01
773 5.53710937500000e-01 3.06595802307129e-01
774 6.17675781250000e-01 3.81523370742798e-01
775 6.28906250000000e-01 3.95523071289062e-01
776 6.05468750000000e-01 3.66592407226562e-01
777 6.23046875000000e-01 3.88187408447266e-01
778 6.89941406250000e-01 4.76019144058228e-01
779 6.21093750000000e-01 3.85757446289062e-01
780 6.34765625000000e-01 4.02927398681641e-01
781 6.24023437500000e-01 3.89405250549316e-01
782 6.63574218750000e-01 4.40330743789673e-01
783 6.36718750000000e-01 4.05410766601562e-01
784 6.03027343750000e-01 3.63641977310181e-01
785 5.97656250000000e-01 3.57192993164062e-01
786 5.67871093750000e-01 3.22477579116821e-01
787 6.11328125000000e-01 3.73722076416016e-01
788 6.77246093750000e-01 4.58662271499634e-01
789 6.76757812500000e-01 4.58001136779785e-01
790 6.39648437500000e-01 4.09150123596191e-01
791 5.92773437500000e-01 3.51380348205566e-01
792 6.09863281250000e-01 3.71933221817017e-01
793 5.91796875000000e-01 3.50223541259766e-01
794 5.29296875000000e-01 2.80155181884766e-01
795 6.11328125000000e-01 3.73722076416016e-01
796 6.25488281250000e-01 3.91235589981079e-01
797 6.38183593750000e-01 4.07278299331665e-01
798 6.41113281250000e-01 4.11026239395142e-01
799 7.18750000000000e-01 5.16601562500000e-01
800 6.71875000000000e-01 4.51416015625000e-01
801 6.24511718750000e-01 3.90014886856079e-01
802 6.79687500000000e-01 4.61975097656250e-01
803 6.49902343750000e-01 4.22373056411743e-01
804 5.74707031250000e-01 3.30288171768188e-01
805 5.75683593750000e-01 3.31411600112915e-01
806 5.17578125000000e-01 2.67887115478516e-01
807 4.29199218750000e-01 1.84211969375610e-01
808 4.68750000000000e-01 2.19726562500000e-01
809 4.57031250000000e-01 2.08877563476562e-01
810 5.30761718750000e-01 2.81708002090454e-01
811 5.30761718750000e-01 2.81708002090454e-01
812 5.88867187500000e-01 3.46764564514160e-01
813 5.85449218750000e-01 3.42750787734985e-01
814 5.82031250000000e-01 3.38760375976562e-01
815 5.54199218750000e-01 3.07136774063110e-01
816 5.90820312500000e-01 3.49068641662598e-01
817 5.89843750000000e-01 3.47915649414062e-01
818 6.18652343750000e-01 3.82730722427368e-01
819 6.57226562500000e-01 4.31946754455566e-01
820 6.27929687500000e-01 3.94295692443848e-01
821 6.14257812500000e-01 3.77312660217285e-01
822 5.75683593750000e-01 3.31411600112915e-01
823 6.13769531250000e-01 3.76713037490845e-01
824 6.29394531250000e-01 3.96137475967407e-01
825 6.24023437500000e-01 3.89405250549316e-01
826 5.80566406250000e-01 3.37057352066040e-01
827 5.74218750000000e-01 3.29727172851562e-01
828 5.63476562500000e-01 3.17505836486816e-01
829 5.94238281250000e-01 3.53119134902954e-01
830 6.72363281250000e-01 4.52072381973267e-01
831 6.87011718750000e-01 4.71985101699829e-01
832 7.06054687500000e-01 4.98513221740723e-01
833 6.90429687500000e-01 4.76693153381348e-01
834 7.14843750000000e-01 5.11001586914062e-01
835 7.06054687500000e-01 4.98513221740723e-01
836 7.08007812500000e-01 5.01275062561035e-01
837 6.89453125000000e-01 4.75345611572266e-01
838 7.30957031250000e-01 5.34298181533813e-01
839 6.90917968750000e-01 4.77367639541626e-01
840 6.32324218750000e-01 3.99833917617798e-01
841 6.31835937500000e-01 3.99216651916504e-01
842 6.41601562500000e-01 4.11652565002441e-01
843 6.96777343750000e-01 4.85498666763306e-01
844 6.83105468750000e-01 4.66633081436157e-01
845 7.06054687500000e-01 4.98513221740723e-01
846 6.78710937500000e-01 4.60648536682129e-01
847 6.73828125000000e-01 4.54044342041016e-01
848 7.32910156250000e-01 5.37157297134399e-01
849 7.20703125000000e-01 5.19412994384766e-01
850 6.79687500000000e-01 4.61975097656250e-01
851 7.45605468750000e-01 5.55927515029907e-01
852 6.82617187500000e-01 4.65966224670410e-01
853 7.03125000000000e-01 4.94384765625000e-01
854 6.85058593750000e-01 4.69305276870728e-01
855 6.67480468750000e-01 4.45530176162720e-01
856 6.71875000000000e-01 4.51416015625000e-01
857 6.76269531250000e-01 4.57340478897095e-01
858 6.93359375000000e-01 4.80747222900391e-01
859 7.47070312500000e-01 5.58114051818848e-01
860 7.59277343750000e-01 5.76502084732056e-01
861 7.22167968750000e-01 5.21526575088501e-01
862 6.35253906250000e-01 4.03547525405884e-01
863 6.34765625000000e-01 4.02927398681641e-01
864 6.55273437500000e-01 4.29383277893066e-01
865 6.77734375000000e-01 4.59323883056641e-01
866 7.18261718750000e-01 5.15899896621704e-01
867 7.24609375000000e-01 5.25058746337891e-01
868 7.34863281250000e-01 5.40024042129517e-01
869 7.27050781250000e-01 5.28602838516235e-01
870 6.56738281250000e-01 4.31305170059204e-01
871 6.73339843750000e-01 4.53386545181274e-01
872 6.87500000000000e-01 4.72656250000000e-01
873 6.84570312500000e-01 4.68636512756348e-01
874 7.16308593750000e-01 5.13098001480103e-01
875 6.56250000000000e-01 4.30664062500000e-01
876 5.91796875000000e-01 3.50223541259766e-01
877 5.81054687500000e-01 3.37624549865723e-01
878 6.11328125000000e-01 3.73722076416016e-01
879 5.40039062500000e-01 2.91642189025879e-01
880 4.99023437500000e-01 2.49024391174316e-01
881 5.10253906250000e-01 2.60359048843384e-01
882 5.25390625000000e-01 2.76035308837891e-01
883 4.40917968750000e-01 1.94408655166626e-01
884 4.85839843750000e-01 2.36040353775024e-01
885 4.63867187500000e-01 2.15172767639160e-01
886 4.91699218750000e-01 2.41768121719360e-01
887 4.79980468750000e-01 2.30381250381470e-01
888 4.75585937500000e-01 2.26181983947754e-01
889 5.21484375000000e-01 2.71945953369141e-01
890 5.63964843750000e-01 3.18056344985962e-01
891 5.77636718750000e-01 3.33664178848267e-01
892 4.61914062500000e-01 2.13364601135254e-01
893 4.23339843750000e-01 1.79216623306274e-01
894 3.70117187500000e-01 1.36986732482910e-01
895 4.34082031250000e-01 1.88427209854126e-01
896 4.41406250000000e-01 1.94839477539062e-01
897 4.67773437500000e-01 2.18811988830566e-01
898 4.80468750000000e-01 2.30850219726562e-01
899 5.52734375000000e-01 3.05515289306641e-01
900 5.08789062500000e-01 2.58866310119629e-01
901 5.39062500000000e-01 2.90588378906250e-01
902 6.26464843750000e-01 3.92458200454712e-01
903 6.65039062500000e-01 4.42276954650879e-01
904 6.48437500000000e-01 4.20471191406250e-01
905 5.93750000000000e-01 3.52539062500000e-01
906 5.47363281250000e-01 2.99606561660767e-01
907 5.96679687500000e-01 3.56026649475098e-01
908 6.25488281250000e-01 3.91235589981079e-01
909 6.45996093750000e-01 4.17310953140259e-01
910 6.38671875000000e-01 4.07901763916016e-01
911 6.49414062500000e-01 4.21738624572754e-01
912 6.30859375000000e-01 3.97983551025391e-01
913 6.01074218750000e-01 3.61290216445923e-01
914 5.97167968750000e-01 3.56609582901001e-01
915 6.24511718750000e-01 3.90014886856079e-01
916 5.90332031250000e-01 3.48491907119751e-01
917 5.42480468750000e-01 2.94285058975220e-01
918 4.98046875000000e-01 2.48050689697266e-01
919 5.04394531250000e-01 2.54413843154907e-01
920 5.17089843750000e-01 2.67381906509399e-01
921 4.68750000000000e-01 2.19726562500000e-01
922 4.61914062500000e-01 2.13364601135254e-01
923 4.82421875000000e-01 2.32730865478516e-01
924 4.75097656250000e-01 2.25717782974243e-01
925 4.26269531250000e-01 1.81705713272095e-01
926 4.18457031250000e-01 1.75106287002563e-01
927 4.39941406250000e-01 1.93548440933228e-01
928 4.76562500000000e-01 2.27111816406250e-01
929 4.29199218750000e-01 1.84211969375610e-01
930 5.08789062500000e-01 2.58866310119629e-01
931 4.56542968750000e-01 2.08431482315063e-01
932 4.64843750000000e-01 2.16079711914062e-01
933 4.49218750000000e-01 2.01797485351562e-01
934 4.52148437500000e-01 2.04438209533691e-01
935 4.52148437500000e-01 2.04438209533691e-01
936 4.19433593750000e-01 1.75924539566040e-01
937 4.07714843750000e-01 1.66231393814087e-01
938 4.37500000000000e-01 1.91406250000000e-01
939 4.17480468750000e-01 1.74289941787720e-01
940 4.12597656250000e-01 1.70236825942993e-01
941 4.13574218750000e-01 1.71043634414673e-01
942 3.68652343750000e-01 1.35904550552368e-01
943 3.11035156250000e-01 9.67428684234619e-02
944 3.78417968750000e-01 1.43200159072876e-01
945 3.00292968750000e-01 9.01758670806885e-02
946 3.51074218750000e-01 1.23253107070923e-01
947 3.80859375000000e-01 1.45053863525391e-01
948 4.08691406250000e-01 1.67028665542603e-01
949 4.67773437500000e-01 2.18811988830566e-01
950 4.58007812500000e-01 2.09771156311035e-01
951 4.86328125000000e-01 2.36515045166016e-01
952 4.56054687500000e-01 2.07985877990723e-01
953 4.20898437500000e-01 1.77155494689941e-01
954 3.34472656250000e-01 1.11871957778931e-01
955 4.01855468750000e-01 1.61487817764282e-01
956 3.14453125000000e-01 9.88807678222656e-02
957 2.98828125000000e-01 8.92982482910156e-02
958 3.25683593750000e-01 1.06069803237915e-01
959 3.07617187500000e-01 9.46283340454102e-02
960 3.28125000000000e-01 1.07666015625000e-01
961 2.95898437500000e-01 8.75558853149414e-02
962 3.36425781250000e-01 1.13182306289673e-01
963 3.54003906250000e-01 1.25318765640259e-01
964 2.85644531250000e-01 8.15927982330322e-02
965 3.55468750000000e-01 1.26358032226562e-01
966 3.38867187500000e-01 1.14830970764160e-01
967 4.43359375000000e-01 1.96567535400391e-01
968 4.68261718750000e-01 2.19269037246704e-01
969 4.68261718750000e-01 2.19269037246704e-01
970 4.56542968750000e-01 2.08431482315063e-01
971 5.02929687500000e-01 2.52938270568848e-01
972 5.09765625000000e-01 2.59860992431641e-01
973 4.67285156250000e-01 2.18355417251587e-01
974 4.59472656250000e-01 2.11115121841431e-01
975 3.10546875000000e-01 9.64393615722656e-02
976 3.46679687500000e-01 1.20186805725098e-01
977 3.75000000000000e-01 1.40625000000000e-01
978 3.79394531250000e-01 1.43940210342407e-01
979 3.70117187500000e-01 1.36986732482910e-01
980 3.82324218750000e-01 1.46171808242798e-01
981 2.96386718750000e-01 8.78450870513916e-02
982 3.13964843750000e-01 9.85739231109619e-02
983 3.81347656250000e-01 1.45426034927368e-01
984 3.68164062500000e-01 1.35544776916504e-01
985 4.12597656250000e-01 1.70236825942993e-01
986 4.14062500000000e-01 1.71447753906250e-01
987 4.19433593750000e-01 1.75924539566040e-01
988 4.12109375000000e-01 1.69834136962891e-01
989 3.93554687500000e-01 1.54885292053223e-01
990 3.60839843750000e-01 1.30205392837524e-01
991 3.05175781250000e-01 9.31322574615479e-02
992 3.35937500000000e-01 1.12854003906250e-01
993 3.15429687500000e-01 9.94958877563477e-02
994 2.66113281250000e-01 7.08162784576416e-02
995 2.96386718750000e-01 8.78450870513916e-02
996 3.59863281250000e-01 1.29501581192017e-01
997 3.42285156250000e-01 1.17159128189087e-01
998 3.26660156250000e-01 1.06706857681274e-01
999 3.77929687500000e-01 1.42830848693848e-01
