0 6.54296875000000e-01 4.28104400634766e-01
1 6.91894531250000e-01 4.78718042373657e-01
2 7.01171875000000e-01 4.91641998291016e-01
3 6.53320312500000e-01 4.26827430725098e-01
4 7.25585937500000e-01 5.26474952697754e-01
5 7.90527343750000e-01 6.24933481216431e-01
6 7.61718750000000e-01 5.80215454101562e-01
7 6.90917968750000e-01 4.77367639541626e-01
8 7.09472656250000e-01 5.03351449966431e-01
9 7.33886718750000e-01 5.38589715957642e-01
10 7.75390625000000e-01 6.01230621337891e-01
11 7.07031250000000e-01 4.99893188476562e-01
12 6.37207031250000e-01 4.06032800674438e-01
13 6.98730468750000e-01 4.88224267959595e-01
14 7.16796875000000e-01 5.13797760009766e-01
15 7.70019531250000e-01 5.92930078506470e-01
16 7.73437500000000e-01 5.98205566406250e-01
17 7.60253906250000e-01 5.77986001968384e-01
18 7.18750000000000e-01 5.16601562500000e-01
19 7.55859375000000e-01 5.71323394775391e-01
20 6.87500000000000e-01 4.72656250000000e-01
21 7.69531250000000e-01 5.92178344726562e-01
22 7.91992187500000e-01 6.27251625061035e-01
23 7.59765625000000e-01 5.77243804931641e-01
24 7.71484375000000e-01 5.95188140869141e-01
25 7.45117187500000e-01 5.55199623107910e-01
26 7.06054687500000e-01 4.98513221740723e-01
27 6.88476562500000e-01 4.73999977111816e-01
28 6.57226562500000e-01 4.31946754455566e-01
29 7.08496093750000e-01 5.01966714859009e-01
30 6.89941406250000e-01 4.76019144058228e-01
31 6.88964843750000e-01 4.74672555923462e-01
32 7.33398437500000e-01 5.37873268127441e-01
33 7.36816406250000e-01 5.42898416519165e-01
34 7.34863281250000e-01 5.40024042129517e-01
35 7.22656250000000e-01 5.22232055664062e-01
36 6.61132812500000e-01 4.37096595764160e-01
37 6.80664062500000e-01 4.63303565979004e-01
38 6.37695312500000e-01 4.06655311584473e-01
39 6.50878906250000e-01 4.23643350601196e-01
40 6.28906250000000e-01 3.95523071289062e-01
41 6.27929687500000e-01 3.94295692443848e-01
42 6.92382812500000e-01 4.79393959045410e-01
43 7.52929687500000e-01 5.66903114318848e-01
44 7.10937500000000e-01 5.05432128906250e-01
45 7.25097656250000e-01 5.25766611099243e-01
46 7.02636718750000e-01 4.93698358535767e-01
47 7.04589843750000e-01 4.96446847915649e-01
48 6.73828125000000e-01 4.54044342041016e-01
49 6.11816406250000e-01 3.74319314956665e-01
50 6.05957031250000e-01 3.67183923721313e-01
51 5.87402343750000e-01 3.45041513442993e-01
52 5.91308593750000e-01 3.49645853042603e-01
53 6.18164062500000e-01 3.82126808166504e-01
54 5.61035156250000e-01 3.14760446548462e-01
55 6.22558593750000e-01 3.87579202651978e-01
56 6.25976562500000e-01 3.91846656799316e-01
57 5.58593750000000e-01 3.12026977539062e-01
58 5.00976562500000e-01 2.50977516174316e-01
59 4.65820312500000e-01 2.16988563537598e-01
60 4.57031250000000e-01 2.08877563476562e-01
61 4.32617187500000e-01 1.87157630920410e-01
62 5.00488281250000e-01 2.50488519668579e-01
63 4.83398437500000e-01 2.33674049377441e-01
64 5.34179687500000e-01 2.85347938537598e-01
65 5.02441406250000e-01 2.52447366714478e-01
66 5.16601562500000e-01 2.66877174377441e-01
67 5.41503906250000e-01 2.93226480484009e-01
68 5.13183593750000e-01 2.63357400894165e-01
69 4.45312500000000e-01 1.98303222656250e-01
70 3.99414062500000e-01 1.59531593322754e-01
71 3.98437500000000e-01 1.58752441406250e-01
72 3.72070312500000e-01 1.38436317443848e-01
73 4.16992187500000e-01 1.73882484436035e-01
74 4.23339843750000e-01 1.79216623306274e-01
75 4.07714843750000e-01 1.66231393814087e-01
76 3.88671875000000e-01 1.51065826416016e-01
77 3.78417968750000e-01 1.43200159072876e-01
78 4.53613281250000e-01 2.05765008926392e-01
79 4.54101562500000e-01 2.06208229064941e-01
80 4.00390625000000e-01 1.60312652587891e-01
81 4.24316406250000e-01 1.80044412612915e-01
82 4.37011718750000e-01 1.90979242324829e-01
83 4.44335937500000e-01 1.97434425354004e-01
84 4.34570312500000e-01 1.88851356506348e-01
85 4.21875000000000e-01 1.77978515625000e-01
86 3.70605468750000e-01 1.37348413467407e-01
87 3.76464843750000e-01 1.41725778579712e-01
88 4.18945312500000e-01 1.75515174865723e-01
89 4.08691406250000e-01 1.67028665542603e-01
90 4.67285156250000e-01 2.18355417251587e-01
91 5.23437500000000e-01 2.73986816406250e-01
92 5.49316406250000e-01 3.01748514175415e-01
93 4.57519531250000e-01 2.09324121475220e-01
94 4.30175781250000e-01 1.85051202774048e-01
95 4.48242187500000e-01 2.00921058654785e-01
96 4.10156250000000e-01 1.68228149414062e-01
97 3.76953125000000e-01 1.42093658447266e-01
98 3.86718750000000e-01 1.49551391601562e-01
99 3.58886718750000e-01 1.28799676895142e-01
100 3.45703125000000e-01 1.19510650634766e-01
101 3.45703125000000e-01 1.19510650634766e-01
102 4.15527343750000e-01 1.72662973403931e-01
103 4.48242187500000e-01 2.00921058654785e-01
104 4.45800781250000e-01 1.98738336563110e-01
105 4.29687500000000e-01 1.84631347656250e-01
106 4.02343750000000e-01 1.61880493164062e-01
107 3.42773437500000e-01 1.17493629455566e-01
108 3.21777343750000e-01 1.03540658950806e-01
109 4.17480468750000e-01 1.74289941787720e-01
110 4.47265625000000e-01 2.00046539306641e-01
111 3.79394531250000e-01 1.43940210342407e-01
112 3.96484375000000e-01 1.57199859619141e-01
113 3.95996093750000e-01 1.56812906265259e-01
114 4.28222656250000e-01 1.83374643325806e-01
115 4.40917968750000e-01 1.94408655166626e-01
116 3.80371093750000e-01 1.44682168960571e-01
117 3.98925781250000e-01 1.59141778945923e-01
118 3.57421875000000e-01 1.27750396728516e-01
119 4.24316406250000e-01 1.80044412612915e-01
120 4.88769531250000e-01 2.38895654678345e-01
121 4.60937500000000e-01 2.12463378906250e-01
122 4.97558593750000e-01 2.47564554214478e-01
123 4.51171875000000e-01 2.03556060791016e-01
124 4.20410156250000e-01 1.76744699478149e-01
125 4.15039062500000e-01 1.72257423400879e-01
126 3.39355468750000e-01 1.15162134170532e-01
127 3.14453125000000e-01 9.88807678222656e-02
128 4.09179687500000e-01 1.67428016662598e-01
129 4.50195312500000e-01 2.02675819396973e-01
130 4.21875000000000e-01 1.77978515625000e-01
131 3.74511718750000e-01 1.40259027481079e-01
132 3.62792968750000e-01 1.31618738174438e-01
133 3.45703125000000e-01 1.19510650634766e-01
134 2.84667968750000e-01 8.10358524322510e-02
135 3.83300781250000e-01 1.46919488906860e-01
136 3.95507812500000e-01 1.56426429748535e-01
137 4.00390625000000e-01 1.60312652587891e-01
138 3.94531250000000e-01 1.55654907226562e-01
139 4.62402343750000e-01 2.13815927505493e-01
140 4.32128906250000e-01 1.86735391616821e-01
141 4.70703125000000e-01 2.21561431884766e-01
142 4.24804687500000e-01 1.80459022521973e-01
143 4.08203125000000e-01 1.66629791259766e-01
144 4.42871093750000e-01 1.96134805679321e-01
145 4.28710937500000e-01 1.83793067932129e-01
146 4.05761718750000e-01 1.64642572402954e-01
147 3.70117187500000e-01 1.36986732482910e-01
148 3.39843750000000e-01 1.15493774414062e-01
149 3.97949218750000e-01 1.58363580703735e-01
150 4.04296875000000e-01 1.63455963134766e-01
151 3.21289062500000e-01 1.03226661682129e-01
152 2.82714843750000e-01 7.99276828765869e-02
153 2.46093750000000e-01 6.05621337890625e-02
154 2.58300781250000e-01 6.67192935943604e-02
155 2.67578125000000e-01 7.15980529785156e-02
156 2.74902343750000e-01 7.55712985992432e-02
157 2.88085937500000e-01 8.29935073852539e-02
158 3.30078125000000e-01 1.08951568603516e-01
159 3.67187500000000e-01 1.34826660156250e-01
160 3.15917968750000e-01 9.98041629791260e-02
161 2.28515625000000e-01 5.22193908691406e-02
162 2.96386718750000e-01 8.78450870513916e-02
163 3.26171875000000e-01 1.06388092041016e-01
164 2.69531250000000e-01 7.26470947265625e-02
165 3.27636718750000e-01 1.07345819473267e-01
166 2.75390625000000e-01 7.58399963378906e-02
167 3.25683593750000e-01 1.06069803237915e-01
168 3.76953125000000e-01 1.42093658447266e-01
169 4.07226562500000e-01 1.65833473205566e-01
170 4.24316406250000e-01 1.80044412612915e-01
171 4.85351562500000e-01 2.35566139221191e-01
172 4.28222656250000e-01 1.83374643325806e-01
173 4.46289062500000e-01 1.99173927307129e-01
174 5.00976562500000e-01 2.50977516174316e-01
175 3.74023437500000e-01 1.39893531799316e-01
176 3.78417968750000e-01 1.43200159072876e-01
177 2.94921875000000e-01 8.69789123535156e-02
178 3.04199218750000e-01 9.25371646881104e-02
179 2.57812500000000e-01 6.64672851562500e-02
180 2.95410156250000e-01 8.72671604156494e-02
181 3.30566406250000e-01 1.09274148941040e-01
182 3.29589843750000e-01 1.08629465103149e-01
183 3.31054687500000e-01 1.09597206115723e-01
184 3.06640625000000e-01 9.40284729003906e-02
185 3.32031250000000e-01 1.10244750976562e-01
186 3.12988281250000e-01 9.79616641998291e-02
187 2.78320312500000e-01 7.74621963500977e-02
188 2.48535156250000e-01 6.17697238922119e-02
189 2.61230468750000e-01 6.82413578033447e-02
190 2.59277343750000e-01 6.72247409820557e-02
191 3.14453125000000e-01 9.88807678222656e-02
192 3.15429687500000e-01 9.94958877563477e-02
193 3.70117187500000e-01 1.36986732482910e-01
194 4.07714843750000e-01 1.66231393814087e-01
195 4.37011718750000e-01 1.90979242324829e-01
196 3.61816406250000e-01 1.30911111831665e-01
197 3.95019531250000e-01 1.56040430068970e-01
198 4.04785156250000e-01 1.63851022720337e-01
199 4.23339843750000e-01 1.79216623306274e-01
200 3.58398437500000e-01 1.28449440002441e-01
201 3.64257812500000e-01 1.32683753967285e-01
202 3.68652343750000e-01 1.35904550552368e-01
203 4.36035156250000e-01 1.90126657485962e-01
204 3.91113281250000e-01 1.52969598770142e-01
205 3.33007812500000e-01 1.10894203186035e-01
206 3.45703125000000e-01 1.19510650634766e-01
207 3.08593750000000e-01 9.52301025390625e-02
208 3.10546875000000e-01 9.64393615722656e-02
209 3.17382812500000e-01 1.00731849670410e-01
210 3.26171875000000e-01 1.06388092041016e-01
211 3.05175781250000e-01 9.31322574615479e-02
212 3.41796875000000e-01 1.16825103759766e-01
213 3.14453125000000e-01 9.88807678222656e-02
214 3.49121093750000e-01 1.21885538101196e-01
215 4.02832031250000e-01 1.62273645401001e-01
216 3.83789062500000e-01 1.47294044494629e-01
217 3.97460937500000e-01 1.57975196838379e-01
218 4.20898437500000e-01 1.77155494689941e-01
219 3.89648437500000e-01 1.51825904846191e-01
220 2.88574218750000e-01 8.32750797271729e-02
221 3.10058593750000e-01 9.61363315582275e-02
222 2.87109375000000e-01 8.24317932128906e-02
223 2.81738281250000e-01 7.93764591217041e-02
224 2.15820312500000e-01 4.65784072875977e-02
225 2.74414062500000e-01 7.53030776977539e-02
226 2.46582031250000e-01 6.08026981353760e-02
227 1.99707031250000e-01 3.98828983306885e-02
228 1.75292968750000e-01 3.07276248931885e-02
229 2.47558593750000e-01 6.12852573394775e-02
230 3.15429687500000e-01 9.94958877563477e-02
231 2.27539062500000e-01 5.17740249633789e-02
232 1.69921875000000e-01 2.88734436035156e-02
233 1.26953125000000e-01 1.61170959472656e-02
234 1.52832031250000e-01 2.33576297760010e-02
235 1.76757812500000e-01 3.12433242797852e-02
236 1.55761718750000e-01 2.42617130279541e-02
237 1.35253906250000e-01 1.82936191558838e-02
238 1.02050781250000e-01 1.04143619537354e-02
239 2.32910156250000e-01 5.42471408843994e-02
240 2.33886718750000e-01 5.47029972076416e-02
241 2.66601562500000e-01 7.10763931274414e-02
242 2.37304687500000e-01 5.63135147094727e-02
243 2.17285156250000e-01 4.72128391265869e-02
244 1.50878906250000e-01 2.27644443511963e-02
245 1.23535156250000e-01 1.52609348297119e-02
246 2.17285156250000e-01 4.72128391265869e-02
247 2.26562500000000e-01 5.13305664062500e-02
248 2.61718750000000e-01 6.84967041015625e-02
249 3.08593750000000e-01 9.52301025390625e-02
250 3.15917968750000e-01 9.98041629791260e-02
251 3.22265625000000e-01 1.03855133056641e-01
252 4.13085937500000e-01 1.70639991760254e-01
253 4.51171875000000e-01 2.03556060791016e-01
254 4.38964843750000e-01 1.92690134048462e-01
255 4.77050781250000e-01 2.27577447891235e-01
256 4.70214843750000e-01 2.21101999282837e-01
257 4.18945312500000e-01 1.75515174865723e-01
258 3.32031250000000e-01 1.10244750976562e-01
259 3.17382812500000e-01 1.00731849670410e-01
260 3.38867187500000e-01 1.14830970764160e-01
261 4.08691406250000e-01 1.67028665542603e-01
262 4.31152343750000e-01 1.85892343521118e-01
263 4.64355468750000e-01 2.15626001358032e-01
264 4.43847656250000e-01 1.97000741958618e-01
265 5.07324218750000e-01 2.57377862930298e-01
266 5.14160156250000e-01 2.64360666275024e-01
267 5.44921875000000e-01 2.96939849853516e-01
268 5.69335937500000e-01 3.24143409729004e-01
269 5.76660156250000e-01 3.32536935806274e-01
270 4.64355468750000e-01 2.15626001358032e-01
271 4.45312500000000e-01 1.98303222656250e-01
272 3.85253906250000e-01 1.48420572280884e-01
273 4.18457031250000e-01 1.75106287002563e-01
274 3.80859375000000e-01 1.45053863525391e-01
275 3.81835937500000e-01 1.45798683166504e-01
276 3.67675781250000e-01 1.35185480117798e-01
277 3.31054687500000e-01 1.09597206115723e-01
278 3.94042968750000e-01 1.55269861221313e-01
279 3.85742187500000e-01 1.48797035217285e-01
280 3.66210937500000e-01 1.34110450744629e-01
281 4.03320312500000e-01 1.62667274475098e-01
282 4.37011718750000e-01 1.90979242324829e-01
283 4.57031250000000e-01 2.08877563476562e-01
284 3.84765625000000e-01 1.48044586181641e-01
285 3.33007812500000e-01 1.10894203186035e-01
286 3.23242187500000e-01 1.04485511779785e-01
287 2.93945312500000e-01 8.64038467407227e-02
288 2.66601562500000e-01 7.10763931274414e-02
289 2.22656250000000e-01 4.95758056640625e-02
290 2.00195312500000e-01 4.00781631469727e-02
291 1.95312500000000e-01 3.81469726562500e-02
292 2.57812500000000e-01 6.64672851562500e-02
293 2.16796875000000e-01 4.70008850097656e-02
294 2.79296875000000e-01 7.80067443847656e-02
295 2.58300781250000e-01 6.67192935943604e-02
296 2.56347656250000e-01 6.57141208648682e-02
297 2.76855468750000e-01 7.66489505767822e-02
298 2.50488281250000e-01 6.27443790435791e-02
299 3.14453125000000e-01 9.88807678222656e-02
300 2.77832031250000e-01 7.71906375885010e-02
301 2.91015625000000e-01 8.46900939941406e-02
302 2.01660156250000e-01 4.06668186187744e-02
303 2.58789062500000e-01 6.69717788696289e-02
304 2.88574218750000e-01 8.32750797271729e-02
305 2.77343750000000e-01 7.69195556640625e-02
306 3.45214843750000e-01 1.19173288345337e-01
307 3.38867187500000e-01 1.14830970764160e-01
308 4.45312500000000e-01 1.98303222656250e-01
309 4.59472656250000e-01 2.11115121841431e-01
310 4.14062500000000e-01 1.71447753906250e-01
311 4.66308593750000e-01 2.17443704605103e-01
312 4.89746093750000e-01 2.39851236343384e-01
313 4.85839843750000e-01 2.36040353775024e-01
314 5.38574218750000e-01 2.90062189102173e-01
315 5.08300781250000e-01 2.58369684219360e-01
316 5.40039062500000e-01 2.91642189025879e-01
317 5.01464843750000e-01 2.51466989517212e-01
318 5.16601562500000e-01 2.66877174377441e-01
319 4.76562500000000e-01 2.27111816406250e-01
320 4.94140625000000e-01 2.44174957275391e-01
321 5.00976562500000e-01 2.50977516174316e-01
322 4.96582031250000e-01 2.46593713760376e-01
323 4.89746093750000e-01 2.39851236343384e-01
324 5.30273437500000e-01 2.81189918518066e-01
325 5.91308593750000e-01 3.49645853042603e-01
326 5.77148437500000e-01 3.33100318908691e-01
327 5.18066406250000e-01 2.68392801284790e-01
328 5.47363281250000e-01 2.99606561660767e-01
329 5.41015625000000e-01 2.92697906494141e-01
330 4.46777343750000e-01 1.99609994888306e-01
331 4.96582031250000e-01 2.46593713760376e-01
332 4.53125000000000e-01 2.05322265625000e-01
333 4.23828125000000e-01 1.79630279541016e-01
334 4.41406250000000e-01 1.94839477539062e-01
335 4.51171875000000e-01 2.03556060791016e-01
336 4.23339843750000e-01 1.79216623306274e-01
337 3.97460937500000e-01 1.57975196838379e-01
338 4.39453125000000e-01 1.93119049072266e-01
339 3.50097656250000e-01 1.22568368911743e-01
340 2.95410156250000e-01 8.72671604156494e-02
341 2.39257812500000e-01 5.72443008422852e-02
342 2.45117187500000e-01 6.00824356079102e-02
343 1.56250000000000e-01 2.44140625000000e-02
344 1.55273437500000e-01 2.41098403930664e-02
345 8.83789062500000e-02 7.81083106994629e-03
346 1.51367187500000e-01 2.29120254516602e-02
347 1.80175781250000e-01 3.24633121490479e-02
348 1.94335937500000e-01 3.77664566040039e-02
349 1.79687500000000e-01 3.22875976562500e-02
350 1.28906250000000e-01 1.66168212890625e-02
351 2.14355468750000e-01 4.59482669830322e-02
352 2.43652343750000e-01 5.93664646148682e-02
353 2.41210937500000e-01 5.81827163696289e-02
354 2.39257812500000e-01 5.72443008422852e-02
355 2.36328125000000e-01 5.58509826660156e-02
356 2.39257812500000e-01 5.72443008422852e-02
357 2.41210937500000e-01 5.81827163696289e-02
358 3.26171875000000e-01 1.06388092041016e-01
359 3.42285156250000e-01 1.17159128189087e-01
360 3.83300781250000e-01 1.46919488906860e-01
361 3.35449218750000e-01 1.12526178359985e-01
362 4.22363281250000e-01 1.78390741348267e-01
363 4.83398437500000e-01 2.33674049377441e-01
364 4.77539062500000e-01 2.28043556213379e-01
365 4.32617187500000e-01 1.87157630920410e-01
366 4.28222656250000e-01 1.83374643325806e-01
367 4.94628906250000e-01 2.44657754898071e-01
368 4.64355468750000e-01 2.15626001358032e-01
369 4.80957031250000e-01 2.31319665908813e-01
370 4.96582031250000e-01 2.46593713760376e-01
371 4.83398437500000e-01 2.33674049377441e-01
372 5.54687500000000e-01 3.07678222656250e-01
373 5.11718750000000e-01 2.61856079101562e-01
374 4.53613281250000e-01 2.05765008926392e-01
375 4.66308593750000e-01 2.17443704605103e-01
376 5.02929687500000e-01 2.52938270568848e-01
377 4.68261718750000e-01 2.19269037246704e-01
378 4.84375000000000e-01 2.34619140625000e-01
379 4.82910156250000e-01 2.33202219009399e-01
380 5.47363281250000e-01 2.99606561660767e-01
381 6.63574218750000e-01 4.40330743789673e-01
382 6.70898437500000e-01 4.50104713439941e-01
383 6.11328125000000e-01 3.73722076416016e-01
384 5.84960937500000e-01 3.42179298400879e-01
385 5.27832031250000e-01 2.78606653213501e-01
386 4.99511718750000e-01 2.49511957168579e-01
387 4.50683593750000e-01 2.03115701675415e-01
388 4.56542968750000e-01 2.08431482315063e-01
389 3.98437500000000e-01 1.58752441406250e-01
390 3.54492187500000e-01 1.25664710998535e-01
391 3.21777343750000e-01 1.03540658950806e-01
392 2.67089843750000e-01 7.13369846343994e-02
393 2.85156250000000e-01 8.13140869140625e-02
394 2.46093750000000e-01 6.05621337890625e-02
395 1.50390625000000e-01 2.26173400878906e-02
396 2.00195312500000e-01 4.00781631469727e-02
397 1.40136718750000e-01 1.96382999420166e-02
398 1.43554687500000e-01 2.06079483032227e-02
399 9.32617187500000e-02 8.69774818420410e-03
400 6.39648437500000e-02 4.09150123596191e-03
401 1.09375000000000e-01 1.19628906250000e-02
402 1.78710937500000e-01 3.19375991821289e-02
403 1.29882812500000e-01 1.68695449829102e-02
404 1.45507812500000e-01 2.11725234985352e-02
405 2.37304687500000e-01 5.63135147094727e-02
406 3.24218750000000e-01 1.05117797851562e-01
407 3.59375000000000e-01 1.29150390625000e-01
408 3.49121093750000e-01 1.21885538101196e-01
409 2.90527343750000e-01 8.44061374664307e-02
410 3.20312500000000e-01 1.02600097656250e-01
411 2.80761718750000e-01 7.88271427154541e-02
412 2.28027343750000e-01 5.19964694976807e-02
413 1.79199218750000e-01 3.21123600006104e-02
414 1.57714843750000e-01 2.48739719390869e-02
415 1.41113281250000e-01 1.99129581451416e-02
416 1.67480468750000e-01 2.80497074127197e-02
417 1.23535156250000e-01 1.52609348297119e-02
418 4.78515625000000e-02 2.28977203369141e-03
419 6.59179687500000e-02 4.34517860412598e-03
420 7.61718750000000e-02 5.80215454101562e-03
421 1.17187500000000e-02 1.37329101562500e-04
422 1.17187500000000e-02 1.37329101562500e-04
423 5.12695312500000e-02 2.62856483459473e-03
424 4.78515625000000e-02 2.28977203369141e-03
425 4.68750000000000e-02 2.19726562500000e-03
426 5.76171875000000e-02 3.31974029541016e-03
427 7.61718750000000e-02 5.80215454101562e-03
428 5.12695312500000e-02 2.62856483459473e-03
429 1.90429687500000e-02 3.62634658813477e-04
430 3.36914062500000e-02 1.13511085510254e-03
431 4.63867187500000e-02 2.15172767639160e-03
432 4.88281250000000e-03 2.38418579101562e-05
433 8.30078125000000e-02 6.89029693603516e-03
434 9.66796875000000e-02 9.34696197509766e-03
435 1.48437500000000e-01 2.20336914062500e-02
436 1.89453125000000e-01 3.58924865722656e-02
437 1.95312500000000e-01 3.81469726562500e-02
438 1.43066406250000e-01 2.04679965972900e-02
439 1.37207031250000e-01 1.88257694244385e-02
440 1.44531250000000e-01 2.08892822265625e-02
441 2.15332031250000e-01 4.63678836822510e-02
442 1.79199218750000e-01 3.21123600006104e-02
443 1.74316406250000e-01 3.03862094879150e-02
444 1.28906250000000e-01 1.66168212890625e-02
445 6.39648437500000e-02 4.09150123596191e-03
446 5.90820312500000e-02 3.49068641662598e-03
447 1.30371093750000e-01 1.69966220855713e-02
448 1.52832031250000e-01 2.33576297760010e-02
449 1.86035156250000e-01 3.46090793609619e-02
450 2.03125000000000e-01 4.12597656250000e-02
451 1.58691406250000e-01 2.51829624176025e-02
452 1.86035156250000e-01 3.46090793609619e-02
453 2.31445312500000e-01 5.35669326782227e-02
454 1.72363281250000e-01 2.97091007232666e-02
455 1.08886718750000e-01 1.18563175201416e-02
456 1.65039062500000e-01 2.72378921508789e-02
457 1.69921875000000e-01 2.88734436035156e-02
458 1.45019531250000e-01 2.10306644439697e-02
459 1.22070312500000e-01 1.49011611938477e-02
460 1.52343750000000e-01 2.32086181640625e-02
461 1.92382812500000e-01 3.70111465454102e-02
462 2.08984375000000e-01 4.36744689941406e-02
463 2.26562500000000e-01 5.13305664062500e-02
464 2.02148437500000e-01 4.08639907836914e-02
465 2.82226562500000e-01 7.96518325805664e-02
466 3.12500000000000e-01 9.76562500000000e-02
467 2.52441406250000e-01 6.37266635894775e-02
468 2.03613281250000e-01 4.14583683013916e-02
469 2.30468750000000e-01 5.31158447265625e-02
470 2.71972656250000e-01 7.39691257476807e-02
471 2.67578125000000e-01 7.15980529785156e-02
472 2.58789062500000e-01 6.69717788696289e-02
473 2.49023437500000e-01 6.20126724243164e-02
474 2.30957031250000e-01 5.33411502838135e-02
475 2.12402343750000e-01 4.51147556304932e-02
476 1.58203125000000e-01 2.50282287597656e-02
477 2.05566406250000e-01 4.22575473785400e-02
478 2.30468750000000e-01 5.31158447265625e-02
479 2.35839843750000e-01 5.56204319000244e-02
480 2.72460937500000e-01 7.42349624633789e-02
481 2.65625000000000e-01 7.05566406250000e-02
482 2.94921875000000e-01 8.69789123535156e-02
483 3.22265625000000e-01 1.03855133056641e-01
484 3.71093750000000e-01 1.37710571289062e-01
485 3.41796875000000e-01 1.16825103759766e-01
486 2.97363281250000e-01 8.84249210357666e-02
487 2.89062500000000e-01 8.35571289062500e-02
488 2.67089843750000e-01 7.13369846343994e-02
489 3.08593750000000e-01 9.52301025390625e-02
490 2.91503906250000e-01 8.49745273590088e-02
491 2.70507812500000e-01 7.31744766235352e-02
492 2.27539062500000e-01 5.17740249633789e-02
493 1.37695312500000e-01 1.89599990844727e-02
494 9.13085937500000e-02 8.33725929260254e-03
495 1.02539062500000e-01 1.05142593383789e-02
496 1.29882812500000e-01 1.68695449829102e-02
497 1.31835937500000e-01 1.73807144165039e-02
498 1.51367187500000e-01 2.29120254516602e-02
499 1.61621093750000e-01 2.61213779449463e-02
500 8.25195312500000e-02 6.80947303771973e-03
501 1.30859375000000e-01 1.71241760253906e-02
502 1.52343750000000e-01 2.32086181640625e-02
503 1.89453125000000e-01 3.58924865722656e-02
504 1.71386718750000e-01 2.93734073638916e-02
505 2.40722656250000e-01 5.79473972320557e-02
506 2.21679687500000e-01 4.91418838500977e-02
507 2.53906250000000e-01 6.44683837890625e-02
508 2.54394531250000e-01 6.47165775299072e-02
509 3.05175781250000e-01 9.31322574615479e-02
510 4.04296875000000e-01 1.63455963134766e-01
511 3.44726562500000e-01 1.18836402893066e-01
512 2.84667968750000e-01 8.10358524322510e-02
513 2.44140625000000e-01 5.96046447753906e-02
514 2.69042968750000e-01 7.23841190338135e-02
515 2.52929687500000e-01 6.39734268188477e-02
516 2.60742187500000e-01 6.79864883422852e-02
517 2.38769531250000e-01 5.70108890533447e-02
518 2.20703125000000e-01 4.87098693847656e-02
519 2.70996093750000e-01 7.34388828277588e-02
520 3.19824218750000e-01 1.02287530899048e-01
521 3.05175781250000e-01 9.31322574615479e-02
522 2.91503906250000e-01 8.49745273590088e-02
523 2.82226562500000e-01 7.96518325805664e-02
524 3.16406250000000e-01 1.00112915039062e-01
525 3.60839843750000e-01 1.30205392837524e-01
526 3.48632812500000e-01 1.21544837951660e-01
527 3.43261718750000e-01 1.17828607559204e-01
528 3.88183593750000e-01 1.50686502456665e-01
529 3.82812500000000e-01 1.46545410156250e-01
530 4.13085937500000e-01 1.70639991760254e-01
531 4.72167968750000e-01 2.22942590713501e-01
532 5.14648437500000e-01 2.64863014221191e-01
533 5.34667968750000e-01 2.85869836807251e-01
534 5.17089843750000e-01 2.67381906509399e-01
535 5.13671875000000e-01 2.63858795166016e-01
536 5.98632812500000e-01 3.58361244201660e-01
537 5.83496093750000e-01 3.40467691421509e-01
538 6.24511718750000e-01 3.90014886856079e-01
539 6.63574218750000e-01 4.40330743789673e-01
540 6.72851562500000e-01 4.52729225158691e-01
541 7.09960937500000e-01 5.04044532775879e-01
542 7.25585937500000e-01 5.26474952697754e-01
543 7.09472656250000e-01 5.03351449966431e-01
544 6.75292968750000e-01 4.56020593643188e-01
545 6.57226562500000e-01 4.31946754455566e-01
546 6.85546875000000e-01 4.69974517822266e-01
547 7.28515625000000e-01 5.30735015869141e-01
548 6.62109375000000e-01 4.38388824462891e-01
549 6.84570312500000e-01 4.68636512756348e-01
550 6.88476562500000e-01 4.73999977111816e-01
551 6.34277343750000e-01 4.02307748794556e-01
552 5.86914062500000e-01 3.44468116760254e-01
553 5.71777343750000e-01 3.26929330825806e-01
554 5.43457031250000e-01 2.95345544815063e-01
555 5.61523437500000e-01 3.15308570861816e-01
556 5.86425781250000e-01 3.43895196914673e-01
557 5.80078125000000e-01 3.36490631103516e-01
558 5.65429687500000e-01 3.19710731506348e-01
559 5.51757812500000e-01 3.04436683654785e-01
560 4.79492187500000e-01 2.29912757873535e-01
561 4.21386718750000e-01 1.77566766738892e-01
562 4.36035156250000e-01 1.90126657485962e-01
563 4.22363281250000e-01 1.78390741348267e-01
564 4.69238281250000e-01 2.20184564590454e-01
565 5.06347656250000e-01 2.56387948989868e-01
566 4.52148437500000e-01 2.04438209533691e-01
567 4.18945312500000e-01 1.75515174865723e-01
568 4.57031250000000e-01 2.08877563476562e-01
569 4.78027343750000e-01 2.28510141372681e-01
570 4.45312500000000e-01 1.98303222656250e-01
571 4.64843750000000e-01 2.16079711914062e-01
572 4.60937500000000e-01 2.12463378906250e-01
573 4.47265625000000e-01 2.00046539306641e-01
574 4.02343750000000e-01 1.61880493164062e-01
575 3.71093750000000e-01 1.37710571289062e-01
576 3.81835937500000e-01 1.45798683166504e-01
577 4.76562500000000e-01 2.27111816406250e-01
578 4.56054687500000e-01 2.07985877990723e-01
579 4.80957031250000e-01 2.31319665908813e-01
580 4.84863281250000e-01 2.35092401504517e-01
581 4.47753906250000e-01 2.00483560562134e-01
582 4.20898437500000e-01 1.77155494689941e-01
583 4.06250000000000e-01 1.65039062500000e-01
584 4.17968750000000e-01 1.74697875976562e-01
585 3.42773437500000e-01 1.17493629455566e-01
586 3.19335937500000e-01 1.01975440979004e-01
587 2.18261718750000e-01 4.76381778717041e-02
588 2.23144531250000e-01 4.97934818267822e-02
589 2.49511718750000e-01 6.22560977935791e-02
590 2.88574218750000e-01 8.32750797271729e-02
591 2.53906250000000e-01 6.44683837890625e-02
592 2.12402343750000e-01 4.51147556304932e-02
593 1.84082031250000e-01 3.38861942291260e-02
594 1.49902343750000e-01 2.24707126617432e-02
595 1.92382812500000e-01 3.70111465454102e-02
596 2.87109375000000e-01 8.24317932128906e-02
597 2.92480468750000e-01 8.55448246002197e-02
598 3.27148437500000e-01 1.07026100158691e-01
599 3.34960937500000e-01 1.12198829650879e-01
600 2.78808593750000e-01 7.77342319488525e-02
601 3.66210937500000e-01 1.34110450744629e-01
602 3.95019531250000e-01 1.56040430068970e-01
603 3.48632812500000e-01 1.21544837951660e-01
604 3.59863281250000e-01 1.29501581192017e-01
605 3.37890625000000e-01 1.14170074462891e-01
606 3.28125000000000e-01 1.07666015625000e-01
607 3.36425781250000e-01 1.13182306289673e-01
608 2.99316406250000e-01 8.95903110504150e-02
609 3.14941406250000e-01 9.91880893707275e-02
610 2.93457031250000e-01 8.61170291900635e-02
611 3.32519531250000e-01 1.10569238662720e-01
612 3.42773437500000e-01 1.17493629455566e-01
613 2.87109375000000e-01 8.24317932128906e-02
614 1.93359375000000e-01 3.73878479003906e-02
615 2.00195312500000e-01 4.00781631469727e-02
616 1.71875000000000e-01 2.95410156250000e-02
617 2.34863281250000e-01 5.51607608795166e-02
618 1.73339843750000e-01 3.00467014312744e-02
619 1.38671875000000e-01 1.92298889160156e-02
620 1.21582031250000e-01 1.47821903228760e-02
621 2.41210937500000e-01 5.81827163696289e-02
622 1.43066406250000e-01 2.04679965972900e-02
623 1.47460937500000e-01 2.17447280883789e-02
624 1.54785156250000e-01 2.39584445953369e-02
625 2.07519531250000e-01 4.30643558502197e-02
626 2.98828125000000e-01 8.92982482910156e-02
627 2.34375000000000e-01 5.49316406250000e-02
628 2.71972656250000e-01 7.39691257476807e-02
629 2.58300781250000e-01 6.67192935943604e-02
630 2.94921875000000e-01 8.69789123535156e-02
631 2.61230468750000e-01 6.82413578033447e-02
632 2.47558593750000e-01 6.12852573394775e-02
633 2.42187500000000e-01 5.86547851562500e-02
634 2.29492187500000e-01 5.26666641235352e-02
635 1.52832031250000e-01 2.33576297760010e-02
636 1.88476562500000e-01 3.55234146118164e-02
637 2.05078125000000e-01 4.20570373535156e-02
638 2.32421875000000e-01 5.40199279785156e-02
639 2.96386718750000e-01 8.78450870513916e-02
640 3.47656250000000e-01 1.20864868164062e-01
641 2.90527343750000e-01 8.44061374664307e-02
642 3.07128906250000e-01 9.43281650543213e-02
643 3.06640625000000e-01 9.40284729003906e-02
644 2.82226562500000e-01 7.96518325805664e-02
645 2.54394531250000e-01 6.47165775299072e-02
646 2.41699218750000e-01 5.84185123443604e-02
647 2.59277343750000e-01 6.72247409820557e-02
648 1.82128906250000e-01 3.31709384918213e-02
649 1.83105468750000e-01 3.35276126861572e-02
650 1.84570312500000e-01 3.40662002563477e-02
651 2.25585937500000e-01 5.08890151977539e-02
652 2.25097656250000e-01 5.06689548492432e-02
653 1.87500000000000e-01 3.51562500000000e-02
654 2.45605468750000e-01 6.03220462799072e-02
655 1.87500000000000e-01 3.51562500000000e-02
656 1.64062500000000e-01 2.69165039062500e-02
657 1.79687500000000e-01 3.22875976562500e-02
658 9.57031250000000e-02 9.15908813476562e-03
659 1.33300781250000e-01 1.77690982818604e-02
660 1.43554687500000e-01 2.06079483032227e-02
661 1.41601562500000e-01 2.00510025024414e-02
662 1.97753906250000e-01 3.91066074371338e-02
663 2.01660156250000e-01 4.06668186187744e-02
664 2.17285156250000e-01 4.72128391265869e-02
665 2.83691406250000e-01 8.04808139801025e-02
666 3.34472656250000e-01 1.11871957778931e-01
667 3.15429687500000e-01 9.94958877563477e-02
668 2.49511718750000e-01 6.22560977935791e-02
669 2.86132812500000e-01 8.18719863891602e-02
670 2.78808593750000e-01 7.77342319488525e-02
671 2.62207031250000e-01 6.87525272369385e-02
672 3.36425781250000e-01 1.13182306289673e-01
673 1.99707031250000e-01 3.98828983306885e-02
674 2.11425781250000e-01 4.47008609771729e-02
675 1.63574218750000e-01 2.67565250396729e-02
676 6.54296875000000e-02 4.28104400634766e-03
677 7.86132812500000e-02 6.18004798889160e-03
678 1.33789062500000e-01 1.78995132446289e-02
679 1.34277343750000e-01 1.80304050445557e-02
680 8.25195312500000e-02 6.80947303771973e-03
681 2.44140625000000e-02 5.96046447753906e-04
682 1.56250000000000e-02 2.44140625000000e-04
683 4.73632812500000e-02 2.24328041076660e-03
684 4.98046875000000e-02 2.48050689697266e-03
685 2.44140625000000e-03 5.96046447753906e-06
686 7.95898437500000e-02 6.33454322814941e-03
687 3.61328125000000e-02 1.30558013916016e-03
688 1.11816406250000e-01 1.25029087066650e-02
689 5.76171875000000e-02 3.31974029541016e-03
690 3.56445312500000e-02 1.27053260803223e-03
691 2.05078125000000e-02 4.20570373535156e-04
692 8.64257812500000e-02 7.46941566467285e-03
693 3.80859375000000e-02 1.45053863525391e-03
694 1.26953125000000e-02 1.61170959472656e-04
695 6.78710937500000e-02 4.60648536682129e-03
696 1.34765625000000e-01 1.81617736816406e-02
697 1.43066406250000e-01 2.04679965972900e-02
698 1.67480468750000e-01 2.80497074127197e-02
699 1.33300781250000e-01 1.77690982818604e-02
700 1.41113281250000e-01 1.99129581451416e-02
701 1.69921875000000e-01 2.88734436035156e-02
702 1.41113281250000e-01 1.99129581451416e-02
703 1.07421875000000e-01 1.15394592285156e-02
704 1.13281250000000e-01 1.28326416015625e-02
705 1.31347656250000e-01 1.72522068023682e-02
706 1.17675781250000e-01 1.38475894927979e-02
707 1.09375000000000e-01 1.19628906250000e-02
708 8.64257812500000e-02 7.46941566467285e-03
709 1.20117187500000e-01 1.44281387329102e-02
710 1.01562500000000e-01 1.03149414062500e-02
711 1.12792968750000e-01 1.27222537994385e-02
712 6.34765625000000e-02 4.02927398681641e-03
713 4.29687500000000e-02 1.84631347656250e-03
714 6.78710937500000e-02 4.60648536682129e-03
715 9.22851562500000e-02 8.51655006408691e-03
716 0.00000000000000e+00 0.00000000000000e+00
717 8.25195312500000e-02 6.80947303771973e-03
718 8.20312500000000e-02 6.72912597656250e-03
719 1.75781250000000e-02 3.08990478515625e-04
720 9.03320312500000e-02 8.15987586975098e-03
721 5.85937500000000e-03 3.43322753906250e-05
722 1.46484375000000e-02 2.14576721191406e-04
723 4.29687500000000e-02 1.84631347656250e-03
724 7.66601562500000e-02 5.87677955627441e-03
725 1.11328125000000e-01 1.23939514160156e-02
726 7.91015625000000e-02 6.25705718994141e-03
727 1.24023437500000e-01 1.53818130493164e-02
728 5.17578125000000e-02 2.67887115478516e-03
729 4.34570312500000e-02 1.88851356506348e-03
730 3.32031250000000e-02 1.10244750976562e-03
731 8.78906250000000e-03 7.72476196289062e-05
732 2.14843750000000e-02 4.61578369140625e-04
733 8.00781250000000e-02 6.41250610351562e-03
734 1.46972656250000e-01 2.16009616851807e-02
735 1.87011718750000e-01 3.49733829498291e-02
736 1.64062500000000e-01 2.69165039062500e-02
737 1.01074218750000e-01 1.02159976959229e-02
738 7.47070312500000e-02 5.58114051818848e-03
739 6.88476562500000e-02 4.73999977111816e-03
740 3.71093750000000e-02 1.37710571289062e-03
741 4.29687500000000e-02 1.84631347656250e-03
742 2.73437500000000e-02 7.47680664062500e-04
743 2.78320312500000e-02 7.74621963500977e-04
744 2.29492187500000e-02 5.26666641235352e-04
745 5.81054687500000e-02 3.37624549865723e-03
746 8.98437500000000e-02 8.07189941406250e-03
747 8.59375000000000e-02 7.38525390625000e-03
748 2.97851562500000e-02 8.87155532836914e-04
749 4.19921875000000e-02 1.76334381103516e-03
750 6.83593750000000e-02 4.67300415039062e-03
751 8.78906250000000e-02 7.72476196289062e-03
752 1.15234375000000e-01 1.32789611816406e-02
753 1.09375000000000e-01 1.19628906250000e-02
754 6.73828125000000e-02 4.54044342041016e-03
755 4.19921875000000e-02 1.76334381103516e-03
756 6.20117187500000e-02 3.84545326232910e-03
757 1.17187500000000e-02 1.37329101562500e-04
758 5.95703125000000e-02 3.54862213134766e-03
759 2.09960937500000e-02 4.40835952758789e-04
760 6.05468750000000e-02 3.66592407226562e-03
761 3.32031250000000e-02 1.10244750976562e-03
762 1.22070312500000e-02 1.49011611938477e-04
763 3.51562500000000e-02 1.23596191406250e-03
764 9.76562500000000e-04 9.53674316406250e-07
765 4.88281250000000e-04 2.38418579101562e-07
766 1.95312500000000e-03 3.81469726562500e-06
767 4.88281250000000e-04 2.38418579101562e-07
768 3.75976562500000e-02 1.41358375549316e-03
769 2.05078125000000e-02 4.20570373535156e-04
770 9.86328125000000e-02 9.72843170166016e-03
771 1.11816406250000e-01 1.25029087066650e-02
772 3.56445312500000e-02 1.27053260803223e-03
773 9.76562500000000e-04 9.53674316406250e-07
774 6.83593750000000e-02 4.67300415039062e-03
775 5.71289062500000e-02 3.26371192932129e-03
776 6.93359375000000e-02 4.80747222900391e-03
777 1.02050781250000e-01 1.04143619537354e-02
778 1.95312500000000e-02 3.81469726562500e-04
779 1.31835937500000e-02 1.73807144165039e-04
780 3.12500000000000e-02 9.76562500000000e-04
781 1.36718750000000e-02 1.86920166015625e-04
782 8.30078125000000e-03 6.89029693603516e-05
783 3.66210937500000e-02 1.34110450744629e-03
784 4.24804687500000e-02 1.80459022521973e-03
785 3.02734375000000e-02 9.16481018066406e-04
786 2.00195312500000e-02 4.00781631469727e-04
787 2.09960937500000e-02 4.40835952758789e-04
788 7.27539062500000e-02 5.29313087463379e-03
789 6.49414062500000e-02 4.21738624572754e-03
790 1.26953125000000e-02 1.61170959472656e-04
791 4.88281250000000e-04 2.38418579101562e-07
792 1.31835937500000e-02 1.73807144165039e-04
793 3.46679687500000e-02 1.20186805725098e-03
794 3.41796875000000e-02 1.16825103759766e-03
795 7.56835937500000e-02 5.72800636291504e-03
796 1.16699218750000e-01 1.36187076568604e-02
797 1.11816406250000e-01 1.25029087066650e-02
798 1.00585937500000e-01 1.01175308227539e-02
799 1.36230468750000e-01 1.85587406158447e-02
800 1.66503906250000e-01 2.77235507965088e-02
801 1.61132812500000e-01 2.59637832641602e-02
802 1.76757812500000e-01 3.12433242797852e-02
803 1.40625000000000e-01 1.97753906250000e-02
804 9.76562500000000e-02 9.53674316406250e-03
805 1.11816406250000e-01 1.25029087066650e-02
806 8.64257812500000e-02 7.46941566467285e-03
807 1.08886718750000e-01 1.18563175201416e-02
808 1.04980468750000e-01 1.10208988189697e-02
809 1.25488281250000e-01 1.57473087310791e-02
810 1.45507812500000e-01 2.11725234985352e-02
811 1.64550781250000e-01 2.70769596099854e-02
812 2.15332031250000e-01 4.63678836822510e-02
813 2.34375000000000e-01 5.49316406250000e-02
814 2.48535156250000e-01 6.17697238922119e-02
815 2.34863281250000e-01 5.51607608795166e-02
816 2.26074218750000e-01 5.11095523834229e-02
817 2.20703125000000e-01 4.87098693847656e-02
818 2.45117187500000e-01 6.00824356079102e-02
819 2.01660156250000e-01 4.06668186187744e-02
820 1.77734375000000e-01 3.15895080566406e-02
821 1.29882812500000e-01 1.68695449829102e-02
822 1.47460937500000e-01 2.17447280883789e-02
823 1.81640625000000e-01 3.29933166503906e-02
824 1.42089843750000e-01 2.01895236968994e-02
825 1.56250000000000e-01 2.44140625000000e-02
826 1.88964843750000e-01 3.57077121734619e-02
827 2.15820312500000e-01 4.65784072875977e-02
828 1.81640625000000e-01 3.29933166503906e-02
829 1.32812500000000e-01 1.76391601562500e-02
830 1.73339843750000e-01 3.00467014312744e-02
831 1.74804687500000e-01 3.05566787719727e-02
832 1.13769531250000e-01 1.29435062408447e-02
833 1.07910156250000e-01 1.16446018218994e-02
834 1.13769531250000e-01 1.29435062408447e-02
835 1.47949218750000e-01 2.18889713287354e-02
836 2.50488281250000e-01 6.27443790435791e-02
837 2.40722656250000e-01 5.79473972320557e-02
838 2.10937500000000e-01 4.44946289062500e-02
839 2.04101562500000e-01 4.16574478149414e-02
840 1.97265625000000e-01 3.89137268066406e-02
841 1.74804687500000e-01 3.05566787719727e-02
842 1.61132812500000e-01 2.59637832641602e-02
843 1.10351562500000e-01 1.21774673461914e-02
844 1.63085937500000e-01 2.65970230102539e-02
845 1.69921875000000e-01 2.88734436035156e-02
846 1.38183593750000e-01 1.90947055816650e-02
847 1.18652343750000e-01 1.40783786773682e-02
848 1.56250000000000e-01 2.44140625000000e-02
849 1.03027343750000e-01 1.06146335601807e-02
850 1.75781250000000e-01 3.08990478515625e-02
851 2.12890625000000e-01 4.53224182128906e-02
852 1.41601562500000e-01 2.00510025024414e-02
853 1.94824218750000e-01 3.79564762115479e-02
854 1.49902343750000e-01 2.24707126617432e-02
855 1.79199218750000e-01 3.21123600006104e-02
856 1.55273437500000e-01 2.41098403930664e-02
857 1.41113281250000e-01 1.99129581451416e-02
858 1.78710937500000e-01 3.19375991821289e-02
859 2.79296875000000e-01 7.80067443847656e-02
860 3.10058593750000e-01 9.61363315582275e-02
861 2.73925781250000e-01 7.50353336334229e-02
862 2.50488281250000e-01 6.27443790435791e-02
863 2.14355468750000e-01 4.59482669830322e-02
864 9.32617187500000e-02 8.69774818420410e-03
865 1.56250000000000e-01 2.44140625000000e-02
866 1.75292968750000e-01 3.07276248931885e-02
867 1.48437500000000e-01 2.20336914062500e-02
868 1.79199218750000e-01 3.21123600006104e-02
869 1.83105468750000e-01 3.35276126861572e-02
870 1.97265625000000e-01 3.89137268066406e-02
871 2.04589843750000e-01 4.18570041656494e-02
872 2.06054687500000e-01 4.24585342407227e-02
873 1.77246093750000e-01 3.14161777496338e-02
874 2.31445312500000e-01 5.35669326782227e-02
875 1.80664062500000e-01 3.26395034790039e-02
876 2.10937500000000e-01 4.44946289062500e-02
877 2.57812500000000e-01 6.64672851562500e-02
878 2.80273437500000e-01 7.85531997680664e-02
879 2.73925781250000e-01 7.50353336334229e-02
880 2.25097656250000e-01 5.06689548492432e-02
881 1.90429687500000e-01 3.62634658813477e-02
882 1.93359375000000e-01 3.73878479003906e-02
883 1.88964843750000e-01 3.57077121734619e-02
884 2.16308593750000e-01 4.67894077301025e-02
885 1.78710937500000e-01 3.19375991821289e-02
886 2.54882812500000e-01 6.49652481079102e-02
887 2.01171875000000e-01 4.04701232910156e-02
888 2.12402343750000e-01 4.51147556304932e-02
889 9.76562500000000e-02 9.53674316406250e-03
890 1.72363281250000e-01 2.97091007232666e-02
891 1.04003906250000e-01 1.08168125152588e-02
892 4.98046875000000e-02 2.48050689697266e-03
893 9.13085937500000e-02 8.33725929260254e-03
894 3.56445312500000e-02 1.27053260803223e-03
895 1.51367187500000e-02 2.29120254516602e-04
896 4.98046875000000e-02 2.48050689697266e-03
897 5.32226562500000e-02 2.83265113830566e-03
898 2.00195312500000e-02 4.00781631469727e-04
899 3.02734375000000e-02 9.16481018066406e-04
900 3.41796875000000e-02 1.16825103759766e-03
901 4.93164062500000e-02 2.43210792541504e-03
902 8.59375000000000e-02 7.38525390625000e-03
903 9.47265625000000e-02 8.97312164306641e-03
904 1.45996093750000e-01 2.13148593902588e-02
905 8.30078125000000e-02 6.89029693603516e-03
906 8.69140625000000e-02 7.55405426025391e-03
907 9.61914062500000e-02 9.25278663635254e-03
908 7.95898437500000e-02 6.33454322814941e-03
909 1.09863281250000e-01 1.20699405670166e-02
910 1.41113281250000e-01 1.99129581451416e-02
911 1.23046875000000e-01 1.51405334472656e-02
912 1.13769531250000e-01 1.29435062408447e-02
913 1.75781250000000e-01 3.08990478515625e-02
914 1.35253906250000e-01 1.82936191558838e-02
915 1.17187500000000e-01 1.37329101562500e-02
916 6.05468750000000e-02 3.66592407226562e-03
917 3.75976562500000e-02 1.41358375549316e-03
918 3.36914062500000e-02 1.13511085510254e-03
919 4.39453125000000e-03 1.93119049072266e-05
920 4.88281250000000e-04 2.38418579101562e-07
921 2.09960937500000e-02 4.40835952758789e-04
922 7.51953125000000e-02 5.65433502197266e-03
923 1.34277343750000e-01 1.80304050445557e-02
924 1.78222656250000e-01 3.17633152008057e-02
925 2.20214843750000e-01 4.84945774078369e-02
926 1.77246093750000e-01 3.14161777496338e-02
927 1.59667968750000e-01 2.54938602447510e-02
928 1.54785156250000e-01 2.39584445953369e-02
929 2.03613281250000e-01 4.14583683013916e-02
930 2.33398437500000e-01 5.44748306274414e-02
931 2.32910156250000e-01 5.42471408843994e-02
932 2.85156250000000e-01 8.13140869140625e-02
933 2.83203125000000e-01 8.02040100097656e-02
934 2.85644531250000e-01 8.15927982330322e-02
935 3.34472656250000e-01 1.11871957778931e-01
936 3.34472656250000e-01 1.11871957778931e-01
937 3.06152343750000e-01 9.37292575836182e-02
938 2.66113281250000e-01 7.08162784576416e-02
939 2.77832031250000e-01 7.71906375885010e-02
940 2.90527343750000e-01 8.44061374664307e-02
941 2.54394531250000e-01 6.47165775299072e-02
942 2.76855468750000e-01 7.66489505767822e-02
943 3.32031250000000e-01 1.10244750976562e-01
944 3.89648437500000e-01 1.51825904846191e-01
945 3.96972656250000e-01 1.57587289810181e-01
946 3.82812500000000e-01 1.46545410156250e-01
947 3.75976562500000e-01 1.41358375549316e-01
948 3.15429687500000e-01 9.94958877563477e-02
949 2.52441406250000e-01 6.37266635894775e-02
950 2.66113281250000e-01 7.08162784576416e-02
951 3.08593750000000e-01 9.52301025390625e-02
952 2.89550781250000e-01 8.38396549224854e-02
953 2.38769531250000e-01 5.70108890533447e-02
954 2.13378906250000e-01 4.55305576324463e-02
955 2.30468750000000e-01 5.31158447265625e-02
956 2.22656250000000e-01 4.95758056640625e-02
957 2.27539062500000e-01 5.17740249633789e-02
958 2.02148437500000e-01 4.08639907836914e-02
959 2.44628906250000e-01 5.98433017730713e-02
960 1.81152343750000e-01 3.28161716461182e-02
961 1.27929687500000e-01 1.63660049438477e-02
962 1.46484375000000e-01 2.14576721191406e-02
963 1.91894531250000e-01 3.68235111236572e-02
964 1.84082031250000e-01 3.38861942291260e-02
965 1.50390625000000e-01 2.26173400878906e-02
966 1.99707031250000e-01 3.98828983306885e-02
967 2.42187500000000e-01 5.86547851562500e-02
968 2.87109375000000e-01 8.24317932128906e-02
969 2.89550781250000e-01 8.38396549224854e-02
970 3.09570312500000e-01 9.58337783813477e-02
971 3.33984375000000e-01 1.11545562744141e-01
972 3.51562500000000e-01 1.23596191406250e-01
973 3.27148437500000e-01 1.07026100158691e-01
974 3.48144531250000e-01 1.21204614639282e-01
975 3.59375000000000e-01 1.29150390625000e-01
976 3.80371093750000e-01 1.44682168960571e-01
977 4.44335937500000e-01 1.97434425354004e-01
978 4.62890625000000e-01 2.14267730712891e-01
979 4.66308593750000e-01 2.17443704605103e-01
980 5.21484375000000e-01 2.71945953369141e-01
981 5.31250000000000e-01 2.82226562500000e-01
982 5.34179687500000e-01 2.85347938537598e-01
983 5.93750000000000e-01 3.52539062500000e-01
984 5.64941406250000e-01 3.19158792495728e-01
985 5.56152343750000e-01 3.09305429458618e-01
986 5.56640625000000e-01 3.09848785400391e-01
987 5.48828125000000e-01 3.01212310791016e-01
988 5.44921875000000e-01 2.96939849853516e-01
989 6.08886718750000e-01 3.70743036270142e-01
990 5.41503906250000e-01 2.93226480484009e-01
991 5.04394531250000e-01 2.54413843154907e-01
992 5.07812500000000e-01 2.57873535156250e-01
993 5.06835937500000e-01 2.56882667541504e-01
994 5.19042968750000e-01 2.69405603408813e-01
995 5.23437500000000e-01 2.73986816406250e-01
996 4.58984375000000e-01 2.10666656494141e-01
997 4.78027343750000e-01 2.28510141372681e-01
998 4.12597656250000e-01 1.70236825942993e-01
999 4.40429687500000e-01 1.93978309631348e-01
