0 5.75195312500000e-01 3.30849647521973e-01
1 5.68359375000000e-01 3.23032379150391e-01
2 5.46875000000000e-01 2.99072265625000e-01
3 5.30273437500000e-01 2.81189918518066e-01
4 5.59570312500000e-01 3.13118934631348e-01
5 6.26953125000000e-01 3.93070220947266e-01
6 6.05957031250000e-01 3.67183923721313e-01
7 5.46875000000000e-01 2.99072265625000e-01
8 4.98046875000000e-01 2.48050689697266e-01
9 4.90722656250000e-01 2.40808725357056e-01
10 4.47753906250000e-01 2.00483560562134e-01
11 4.62402343750000e-01 2.13815927505493e-01
12 4.46777343750000e-01 1.99609994888306e-01
13 4.90722656250000e-01 2.40808725357056e-01
14 4.81445312500000e-01 2.31789588928223e-01
15 5.20507812500000e-01 2.70928382873535e-01
16 5.03417968750000e-01 2.53429651260376e-01
17 5.64941406250000e-01 3.19158792495728e-01
18 5.25878906250000e-01 2.76548624038696e-01
19 5.45898437500000e-01 2.98005104064941e-01
20 5.45410156250000e-01 2.97472238540649e-01
21 5.04394531250000e-01 2.54413843154907e-01
22 5.41015625000000e-01 2.92697906494141e-01
23 5.09765625000000e-01 2.59860992431641e-01
24 4.95605468750000e-01 2.45624780654907e-01
25 4.43847656250000e-01 1.97000741958618e-01
26 4.51171875000000e-01 2.03556060791016e-01
27 4.44335937500000e-01 1.97434425354004e-01
28 4.60937500000000e-01 2.12463378906250e-01
29 4.85839843750000e-01 2.36040353775024e-01
30 4.57519531250000e-01 2.09324121475220e-01
31 4.44824218750000e-01 1.97868585586548e-01
32 4.08203125000000e-01 1.66629791259766e-01
33 4.23828125000000e-01 1.79630279541016e-01
34 3.98437500000000e-01 1.58752441406250e-01
35 4.32128906250000e-01 1.86735391616821e-01
36 4.27246093750000e-01 1.82539224624634e-01
37 4.29199218750000e-01 1.84211969375610e-01
38 4.43359375000000e-01 1.96567535400391e-01
39 4.95117187500000e-01 2.45141029357910e-01
40 4.81445312500000e-01 2.31789588928223e-01
41 4.51171875000000e-01 2.03556060791016e-01
42 3.87207031250000e-01 1.49929285049438e-01
43 3.11523437500000e-01 9.70468521118164e-02
44 3.44726562500000e-01 1.18836402893066e-01
45 3.93554687500000e-01 1.54885292053223e-01
46 3.89160156250000e-01 1.51445627212524e-01
47 4.04296875000000e-01 1.63455963134766e-01
48 4.50683593750000e-01 2.03115701675415e-01
49 4.65332031250000e-01 2.16533899307251e-01
50 4.68261718750000e-01 2.19269037246704e-01
51 4.21386718750000e-01 1.77566766738892e-01
52 4.42871093750000e-01 1.96134805679321e-01
53 5.36132812500000e-01 2.87438392639160e-01
54 5.37109375000000e-01 2.88486480712891e-01
55 5.38085937500000e-01 2.89536476135254e-01
56 5.08789062500000e-01 2.58866310119629e-01
57 4.55566406250000e-01 2.07540750503540e-01
58 4.62402343750000e-01 2.13815927505493e-01
59 5.32714843750000e-01 2.83785104751587e-01
60 4.87304687500000e-01 2.37465858459473e-01
61 5.77636718750000e-01 3.33664178848267e-01
62 5.17578125000000e-01 2.67887115478516e-01
63 4.88281250000000e-01 2.38418579101562e-01
64 5.17089843750000e-01 2.67381906509399e-01
65 5.61035156250000e-01 3.14760446548462e-01
66 6.16699218750000e-01 3.80317926406860e-01
67 6.77246093750000e-01 4.58662271499634e-01
68 6.05468750000000e-01 3.66592407226562e-01
69 5.81054687500000e-01 3.37624549865723e-01
70 5.97656250000000e-01 3.57192993164062e-01
71 6.04980468750000e-01 3.66001367568970e-01
72 6.06933593750000e-01 3.68368387222290e-01
73 6.11328125000000e-01 3.73722076416016e-01
74 6.13769531250000e-01 3.76713037490845e-01
75 5.28808593750000e-01 2.79638528823853e-01
76 5.56640625000000e-01 3.09848785400391e-01
77 5.77636718750000e-01 3.33664178848267e-01
78 5.35644531250000e-01 2.86915063858032e-01
79 5.60546875000000e-01 3.14212799072266e-01
80 5.79589843750000e-01 3.35924386978149e-01
81 6.43066406250000e-01 4.13534402847290e-01
82 6.41113281250000e-01 4.11026239395142e-01
83 5.98144531250000e-01 3.57776880264282e-01
84 5.52246093750000e-01 3.04975748062134e-01
85 5.36621093750000e-01 2.87962198257446e-01
86 5.57128906250000e-01 3.10392618179321e-01
87 4.83886718750000e-01 2.34146356582642e-01
88 5.35644531250000e-01 2.86915063858032e-01
89 5.48828125000000e-01 3.01212310791016e-01
90 4.99511718750000e-01 2.49511957168579e-01
91 5.00488281250000e-01 2.50488519668579e-01
92 5.64941406250000e-01 3.19158792495728e-01
93 6.19628906250000e-01 3.83939981460571e-01
94 5.79101562500000e-01 3.35358619689941e-01
95 6.10351562500000e-01 3.72529029846191e-01
96 6.43066406250000e-01 4.13534402847290e-01
97 6.74316406250000e-01 4.54702615737915e-01
98 6.91406250000000e-01 4.78042602539062e-01
99 6.56738281250000e-01 4.31305170059204e-01
100 5.90820312500000e-01 3.49068641662598e-01
101 5.75195312500000e-01 3.30849647521973e-01
102 5.51269531250000e-01 3.03898096084595e-01
103 5.33203125000000e-01 2.84305572509766e-01
104 5.78613281250000e-01 3.34793329238892e-01
105 5.47363281250000e-01 2.99606561660767e-01
106 6.16210937500000e-01 3.79715919494629e-01
107 6.35742187500000e-01 4.04168128967285e-01
108 6.29882812500000e-01 3.96752357482910e-01
109 6.32812500000000e-01 4.00451660156250e-01
110 7.20214843750000e-01 5.18709421157837e-01
111 7.02636718750000e-01 4.93698358535767e-01
112 7.05566406250000e-01 4.97823953628540e-01
113 6.29394531250000e-01 3.96137475967407e-01
114 6.34765625000000e-01 4.02927398681641e-01
115 5.73730468750000e-01 3.29166650772095e-01
116 6.39160156250000e-01 4.08525705337524e-01
117 6.40136718750000e-01 4.09775018692017e-01
118 6.11816406250000e-01 3.74319314956665e-01
119 6.78710937500000e-01 4.60648536682129e-01
120 6.20605468750000e-01 3.85151147842407e-01
121 6.01074218750000e-01 3.61290216445923e-01
122 6.25976562500000e-01 3.91846656799316e-01
123 6.00585937500000e-01 3.60703468322754e-01
124 6.21093750000000e-01 3.85757446289062e-01
125 6.45019531250000e-01 4.16050195693970e-01
126 6.42578125000000e-01 4.12906646728516e-01
127 6.33300781250000e-01 4.01069879531860e-01
128 6.14257812500000e-01 3.77312660217285e-01
129 5.85937500000000e-01 3.43322753906250e-01
130 6.25000000000000e-01 3.90625000000000e-01
131 5.89843750000000e-01 3.47915649414062e-01
132 6.11816406250000e-01 3.74319314956665e-01
133 6.37207031250000e-01 4.06032800674438e-01
134 6.79199218750000e-01 4.61311578750610e-01
135 6.93847656250000e-01 4.81424570083618e-01
136 6.90429687500000e-01 4.76693153381348e-01
137 6.77246093750000e-01 4.58662271499634e-01
138 6.78222656250000e-01 4.59985971450806e-01
139 6.56250000000000e-01 4.30664062500000e-01
140 5.80566406250000e-01 3.37057352066040e-01
141 6.37207031250000e-01 4.06032800674438e-01
142 6.55273437500000e-01 4.29383277893066e-01
143 6.73828125000000e-01 4.54044342041016e-01
144 6.13281250000000e-01 3.76113891601562e-01
145 6.50878906250000e-01 4.23643350601196e-01
146 6.54785156250000e-01 4.28743600845337e-01
147 6.32812500000000e-01 4.00451660156250e-01
148 6.22070312500000e-01 3.86971473693848e-01
149 5.59570312500000e-01 3.13118934631348e-01
150 5.42480468750000e-01 2.94285058975220e-01
151 5.86914062500000e-01 3.44468116760254e-01
152 6.03515625000000e-01 3.64231109619141e-01
153 5.83984375000000e-01 3.41037750244141e-01
154 5.84472656250000e-01 3.41608285903931e-01
155 6.21582031250000e-01 3.86364221572876e-01
156 6.20117187500000e-01 3.84545326232910e-01
157 5.60546875000000e-01 3.14212799072266e-01
158 5.85449218750000e-01 3.42750787734985e-01
159 6.15722656250000e-01 3.79114389419556e-01
160 5.91308593750000e-01 3.49645853042603e-01
161 5.60058593750000e-01 3.13665628433228e-01
162 5.63964843750000e-01 3.18056344985962e-01
163 5.45898437500000e-01 2.98005104064941e-01
164 5.84472656250000e-01 3.41608285903931e-01
165 6.36230468750000e-01 4.04789209365845e-01
166 6.55761718750000e-01 4.30023431777954e-01
167 6.37695312500000e-01 4.06655311584473e-01
168 6.66015625000000e-01 4.43576812744141e-01
169 6.68457031250000e-01 4.46834802627563e-01
170 6.71386718750000e-01 4.50760126113892e-01
171 6.34765625000000e-01 4.02927398681641e-01
172 6.69921875000000e-01 4.48795318603516e-01
173 6.90917968750000e-01 4.77367639541626e-01
174 7.46582031250000e-01 5.57384729385376e-01
175 7.19726562500000e-01 5.18006324768066e-01
176 6.94335937500000e-01 4.82102394104004e-01
177 6.92382812500000e-01 4.79393959045410e-01
178 6.88964843750000e-01 4.74672555923462e-01
179 6.74804687500000e-01 4.55361366271973e-01
180 6.39648437500000e-01 4.09150123596191e-01
181 6.38183593750000e-01 4.07278299331665e-01
182 7.09472656250000e-01 5.03351449966431e-01
183 6.93359375000000e-01 4.80747222900391e-01
184 7.05566406250000e-01 4.97823953628540e-01
185 6.74804687500000e-01 4.55361366271973e-01
186 6.98242187500000e-01 4.87542152404785e-01
187 6.06445312500000e-01 3.67775917053223e-01
188 5.51269531250000e-01 3.03898096084595e-01
189 5.88867187500000e-01 3.46764564514160e-01
190 6.58691406250000e-01 4.33874368667603e-01
191 6.27929687500000e-01 3.94295692443848e-01
192 5.71289062500000e-01 3.26371192932129e-01
193 5.18554687500000e-01 2.68898963928223e-01
194 5.45410156250000e-01 2.97472238540649e-01
195 5.44921875000000e-01 2.96939849853516e-01
196 5.51269531250000e-01 3.03898096084595e-01
197 5.44433593750000e-01 2.96407938003540e-01
198 6.17675781250000e-01 3.81523370742798e-01
199 5.89355468750000e-01 3.47339868545532e-01
200 6.96777343750000e-01 4.85498666763306e-01
201 7.14355468750000e-01 5.10303735733032e-01
202 6.67480468750000e-01 4.45530176162720e-01
203 6.66503906250000e-01 4.44227457046509e-01
204 6.78222656250000e-01 4.59985971450806e-01
205 6.58203125000000e-01 4.33231353759766e-01
206 6.41601562500000e-01 4.11652565002441e-01
207 6.60156250000000e-01 4.35806274414062e-01
208 7.18261718750000e-01 5.15899896621704e-01
209 6.80175781250000e-01 4.62639093399048e-01
210 7.02148437500000e-01 4.93012428283691e-01
211 6.52343750000000e-01 4.25552368164062e-01
212 7.51953125000000e-01 5.65433502197266e-01
213 7.39257812500000e-01 5.46502113342285e-01
214 7.29003906250000e-01 5.31446695327759e-01
215 7.20703125000000e-01 5.19412994384766e-01
216 6.68945312500000e-01 4.47487831115723e-01
217 6.53320312500000e-01 4.26827430725098e-01
218 6.87500000000000e-01 4.72656250000000e-01
219 6.29394531250000e-01 3.96137475967407e-01
220 5.84472656250000e-01 3.41608285903931e-01
221 5.72753906250000e-01 3.28047037124634e-01
222 6.08398437500000e-01 3.70148658752441e-01
223 6.37207031250000e-01 4.06032800674438e-01
224 6.18652343750000e-01 3.82730722427368e-01
225 5.66406250000000e-01 3.20816040039062e-01
226 5.81054687500000e-01 3.37624549865723e-01
227 5.55664062500000e-01 3.08762550354004e-01
228 5.84472656250000e-01 3.41608285903931e-01
229 5.89355468750000e-01 3.47339868545532e-01
230 5.07812500000000e-01 2.57873535156250e-01
231 5.48339843750000e-01 3.00676584243774e-01
232 5.35644531250000e-01 2.86915063858032e-01
233 5.45898437500000e-01 2.98005104064941e-01
234 5.91308593750000e-01 3.49645853042603e-01
235 5.26855468750000e-01 2.77576684951782e-01
236 4.99511718750000e-01 2.49511957168579e-01
237 5.65917968750000e-01 3.20263147354126e-01
238 6.77246093750000e-01 4.58662271499634e-01
239 6.96289062500000e-01 4.84818458557129e-01
240 7.60253906250000e-01 5.77986001968384e-01
241 7.11914062500000e-01 5.06821632385254e-01
242 7.18261718750000e-01 5.15899896621704e-01
243 6.86035156250000e-01 4.70644235610962e-01
244 7.32421875000000e-01 5.36441802978516e-01
245 6.60156250000000e-01 4.35806274414062e-01
246 6.44531250000000e-01 4.15420532226562e-01
247 7.07519531250000e-01 5.00583887100220e-01
248 6.44042968750000e-01 4.14791345596313e-01
249 6.08886718750000e-01 3.70743036270142e-01
250 6.33300781250000e-01 4.01069879531860e-01
251 6.50878906250000e-01 4.23643350601196e-01
252 6.55761718750000e-01 4.30023431777954e-01
253 6.38183593750000e-01 4.07278299331665e-01
254 6.97753906250000e-01 4.86860513687134e-01
255 7.26074218750000e-01 5.27183771133423e-01
256 7.27050781250000e-01 5.28602838516235e-01
257 7.49023437500000e-01 5.61036109924316e-01
258 7.62695312500000e-01 5.81704139709473e-01
259 6.68945312500000e-01 4.47487831115723e-01
260 6.91406250000000e-01 4.78042602539062e-01
261 7.37792968750000e-01 5.44338464736938e-01
262 7.06054687500000e-01 4.98513221740723e-01
263 6.74316406250000e-01 4.54702615737915e-01
264 7.17285156250000e-01 5.14497995376587e-01
265 6.42089843750000e-01 4.12279367446899e-01
266 6.80175781250000e-01 4.62639093399048e-01
267 6.95800781250000e-01 4.84138727188110e-01
268 6.93359375000000e-01 4.80747222900391e-01
269 7.12890625000000e-01 5.08213043212891e-01
270 7.17773437500000e-01 5.15198707580566e-01
271 7.17285156250000e-01 5.14497995376587e-01
272 6.74316406250000e-01 4.54702615737915e-01
273 6.54296875000000e-01 4.28104400634766e-01
274 6.67480468750000e-01 4.45530176162720e-01
275 6.15722656250000e-01 3.79114389419556e-01
276 6.32812500000000e-01 4.00451660156250e-01
277 6.31347656250000e-01 3.98599863052368e-01
278 6.38183593750000e-01 4.07278299331665e-01
279 6.17675781250000e-01 3.81523370742798e-01
280 6.16210937500000e-01 3.79715919494629e-01
281 5.65917968750000e-01 3.20263147354126e-01
282 6.13769531250000e-01 3.76713037490845e-01
283 6.48437500000000e-01 4.20471191406250e-01
284 5.92285156250000e-01 3.50801706314087e-01
285 6.14746093750000e-01 3.77912759780884e-01
286 5.70800781250000e-01 3.25813531875610e-01
287 5.25878906250000e-01 2.76548624038696e-01
288 5.62988281250000e-01 3.16955804824829e-01
289 5.24414062500000e-01 2.75010108947754e-01
290 4.72656250000000e-01 2.23403930664062e-01
291 4.59960937500000e-01 2.11564064025879e-01
292 3.98925781250000e-01 1.59141778945923e-01
293 3.84277343750000e-01 1.47669076919556e-01
294 3.66699218750000e-01 1.34468317031860e-01
295 3.99902343750000e-01 1.59921884536743e-01
296 3.95019531250000e-01 1.56040430068970e-01
297 3.72070312500000e-01 1.38436317443848e-01
298 4.45312500000000e-01 1.98303222656250e-01
299 4.89257812500000e-01 2.39373207092285e-01
300 3.87695312500000e-01 1.50307655334473e-01
301 4.79003906250000e-01 2.29444742202759e-01
302 4.14550781250000e-01 1.71852350234985e-01
303 4.87304687500000e-01 2.37465858459473e-01
304 4.52636718750000e-01 2.04879999160767e-01
305 4.36035156250000e-01 1.90126657485962e-01
306 4.84863281250000e-01 2.35092401504517e-01
307 4.74121093750000e-01 2.24790811538696e-01
308 5.02441406250000e-01 2.52447366714478e-01
309 4.81933593750000e-01 2.32259988784790e-01
310 5.67382812500000e-01 3.21923255920410e-01
311 5.05859375000000e-01 2.55893707275391e-01
312 5.30273437500000e-01 2.81189918518066e-01
313 6.13281250000000e-01 3.76113891601562e-01
314 5.90332031250000e-01 3.48491907119751e-01
315 6.37695312500000e-01 4.06655311584473e-01
316 5.76660156250000e-01 3.32536935806274e-01
317 5.41992187500000e-01 2.93755531311035e-01
318 5.81542968750000e-01 3.38192224502563e-01
319 6.08398437500000e-01 3.70148658752441e-01
320 5.83007812500000e-01 3.39898109436035e-01
321 5.72265625000000e-01 3.27487945556641e-01
322 5.44921875000000e-01 2.96939849853516e-01
323 5.64453125000000e-01 3.18607330322266e-01
324 5.40039062500000e-01 2.91642189025879e-01
325 4.96582031250000e-01 2.46593713760376e-01
326 5.30273437500000e-01 2.81189918518066e-01
327 5.59082031250000e-01 3.12572717666626e-01
328 6.20605468750000e-01 3.85151147842407e-01
329 6.49414062500000e-01 4.21738624572754e-01
330 6.87500000000000e-01 4.72656250000000e-01
331 6.60644531250000e-01 4.36451196670532e-01
332 6.28417968750000e-01 3.94909143447876e-01
333 5.92773437500000e-01 3.51380348205566e-01
334 6.16699218750000e-01 3.80317926406860e-01
335 5.99609375000000e-01 3.59531402587891e-01
336 6.11816406250000e-01 3.74319314956665e-01
337 6.42578125000000e-01 4.12906646728516e-01
338 6.18164062500000e-01 3.82126808166504e-01
339 6.00585937500000e-01 3.60703468322754e-01
340 5.46386718750000e-01 2.98538446426392e-01
341 5.05859375000000e-01 2.55893707275391e-01
342 4.20898437500000e-01 1.77155494689941e-01
343 4.83398437500000e-01 2.33674049377441e-01
344 5.25390625000000e-01 2.76035308837891e-01
345 5.10742187500000e-01 2.60857582092285e-01
346 5.42480468750000e-01 2.94285058975220e-01
347 5.32226562500000e-01 2.83265113830566e-01
348 5.00000000000000e-01 2.50000000000000e-01
349 5.20507812500000e-01 2.70928382873535e-01
350 4.38964843750000e-01 1.92690134048462e-01
351 4.80957031250000e-01 2.31319665908813e-01
352 4.69238281250000e-01 2.20184564590454e-01
353 3.91601562500000e-01 1.53351783752441e-01
354 3.50097656250000e-01 1.22568368911743e-01
355 3.17382812500000e-01 1.00731849670410e-01
356 3.05175781250000e-01 9.31322574615479e-02
357 3.10546875000000e-01 9.64393615722656e-02
358 3.43750000000000e-01 1.18164062500000e-01
359 3.25195312500000e-01 1.05751991271973e-01
360 3.74023437500000e-01 1.39893531799316e-01
361 3.28125000000000e-01 1.07666015625000e-01
362 3.19824218750000e-01 1.02287530899048e-01
363 2.93945312500000e-01 8.64038467407227e-02
364 3.04199218750000e-01 9.25371646881104e-02
365 2.40722656250000e-01 5.79473972320557e-02
366 3.25683593750000e-01 1.06069803237915e-01
367 2.70019531250000e-01 7.29105472564697e-02
368 2.51953125000000e-01 6.34803771972656e-02
369 2.30957031250000e-01 5.33411502838135e-02
370 2.24609375000000e-01 5.04493713378906e-02
371 2.56347656250000e-01 6.57141208648682e-02
372 2.63671875000000e-01 6.95228576660156e-02
373 2.84179687500000e-01 8.07580947875977e-02
374 2.77832031250000e-01 7.71906375885010e-02
375 2.56835937500000e-01 6.59646987915039e-02
376 2.25585937500000e-01 5.08890151977539e-02
377 2.03125000000000e-01 4.12597656250000e-02
378 1.62109375000000e-01 2.62794494628906e-02
379 1.16699218750000e-01 1.36187076568604e-02
380 1.88476562500000e-01 3.55234146118164e-02
381 1.73339843750000e-01 3.00467014312744e-02
382 1.78710937500000e-01 3.19375991821289e-02
383 1.67968750000000e-01 2.82135009765625e-02
384 1.64062500000000e-01 2.69165039062500e-02
385 2.05566406250000e-01 4.22575473785400e-02
386 1.46484375000000e-01 2.14576721191406e-02
387 1.30859375000000e-01 1.71241760253906e-02
388 1.31835937500000e-01 1.73807144165039e-02
389 1.86035156250000e-01 3.46090793609619e-02
390 1.94824218750000e-01 3.79564762115479e-02
391 2.83203125000000e-01 8.02040100097656e-02
392 2.90527343750000e-01 8.44061374664307e-02
393 2.87109375000000e-01 8.24317932128906e-02
394 2.92480468750000e-01 8.55448246002197e-02
395 3.01269531250000e-01 9.07633304595947e-02
396 3.43750000000000e-01 1.18164062500000e-01
397 2.91992187500000e-01 8.52594375610352e-02
398 3.55468750000000e-01 1.26358032226562e-01
399 3.82324218750000e-01 1.46171808242798e-01
400 4.20898437500000e-01 1.77155494689941e-01
401 3.98925781250000e-01 1.59141778945923e-01
402 4.26757812500000e-01 1.82122230529785e-01
403 3.54492187500000e-01 1.25664710998535e-01
404 3.73535156250000e-01 1.39528512954712e-01
405 4.26269531250000e-01 1.81705713272095e-01
406 4.38476562500000e-01 1.92261695861816e-01
407 4.60937500000000e-01 2.12463378906250e-01
408 3.79882812500000e-01 1.44310951232910e-01
409 3.54003906250000e-01 1.25318765640259e-01
410 4.14550781250000e-01 1.71852350234985e-01
411 4.49707031250000e-01 2.02236413955688e-01
412 4.51660156250000e-01 2.03996896743774e-01
413 4.47753906250000e-01 2.00483560562134e-01
414 4.16992187500000e-01 1.73882484436035e-01
415 4.39453125000000e-01 1.93119049072266e-01
416 4.67285156250000e-01 2.18355417251587e-01
417 4.78515625000000e-01 2.28977203369141e-01
418 4.22363281250000e-01 1.78390741348267e-01
419 4.88769531250000e-01 2.38895654678345e-01
420 5.10253906250000e-01 2.60359048843384e-01
421 5.31250000000000e-01 2.82226562500000e-01
422 4.86816406250000e-01 2.36990213394165e-01
423 4.93652343750000e-01 2.43692636489868e-01
424 4.76074218750000e-01 2.26646661758423e-01
425 4.41894531250000e-01 1.95270776748657e-01
426 3.95019531250000e-01 1.56040430068970e-01
427 4.00878906250000e-01 1.60703897476196e-01
428 4.50195312500000e-01 2.02675819396973e-01
429 4.51660156250000e-01 2.03996896743774e-01
430 3.88671875000000e-01 1.51065826416016e-01
431 3.88183593750000e-01 1.50686502456665e-01
432 3.98437500000000e-01 1.58752441406250e-01
433 4.06738281250000e-01 1.65436029434204e-01
434 3.80371093750000e-01 1.44682168960571e-01
435 3.83300781250000e-01 1.46919488906860e-01
436 3.53027343750000e-01 1.24628305435181e-01
437 4.27734375000000e-01 1.82956695556641e-01
438 3.85253906250000e-01 1.48420572280884e-01
439 3.84277343750000e-01 1.47669076919556e-01
440 4.23828125000000e-01 1.79630279541016e-01
441 3.95996093750000e-01 1.56812906265259e-01
442 3.97949218750000e-01 1.58363580703735e-01
443 3.89160156250000e-01 1.51445627212524e-01
444 3.26660156250000e-01 1.06706857681274e-01
445 3.61816406250000e-01 1.30911111831665e-01
446 3.98437500000000e-01 1.58752441406250e-01
447 4.08691406250000e-01 1.67028665542603e-01
448 4.19433593750000e-01 1.75924539566040e-01
449 4.49707031250000e-01 2.02236413955688e-01
450 4.29687500000000e-01 1.84631347656250e-01
451 4.73632812500000e-01 2.24328041076660e-01
452 4.12109375000000e-01 1.69834136962891e-01
453 3.75000000000000e-01 1.40625000000000e-01
454 4.19433593750000e-01 1.75924539566040e-01
455 4.06738281250000e-01 1.65436029434204e-01
456 4.05761718750000e-01 1.64642572402954e-01
457 4.79003906250000e-01 2.29444742202759e-01
458 4.56054687500000e-01 2.07985877990723e-01
459 4.87792968750000e-01 2.37941980361938e-01
460 5.06835937500000e-01 2.56882667541504e-01
461 4.76562500000000e-01 2.27111816406250e-01
462 4.81933593750000e-01 2.32259988784790e-01
463 5.71289062500000e-01 3.26371192932129e-01
464 5.13671875000000e-01 2.63858795166016e-01
465 5.52246093750000e-01 3.04975748062134e-01
466 5.10253906250000e-01 2.60359048843384e-01
467 4.92187500000000e-01 2.42248535156250e-01
468 4.45312500000000e-01 1.98303222656250e-01
469 4.40917968750000e-01 1.94408655166626e-01
470 5.21972656250000e-01 2.72455453872681e-01
471 5.00488281250000e-01 2.50488519668579e-01
472 5.34667968750000e-01 2.85869836807251e-01
473 5.71289062500000e-01 3.26371192932129e-01
474 6.32812500000000e-01 4.00451660156250e-01
475 6.25488281250000e-01 3.91235589981079e-01
476 5.87402343750000e-01 3.45041513442993e-01
477 6.24511718750000e-01 3.90014886856079e-01
478 5.70312500000000e-01 3.25256347656250e-01
479 5.64941406250000e-01 3.19158792495728e-01
480 5.94726562500000e-01 3.53699684143066e-01
481 5.78613281250000e-01 3.34793329238892e-01
482 6.07910156250000e-01 3.69554758071899e-01
483 6.11816406250000e-01 3.74319314956665e-01
484 5.79589843750000e-01 3.35924386978149e-01
485 6.00097656250000e-01 3.60117197036743e-01
486 5.92773437500000e-01 3.51380348205566e-01
487 6.02539062500000e-01 3.63053321838379e-01
488 5.85449218750000e-01 3.42750787734985e-01
489 5.52246093750000e-01 3.04975748062134e-01
490 5.45898437500000e-01 2.98005104064941e-01
491 5.10253906250000e-01 2.60359048843384e-01
492 5.48339843750000e-01 3.00676584243774e-01
493 5.58593750000000e-01 3.12026977539062e-01
494 5.77636718750000e-01 3.33664178848267e-01
495 6.09863281250000e-01 3.71933221817017e-01
496 6.01562500000000e-01 3.61877441406250e-01
497 6.55761718750000e-01 4.30023431777954e-01
498 5.88378906250000e-01 3.46189737319946e-01
499 5.89355468750000e-01 3.47339868545532e-01
500 5.79101562500000e-01 3.35358619689941e-01
501 5.80566406250000e-01 3.37057352066040e-01
502 6.13769531250000e-01 3.76713037490845e-01
503 6.35742187500000e-01 4.04168128967285e-01
504 6.13281250000000e-01 3.76113891601562e-01
505 6.35253906250000e-01 4.03547525405884e-01
506 5.64941406250000e-01 3.19158792495728e-01
507 5.21972656250000e-01 2.72455453872681e-01
508 5.59570312500000e-01 3.13118934631348e-01
509 6.17187500000000e-01 3.80920410156250e-01
510 6.02050781250000e-01 3.62465143203735e-01
511 6.72363281250000e-01 4.52072381973267e-01
512 6.67968750000000e-01 4.46182250976562e-01
513 6.24511718750000e-01 3.90014886856079e-01
514 5.33691406250000e-01 2.84826517105103e-01
515 4.59472656250000e-01 2.11115121841431e-01
516 3.92089843750000e-01 1.53734445571899e-01
517 4.15039062500000e-01 1.72257423400879e-01
518 3.60351562500000e-01 1.29853248596191e-01
519 4.16992187500000e-01 1.73882484436035e-01
520 3.66210937500000e-01 1.34110450744629e-01
521 3.21777343750000e-01 1.03540658950806e-01
522 3.16406250000000e-01 1.00112915039062e-01
523 2.40722656250000e-01 5.79473972320557e-02
524 2.79785156250000e-01 7.82797336578369e-02
525 2.60742187500000e-01 6.79864883422852e-02
526 2.74902343750000e-01 7.55712985992432e-02
527 2.10937500000000e-01 4.44946289062500e-02
528 2.30468750000000e-01 5.31158447265625e-02
529 2.61230468750000e-01 6.82413578033447e-02
530 3.38378906250000e-01 1.14500284194946e-01
531 3.45214843750000e-01 1.19173288345337e-01
532 3.79882812500000e-01 1.44310951232910e-01
533 3.35937500000000e-01 1.12854003906250e-01
534 2.97363281250000e-01 8.84249210357666e-02
535 3.17871093750000e-01 1.01042032241821e-01
536 3.12988281250000e-01 9.79616641998291e-02
537 3.02246093750000e-01 9.13527011871338e-02
538 2.67089843750000e-01 7.13369846343994e-02
539 3.10058593750000e-01 9.61363315582275e-02
540 3.41308593750000e-01 1.16491556167603e-01
541 3.70605468750000e-01 1.37348413467407e-01
542 3.09082031250000e-01 9.55317020416260e-02
543 3.06152343750000e-01 9.37292575836182e-02
544 3.19824218750000e-01 1.02287530899048e-01
545 3.39843750000000e-01 1.15493774414062e-01
546 3.28613281250000e-01 1.07986688613892e-01
547 2.80273437500000e-01 7.85531997680664e-02
548 2.45117187500000e-01 6.00824356079102e-02
549 1.83105468750000e-01 3.35276126861572e-02
550 1.58203125000000e-01 2.50282287597656e-02
551 8.30078125000000e-02 6.89029693603516e-03
552 6.29882812500000e-02 3.96752357482910e-03
553 5.32226562500000e-02 2.83265113830566e-03
554 4.58984375000000e-02 2.10666656494141e-03
555 1.06933593750000e-01 1.14347934722900e-02
556 1.72363281250000e-01 2.97091007232666e-02
557 1.42089843750000e-01 2.01895236968994e-02
558 1.23046875000000e-01 1.51405334472656e-02
559 9.76562500000000e-02 9.53674316406250e-03
560 2.09960937500000e-02 4.40835952758789e-04
561 8.05664062500000e-02 6.49094581604004e-03
562 6.93359375000000e-02 4.80747222900391e-03
563 4.73632812500000e-02 2.24328041076660e-03
564 5.41992187500000e-02 2.93755531311035e-03
565 9.42382812500000e-02 8.88085365295410e-03
566 1.05468750000000e-01 1.11236572265625e-02
567 4.05273437500000e-02 1.64246559143066e-03
568 3.32031250000000e-02 1.10244750976562e-03
569 6.29882812500000e-02 3.96752357482910e-03
570 2.05078125000000e-02 4.20570373535156e-04
571 5.17578125000000e-02 2.67887115478516e-03
572 1.51367187500000e-02 2.29120254516602e-04
573 3.90625000000000e-02 1.52587890625000e-03
574 6.64062500000000e-02 4.40979003906250e-03
575 4.63867187500000e-02 2.15172767639160e-03
576 4.68750000000000e-02 2.19726562500000e-03
577 7.86132812500000e-02 6.18004798889160e-03
578 1.25000000000000e-01 1.56250000000000e-02
579 1.36718750000000e-01 1.86920166015625e-02
580 7.91015625000000e-02 6.25705718994141e-03
581 4.00390625000000e-02 1.60312652587891e-03
582 5.32226562500000e-02 2.83265113830566e-03
583 7.56835937500000e-02 5.72800636291504e-03
584 9.81445312500000e-02 9.63234901428223e-03
585 7.91015625000000e-02 6.25705718994141e-03
586 8.54492187500000e-02 7.30156898498535e-03
587 8.54492187500000e-02 7.30156898498535e-03
588 1.06933593750000e-01 1.14347934722900e-02
589 1.52343750000000e-01 2.32086181640625e-02
590 1.95312500000000e-01 3.81469726562500e-02
591 1.66503906250000e-01 2.77235507965088e-02
592 9.13085937500000e-02 8.33725929260254e-03
593 7.81250000000000e-02 6.10351562500000e-03
594 1.04492187500000e-01 1.09186172485352e-02
595 1.04980468750000e-01 1.10208988189697e-02
596 5.81054687500000e-02 3.37624549865723e-03
597 1.17675781250000e-01 1.38475894927979e-02
598 8.20312500000000e-02 6.72912597656250e-03
599 1.84570312500000e-01 3.40662002563477e-02
600 1.79199218750000e-01 3.21123600006104e-02
601 2.48046875000000e-01 6.15272521972656e-02
602 2.53417968750000e-01 6.42206668853760e-02
603 2.44628906250000e-01 5.98433017730713e-02
604 3.13964843750000e-01 9.85739231109619e-02
605 3.50097656250000e-01 1.22568368911743e-01
606 3.23242187500000e-01 1.04485511779785e-01
607 3.49121093750000e-01 1.21885538101196e-01
608 3.33984375000000e-01 1.11545562744141e-01
609 4.16503906250000e-01 1.73475503921509e-01
610 4.09179687500000e-01 1.67428016662598e-01
611 4.08203125000000e-01 1.66629791259766e-01
612 3.57910156250000e-01 1.28099679946899e-01
613 3.28125000000000e-01 1.07666015625000e-01
614 3.59863281250000e-01 1.29501581192017e-01
615 3.22753906250000e-01 1.04170083999634e-01
616 2.98339843750000e-01 8.90066623687744e-02
617 2.64160156250000e-01 6.97805881500244e-02
618 2.28515625000000e-01 5.22193908691406e-02
619 2.21679687500000e-01 4.91418838500977e-02
620 2.85156250000000e-01 8.13140869140625e-02
621 3.17871093750000e-01 1.01042032241821e-01
622 2.49023437500000e-01 6.20126724243164e-02
623 3.70605468750000e-01 1.37348413467407e-01
624 3.08105468750000e-01 9.49289798736572e-02
625 3.59863281250000e-01 1.29501581192017e-01
626 3.96972656250000e-01 1.57587289810181e-01
627 3.75976562500000e-01 1.41358375549316e-01
628 3.57910156250000e-01 1.28099679946899e-01
629 3.57421875000000e-01 1.27750396728516e-01
630 3.72558593750000e-01 1.38799905776978e-01
631 3.37402343750000e-01 1.13840341567993e-01
632 2.63671875000000e-01 6.95228576660156e-02
633 2.56835937500000e-01 6.59646987915039e-02
634 3.13964843750000e-01 9.85739231109619e-02
635 3.60351562500000e-01 1.29853248596191e-01
636 3.05664062500000e-01 9.34305191040039e-02
637 2.58789062500000e-01 6.69717788696289e-02
638 2.09472656250000e-01 4.38787937164307e-02
639 2.71972656250000e-01 7.39691257476807e-02
640 3.34472656250000e-01 1.11871957778931e-01
641 3.92578125000000e-01 1.54117584228516e-01
642 4.25781250000000e-01 1.81289672851562e-01
643 4.23339843750000e-01 1.79216623306274e-01
644 4.81445312500000e-01 2.31789588928223e-01
645 4.97070312500000e-01 2.47078895568848e-01
646 4.78027343750000e-01 2.28510141372681e-01
647 4.81445312500000e-01 2.31789588928223e-01
648 5.23925781250000e-01 2.74498224258423e-01
649 4.08691406250000e-01 1.67028665542603e-01
650 4.24804687500000e-01 1.80459022521973e-01
651 4.45312500000000e-01 1.98303222656250e-01
652 4.73632812500000e-01 2.24328041076660e-01
653 4.08203125000000e-01 1.66629791259766e-01
654 3.62304687500000e-01 1.31264686584473e-01
655 3.66699218750000e-01 1.34468317031860e-01
656 3.26660156250000e-01 1.06706857681274e-01
657 3.75488281250000e-01 1.40991449356079e-01
658 3.86718750000000e-01 1.49551391601562e-01
659 4.38964843750000e-01 1.92690134048462e-01
660 4.23339843750000e-01 1.79216623306274e-01
661 4.22363281250000e-01 1.78390741348267e-01
662 4.31152343750000e-01 1.85892343521118e-01
663 4.51171875000000e-01 2.03556060791016e-01
664 4.77050781250000e-01 2.27577447891235e-01
665 4.33105468750000e-01 1.87580347061157e-01
666 5.05371093750000e-01 2.55399942398071e-01
667 4.81445312500000e-01 2.31789588928223e-01
668 4.36035156250000e-01 1.90126657485962e-01
669 4.59472656250000e-01 2.11115121841431e-01
670 4.32617187500000e-01 1.87157630920410e-01
671 5.22460937500000e-01 2.72965431213379e-01
672 4.60937500000000e-01 2.12463378906250e-01
673 4.84863281250000e-01 2.35092401504517e-01
674 4.82910156250000e-01 2.33202219009399e-01
675 5.27343750000000e-01 2.78091430664062e-01
676 4.71191406250000e-01 2.22021341323853e-01
677 5.20019531250000e-01 2.70420312881470e-01
678 5.21484375000000e-01 2.71945953369141e-01
679 5.04394531250000e-01 2.54413843154907e-01
680 5.38574218750000e-01 2.90062189102173e-01
681 5.74707031250000e-01 3.30288171768188e-01
682 5.53222656250000e-01 3.06055307388306e-01
683 5.75683593750000e-01 3.31411600112915e-01
684 6.06933593750000e-01 3.68368387222290e-01
685 6.25976562500000e-01 3.91846656799316e-01
686 5.97656250000000e-01 3.57192993164062e-01
687 5.61035156250000e-01 3.14760446548462e-01
688 5.64453125000000e-01 3.18607330322266e-01
689 5.70312500000000e-01 3.25256347656250e-01
690 5.39062500000000e-01 2.90588378906250e-01
691 5.37109375000000e-01 2.88486480712891e-01
692 5.67382812500000e-01 3.21923255920410e-01
693 5.48828125000000e-01 3.01212310791016e-01
694 4.68750000000000e-01 2.19726562500000e-01
695 5.21972656250000e-01 2.72455453872681e-01
696 5.37109375000000e-01 2.88486480712891e-01
697 5.82031250000000e-01 3.38760375976562e-01
698 5.31738281250000e-01 2.82745599746704e-01
699 5.94238281250000e-01 3.53119134902954e-01
700 5.83007812500000e-01 3.39898109436035e-01
701 6.12792968750000e-01 3.75515222549438e-01
702 5.92285156250000e-01 3.50801706314087e-01
703 5.87890625000000e-01 3.45615386962891e-01
704 5.84960937500000e-01 3.42179298400879e-01
705 5.49804687500000e-01 3.02285194396973e-01
706 5.34179687500000e-01 2.85347938537598e-01
707 5.62988281250000e-01 3.16955804824829e-01
708 5.44921875000000e-01 2.96939849853516e-01
709 5.34667968750000e-01 2.85869836807251e-01
710 6.44531250000000e-01 4.15420532226562e-01
711 6.04492187500000e-01 3.65410804748535e-01
712 5.46875000000000e-01 2.99072265625000e-01
713 5.39062500000000e-01 2.90588378906250e-01
714 5.05371093750000e-01 2.55399942398071e-01
715 5.07324218750000e-01 2.57377862930298e-01
716 4.15527343750000e-01 1.72662973403931e-01
717 4.53125000000000e-01 2.05322265625000e-01
718 4.57519531250000e-01 2.09324121475220e-01
719 5.45898437500000e-01 2.98005104064941e-01
720 5.68359375000000e-01 3.23032379150391e-01
721 5.49316406250000e-01 3.01748514175415e-01
722 5.30761718750000e-01 2.81708002090454e-01
723 5.06347656250000e-01 2.56387948989868e-01
724 4.91699218750000e-01 2.41768121719360e-01
725 5.56640625000000e-01 3.09848785400391e-01
726 5.06835937500000e-01 2.56882667541504e-01
727 5.47363281250000e-01 2.99606561660767e-01
728 5.62500000000000e-01 3.16406250000000e-01
729 5.27343750000000e-01 2.78091430664062e-01
730 5.22949218750000e-01 2.73475885391235e-01
731 5.54199218750000e-01 3.07136774063110e-01
732 4.71679687500000e-01 2.22481727600098e-01
733 4.85839843750000e-01 2.36040353775024e-01
734 4.97558593750000e-01 2.47564554214478e-01
735 5.26367187500000e-01 2.77062416076660e-01
736 4.94140625000000e-01 2.44174957275391e-01
737 5.02441406250000e-01 2.52447366714478e-01
738 5.21484375000000e-01 2.71945953369141e-01
739 5.45898437500000e-01 2.98005104064941e-01
740 5.76660156250000e-01 3.32536935806274e-01
741 5.01953125000000e-01 2.51956939697266e-01
742 5.42968750000000e-01 2.94815063476562e-01
743 5.17089843750000e-01 2.67381906509399e-01
744 5.58593750000000e-01 3.12026977539062e-01
745 5.58105468750000e-01 3.11481714248657e-01
746 5.13671875000000e-01 2.63858795166016e-01
747 4.73632812500000e-01 2.24328041076660e-01
748 4.59960937500000e-01 2.11564064025879e-01
749 4.67773437500000e-01 2.18811988830566e-01
750 4.39941406250000e-01 1.93548440933228e-01
751 4.56542968750000e-01 2.08431482315063e-01
752 5.18066406250000e-01 2.68392801284790e-01
753 4.12597656250000e-01 1.70236825942993e-01
754 4.14062500000000e-01 1.71447753906250e-01
755 4.17480468750000e-01 1.74289941787720e-01
756 5.10742187500000e-01 2.60857582092285e-01
757 5.14648437500000e-01 2.64863014221191e-01
758 5.56640625000000e-01 3.09848785400391e-01
759 5.90332031250000e-01 3.48491907119751e-01
760 5.46386718750000e-01 2.98538446426392e-01
761 5.45410156250000e-01 2.97472238540649e-01
762 5.60546875000000e-01 3.14212799072266e-01
763 5.34179687500000e-01 2.85347938537598e-01
764 5.11718750000000e-01 2.61856079101562e-01
765 5.25390625000000e-01 2.76035308837891e-01
766 5.51269531250000e-01 3.03898096084595e-01
767 5.98144531250000e-01 3.57776880264282e-01
768 6.38671875000000e-01 4.07901763916016e-01
769 6.36230468750000e-01 4.04789209365845e-01
770 6.08398437500000e-01 3.70148658752441e-01
771 6.09863281250000e-01 3.71933221817017e-01
772 6.22558593750000e-01 3.87579202651978e-01
773 5.94726562500000e-01 3.53699684143066e-01
774 5.84472656250000e-01 3.41608285903931e-01
775 5.64453125000000e-01 3.18607330322266e-01
776 6.31835937500000e-01 3.99216651916504e-01
777 5.96191406250000e-01 3.55444192886353e-01
778 5.96679687500000e-01 3.56026649475098e-01
779 6.46972656250000e-01 4.18573617935181e-01
780 6.25000000000000e-01 3.90625000000000e-01
781 6.25488281250000e-01 3.91235589981079e-01
782 5.67382812500000e-01 3.21923255920410e-01
783 5.47851562500000e-01 3.00141334533691e-01
784 5.66894531250000e-01 3.21369409561157e-01
785 5.26367187500000e-01 2.77062416076660e-01
786 5.05371093750000e-01 2.55399942398071e-01
787 4.95605468750000e-01 2.45624780654907e-01
788 6.00585937500000e-01 3.60703468322754e-01
789 6.30859375000000e-01 3.97983551025391e-01
790 6.70410156250000e-01 4.49449777603149e-01
791 6.71386718750000e-01 4.50760126113892e-01
792 5.93261718750000e-01 3.51959466934204e-01
793 6.15722656250000e-01 3.79114389419556e-01
794 6.83593750000000e-01 4.67300415039062e-01
795 5.79101562500000e-01 3.35358619689941e-01
796 6.41113281250000e-01 4.11026239395142e-01
797 5.68847656250000e-01 3.23587656021118e-01
798 5.25878906250000e-01 2.76548624038696e-01
799 5.08300781250000e-01 2.58369684219360e-01
800 5.13183593750000e-01 2.63357400894165e-01
801 4.97558593750000e-01 2.47564554214478e-01
802 4.77050781250000e-01 2.27577447891235e-01
803 4.81445312500000e-01 2.31789588928223e-01
804 4.61914062500000e-01 2.13364601135254e-01
805 4.30664062500000e-01 1.85471534729004e-01
806 4.57519531250000e-01 2.09324121475220e-01
807 4.38476562500000e-01 1.92261695861816e-01
808 4.92675781250000e-01 2.42729425430298e-01
809 4.93652343750000e-01 2.43692636489868e-01
810 5.26855468750000e-01 2.77576684951782e-01
811 5.15136718750000e-01 2.65365839004517e-01
812 4.44335937500000e-01 1.97434425354004e-01
813 5.11718750000000e-01 2.61856079101562e-01
814 4.60449218750000e-01 2.12013483047485e-01
815 4.66796875000000e-01 2.17899322509766e-01
816 4.65820312500000e-01 2.16988563537598e-01
817 4.69726562500000e-01 2.20643043518066e-01
818 4.78515625000000e-01 2.28977203369141e-01
819 4.97558593750000e-01 2.47564554214478e-01
820 4.25781250000000e-01 1.81289672851562e-01
821 4.32617187500000e-01 1.87157630920410e-01
822 3.33496093750000e-01 1.11219644546509e-01
823 3.17871093750000e-01 1.01042032241821e-01
824 3.20800781250000e-01 1.02913141250610e-01
825 3.19335937500000e-01 1.01975440979004e-01
826 2.65136718750000e-01 7.02974796295166e-02
827 2.40722656250000e-01 5.79473972320557e-02
828 2.69531250000000e-01 7.26470947265625e-02
829 2.22167968750000e-01 4.93586063385010e-02
830 2.35351562500000e-01 5.53903579711914e-02
831 2.47558593750000e-01 6.12852573394775e-02
832 3.29589843750000e-01 1.08629465103149e-01
833 2.75390625000000e-01 7.58399963378906e-02
834 2.17285156250000e-01 4.72128391265869e-02
835 2.18261718750000e-01 4.76381778717041e-02
836 6.25000000000000e-02 3.90625000000000e-03
837 7.27539062500000e-02 5.29313087463379e-03
838 7.86132812500000e-02 6.18004798889160e-03
839 1.34277343750000e-01 1.80304050445557e-02
840 1.60156250000000e-01 2.56500244140625e-02
841 2.09472656250000e-01 4.38787937164307e-02
842 1.26464843750000e-01 1.59933567047119e-02
843 1.26464843750000e-01 1.59933567047119e-02
844 7.03125000000000e-02 4.94384765625000e-03
845 1.67480468750000e-01 2.80497074127197e-02
846 1.72851562500000e-01 2.98776626586914e-02
847 1.62597656250000e-01 2.64379978179932e-02
848 1.76757812500000e-01 3.12433242797852e-02
849 1.66992187500000e-01 2.78863906860352e-02
850 1.30859375000000e-01 1.71241760253906e-02
851 1.60156250000000e-01 2.56500244140625e-02
852 1.23046875000000e-01 1.51405334472656e-02
853 6.39648437500000e-02 4.09150123596191e-03
854 1.06933593750000e-01 1.14347934722900e-02
855 2.78320312500000e-02 7.74621963500977e-04
856 4.39453125000000e-02 1.93119049072266e-03
857 4.58984375000000e-02 2.10666656494141e-03
858 2.49023437500000e-02 6.20126724243164e-04
859 2.19726562500000e-02 4.82797622680664e-04
860 2.58789062500000e-02 6.69717788696289e-04
861 2.49023437500000e-02 6.20126724243164e-04
862 1.04980468750000e-01 1.10208988189697e-02
863 8.30078125000000e-02 6.89029693603516e-03
864 5.37109375000000e-03 2.88486480712891e-05
865 5.95703125000000e-02 3.54862213134766e-03
866 1.46484375000000e-03 2.14576721191406e-06
867 1.70898437500000e-02 2.92062759399414e-04
868 1.95312500000000e-03 3.81469726562500e-06
869 2.05078125000000e-02 4.20570373535156e-04
870 1.66015625000000e-02 2.75611877441406e-04
871 2.78320312500000e-02 7.74621963500977e-04
872 9.42382812500000e-02 8.88085365295410e-03
873 1.66015625000000e-01 2.75611877441406e-02
874 1.66015625000000e-01 2.75611877441406e-02
875 2.03613281250000e-01 4.14583683013916e-02
876 1.39160156250000e-01 1.93655490875244e-02
877 2.00195312500000e-01 4.00781631469727e-02
878 1.99707031250000e-01 3.98828983306885e-02
879 1.50390625000000e-01 2.26173400878906e-02
880 1.12304687500000e-01 1.26123428344727e-02
881 1.08886718750000e-01 1.18563175201416e-02
882 1.16699218750000e-01 1.36187076568604e-02
883 1.22558593750000e-01 1.50206089019775e-02
884 1.41113281250000e-01 1.99129581451416e-02
885 1.19628906250000e-01 1.43110752105713e-02
886 1.08398437500000e-01 1.17502212524414e-02
887 6.93359375000000e-02 4.80747222900391e-03
888 9.96093750000000e-02 9.92202758789062e-03
889 1.17187500000000e-01 1.37329101562500e-02
890 1.16210937500000e-01 1.35049819946289e-02
891 5.66406250000000e-02 3.20816040039062e-03
892 6.59179687500000e-02 4.34517860412598e-03
893 1.08398437500000e-01 1.17502212524414e-02
894 1.05957031250000e-01 1.12268924713135e-02
895 1.63574218750000e-01 2.67565250396729e-02
896 2.10937500000000e-01 4.44946289062500e-02
897 2.28515625000000e-01 5.22193908691406e-02
898 1.31347656250000e-01 1.72522068023682e-02
899 1.34277343750000e-01 1.80304050445557e-02
900 1.03515625000000e-01 1.07154846191406e-02
901 1.98242187500000e-01 3.92999649047852e-02
902 2.21679687500000e-01 4.91418838500977e-02
903 2.30468750000000e-01 5.31158447265625e-02
904 2.27050781250000e-01 5.15520572662354e-02
905 2.07031250000000e-01 4.28619384765625e-02
906 2.90527343750000e-01 8.44061374664307e-02
907 3.88671875000000e-01 1.51065826416016e-01
908 2.82226562500000e-01 7.96518325805664e-02
909 2.73925781250000e-01 7.50353336334229e-02
910 2.05566406250000e-01 4.22575473785400e-02
911 1.86523437500000e-01 3.47909927368164e-02
912 1.53808593750000e-01 2.36570835113525e-02
913 1.41113281250000e-01 1.99129581451416e-02
914 1.27929687500000e-01 1.63660049438477e-02
915 1.79199218750000e-01 3.21123600006104e-02
916 2.11914062500000e-01 4.49075698852539e-02
917 2.72949218750000e-01 7.45012760162354e-02
918 2.77343750000000e-01 7.69195556640625e-02
919 2.94921875000000e-01 8.69789123535156e-02
920 3.40332031250000e-01 1.15825891494751e-01
921 3.33496093750000e-01 1.11219644546509e-01
922 3.24218750000000e-01 1.05117797851562e-01
923 3.51562500000000e-01 1.23596191406250e-01
924 2.76855468750000e-01 7.66489505767822e-02
925 2.62207031250000e-01 6.87525272369385e-02
926 2.98828125000000e-01 8.92982482910156e-02
927 3.08593750000000e-01 9.52301025390625e-02
928 3.12500000000000e-01 9.76562500000000e-02
929 2.30957031250000e-01 5.33411502838135e-02
930 2.44628906250000e-01 5.98433017730713e-02
931 3.91113281250000e-01 1.52969598770142e-01
932 3.72558593750000e-01 1.38799905776978e-01
933 3.89648437500000e-01 1.51825904846191e-01
934 3.99414062500000e-01 1.59531593322754e-01
935 4.42382812500000e-01 1.95702552795410e-01
936 4.25781250000000e-01 1.81289672851562e-01
937 4.32128906250000e-01 1.86735391616821e-01
938 4.61425781250000e-01 2.12913751602173e-01
939 4.96582031250000e-01 2.46593713760376e-01
940 5.03906250000000e-01 2.53921508789062e-01
941 4.81933593750000e-01 2.32259988784790e-01
942 5.31250000000000e-01 2.82226562500000e-01
943 5.21972656250000e-01 2.72455453872681e-01
944 5.97167968750000e-01 3.56609582901001e-01
945 5.40039062500000e-01 2.91642189025879e-01
946 5.18554687500000e-01 2.68898963928223e-01
947 5.18066406250000e-01 2.68392801284790e-01
948 5.22460937500000e-01 2.72965431213379e-01
949 4.91699218750000e-01 2.41768121719360e-01
950 5.50781250000000e-01 3.03359985351562e-01
951 5.37597656250000e-01 2.89011240005493e-01
952 5.53222656250000e-01 3.06055307388306e-01
953 5.42480468750000e-01 2.94285058975220e-01
954 5.86425781250000e-01 3.43895196914673e-01
955 5.72753906250000e-01 3.28047037124634e-01
956 5.90820312500000e-01 3.49068641662598e-01
957 5.60546875000000e-01 3.14212799072266e-01
958 4.83398437500000e-01 2.33674049377441e-01
959 4.84375000000000e-01 2.34619140625000e-01
960 5.41015625000000e-01 2.92697906494141e-01
961 5.24414062500000e-01 2.75010108947754e-01
962 5.06835937500000e-01 2.56882667541504e-01
963 5.49316406250000e-01 3.01748514175415e-01
964 5.03417968750000e-01 2.53429651260376e-01
965 5.43945312500000e-01 2.95876502990723e-01
966 5.70800781250000e-01 3.25813531875610e-01
967 5.52734375000000e-01 3.05515289306641e-01
968 5.61035156250000e-01 3.14760446548462e-01
969 5.41015625000000e-01 2.92697906494141e-01
970 5.06835937500000e-01 2.56882667541504e-01
971 5.15625000000000e-01 2.65869140625000e-01
972 4.69238281250000e-01 2.20184564590454e-01
973 4.48730468750000e-01 2.01359033584595e-01
974 4.47265625000000e-01 2.00046539306641e-01
975 4.45312500000000e-01 1.98303222656250e-01
976 4.14062500000000e-01 1.71447753906250e-01
977 4.87792968750000e-01 2.37941980361938e-01
978 5.23437500000000e-01 2.73986816406250e-01
979 5.06347656250000e-01 2.56387948989868e-01
980 5.59570312500000e-01 3.13118934631348e-01
981 5.26855468750000e-01 2.77576684951782e-01
982 5.29296875000000e-01 2.80155181884766e-01
983 5.08789062500000e-01 2.58866310119629e-01
984 4.66308593750000e-01 2.17443704605103e-01
985 5.54199218750000e-01 3.07136774063110e-01
986 5.73242187500000e-01 3.28606605529785e-01
987 6.04492187500000e-01 3.65410804748535e-01
988 5.82031250000000e-01 3.38760375976562e-01
989 6.24511718750000e-01 3.90014886856079e-01
990 6.22070312500000e-01 3.86971473693848e-01
991 6.26953125000000e-01 3.93070220947266e-01
992 6.17187500000000e-01 3.80920410156250e-01
993 6.31835937500000e-01 3.99216651916504e-01
994 7.06054687500000e-01 4.98513221740723e-01
995 6.93847656250000e-01 4.81424570083618e-01
996 6.60156250000000e-01 4.35806274414062e-01
997 6.48925781250000e-01 4.21104669570923e-01
998 5.92285156250000e-01 3.50801706314087e-01
999 5.90820312500000e-01 3.49068641662598e-01
