0 6.40136718750000e-01 4.09775018692017e-01
1 6.82617187500000e-01 4.65966224670410e-01
2 6.80664062500000e-01 4.63303565979004e-01
3 6.65039062500000e-01 4.42276954650879e-01
4 6.15722656250000e-01 3.79114389419556e-01
5 6.28906250000000e-01 3.95523071289062e-01
6 6.50390625000000e-01 4.23007965087891e-01
7 6.26464843750000e-01 3.92458200454712e-01
8 6.51367187500000e-01 4.24279212951660e-01
9 6.69433593750000e-01 4.48141336441040e-01
10 7.07031250000000e-01 4.99893188476562e-01
11 7.35839843750000e-01 5.41460275650024e-01
12 6.90429687500000e-01 4.76693153381348e-01
13 6.63574218750000e-01 4.40330743789673e-01
14 6.75292968750000e-01 4.56020593643188e-01
15 6.53808593750000e-01 4.27465677261353e-01
16 6.74804687500000e-01 4.55361366271973e-01
17 6.86523437500000e-01 4.71314430236816e-01
18 6.64062500000000e-01 4.40979003906250e-01
19 6.89453125000000e-01 4.75345611572266e-01
20 6.71875000000000e-01 4.51416015625000e-01
21 6.50878906250000e-01 4.23643350601196e-01
22 6.57714843750000e-01 4.32588815689087e-01
23 6.64062500000000e-01 4.40979003906250e-01
24 6.39648437500000e-01 4.09150123596191e-01
25 6.76757812500000e-01 4.58001136779785e-01
26 6.83105468750000e-01 4.66633081436157e-01
27 6.92871093750000e-01 4.80070352554321e-01
28 7.02148437500000e-01 4.93012428283691e-01
29 6.78222656250000e-01 4.59985971450806e-01
30 6.97753906250000e-01 4.86860513687134e-01
31 7.02636718750000e-01 4.93698358535767e-01
32 7.18261718750000e-01 5.15899896621704e-01
33 7.00683593750000e-01 4.90957498550415e-01
34 7.02636718750000e-01 4.93698358535767e-01
35 6.50390625000000e-01 4.23007965087891e-01
36 6.97753906250000e-01 4.86860513687134e-01
37 7.16796875000000e-01 5.13797760009766e-01
38 7.20214843750000e-01 5.18709421157837e-01
39 6.57714843750000e-01 4.32588815689087e-01
40 6.52832031250000e-01 4.26189661026001e-01
41 6.23535156250000e-01 3.88796091079712e-01
42 6.76269531250000e-01 4.57340478897095e-01
43 6.58203125000000e-01 4.33231353759766e-01
44 5.91308593750000e-01 3.49645853042603e-01
45 6.94824218750000e-01 4.82780694961548e-01
46 7.11425781250000e-01 5.06126642227173e-01
47 7.31445312500000e-01 5.35012245178223e-01
48 7.04101562500000e-01 4.95759010314941e-01
49 6.43066406250000e-01 4.13534402847290e-01
50 6.68457031250000e-01 4.46834802627563e-01
51 7.13378906250000e-01 5.08909463882446e-01
52 7.26562500000000e-01 5.27893066406250e-01
53 6.71875000000000e-01 4.51416015625000e-01
54 6.27929687500000e-01 3.94295692443848e-01
55 6.14746093750000e-01 3.77912759780884e-01
56 6.17675781250000e-01 3.81523370742798e-01
57 6.32812500000000e-01 4.00451660156250e-01
58 6.11816406250000e-01 3.74319314956665e-01
59 5.20996093750000e-01 2.71436929702759e-01
60 5.07812500000000e-01 2.57873535156250e-01
61 5.33691406250000e-01 2.84826517105103e-01
62 5.01953125000000e-01 2.51956939697266e-01
63 5.07324218750000e-01 2.57377862930298e-01
64 5.19531250000000e-01 2.69912719726562e-01
65 5.50781250000000e-01 3.03359985351562e-01
66 6.22558593750000e-01 3.87579202651978e-01
67 5.97167968750000e-01 3.56609582901001e-01
68 5.79101562500000e-01 3.35358619689941e-01
69 6.28906250000000e-01 3.95523071289062e-01
70 6.56738281250000e-01 4.31305170059204e-01
71 6.31835937500000e-01 3.99216651916504e-01
72 6.89453125000000e-01 4.75345611572266e-01
73 7.14355468750000e-01 5.10303735733032e-01
74 7.00683593750000e-01 4.90957498550415e-01
75 6.70898437500000e-01 4.50104713439941e-01
76 6.22558593750000e-01 3.87579202651978e-01
77 5.50781250000000e-01 3.03359985351562e-01
78 4.96582031250000e-01 2.46593713760376e-01
79 5.59570312500000e-01 3.13118934631348e-01
80 6.14257812500000e-01 3.77312660217285e-01
81 5.71777343750000e-01 3.26929330825806e-01
82 5.81054687500000e-01 3.37624549865723e-01
83 5.66894531250000e-01 3.21369409561157e-01
84 6.12792968750000e-01 3.75515222549438e-01
85 5.50292968750000e-01 3.02822351455688e-01
86 5.22949218750000e-01 2.73475885391235e-01
87 5.60546875000000e-01 3.14212799072266e-01
88 5.71777343750000e-01 3.26929330825806e-01
89 5.54687500000000e-01 3.07678222656250e-01
90 5.45410156250000e-01 2.97472238540649e-01
91 5.53222656250000e-01 3.06055307388306e-01
92 5.26367187500000e-01 2.77062416076660e-01
93 5.62988281250000e-01 3.16955804824829e-01
94 6.24511718750000e-01 3.90014886856079e-01
95 5.19531250000000e-01 2.69912719726562e-01
96 5.77148437500000e-01 3.33100318908691e-01
97 5.34667968750000e-01 2.85869836807251e-01
98 5.91308593750000e-01 3.49645853042603e-01
99 6.62597656250000e-01 4.39035654067993e-01
100 6.86035156250000e-01 4.70644235610962e-01
101 6.68945312500000e-01 4.47487831115723e-01
102 6.19140625000000e-01 3.83335113525391e-01
103 5.84472656250000e-01 3.41608285903931e-01
104 5.83007812500000e-01 3.39898109436035e-01
105 5.78613281250000e-01 3.34793329238892e-01
106 5.11230468750000e-01 2.61356592178345e-01
107 4.62890625000000e-01 2.14267730712891e-01
108 4.44335937500000e-01 1.97434425354004e-01
109 4.75585937500000e-01 2.26181983947754e-01
110 5.08789062500000e-01 2.58866310119629e-01
111 4.84863281250000e-01 2.35092401504517e-01
112 4.47753906250000e-01 2.00483560562134e-01
113 4.26269531250000e-01 1.81705713272095e-01
114 4.23828125000000e-01 1.79630279541016e-01
115 4.12109375000000e-01 1.69834136962891e-01
116 3.79394531250000e-01 1.43940210342407e-01
117 3.61328125000000e-01 1.30558013916016e-01
118 4.00390625000000e-01 1.60312652587891e-01
119 3.60351562500000e-01 1.29853248596191e-01
120 3.63281250000000e-01 1.31973266601562e-01
121 3.32519531250000e-01 1.10569238662720e-01
122 3.67187500000000e-01 1.34826660156250e-01
123 4.14550781250000e-01 1.71852350234985e-01
124 4.58496093750000e-01 2.10218667984009e-01
125 4.26269531250000e-01 1.81705713272095e-01
126 4.54101562500000e-01 2.06208229064941e-01
127 4.57031250000000e-01 2.08877563476562e-01
128 4.61425781250000e-01 2.12913751602173e-01
129 4.58496093750000e-01 2.10218667984009e-01
130 3.82324218750000e-01 1.46171808242798e-01
131 3.31054687500000e-01 1.09597206115723e-01
132 2.81738281250000e-01 7.93764591217041e-02
133 2.72460937500000e-01 7.42349624633789e-02
134 2.83203125000000e-01 8.02040100097656e-02
135 3.19824218750000e-01 1.02287530899048e-01
136 3.32519531250000e-01 1.10569238662720e-01
137 2.64648437500000e-01 7.00387954711914e-02
138 3.12500000000000e-01 9.76562500000000e-02
139 2.99804687500000e-01 8.98828506469727e-02
140 2.79785156250000e-01 7.82797336578369e-02
141 3.97949218750000e-01 1.58363580703735e-01
142 4.16015625000000e-01 1.73069000244141e-01
143 3.50097656250000e-01 1.22568368911743e-01
144 2.87109375000000e-01 8.24317932128906e-02
145 2.48046875000000e-01 6.15272521972656e-02
146 2.91992187500000e-01 8.52594375610352e-02
147 3.35937500000000e-01 1.12854003906250e-01
148 3.68164062500000e-01 1.35544776916504e-01
149 3.37402343750000e-01 1.13840341567993e-01
150 3.50585937500000e-01 1.22910499572754e-01
151 2.98828125000000e-01 8.92982482910156e-02
152 3.18359375000000e-01 1.01352691650391e-01
153 3.76953125000000e-01 1.42093658447266e-01
154 3.98925781250000e-01 1.59141778945923e-01
155 3.42285156250000e-01 1.17159128189087e-01
156 3.30566406250000e-01 1.09274148941040e-01
157 3.24218750000000e-01 1.05117797851562e-01
158 3.74511718750000e-01 1.40259027481079e-01
159 3.36914062500000e-01 1.13511085510254e-01
160 2.97363281250000e-01 8.84249210357666e-02
161 2.70996093750000e-01 7.34388828277588e-02
162 3.01757812500000e-01 9.10577774047852e-02
163 2.81738281250000e-01 7.93764591217041e-02
164 2.52441406250000e-01 6.37266635894775e-02
165 2.17773437500000e-01 4.74252700805664e-02
166 2.49023437500000e-01 6.20126724243164e-02
167 2.78320312500000e-01 7.74621963500977e-02
168 2.84179687500000e-01 8.07580947875977e-02
169 1.65527343750000e-01 2.73993015289307e-02
170 2.03613281250000e-01 4.14583683013916e-02
171 1.91406250000000e-01 3.66363525390625e-02
172 9.86328125000000e-02 9.72843170166016e-03
173 1.15722656250000e-01 1.33917331695557e-02
174 1.02539062500000e-01 1.05142593383789e-02
175 8.83789062500000e-02 7.81083106994629e-03
176 6.15234375000000e-02 3.78513336181641e-03
177 1.00097656250000e-01 1.00195407867432e-02
178 9.13085937500000e-02 8.33725929260254e-03
179 4.54101562500000e-02 2.06208229064941e-03
180 9.03320312500000e-02 8.15987586975098e-03
181 4.98046875000000e-02 2.48050689697266e-03
182 5.90820312500000e-02 3.49068641662598e-03
183 1.08886718750000e-01 1.18563175201416e-02
184 9.71679687500000e-02 9.44161415100098e-03
185 1.04003906250000e-01 1.08168125152588e-02
186 9.37500000000000e-02 8.78906250000000e-03
187 8.54492187500000e-02 7.30156898498535e-03
188 7.71484375000000e-02 5.95188140869141e-03
189 1.12792968750000e-01 1.27222537994385e-02
190 1.05957031250000e-01 1.12268924713135e-02
191 1.05957031250000e-01 1.12268924713135e-02
192 1.38183593750000e-01 1.90947055816650e-02
193 3.32031250000000e-02 1.10244750976562e-03
194 5.17578125000000e-02 2.67887115478516e-03
195 4.00390625000000e-02 1.60312652587891e-03
196 1.12304687500000e-01 1.26123428344727e-02
197 7.61718750000000e-02 5.80215454101562e-03
198 8.10546875000000e-02 6.56986236572266e-03
199 4.93164062500000e-02 2.43210792541504e-03
200 1.29394531250000e-01 1.67429447174072e-02
201 1.64550781250000e-01 2.70769596099854e-02
202 2.39746093750000e-01 5.74781894683838e-02
203 2.52441406250000e-01 6.37266635894775e-02
204 2.64648437500000e-01 7.00387954711914e-02
205 3.06152343750000e-01 9.37292575836182e-02
206 3.58886718750000e-01 1.28799676895142e-01
207 3.62304687500000e-01 1.31264686584473e-01
208 2.90039062500000e-01 8.41226577758789e-02
209 3.37890625000000e-01 1.14170074462891e-01
210 3.97460937500000e-01 1.57975196838379e-01
211 3.85742187500000e-01 1.48797035217285e-01
212 3.23730468750000e-01 1.04801416397095e-01
213 3.68164062500000e-01 1.35544776916504e-01
214 4.27246093750000e-01 1.82539224624634e-01
215 4.36523437500000e-01 1.90552711486816e-01
216 4.75585937500000e-01 2.26181983947754e-01
217 4.54589843750000e-01 2.06651926040649e-01
218 5.41015625000000e-01 2.92697906494141e-01
219 4.87304687500000e-01 2.37465858459473e-01
220 5.62500000000000e-01 3.16406250000000e-01
221 5.96191406250000e-01 3.55444192886353e-01
222 6.18652343750000e-01 3.82730722427368e-01
223 5.71289062500000e-01 3.26371192932129e-01
224 5.69824218750000e-01 3.24699640274048e-01
225 5.55175781250000e-01 3.08220148086548e-01
226 5.68847656250000e-01 3.23587656021118e-01
227 5.72265625000000e-01 3.27487945556641e-01
228 5.52734375000000e-01 3.05515289306641e-01
229 5.78125000000000e-01 3.34228515625000e-01
230 5.50292968750000e-01 3.02822351455688e-01
231 4.90234375000000e-01 2.40329742431641e-01
232 4.50683593750000e-01 2.03115701675415e-01
233 3.65234375000000e-01 1.33396148681641e-01
234 3.54003906250000e-01 1.25318765640259e-01
235 3.84765625000000e-01 1.48044586181641e-01
236 3.58398437500000e-01 1.28449440002441e-01
237 3.37890625000000e-01 1.14170074462891e-01
238 3.72558593750000e-01 1.38799905776978e-01
239 3.50097656250000e-01 1.22568368911743e-01
240 3.75976562500000e-01 1.41358375549316e-01
241 4.29687500000000e-01 1.84631347656250e-01
242 4.60449218750000e-01 2.12013483047485e-01
243 4.43359375000000e-01 1.96567535400391e-01
244 3.74023437500000e-01 1.39893531799316e-01
245 4.39453125000000e-01 1.93119049072266e-01
246 4.45800781250000e-01 1.98738336563110e-01
247 4.40917968750000e-01 1.94408655166626e-01
248 4.64355468750000e-01 2.15626001358032e-01
249 4.73632812500000e-01 2.24328041076660e-01
250 4.48730468750000e-01 2.01359033584595e-01
251 4.72167968750000e-01 2.22942590713501e-01
252 4.67285156250000e-01 2.18355417251587e-01
253 3.71582031250000e-01 1.38073205947876e-01
254 3.24707031250000e-01 1.05434656143188e-01
255 3.92089843750000e-01 1.53734445571899e-01
256 4.54589843750000e-01 2.06651926040649e-01
257 5.43945312500000e-01 2.95876502990723e-01
258 5.53222656250000e-01 3.06055307388306e-01
259 5.41992187500000e-01 2.93755531311035e-01
260 5.29296875000000e-01 2.80155181884766e-01
261 4.65820312500000e-01 2.16988563537598e-01
262 4.65820312500000e-01 2.16988563537598e-01
263 4.53125000000000e-01 2.05322265625000e-01
264 4.40917968750000e-01 1.94408655166626e-01
265 4.73632812500000e-01 2.24328041076660e-01
266 4.66308593750000e-01 2.17443704605103e-01
267 5.16601562500000e-01 2.66877174377441e-01
268 5.10253906250000e-01 2.60359048843384e-01
269 5.23437500000000e-01 2.73986816406250e-01
270 5.85937500000000e-01 3.43322753906250e-01
271 6.51367187500000e-01 4.24279212951660e-01
272 6.70898437500000e-01 4.50104713439941e-01
273 7.09960937500000e-01 5.04044532775879e-01
274 6.80175781250000e-01 4.62639093399048e-01
275 6.31347656250000e-01 3.98599863052368e-01
276 6.61621093750000e-01 4.37742471694946e-01
277 6.62109375000000e-01 4.38388824462891e-01
278 6.41601562500000e-01 4.11652565002441e-01
279 5.95703125000000e-01 3.54862213134766e-01
280 6.28906250000000e-01 3.95523071289062e-01
281 5.53222656250000e-01 3.06055307388306e-01
282 5.01953125000000e-01 2.51956939697266e-01
283 4.51660156250000e-01 2.03996896743774e-01
284 3.58886718750000e-01 1.28799676895142e-01
285 4.16015625000000e-01 1.73069000244141e-01
286 4.62890625000000e-01 2.14267730712891e-01
287 4.71679687500000e-01 2.22481727600098e-01
288 4.84375000000000e-01 2.34619140625000e-01
289 4.83886718750000e-01 2.34146356582642e-01
290 5.12207031250000e-01 2.62356042861938e-01
291 5.62988281250000e-01 3.16955804824829e-01
292 5.95703125000000e-01 3.54862213134766e-01
293 5.40039062500000e-01 2.91642189025879e-01
294 4.94628906250000e-01 2.44657754898071e-01
295 4.79980468750000e-01 2.30381250381470e-01
296 4.25781250000000e-01 1.81289672851562e-01
297 3.69140625000000e-01 1.36264801025391e-01
298 3.83300781250000e-01 1.46919488906860e-01
299 3.88183593750000e-01 1.50686502456665e-01
300 4.01367187500000e-01 1.61095619201660e-01
301 3.99414062500000e-01 1.59531593322754e-01
302 3.57910156250000e-01 1.28099679946899e-01
303 3.23730468750000e-01 1.04801416397095e-01
304 2.51464843750000e-01 6.32345676422119e-02
305 3.51562500000000e-01 1.23596191406250e-01
306 3.54492187500000e-01 1.25664710998535e-01
307 3.51074218750000e-01 1.23253107070923e-01
308 3.62792968750000e-01 1.31618738174438e-01
309 2.78808593750000e-01 7.77342319488525e-02
310 2.98828125000000e-01 8.92982482910156e-02
311 2.63183593750000e-01 6.92656040191650e-02
312 3.01269531250000e-01 9.07633304595947e-02
313 2.62207031250000e-01 6.87525272369385e-02
314 2.47558593750000e-01 6.12852573394775e-02
315 2.55371093750000e-01 6.52143955230713e-02
316 2.35351562500000e-01 5.53903579711914e-02
317 2.74414062500000e-01 7.53030776977539e-02
318 2.95410156250000e-01 8.72671604156494e-02
319 2.40722656250000e-01 5.79473972320557e-02
320 2.95410156250000e-01 8.72671604156494e-02
321 3.47656250000000e-01 1.20864868164062e-01
322 2.29980468750000e-01 5.28910160064697e-02
323 2.51464843750000e-01 6.32345676422119e-02
324 3.36425781250000e-01 1.13182306289673e-01
325 2.88574218750000e-01 8.32750797271729e-02
326 2.92480468750000e-01 8.55448246002197e-02
327 2.77832031250000e-01 7.71906375885010e-02
328 2.80273437500000e-01 7.85531997680664e-02
329 2.73925781250000e-01 7.50353336334229e-02
330 2.48046875000000e-01 6.15272521972656e-02
331 2.42675781250000e-01 5.88915348052979e-02
332 2.04589843750000e-01 4.18570041656494e-02
333 2.58789062500000e-01 6.69717788696289e-02
334 3.14453125000000e-01 9.88807678222656e-02
335 2.86621093750000e-01 8.21516513824463e-02
336 3.37402343750000e-01 1.13840341567993e-01
337 3.83300781250000e-01 1.46919488906860e-01
338 3.69140625000000e-01 1.36264801025391e-01
339 3.75000000000000e-01 1.40625000000000e-01
340 3.63769531250000e-01 1.32328271865845e-01
341 3.84277343750000e-01 1.47669076919556e-01
342 4.25292968750000e-01 1.80874109268188e-01
343 4.76562500000000e-01 2.27111816406250e-01
344 4.42382812500000e-01 1.95702552795410e-01
345 3.92578125000000e-01 1.54117584228516e-01
346 3.51562500000000e-01 1.23596191406250e-01
347 2.86621093750000e-01 8.21516513824463e-02
348 3.39843750000000e-01 1.15493774414062e-01
349 3.16894531250000e-01 1.00422143936157e-01
350 3.27148437500000e-01 1.07026100158691e-01
351 2.92480468750000e-01 8.55448246002197e-02
352 3.08105468750000e-01 9.49289798736572e-02
353 2.71484375000000e-01 7.37037658691406e-02
354 3.10546875000000e-01 9.64393615722656e-02
355 3.44238281250000e-01 1.18499994277954e-01
356 3.42773437500000e-01 1.17493629455566e-01
357 3.45703125000000e-01 1.19510650634766e-01
358 4.62890625000000e-01 2.14267730712891e-01
359 4.38476562500000e-01 1.92261695861816e-01
360 4.77050781250000e-01 2.27577447891235e-01
361 4.92187500000000e-01 2.42248535156250e-01
362 5.89843750000000e-01 3.47915649414062e-01
363 6.08398437500000e-01 3.70148658752441e-01
364 6.92871093750000e-01 4.80070352554321e-01
365 6.77246093750000e-01 4.58662271499634e-01
366 6.83593750000000e-01 4.67300415039062e-01
367 7.11425781250000e-01 5.06126642227173e-01
368 6.41113281250000e-01 4.11026239395142e-01
369 6.67968750000000e-01 4.46182250976562e-01
370 6.61621093750000e-01 4.37742471694946e-01
371 6.57714843750000e-01 4.32588815689087e-01
372 6.60156250000000e-01 4.35806274414062e-01
373 6.64062500000000e-01 4.40979003906250e-01
374 6.67968750000000e-01 4.46182250976562e-01
375 6.81640625000000e-01 4.64633941650391e-01
376 6.98730468750000e-01 4.88224267959595e-01
377 6.95800781250000e-01 4.84138727188110e-01
378 6.58203125000000e-01 4.33231353759766e-01
379 6.71875000000000e-01 4.51416015625000e-01
380 6.41601562500000e-01 4.11652565002441e-01
381 6.55273437500000e-01 4.29383277893066e-01
382 6.02050781250000e-01 3.62465143203735e-01
383 6.34765625000000e-01 4.02927398681641e-01
384 5.76171875000000e-01 3.31974029541016e-01
385 6.30371093750000e-01 3.97367715835571e-01
386 5.87890625000000e-01 3.45615386962891e-01
387 6.98730468750000e-01 4.88224267959595e-01
388 6.95800781250000e-01 4.84138727188110e-01
389 6.94335937500000e-01 4.82102394104004e-01
390 7.36816406250000e-01 5.42898416519165e-01
391 7.28515625000000e-01 5.30735015869141e-01
392 7.66113281250000e-01 5.86929559707642e-01
393 7.42675781250000e-01 5.51567316055298e-01
394 7.49511718750000e-01 5.61767816543579e-01
395 7.61230468750000e-01 5.79471826553345e-01
396 7.64160156250000e-01 5.83940744400024e-01
397 7.25585937500000e-01 5.26474952697754e-01
398 7.16796875000000e-01 5.13797760009766e-01
399 7.09960937500000e-01 5.04044532775879e-01
400 6.74316406250000e-01 4.54702615737915e-01
401 6.86523437500000e-01 4.71314430236816e-01
402 6.62597656250000e-01 4.39035654067993e-01
403 6.52832031250000e-01 4.26189661026001e-01
404 6.82617187500000e-01 4.65966224670410e-01
405 6.92382812500000e-01 4.79393959045410e-01
406 6.85058593750000e-01 4.69305276870728e-01
407 6.55273437500000e-01 4.29383277893066e-01
408 6.02050781250000e-01 3.62465143203735e-01
409 5.80566406250000e-01 3.37057352066040e-01
410 6.07910156250000e-01 3.69554758071899e-01
411 6.07910156250000e-01 3.69554758071899e-01
412 5.84960937500000e-01 3.42179298400879e-01
413 6.17187500000000e-01 3.80920410156250e-01
414 6.26953125000000e-01 3.93070220947266e-01
415 6.12792968750000e-01 3.75515222549438e-01
416 5.91308593750000e-01 3.49645853042603e-01
417 6.27441406250000e-01 3.93682718276978e-01
418 5.82031250000000e-01 3.38760375976562e-01
419 5.92285156250000e-01 3.50801706314087e-01
420 5.17089843750000e-01 2.67381906509399e-01
421 6.06933593750000e-01 3.68368387222290e-01
422 6.09863281250000e-01 3.71933221817017e-01
423 5.64941406250000e-01 3.19158792495728e-01
424 5.52246093750000e-01 3.04975748062134e-01
425 5.71289062500000e-01 3.26371192932129e-01
426 5.66406250000000e-01 3.20816040039062e-01
427 6.27441406250000e-01 3.93682718276978e-01
428 6.90917968750000e-01 4.77367639541626e-01
429 6.68945312500000e-01 4.47487831115723e-01
430 7.18261718750000e-01 5.15899896621704e-01
431 7.44140625000000e-01 5.53745269775391e-01
432 7.33886718750000e-01 5.38589715957642e-01
433 6.80664062500000e-01 4.63303565979004e-01
434 6.49414062500000e-01 4.21738624572754e-01
435 7.09960937500000e-01 5.04044532775879e-01
436 6.53320312500000e-01 4.26827430725098e-01
437 6.39160156250000e-01 4.08525705337524e-01
438 6.52832031250000e-01 4.26189661026001e-01
439 6.83593750000000e-01 4.67300415039062e-01
440 6.74804687500000e-01 4.55361366271973e-01
441 7.30468750000000e-01 5.33584594726562e-01
442 7.07031250000000e-01 4.99893188476562e-01
443 6.98242187500000e-01 4.87542152404785e-01
444 7.01660156250000e-01 4.92326974868774e-01
445 7.54882812500000e-01 5.69848060607910e-01
446 6.11816406250000e-01 3.74319314956665e-01
447 6.72851562500000e-01 4.52729225158691e-01
448 6.62597656250000e-01 4.39035654067993e-01
449 6.15234375000000e-01 3.78513336181641e-01
450 6.50390625000000e-01 4.23007965087891e-01
451 6.25000000000000e-01 3.90625000000000e-01
452 6.51367187500000e-01 4.24279212951660e-01
453 6.32324218750000e-01 3.99833917617798e-01
454 6.10839843750000e-01 3.73125314712524e-01
455 5.84960937500000e-01 3.42179298400879e-01
456 5.23925781250000e-01 2.74498224258423e-01
457 4.66308593750000e-01 2.17443704605103e-01
458 4.77050781250000e-01 2.27577447891235e-01
459 4.56542968750000e-01 2.08431482315063e-01
460 4.29199218750000e-01 1.84211969375610e-01
461 4.15527343750000e-01 1.72662973403931e-01
462 4.16992187500000e-01 1.73882484436035e-01
463 3.97460937500000e-01 1.57975196838379e-01
464 4.19921875000000e-01 1.76334381103516e-01
465 4.17968750000000e-01 1.74697875976562e-01
466 3.79882812500000e-01 1.44310951232910e-01
467 4.58984375000000e-01 2.10666656494141e-01
468 4.21875000000000e-01 1.77978515625000e-01
469 3.44238281250000e-01 1.18499994277954e-01
470 3.22265625000000e-01 1.03855133056641e-01
471 3.63281250000000e-01 1.31973266601562e-01
472 3.52050781250000e-01 1.23939752578735e-01
473 4.45800781250000e-01 1.98738336563110e-01
474 4.40917968750000e-01 1.94408655166626e-01
475 3.93066406250000e-01 1.54501199722290e-01
476 3.66210937500000e-01 1.34110450744629e-01
477 4.57519531250000e-01 2.09324121475220e-01
478 4.36523437500000e-01 1.90552711486816e-01
479 3.86718750000000e-01 1.49551391601562e-01
480 3.77929687500000e-01 1.42830848693848e-01
481 3.82324218750000e-01 1.46171808242798e-01
482 4.08203125000000e-01 1.66629791259766e-01
483 3.82812500000000e-01 1.46545410156250e-01
484 3.74023437500000e-01 1.39893531799316e-01
485 3.80371093750000e-01 1.44682168960571e-01
486 3.77441406250000e-01 1.42462015151978e-01
487 3.56445312500000e-01 1.27053260803223e-01
488 3.35449218750000e-01 1.12526178359985e-01
489 4.21875000000000e-01 1.77978515625000e-01
490 3.41796875000000e-01 1.16825103759766e-01
491 3.88183593750000e-01 1.50686502456665e-01
492 3.48632812500000e-01 1.21544837951660e-01
493 3.95019531250000e-01 1.56040430068970e-01
494 3.63281250000000e-01 1.31973266601562e-01
495 3.42773437500000e-01 1.17493629455566e-01
496 3.47656250000000e-01 1.20864868164062e-01
497 3.42285156250000e-01 1.17159128189087e-01
498 3.95019531250000e-01 1.56040430068970e-01
499 4.95117187500000e-01 2.45141029357910e-01
500 5.03906250000000e-01 2.53921508789062e-01
501 4.95605468750000e-01 2.45624780654907e-01
502 5.06347656250000e-01 2.56387948989868e-01
503 5.00000000000000e-01 2.50000000000000e-01
504 5.01953125000000e-01 2.51956939697266e-01
505 4.66796875000000e-01 2.17899322509766e-01
506 4.66308593750000e-01 2.17443704605103e-01
507 4.76562500000000e-01 2.27111816406250e-01
508 4.60449218750000e-01 2.12013483047485e-01
509 4.11132812500000e-01 1.69030189514160e-01
510 4.54589843750000e-01 2.06651926040649e-01
511 4.96093750000000e-01 2.46109008789062e-01
512 5.38574218750000e-01 2.90062189102173e-01
513 5.82519531250000e-01 3.39329004287720e-01
514 5.12207031250000e-01 2.62356042861938e-01
515 5.04394531250000e-01 2.54413843154907e-01
516 4.65820312500000e-01 2.16988563537598e-01
517 4.45800781250000e-01 1.98738336563110e-01
518 4.98535156250000e-01 2.48537302017212e-01
519 5.28808593750000e-01 2.79638528823853e-01
520 5.77636718750000e-01 3.33664178848267e-01
521 5.38085937500000e-01 2.89536476135254e-01
522 5.68847656250000e-01 3.23587656021118e-01
523 5.62500000000000e-01 3.16406250000000e-01
524 5.25390625000000e-01 2.76035308837891e-01
525 5.98632812500000e-01 3.58361244201660e-01
526 6.16699218750000e-01 3.80317926406860e-01
527 5.21484375000000e-01 2.71945953369141e-01
528 5.55664062500000e-01 3.08762550354004e-01
529 6.25976562500000e-01 3.91846656799316e-01
530 5.73242187500000e-01 3.28606605529785e-01
531 5.26855468750000e-01 2.77576684951782e-01
532 5.38085937500000e-01 2.89536476135254e-01
533 6.15234375000000e-01 3.78513336181641e-01
534 6.25976562500000e-01 3.91846656799316e-01
535 6.64062500000000e-01 4.40979003906250e-01
536 6.09863281250000e-01 3.71933221817017e-01
537 5.88867187500000e-01 3.46764564514160e-01
538 6.07421875000000e-01 3.68961334228516e-01
539 6.56250000000000e-01 4.30664062500000e-01
540 6.34765625000000e-01 4.02927398681641e-01
541 5.41503906250000e-01 2.93226480484009e-01
542 5.63964843750000e-01 3.18056344985962e-01
543 5.75195312500000e-01 3.30849647521973e-01
544 6.45996093750000e-01 4.17310953140259e-01
545 6.16699218750000e-01 3.80317926406860e-01
546 6.70898437500000e-01 4.50104713439941e-01
547 7.04101562500000e-01 4.95759010314941e-01
548 6.88964843750000e-01 4.74672555923462e-01
549 6.03515625000000e-01 3.64231109619141e-01
550 6.34277343750000e-01 4.02307748794556e-01
551 6.59179687500000e-01 4.34517860412598e-01
552 6.17675781250000e-01 3.81523370742798e-01
553 6.65039062500000e-01 4.42276954650879e-01
554 6.62597656250000e-01 4.39035654067993e-01
555 6.46484375000000e-01 4.17942047119141e-01
556 5.57128906250000e-01 3.10392618179321e-01
557 6.08398437500000e-01 3.70148658752441e-01
558 5.99609375000000e-01 3.59531402587891e-01
559 6.19140625000000e-01 3.83335113525391e-01
560 5.57617187500000e-01 3.10936927795410e-01
561 5.96191406250000e-01 3.55444192886353e-01
562 5.92773437500000e-01 3.51380348205566e-01
563 6.60644531250000e-01 4.36451196670532e-01
564 6.30371093750000e-01 3.97367715835571e-01
565 6.03515625000000e-01 3.64231109619141e-01
566 6.16699218750000e-01 3.80317926406860e-01
567 5.86425781250000e-01 3.43895196914673e-01
568 6.09375000000000e-01 3.71337890625000e-01
569 6.63085937500000e-01 4.39682960510254e-01
570 6.52343750000000e-01 4.25552368164062e-01
571 6.28417968750000e-01 3.94909143447876e-01
572 5.95214843750000e-01 3.54280710220337e-01
573 5.73242187500000e-01 3.28606605529785e-01
574 5.46875000000000e-01 2.99072265625000e-01
575 5.65429687500000e-01 3.19710731506348e-01
576 6.15234375000000e-01 3.78513336181641e-01
577 5.73242187500000e-01 3.28606605529785e-01
578 5.90820312500000e-01 3.49068641662598e-01
579 6.33300781250000e-01 4.01069879531860e-01
580 6.05468750000000e-01 3.66592407226562e-01
581 5.11230468750000e-01 2.61356592178345e-01
582 5.13183593750000e-01 2.63357400894165e-01
583 5.42968750000000e-01 2.94815063476562e-01
584 5.63476562500000e-01 3.17505836486816e-01
585 5.86425781250000e-01 3.43895196914673e-01
586 6.18652343750000e-01 3.82730722427368e-01
587 6.44042968750000e-01 4.14791345596313e-01
588 6.58203125000000e-01 4.33231353759766e-01
589 6.44531250000000e-01 4.15420532226562e-01
590 6.83105468750000e-01 4.66633081436157e-01
591 7.07519531250000e-01 5.00583887100220e-01
592 5.90332031250000e-01 3.48491907119751e-01
593 5.85449218750000e-01 3.42750787734985e-01
594 5.15625000000000e-01 2.65869140625000e-01
595 5.55175781250000e-01 3.08220148086548e-01
596 5.61035156250000e-01 3.14760446548462e-01
597 5.44433593750000e-01 2.96407938003540e-01
598 4.80468750000000e-01 2.30850219726562e-01
599 4.59960937500000e-01 2.11564064025879e-01
600 5.11718750000000e-01 2.61856079101562e-01
601 5.05371093750000e-01 2.55399942398071e-01
602 5.28320312500000e-01 2.79122352600098e-01
603 5.41503906250000e-01 2.93226480484009e-01
604 5.58593750000000e-01 3.12026977539062e-01
605 5.17578125000000e-01 2.67887115478516e-01
606 4.31152343750000e-01 1.85892343521118e-01
607 4.63867187500000e-01 2.15172767639160e-01
608 3.95019531250000e-01 1.56040430068970e-01
609 3.18359375000000e-01 1.01352691650391e-01
610 3.24707031250000e-01 1.05434656143188e-01
611 3.56445312500000e-01 1.27053260803223e-01
612 3.76464843750000e-01 1.41725778579712e-01
613 4.38476562500000e-01 1.92261695861816e-01
614 4.25781250000000e-01 1.81289672851562e-01
615 4.34570312500000e-01 1.88851356506348e-01
616 4.30175781250000e-01 1.85051202774048e-01
617 3.96972656250000e-01 1.57587289810181e-01
618 3.95019531250000e-01 1.56040430068970e-01
619 4.44335937500000e-01 1.97434425354004e-01
620 3.90625000000000e-01 1.52587890625000e-01
621 3.45214843750000e-01 1.19173288345337e-01
622 4.13085937500000e-01 1.70639991760254e-01
623 3.70605468750000e-01 1.37348413467407e-01
624 4.16992187500000e-01 1.73882484436035e-01
625 3.52050781250000e-01 1.23939752578735e-01
626 3.95996093750000e-01 1.56812906265259e-01
627 4.12109375000000e-01 1.69834136962891e-01
628 4.73632812500000e-01 2.24328041076660e-01
629 5.25878906250000e-01 2.76548624038696e-01
630 5.35644531250000e-01 2.86915063858032e-01
631 5.48828125000000e-01 3.01212310791016e-01
632 5.72265625000000e-01 3.27487945556641e-01
633 5.29296875000000e-01 2.80155181884766e-01
634 5.19042968750000e-01 2.69405603408813e-01
635 4.41406250000000e-01 1.94839477539062e-01
636 4.38476562500000e-01 1.92261695861816e-01
637 3.95996093750000e-01 1.56812906265259e-01
638 3.75488281250000e-01 1.40991449356079e-01
639 4.25781250000000e-01 1.81289672851562e-01
640 4.09667968750000e-01 1.67827844619751e-01
641 4.29199218750000e-01 1.84211969375610e-01
642 4.05761718750000e-01 1.64642572402954e-01
643 4.08203125000000e-01 1.66629791259766e-01
644 4.00878906250000e-01 1.60703897476196e-01
645 4.64843750000000e-01 2.16079711914062e-01
646 5.01953125000000e-01 2.51956939697266e-01
647 5.01464843750000e-01 2.51466989517212e-01
648 4.35546875000000e-01 1.89701080322266e-01
649 4.06250000000000e-01 1.65039062500000e-01
650 4.26269531250000e-01 1.81705713272095e-01
651 3.78906250000000e-01 1.43569946289062e-01
652 4.44335937500000e-01 1.97434425354004e-01
653 4.58007812500000e-01 2.09771156311035e-01
654 4.48730468750000e-01 2.01359033584595e-01
655 5.47851562500000e-01 3.00141334533691e-01
656 5.33203125000000e-01 2.84305572509766e-01
657 5.33203125000000e-01 2.84305572509766e-01
658 4.96582031250000e-01 2.46593713760376e-01
659 5.11230468750000e-01 2.61356592178345e-01
660 4.19433593750000e-01 1.75924539566040e-01
661 4.55566406250000e-01 2.07540750503540e-01
662 4.32128906250000e-01 1.86735391616821e-01
663 4.65332031250000e-01 2.16533899307251e-01
664 4.21386718750000e-01 1.77566766738892e-01
665 4.01367187500000e-01 1.61095619201660e-01
666 4.47753906250000e-01 2.00483560562134e-01
667 4.11621093750000e-01 1.69431924819946e-01
668 4.19921875000000e-01 1.76334381103516e-01
669 3.40332031250000e-01 1.15825891494751e-01
670 3.84765625000000e-01 1.48044586181641e-01
671 3.92578125000000e-01 1.54117584228516e-01
672 3.33496093750000e-01 1.11219644546509e-01
673 3.53515625000000e-01 1.24973297119141e-01
674 3.21777343750000e-01 1.03540658950806e-01
675 2.75390625000000e-01 7.58399963378906e-02
676 2.98828125000000e-01 8.92982482910156e-02
677 3.36425781250000e-01 1.13182306289673e-01
678 2.78808593750000e-01 7.77342319488525e-02
679 3.19335937500000e-01 1.01975440979004e-01
680 2.84667968750000e-01 8.10358524322510e-02
681 2.99804687500000e-01 8.98828506469727e-02
682 2.70507812500000e-01 7.31744766235352e-02
683 2.95898437500000e-01 8.75558853149414e-02
684 2.52441406250000e-01 6.37266635894775e-02
685 2.88574218750000e-01 8.32750797271729e-02
686 3.11523437500000e-01 9.70468521118164e-02
687 2.79296875000000e-01 7.80067443847656e-02
688 2.82226562500000e-01 7.96518325805664e-02
689 2.73925781250000e-01 7.50353336334229e-02
690 2.84179687500000e-01 8.07580947875977e-02
691 2.23632812500000e-01 5.00116348266602e-02
692 2.76367187500000e-01 7.63788223266602e-02
693 2.44140625000000e-01 5.96046447753906e-02
694 2.31445312500000e-01 5.35669326782227e-02
695 2.31445312500000e-01 5.35669326782227e-02
696 3.04199218750000e-01 9.25371646881104e-02
697 3.56445312500000e-01 1.27053260803223e-01
698 3.09082031250000e-01 9.55317020416260e-02
699 2.70019531250000e-01 7.29105472564697e-02
700 2.51464843750000e-01 6.32345676422119e-02
701 2.68554687500000e-01 7.21216201782227e-02
702 1.79687500000000e-01 3.22875976562500e-02
703 1.45019531250000e-01 2.10306644439697e-02
704 1.29394531250000e-01 1.67429447174072e-02
705 1.04003906250000e-01 1.08168125152588e-02
706 1.07421875000000e-01 1.15394592285156e-02
707 2.09960937500000e-02 4.40835952758789e-04
708 5.61523437500000e-02 3.15308570861816e-03
709 4.39453125000000e-03 1.93119049072266e-05
710 8.25195312500000e-02 6.80947303771973e-03
711 8.49609375000000e-02 7.21836090087891e-03
712 6.83593750000000e-02 4.67300415039062e-03
713 4.88281250000000e-04 2.38418579101562e-07
714 1.66015625000000e-02 2.75611877441406e-04
715 2.34375000000000e-02 5.49316406250000e-04
716 5.71289062500000e-02 3.26371192932129e-03
717 5.56640625000000e-02 3.09848785400391e-03
718 5.17578125000000e-02 2.67887115478516e-03
719 1.39160156250000e-01 1.93655490875244e-02
720 1.44042968750000e-01 2.07483768463135e-02
721 9.86328125000000e-02 9.72843170166016e-03
722 8.05664062500000e-02 6.49094581604004e-03
723 9.22851562500000e-02 8.51655006408691e-03
724 1.54296875000000e-01 2.38075256347656e-02
725 1.00585937500000e-01 1.01175308227539e-02
726 1.39648437500000e-01 1.95016860961914e-02
727 1.37207031250000e-01 1.88257694244385e-02
728 1.08398437500000e-01 1.17502212524414e-02
729 1.60644531250000e-01 2.58066654205322e-02
730 1.47460937500000e-01 2.17447280883789e-02
731 2.33886718750000e-01 5.47029972076416e-02
732 2.04589843750000e-01 4.18570041656494e-02
733 1.95312500000000e-01 3.81469726562500e-02
734 2.11425781250000e-01 4.47008609771729e-02
735 2.38769531250000e-01 5.70108890533447e-02
736 2.96386718750000e-01 8.78450870513916e-02
737 3.11523437500000e-01 9.70468521118164e-02
738 2.84667968750000e-01 8.10358524322510e-02
739 2.99316406250000e-01 8.95903110504150e-02
740 2.97363281250000e-01 8.84249210357666e-02
741 2.86621093750000e-01 8.21516513824463e-02
742 1.87500000000000e-01 3.51562500000000e-02
743 2.30468750000000e-01 5.31158447265625e-02
744 2.63183593750000e-01 6.92656040191650e-02
745 2.12890625000000e-01 4.53224182128906e-02
746 1.24023437500000e-01 1.53818130493164e-02
747 8.59375000000000e-02 7.38525390625000e-03
748 7.91015625000000e-02 6.25705718994141e-03
749 1.17187500000000e-01 1.37329101562500e-02
750 9.61914062500000e-02 9.25278663635254e-03
751 9.13085937500000e-02 8.33725929260254e-03
752 7.56835937500000e-02 5.72800636291504e-03
753 1.66015625000000e-02 2.75611877441406e-04
754 1.85546875000000e-02 3.44276428222656e-04
755 9.17968750000000e-02 8.42666625976562e-03
756 5.51757812500000e-02 3.04436683654785e-03
757 4.63867187500000e-02 2.15172767639160e-03
758 1.41601562500000e-02 2.00510025024414e-04
759 1.40625000000000e-01 1.97753906250000e-02
760 1.42578125000000e-01 2.03285217285156e-02
761 8.54492187500000e-02 7.30156898498535e-03
762 1.96289062500000e-01 3.85293960571289e-02
763 2.15820312500000e-01 4.65784072875977e-02
764 1.50878906250000e-01 2.27644443511963e-02
765 2.01171875000000e-01 4.04701232910156e-02
766 1.50390625000000e-01 2.26173400878906e-02
767 1.12792968750000e-01 1.27222537994385e-02
768 1.29882812500000e-01 1.68695449829102e-02
769 1.35253906250000e-01 1.82936191558838e-02
770 2.18750000000000e-01 4.78515625000000e-02
771 2.14355468750000e-01 4.59482669830322e-02
772 2.36328125000000e-01 5.58509826660156e-02
773 1.61132812500000e-01 2.59637832641602e-02
774 1.44531250000000e-01 2.08892822265625e-02
775 1.26464843750000e-01 1.59933567047119e-02
776 6.78710937500000e-02 4.60648536682129e-03
777 1.33300781250000e-01 1.77690982818604e-02
778 5.22460937500000e-02 2.72965431213379e-03
779 7.81250000000000e-03 6.10351562500000e-05
780 8.88671875000000e-02 7.89737701416016e-03
781 9.22851562500000e-02 8.51655006408691e-03
782 9.91210937500000e-02 9.82499122619629e-03
783 6.64062500000000e-02 4.40979003906250e-03
784 4.15039062500000e-02 1.72257423400879e-03
785 4.39453125000000e-02 1.93119049072266e-03
786 1.07910156250000e-01 1.16446018218994e-02
787 1.81152343750000e-01 3.28161716461182e-02
788 1.80175781250000e-01 3.24633121490479e-02
789 1.63085937500000e-01 2.65970230102539e-02
790 1.77734375000000e-01 3.15895080566406e-02
791 2.23632812500000e-01 5.00116348266602e-02
792 1.94824218750000e-01 3.79564762115479e-02
793 8.00781250000000e-02 6.41250610351562e-03
794 2.24609375000000e-02 5.04493713378906e-04
795 3.56445312500000e-02 1.27053260803223e-03
796 6.10351562500000e-02 3.72529029846191e-03
797 7.03125000000000e-02 4.94384765625000e-03
798 5.27343750000000e-02 2.78091430664062e-03
799 5.22460937500000e-02 2.72965431213379e-03
800 4.19921875000000e-02 1.76334381103516e-03
801 3.17382812500000e-02 1.00731849670410e-03
802 2.34375000000000e-02 5.49316406250000e-04
803 3.95507812500000e-02 1.56426429748535e-03
804 4.54101562500000e-02 2.06208229064941e-03
805 9.76562500000000e-04 9.53674316406250e-07
806 4.88281250000000e-04 2.38418579101562e-07
807 1.06933593750000e-01 1.14347934722900e-02
808 6.29882812500000e-02 3.96752357482910e-03
809 1.14257812500000e-01 1.30548477172852e-02
810 9.42382812500000e-02 8.88085365295410e-03
811 2.19726562500000e-02 4.82797622680664e-04
812 7.08007812500000e-02 5.01275062561035e-03
813 6.73828125000000e-02 4.54044342041016e-03
814 1.60156250000000e-01 2.56500244140625e-02
815 1.34765625000000e-01 1.81617736816406e-02
816 8.64257812500000e-02 7.46941566467285e-03
817 1.43066406250000e-01 2.04679965972900e-02
818 1.86035156250000e-01 3.46090793609619e-02
819 1.75292968750000e-01 3.07276248931885e-02
820 2.21679687500000e-01 4.91418838500977e-02
821 2.42675781250000e-01 5.88915348052979e-02
822 2.70019531250000e-01 7.29105472564697e-02
823 2.24609375000000e-01 5.04493713378906e-02
824 2.14355468750000e-01 4.59482669830322e-02
825 1.79687500000000e-01 3.22875976562500e-02
826 2.49511718750000e-01 6.22560977935791e-02
827 2.15820312500000e-01 4.65784072875977e-02
828 1.84082031250000e-01 3.38861942291260e-02
829 1.84570312500000e-01 3.40662002563477e-02
830 2.34863281250000e-01 5.51607608795166e-02
831 2.40234375000000e-01 5.77125549316406e-02
832 1.93847656250000e-01 3.75769138336182e-02
833 1.82617187500000e-01 3.33490371704102e-02
834 1.46972656250000e-01 2.16009616851807e-02
835 1.34765625000000e-01 1.81617736816406e-02
836 1.15234375000000e-01 1.32789611816406e-02
837 1.52343750000000e-01 2.32086181640625e-02
838 1.92382812500000e-01 3.70111465454102e-02
839 2.29003906250000e-01 5.24427890777588e-02
840 2.46582031250000e-01 6.08026981353760e-02
841 2.37304687500000e-01 5.63135147094727e-02
842 2.22656250000000e-01 4.95758056640625e-02
843 1.48437500000000e-01 2.20336914062500e-02
844 1.71875000000000e-01 2.95410156250000e-02
845 1.23535156250000e-01 1.52609348297119e-02
846 1.20605468750000e-01 1.45456790924072e-02
847 6.20117187500000e-02 3.84545326232910e-03
848 1.18652343750000e-01 1.40783786773682e-02
849 1.21093750000000e-01 1.46636962890625e-02
850 5.76171875000000e-02 3.31974029541016e-03
851 1.47460937500000e-01 2.17447280883789e-02
852 2.35351562500000e-01 5.53903579711914e-02
853 2.14355468750000e-01 4.59482669830322e-02
854 2.23144531250000e-01 4.97934818267822e-02
855 2.08984375000000e-01 4.36744689941406e-02
856 2.29492187500000e-01 5.26666641235352e-02
857 2.48046875000000e-01 6.15272521972656e-02
858 2.39746093750000e-01 5.74781894683838e-02
859 2.52441406250000e-01 6.37266635894775e-02
860 2.35839843750000e-01 5.56204319000244e-02
861 2.56347656250000e-01 6.57141208648682e-02
862 3.00781250000000e-01 9.04693603515625e-02
863 3.63281250000000e-01 1.31973266601562e-01
864 3.62792968750000e-01 1.31618738174438e-01
865 4.02343750000000e-01 1.61880493164062e-01
866 3.75488281250000e-01 1.40991449356079e-01
867 3.68164062500000e-01 1.35544776916504e-01
868 4.04296875000000e-01 1.63455963134766e-01
869 4.93652343750000e-01 2.43692636489868e-01
870 4.32128906250000e-01 1.86735391616821e-01
871 4.84863281250000e-01 2.35092401504517e-01
872 4.44824218750000e-01 1.97868585586548e-01
873 3.87207031250000e-01 1.49929285049438e-01
874 4.33593750000000e-01 1.88003540039062e-01
875 3.96484375000000e-01 1.57199859619141e-01
876 4.02343750000000e-01 1.61880493164062e-01
877 4.04785156250000e-01 1.63851022720337e-01
878 4.07714843750000e-01 1.66231393814087e-01
879 3.27148437500000e-01 1.07026100158691e-01
880 3.72070312500000e-01 1.38436317443848e-01
881 4.14550781250000e-01 1.71852350234985e-01
882 3.80859375000000e-01 1.45053863525391e-01
883 4.79980468750000e-01 2.30381250381470e-01
884 4.88769531250000e-01 2.38895654678345e-01
885 5.35644531250000e-01 2.86915063858032e-01
886 5.21972656250000e-01 2.72455453872681e-01
887 4.86328125000000e-01 2.36515045166016e-01
888 5.19531250000000e-01 2.69912719726562e-01
889 6.01562500000000e-01 3.61877441406250e-01
890 6.38671875000000e-01 4.07901763916016e-01
891 6.14746093750000e-01 3.77912759780884e-01
892 6.48925781250000e-01 4.21104669570923e-01
893 6.31835937500000e-01 3.99216651916504e-01
894 6.25000000000000e-01 3.90625000000000e-01
895 6.57226562500000e-01 4.31946754455566e-01
896 6.28417968750000e-01 3.94909143447876e-01
897 6.61621093750000e-01 4.37742471694946e-01
898 6.62109375000000e-01 4.38388824462891e-01
899 6.87988281250000e-01 4.73327875137329e-01
900 6.45019531250000e-01 4.16050195693970e-01
901 6.67968750000000e-01 4.46182250976562e-01
902 5.99121093750000e-01 3.58946084976196e-01
903 6.16210937500000e-01 3.79715919494629e-01
904 6.61621093750000e-01 4.37742471694946e-01
905 6.50390625000000e-01 4.23007965087891e-01
906 7.23144531250000e-01 5.22938013076782e-01
907 6.70410156250000e-01 4.49449777603149e-01
908 6.80175781250000e-01 4.62639093399048e-01
909 6.55761718750000e-01 4.30023431777954e-01
910 6.44531250000000e-01 4.15420532226562e-01
911 6.28906250000000e-01 3.95523071289062e-01
912 5.95703125000000e-01 3.54862213134766e-01
913 5.44921875000000e-01 2.96939849853516e-01
914 4.94140625000000e-01 2.44174957275391e-01
915 4.65820312500000e-01 2.16988563537598e-01
916 4.18457031250000e-01 1.75106287002563e-01
917 3.80859375000000e-01 1.45053863525391e-01
918 3.89160156250000e-01 1.51445627212524e-01
919 3.56933593750000e-01 1.27401590347290e-01
920 3.39355468750000e-01 1.15162134170532e-01
921 2.65625000000000e-01 7.05566406250000e-02
922 2.60253906250000e-01 6.77320957183838e-02
923 3.02246093750000e-01 9.13527011871338e-02
924 2.57324218750000e-01 6.62157535552979e-02
925 2.30468750000000e-01 5.31158447265625e-02
926 2.59277343750000e-01 6.72247409820557e-02
927 2.62207031250000e-01 6.87525272369385e-02
928 2.83203125000000e-01 8.02040100097656e-02
929 2.97851562500000e-01 8.87155532836914e-02
930 2.70507812500000e-01 7.31744766235352e-02
931 2.08496093750000e-01 4.34706211090088e-02
932 1.43066406250000e-01 2.04679965972900e-02
933 2.15332031250000e-01 4.63678836822510e-02
934 2.15332031250000e-01 4.63678836822510e-02
935 2.25097656250000e-01 5.06689548492432e-02
936 2.39746093750000e-01 5.74781894683838e-02
937 1.93359375000000e-01 3.73878479003906e-02
938 2.63183593750000e-01 6.92656040191650e-02
939 2.31933593750000e-01 5.37931919097900e-02
940 2.33398437500000e-01 5.44748306274414e-02
941 2.08007812500000e-01 4.32672500610352e-02
942 2.17773437500000e-01 4.74252700805664e-02
943 2.37792968750000e-01 5.65454959869385e-02
944 2.62207031250000e-01 6.87525272369385e-02
945 3.23730468750000e-01 1.04801416397095e-01
946 3.60351562500000e-01 1.29853248596191e-01
947 3.33984375000000e-01 1.11545562744141e-01
948 3.36914062500000e-01 1.13511085510254e-01
949 3.29589843750000e-01 1.08629465103149e-01
950 3.40332031250000e-01 1.15825891494751e-01
951 3.48144531250000e-01 1.21204614639282e-01
952 3.34472656250000e-01 1.11871957778931e-01
953 3.33984375000000e-01 1.11545562744141e-01
954 3.76953125000000e-01 1.42093658447266e-01
955 3.67187500000000e-01 1.34826660156250e-01
956 3.95507812500000e-01 1.56426429748535e-01
957 3.12011718750000e-01 9.73513126373291e-02
958 3.68652343750000e-01 1.35904550552368e-01
959 3.56445312500000e-01 1.27053260803223e-01
960 3.64257812500000e-01 1.32683753967285e-01
961 3.52539062500000e-01 1.24283790588379e-01
962 3.27636718750000e-01 1.07345819473267e-01
963 2.77832031250000e-01 7.71906375885010e-02
964 3.14453125000000e-01 9.88807678222656e-02
965 2.78808593750000e-01 7.77342319488525e-02
966 2.78320312500000e-01 7.74621963500977e-02
967 2.52929687500000e-01 6.39734268188477e-02
968 2.23632812500000e-01 5.00116348266602e-02
969 2.49023437500000e-01 6.20126724243164e-02
970 2.29003906250000e-01 5.24427890777588e-02
971 1.85058593750000e-01 3.42466831207275e-02
972 2.13867187500000e-01 4.57391738891602e-02
973 1.78222656250000e-01 3.17633152008057e-02
974 1.23046875000000e-01 1.51405334472656e-02
975 1.11816406250000e-01 1.25029087066650e-02
976 1.19140625000000e-01 1.41944885253906e-02
977 1.77734375000000e-01 3.15895080566406e-02
978 2.13867187500000e-01 4.57391738891602e-02
979 2.54394531250000e-01 6.47165775299072e-02
980 2.93457031250000e-01 8.61170291900635e-02
981 1.93847656250000e-01 3.75769138336182e-02
982 1.68457031250000e-01 2.83777713775635e-02
983 1.73828125000000e-01 3.02162170410156e-02
984 1.58203125000000e-01 2.50282287597656e-02
985 1.85546875000000e-01 3.44276428222656e-02
986 1.77734375000000e-01 3.15895080566406e-02
987 1.42578125000000e-01 2.03285217285156e-02
988 1.09375000000000e-01 1.19628906250000e-02
989 8.74023437500000e-02 7.63916969299316e-03
990 6.83593750000000e-02 4.67300415039062e-03
991 7.42187500000000e-02 5.50842285156250e-03
992 4.88281250000000e-03 2.38418579101562e-05
993 8.30078125000000e-03 6.89029693603516e-05
994 9.27734375000000e-03 8.60691070556641e-05
995 5.71289062500000e-02 3.26371192932129e-03
996 7.66601562500000e-02 5.87677955627441e-03
997 8.39843750000000e-02 7.05337524414062e-03
998 3.90625000000000e-02 1.52587890625000e-03
999 5.02929687500000e-02 2.52938270568848e-03
