0 6.77734375000000e-01 4.59323883056641e-01
1 6.60156250000000e-01 4.35806274414062e-01
2 6.05468750000000e-01 3.66592407226562e-01
3 6.20605468750000e-01 3.85151147842407e-01
4 6.03515625000000e-01 3.64231109619141e-01
5 6.23046875000000e-01 3.88187408447266e-01
6 6.81152343750000e-01 4.63968515396118e-01
7 6.36718750000000e-01 4.05410766601562e-01
8 6.33300781250000e-01 4.01069879531860e-01
9 6.54296875000000e-01 4.28104400634766e-01
10 5.74707031250000e-01 3.30288171768188e-01
11 5.92773437500000e-01 3.51380348205566e-01
12 6.96289062500000e-01 4.84818458557129e-01
13 7.20703125000000e-01 5.19412994384766e-01
14 7.32421875000000e-01 5.36441802978516e-01
15 7.40234375000000e-01 5.47946929931641e-01
16 7.63183593750000e-01 5.82449197769165e-01
17 7.35839843750000e-01 5.41460275650024e-01
18 7.54394531250000e-01 5.69111108779907e-01
19 7.61718750000000e-01 5.80215454101562e-01
20 7.36816406250000e-01 5.42898416519165e-01
21 7.28027343750000e-01 5.30023813247681e-01
22 7.44140625000000e-01 5.53745269775391e-01
23 7.09472656250000e-01 5.03351449966431e-01
24 7.17773437500000e-01 5.15198707580566e-01
25 6.61132812500000e-01 4.37096595764160e-01
26 6.64062500000000e-01 4.40979003906250e-01
27 6.84082031250000e-01 4.67968225479126e-01
28 6.93359375000000e-01 4.80747222900391e-01
29 7.00683593750000e-01 4.90957498550415e-01
30 6.91894531250000e-01 4.78718042373657e-01
31 6.87011718750000e-01 4.71985101699829e-01
32 6.45507812500000e-01 4.16680335998535e-01
33 6.53320312500000e-01 4.26827430725098e-01
34 6.92382812500000e-01 4.79393959045410e-01
35 6.45507812500000e-01 4.16680335998535e-01
36 6.62109375000000e-01 4.38388824462891e-01
37 5.94238281250000e-01 3.53119134902954e-01
38 5.47363281250000e-01 2.99606561660767e-01
39 5.60546875000000e-01 3.14212799072266e-01
40 5.78125000000000e-01 3.34228515625000e-01
41 5.83007812500000e-01 3.39898109436035e-01
42 5.97167968750000e-01 3.56609582901001e-01
43 4.80468750000000e-01 2.30850219726562e-01
44 4.88281250000000e-01 2.38418579101562e-01
45 3.95996093750000e-01 1.56812906265259e-01
46 4.44824218750000e-01 1.97868585586548e-01
47 5.29296875000000e-01 2.80155181884766e-01
48 5.29785156250000e-01 2.80672311782837e-01
49 5.12695312500000e-01 2.62856483459473e-01
50 4.94140625000000e-01 2.44174957275391e-01
51 5.04882812500000e-01 2.54906654357910e-01
52 5.14648437500000e-01 2.64863014221191e-01
53 5.00000000000000e-01 2.50000000000000e-01
54 5.33691406250000e-01 2.84826517105103e-01
55 5.08300781250000e-01 2.58369684219360e-01
56 5.65917968750000e-01 3.20263147354126e-01
57 5.91796875000000e-01 3.50223541259766e-01
58 6.20605468750000e-01 3.85151147842407e-01
59 6.21093750000000e-01 3.85757446289062e-01
60 6.71386718750000e-01 4.50760126113892e-01
61 7.07031250000000e-01 4.99893188476562e-01
62 6.29882812500000e-01 3.96752357482910e-01
63 6.41601562500000e-01 4.11652565002441e-01
64 6.60644531250000e-01 4.36451196670532e-01
65 6.88476562500000e-01 4.73999977111816e-01
66 7.34375000000000e-01 5.39306640625000e-01
67 7.57324218750000e-01 5.73539972305298e-01
68 6.87500000000000e-01 4.72656250000000e-01
69 6.47460937500000e-01 4.19205665588379e-01
70 5.97656250000000e-01 3.57192993164062e-01
71 6.17675781250000e-01 3.81523370742798e-01
72 6.14257812500000e-01 3.77312660217285e-01
73 6.17187500000000e-01 3.80920410156250e-01
74 6.60644531250000e-01 4.36451196670532e-01
75 6.63085937500000e-01 4.39682960510254e-01
76 6.83105468750000e-01 4.66633081436157e-01
77 6.99707031250000e-01 4.89589929580688e-01
78 6.10351562500000e-01 3.72529029846191e-01
79 6.15234375000000e-01 3.78513336181641e-01
80 6.00097656250000e-01 3.60117197036743e-01
81 6.42578125000000e-01 4.12906646728516e-01
82 6.77734375000000e-01 4.59323883056641e-01
83 6.74316406250000e-01 4.54702615737915e-01
84 6.59179687500000e-01 4.34517860412598e-01
85 6.60644531250000e-01 4.36451196670532e-01
86 6.08886718750000e-01 3.70743036270142e-01
87 6.24023437500000e-01 3.89405250549316e-01
88 6.04980468750000e-01 3.66001367568970e-01
89 5.74218750000000e-01 3.29727172851562e-01
90 5.71777343750000e-01 3.26929330825806e-01
91 6.32812500000000e-01 4.00451660156250e-01
92 6.56250000000000e-01 4.30664062500000e-01
93 5.91796875000000e-01 3.50223541259766e-01
94 6.01562500000000e-01 3.61877441406250e-01
95 6.08398437500000e-01 3.70148658752441e-01
96 6.06445312500000e-01 3.67775917053223e-01
97 5.97656250000000e-01 3.57192993164062e-01
98 6.33300781250000e-01 4.01069879531860e-01
99 6.32812500000000e-01 4.00451660156250e-01
100 6.12792968750000e-01 3.75515222549438e-01
101 6.29882812500000e-01 3.96752357482910e-01
102 6.00585937500000e-01 3.60703468322754e-01
103 5.98144531250000e-01 3.57776880264282e-01
104 6.13281250000000e-01 3.76113891601562e-01
105 5.97167968750000e-01 3.56609582901001e-01
106 6.01074218750000e-01 3.61290216445923e-01
107 6.11816406250000e-01 3.74319314956665e-01
108 6.41601562500000e-01 4.11652565002441e-01
109 6.68457031250000e-01 4.46834802627563e-01
110 6.51367187500000e-01 4.24279212951660e-01
111 7.02148437500000e-01 4.93012428283691e-01
112 6.94824218750000e-01 4.82780694961548e-01
113 6.88476562500000e-01 4.73999977111816e-01
114 6.21093750000000e-01 3.85757446289062e-01
115 6.45996093750000e-01 4.17310953140259e-01
116 6.90429687500000e-01 4.76693153381348e-01
117 6.74316406250000e-01 4.54702615737915e-01
118 6.67968750000000e-01 4.46182250976562e-01
119 6.86035156250000e-01 4.70644235610962e-01
120 6.53808593750000e-01 4.27465677261353e-01
121 6.45996093750000e-01 4.17310953140259e-01
122 6.25488281250000e-01 3.91235589981079e-01
123 6.17187500000000e-01 3.80920410156250e-01
124 5.83496093750000e-01 3.40467691421509e-01
125 5.27832031250000e-01 2.78606653213501e-01
126 5.39550781250000e-01 2.91115045547485e-01
127 5.79589843750000e-01 3.35924386978149e-01
128 5.43945312500000e-01 2.95876502990723e-01
129 6.04980468750000e-01 3.66001367568970e-01
130 5.41992187500000e-01 2.93755531311035e-01
131 5.03417968750000e-01 2.53429651260376e-01
132 5.03906250000000e-01 2.53921508789062e-01
133 5.28808593750000e-01 2.79638528823853e-01
134 5.51269531250000e-01 3.03898096084595e-01
135 5.51757812500000e-01 3.04436683654785e-01
136 5.30273437500000e-01 2.81189918518066e-01
137 5.75683593750000e-01 3.31411600112915e-01
138 5.19042968750000e-01 2.69405603408813e-01
139 5.79589843750000e-01 3.35924386978149e-01
140 6.04492187500000e-01 3.65410804748535e-01
141 6.44531250000000e-01 4.15420532226562e-01
142 6.25976562500000e-01 3.91846656799316e-01
143 6.06445312500000e-01 3.67775917053223e-01
144 6.24511718750000e-01 3.90014886856079e-01
145 6.51367187500000e-01 4.24279212951660e-01
146 6.74316406250000e-01 4.54702615737915e-01
147 7.17773437500000e-01 5.15198707580566e-01
148 7.19726562500000e-01 5.18006324768066e-01
149 7.16308593750000e-01 5.13098001480103e-01
150 7.15820312500000e-01 5.12398719787598e-01
151 7.32910156250000e-01 5.37157297134399e-01
152 7.01171875000000e-01 4.91641998291016e-01
153 6.53808593750000e-01 4.27465677261353e-01
154 6.41113281250000e-01 4.11026239395142e-01
155 6.67968750000000e-01 4.46182250976562e-01
156 6.69921875000000e-01 4.48795318603516e-01
157 6.91894531250000e-01 4.78718042373657e-01
158 6.75781250000000e-01 4.56680297851562e-01
159 6.28906250000000e-01 3.95523071289062e-01
160 6.28417968750000e-01 3.94909143447876e-01
161 6.45019531250000e-01 4.16050195693970e-01
162 6.59179687500000e-01 4.34517860412598e-01
163 7.68066406250000e-01 5.89926004409790e-01
164 7.34375000000000e-01 5.39306640625000e-01
165 7.02148437500000e-01 4.93012428283691e-01
166 6.89941406250000e-01 4.76019144058228e-01
167 6.86035156250000e-01 4.70644235610962e-01
168 6.56738281250000e-01 4.31305170059204e-01
169 6.41601562500000e-01 4.11652565002441e-01
170 6.86523437500000e-01 4.71314430236816e-01
171 7.06054687500000e-01 4.98513221740723e-01
172 6.51367187500000e-01 4.24279212951660e-01
173 6.46484375000000e-01 4.17942047119141e-01
174 6.59179687500000e-01 4.34517860412598e-01
175 7.51464843750000e-01 5.64699411392212e-01
176 7.62695312500000e-01 5.81704139709473e-01
177 6.84570312500000e-01 4.68636512756348e-01
178 6.43554687500000e-01 4.14162635803223e-01
179 6.32324218750000e-01 3.99833917617798e-01
180 7.35351562500000e-01 5.40741920471191e-01
181 6.78710937500000e-01 4.60648536682129e-01
182 7.32421875000000e-01 5.36441802978516e-01
183 7.22167968750000e-01 5.21526575088501e-01
184 7.62695312500000e-01 5.81704139709473e-01
185 7.97363281250000e-01 6.35788202285767e-01
186 7.62695312500000e-01 5.81704139709473e-01
187 7.07031250000000e-01 4.99893188476562e-01
188 6.88476562500000e-01 4.73999977111816e-01
189 7.37792968750000e-01 5.44338464736938e-01
190 7.51464843750000e-01 5.64699411392212e-01
191 7.59765625000000e-01 5.77243804931641e-01
192 7.07031250000000e-01 4.99893188476562e-01
193 6.95312500000000e-01 4.83459472656250e-01
194 6.84082031250000e-01 4.67968225479126e-01
195 6.57226562500000e-01 4.31946754455566e-01
196 6.31347656250000e-01 3.98599863052368e-01
197 6.60644531250000e-01 4.36451196670532e-01
198 6.31347656250000e-01 3.98599863052368e-01
199 6.56738281250000e-01 4.31305170059204e-01
200 6.98242187500000e-01 4.87542152404785e-01
201 6.96777343750000e-01 4.85498666763306e-01
202 7.11914062500000e-01 5.06821632385254e-01
203 7.02148437500000e-01 4.93012428283691e-01
204 6.40625000000000e-01 4.10400390625000e-01
205 6.81152343750000e-01 4.63968515396118e-01
206 7.51464843750000e-01 5.64699411392212e-01
207 7.73437500000000e-01 5.98205566406250e-01
208 7.55371093750000e-01 5.70585489273071e-01
209 7.75878906250000e-01 6.01988077163696e-01
210 7.86621093750000e-01 6.18772745132446e-01
211 7.76855468750000e-01 6.03504419326782e-01
212 7.93457031250000e-01 6.29574060440063e-01
213 7.52441406250000e-01 5.66168069839478e-01
214 6.81640625000000e-01 4.64633941650391e-01
215 6.66503906250000e-01 4.44227457046509e-01
216 6.71386718750000e-01 4.50760126113892e-01
217 7.04589843750000e-01 4.96446847915649e-01
218 6.74804687500000e-01 4.55361366271973e-01
219 7.39257812500000e-01 5.46502113342285e-01
220 7.06054687500000e-01 4.98513221740723e-01
221 6.70898437500000e-01 4.50104713439941e-01
222 7.04101562500000e-01 4.95759010314941e-01
223 7.22167968750000e-01 5.21526575088501e-01
224 7.55859375000000e-01 5.71323394775391e-01
225 7.18750000000000e-01 5.16601562500000e-01
226 7.47070312500000e-01 5.58114051818848e-01
227 7.39257812500000e-01 5.46502113342285e-01
228 6.67968750000000e-01 4.46182250976562e-01
229 6.91894531250000e-01 4.78718042373657e-01
230 7.20703125000000e-01 5.19412994384766e-01
231 7.04101562500000e-01 4.95759010314941e-01
232 6.94824218750000e-01 4.82780694961548e-01
233 6.91406250000000e-01 4.78042602539062e-01
234 6.85546875000000e-01 4.69974517822266e-01
235 6.59667968750000e-01 4.35161828994751e-01
236 6.49902343750000e-01 4.22373056411743e-01
237 6.54296875000000e-01 4.28104400634766e-01
238 5.92285156250000e-01 3.50801706314087e-01
239 6.33789062500000e-01 4.01688575744629e-01
240 5.88378906250000e-01 3.46189737319946e-01
241 5.22460937500000e-01 2.72965431213379e-01
242 4.95605468750000e-01 2.45624780654907e-01
243 5.30273437500000e-01 2.81189918518066e-01
244 5.08789062500000e-01 2.58866310119629e-01
245 4.72167968750000e-01 2.22942590713501e-01
246 5.00488281250000e-01 2.50488519668579e-01
247 4.87304687500000e-01 2.37465858459473e-01
248 5.20996093750000e-01 2.71436929702759e-01
249 5.71777343750000e-01 3.26929330825806e-01
250 5.50781250000000e-01 3.03359985351562e-01
251 5.37597656250000e-01 2.89011240005493e-01
252 4.58984375000000e-01 2.10666656494141e-01
253 3.93554687500000e-01 1.54885292053223e-01
254 4.83886718750000e-01 2.34146356582642e-01
255 4.31640625000000e-01 1.86313629150391e-01
256 4.08691406250000e-01 1.67028665542603e-01
257 3.74511718750000e-01 1.40259027481079e-01
258 4.78515625000000e-01 2.28977203369141e-01
259 6.17675781250000e-01 3.81523370742798e-01
260 6.44531250000000e-01 4.15420532226562e-01
261 6.44042968750000e-01 4.14791345596313e-01
262 6.62597656250000e-01 4.39035654067993e-01
263 6.45019531250000e-01 4.16050195693970e-01
264 6.34277343750000e-01 4.02307748794556e-01
265 6.59179687500000e-01 4.34517860412598e-01
266 6.90429687500000e-01 4.76693153381348e-01
267 6.83105468750000e-01 4.66633081436157e-01
268 7.19238281250000e-01 5.17303705215454e-01
269 7.63671875000000e-01 5.83194732666016e-01
270 7.11914062500000e-01 5.06821632385254e-01
271 6.95800781250000e-01 4.84138727188110e-01
272 6.91406250000000e-01 4.78042602539062e-01
273 7.11914062500000e-01 5.06821632385254e-01
274 6.48437500000000e-01 4.20471191406250e-01
275 6.40136718750000e-01 4.09775018692017e-01
276 6.17187500000000e-01 3.80920410156250e-01
277 6.09863281250000e-01 3.71933221817017e-01
278 5.72753906250000e-01 3.28047037124634e-01
279 5.46386718750000e-01 2.98538446426392e-01
280 5.65917968750000e-01 3.20263147354126e-01
281 5.39062500000000e-01 2.90588378906250e-01
282 5.98632812500000e-01 3.58361244201660e-01
283 6.34277343750000e-01 4.02307748794556e-01
284 6.27441406250000e-01 3.93682718276978e-01
285 6.22070312500000e-01 3.86971473693848e-01
286 6.17187500000000e-01 3.80920410156250e-01
287 6.25488281250000e-01 3.91235589981079e-01
288 6.73339843750000e-01 4.53386545181274e-01
289 6.00585937500000e-01 3.60703468322754e-01
290 6.28906250000000e-01 3.95523071289062e-01
291 6.47460937500000e-01 4.19205665588379e-01
292 6.49414062500000e-01 4.21738624572754e-01
293 6.57714843750000e-01 4.32588815689087e-01
294 5.98144531250000e-01 3.57776880264282e-01
295 6.12304687500000e-01 3.74917030334473e-01
296 6.31835937500000e-01 3.99216651916504e-01
297 6.56250000000000e-01 4.30664062500000e-01
298 6.26953125000000e-01 3.93070220947266e-01
299 6.58691406250000e-01 4.33874368667603e-01
300 6.84570312500000e-01 4.68636512756348e-01
301 6.75781250000000e-01 4.56680297851562e-01
302 6.62597656250000e-01 4.39035654067993e-01
303 6.97753906250000e-01 4.86860513687134e-01
304 6.21582031250000e-01 3.86364221572876e-01
305 6.47949218750000e-01 4.19838190078735e-01
306 6.46484375000000e-01 4.17942047119141e-01
307 6.32324218750000e-01 3.99833917617798e-01
308 6.36230468750000e-01 4.04789209365845e-01
309 7.15820312500000e-01 5.12398719787598e-01
310 7.25097656250000e-01 5.25766611099243e-01
311 7.21191406250000e-01 5.20117044448853e-01
312 7.40234375000000e-01 5.47946929931641e-01
313 7.58789062500000e-01 5.75760841369629e-01
314 7.93945312500000e-01 6.30349159240723e-01
315 7.23144531250000e-01 5.22938013076782e-01
316 7.02636718750000e-01 4.93698358535767e-01
317 6.91406250000000e-01 4.78042602539062e-01
318 7.02148437500000e-01 4.93012428283691e-01
319 7.00683593750000e-01 4.90957498550415e-01
320 6.69433593750000e-01 4.48141336441040e-01
321 6.16699218750000e-01 3.80317926406860e-01
322 5.40527343750000e-01 2.92169809341431e-01
323 5.75195312500000e-01 3.30849647521973e-01
324 5.99609375000000e-01 3.59531402587891e-01
325 6.26953125000000e-01 3.93070220947266e-01
326 6.61621093750000e-01 4.37742471694946e-01
327 6.68457031250000e-01 4.46834802627563e-01
328 6.62597656250000e-01 4.39035654067993e-01
329 6.60156250000000e-01 4.35806274414062e-01
330 6.64550781250000e-01 4.41627740859985e-01
331 6.45019531250000e-01 4.16050195693970e-01
332 6.32324218750000e-01 3.99833917617798e-01
333 7.06054687500000e-01 4.98513221740723e-01
334 6.76757812500000e-01 4.58001136779785e-01
335 7.09960937500000e-01 5.04044532775879e-01
336 6.88964843750000e-01 4.74672555923462e-01
337 6.79199218750000e-01 4.61311578750610e-01
338 7.22167968750000e-01 5.21526575088501e-01
339 7.21191406250000e-01 5.20117044448853e-01
340 6.94824218750000e-01 4.82780694961548e-01
341 6.40136718750000e-01 4.09775018692017e-01
342 6.27441406250000e-01 3.93682718276978e-01
343 6.34765625000000e-01 4.02927398681641e-01
344 6.46484375000000e-01 4.17942047119141e-01
345 6.76269531250000e-01 4.57340478897095e-01
346 6.80664062500000e-01 4.63303565979004e-01
347 6.95312500000000e-01 4.83459472656250e-01
348 6.26953125000000e-01 3.93070220947266e-01
349 5.88867187500000e-01 3.46764564514160e-01
350 6.24511718750000e-01 3.90014886856079e-01
351 6.34277343750000e-01 4.02307748794556e-01
352 6.54296875000000e-01 4.28104400634766e-01
353 6.58691406250000e-01 4.33874368667603e-01
354 6.32324218750000e-01 3.99833917617798e-01
355 6.25488281250000e-01 3.91235589981079e-01
356 6.57226562500000e-01 4.31946754455566e-01
357 6.81640625000000e-01 4.64633941650391e-01
358 6.82128906250000e-01 4.65299844741821e-01
359 7.35351562500000e-01 5.40741920471191e-01
360 7.18750000000000e-01 5.16601562500000e-01
361 6.77734375000000e-01 4.59323883056641e-01
362 7.43164062500000e-01 5.52292823791504e-01
363 6.86035156250000e-01 4.70644235610962e-01
364 7.18261718750000e-01 5.15899896621704e-01
365 7.65136718750000e-01 5.85434198379517e-01
366 7.27050781250000e-01 5.28602838516235e-01
367 7.33886718750000e-01 5.38589715957642e-01
368 7.64648437500000e-01 5.84687232971191e-01
369 7.52441406250000e-01 5.66168069839478e-01
370 7.26562500000000e-01 5.27893066406250e-01
371 7.50488281250000e-01 5.63232660293579e-01
372 6.70898437500000e-01 4.50104713439941e-01
373 6.84570312500000e-01 4.68636512756348e-01
374 6.46972656250000e-01 4.18573617935181e-01
375 6.11816406250000e-01 3.74319314956665e-01
376 5.83496093750000e-01 3.40467691421509e-01
377 5.64453125000000e-01 3.18607330322266e-01
378 5.63476562500000e-01 3.17505836486816e-01
379 5.79589843750000e-01 3.35924386978149e-01
380 6.01074218750000e-01 3.61290216445923e-01
381 5.61035156250000e-01 3.14760446548462e-01
382 4.94140625000000e-01 2.44174957275391e-01
383 5.84472656250000e-01 3.41608285903931e-01
384 5.84472656250000e-01 3.41608285903931e-01
385 5.74707031250000e-01 3.30288171768188e-01
386 6.03027343750000e-01 3.63641977310181e-01
387 5.90820312500000e-01 3.49068641662598e-01
388 6.52832031250000e-01 4.26189661026001e-01
389 7.24609375000000e-01 5.25058746337891e-01
390 7.56835937500000e-01 5.72800636291504e-01
391 7.35351562500000e-01 5.40741920471191e-01
392 7.28515625000000e-01 5.30735015869141e-01
393 7.55371093750000e-01 5.70585489273071e-01
394 7.43164062500000e-01 5.52292823791504e-01
395 6.77246093750000e-01 4.58662271499634e-01
396 6.54785156250000e-01 4.28743600845337e-01
397 5.94238281250000e-01 3.53119134902954e-01
398 6.18164062500000e-01 3.82126808166504e-01
399 6.27441406250000e-01 3.93682718276978e-01
400 5.93261718750000e-01 3.51959466934204e-01
401 6.04003906250000e-01 3.64820718765259e-01
402 5.52246093750000e-01 3.04975748062134e-01
403 5.56640625000000e-01 3.09848785400391e-01
404 5.26855468750000e-01 2.77576684951782e-01
405 5.37597656250000e-01 2.89011240005493e-01
406 5.20019531250000e-01 2.70420312881470e-01
407 4.91210937500000e-01 2.41288185119629e-01
408 5.24414062500000e-01 2.75010108947754e-01
409 5.49804687500000e-01 3.02285194396973e-01
410 5.13671875000000e-01 2.63858795166016e-01
411 5.30761718750000e-01 2.81708002090454e-01
412 5.19042968750000e-01 2.69405603408813e-01
413 5.04882812500000e-01 2.54906654357910e-01
414 4.59472656250000e-01 2.11115121841431e-01
415 4.10156250000000e-01 1.68228149414062e-01
416 5.44433593750000e-01 2.96407938003540e-01
417 5.78125000000000e-01 3.34228515625000e-01
418 5.49316406250000e-01 3.01748514175415e-01
419 6.44042968750000e-01 4.14791345596313e-01
420 6.32812500000000e-01 4.00451660156250e-01
421 5.93261718750000e-01 3.51959466934204e-01
422 5.98144531250000e-01 3.57776880264282e-01
423 6.21093750000000e-01 3.85757446289062e-01
424 6.36718750000000e-01 4.05410766601562e-01
425 6.05468750000000e-01 3.66592407226562e-01
426 6.89941406250000e-01 4.76019144058228e-01
427 6.06445312500000e-01 3.67775917053223e-01
428 6.32324218750000e-01 3.99833917617798e-01
429 6.22070312500000e-01 3.86971473693848e-01
430 6.00097656250000e-01 3.60117197036743e-01
431 6.97265625000000e-01 4.86179351806641e-01
432 6.82617187500000e-01 4.65966224670410e-01
433 7.51464843750000e-01 5.64699411392212e-01
434 7.97851562500000e-01 6.36567115783691e-01
435 7.20703125000000e-01 5.19412994384766e-01
436 7.14355468750000e-01 5.10303735733032e-01
437 7.11914062500000e-01 5.06821632385254e-01
438 6.95312500000000e-01 4.83459472656250e-01
439 6.25976562500000e-01 3.91846656799316e-01
440 6.32812500000000e-01 4.00451660156250e-01
441 6.35253906250000e-01 4.03547525405884e-01
442 6.16699218750000e-01 3.80317926406860e-01
443 6.12304687500000e-01 3.74917030334473e-01
444 6.01074218750000e-01 3.61290216445923e-01
445 6.04492187500000e-01 3.65410804748535e-01
446 6.66015625000000e-01 4.43576812744141e-01
447 6.88476562500000e-01 4.73999977111816e-01
448 7.12890625000000e-01 5.08213043212891e-01
449 6.64062500000000e-01 4.40979003906250e-01
450 6.35742187500000e-01 4.04168128967285e-01
451 5.90820312500000e-01 3.49068641662598e-01
452 5.35156250000000e-01 2.86392211914062e-01
453 5.51269531250000e-01 3.03898096084595e-01
454 5.75683593750000e-01 3.31411600112915e-01
455 5.49804687500000e-01 3.02285194396973e-01
456 5.21972656250000e-01 2.72455453872681e-01
457 5.98632812500000e-01 3.58361244201660e-01
458 6.77734375000000e-01 4.59323883056641e-01
459 6.54785156250000e-01 4.28743600845337e-01
460 6.14257812500000e-01 3.77312660217285e-01
461 7.04589843750000e-01 4.96446847915649e-01
462 6.52832031250000e-01 4.26189661026001e-01
463 6.65527343750000e-01 4.42926645278931e-01
464 6.73828125000000e-01 4.54044342041016e-01
465 6.54785156250000e-01 4.28743600845337e-01
466 6.61621093750000e-01 4.37742471694946e-01
467 6.89941406250000e-01 4.76019144058228e-01
468 7.05566406250000e-01 4.97823953628540e-01
469 7.47558593750000e-01 5.58843851089478e-01
470 7.21679687500000e-01 5.20821571350098e-01
471 6.78710937500000e-01 4.60648536682129e-01
472 6.89453125000000e-01 4.75345611572266e-01
473 6.38183593750000e-01 4.07278299331665e-01
474 6.92382812500000e-01 4.79393959045410e-01
475 6.80175781250000e-01 4.62639093399048e-01
476 6.33789062500000e-01 4.01688575744629e-01
477 5.93750000000000e-01 3.52539062500000e-01
478 5.67382812500000e-01 3.21923255920410e-01
479 5.58593750000000e-01 3.12026977539062e-01
480 5.68359375000000e-01 3.23032379150391e-01
481 5.83496093750000e-01 3.40467691421509e-01
482 5.68359375000000e-01 3.23032379150391e-01
483 5.54199218750000e-01 3.07136774063110e-01
484 4.98046875000000e-01 2.48050689697266e-01
485 5.51757812500000e-01 3.04436683654785e-01
486 5.17578125000000e-01 2.67887115478516e-01
487 4.82910156250000e-01 2.33202219009399e-01
488 4.49218750000000e-01 2.01797485351562e-01
489 4.42871093750000e-01 1.96134805679321e-01
490 4.56054687500000e-01 2.07985877990723e-01
491 4.61914062500000e-01 2.13364601135254e-01
492 4.08203125000000e-01 1.66629791259766e-01
493 4.33593750000000e-01 1.88003540039062e-01
494 4.04296875000000e-01 1.63455963134766e-01
495 4.38476562500000e-01 1.92261695861816e-01
496 4.60449218750000e-01 2.12013483047485e-01
497 3.96484375000000e-01 1.57199859619141e-01
498 4.00390625000000e-01 1.60312652587891e-01
499 4.29687500000000e-01 1.84631347656250e-01
500 5.13183593750000e-01 2.63357400894165e-01
501 5.15625000000000e-01 2.65869140625000e-01
502 4.77050781250000e-01 2.27577447891235e-01
503 4.81933593750000e-01 2.32259988784790e-01
504 5.62988281250000e-01 3.16955804824829e-01
505 5.42968750000000e-01 2.94815063476562e-01
506 5.40527343750000e-01 2.92169809341431e-01
507 5.84472656250000e-01 3.41608285903931e-01
508 5.94726562500000e-01 3.53699684143066e-01
509 5.76660156250000e-01 3.32536935806274e-01
510 5.88867187500000e-01 3.46764564514160e-01
511 6.28906250000000e-01 3.95523071289062e-01
512 5.87402343750000e-01 3.45041513442993e-01
513 5.65917968750000e-01 3.20263147354126e-01
514 5.64453125000000e-01 3.18607330322266e-01
515 5.52246093750000e-01 3.04975748062134e-01
516 5.35644531250000e-01 2.86915063858032e-01
517 6.07421875000000e-01 3.68961334228516e-01
518 6.88964843750000e-01 4.74672555923462e-01
519 6.32812500000000e-01 4.00451660156250e-01
520 6.70898437500000e-01 4.50104713439941e-01
521 6.49414062500000e-01 4.21738624572754e-01
522 6.37207031250000e-01 4.06032800674438e-01
523 6.30371093750000e-01 3.97367715835571e-01
524 5.66894531250000e-01 3.21369409561157e-01
525 5.56152343750000e-01 3.09305429458618e-01
526 5.87402343750000e-01 3.45041513442993e-01
527 5.90820312500000e-01 3.49068641662598e-01
528 5.88378906250000e-01 3.46189737319946e-01
529 6.03515625000000e-01 3.64231109619141e-01
530 6.38671875000000e-01 4.07901763916016e-01
531 6.60644531250000e-01 4.36451196670532e-01
532 6.51367187500000e-01 4.24279212951660e-01
533 6.52832031250000e-01 4.26189661026001e-01
534 6.17187500000000e-01 3.80920410156250e-01
535 6.24023437500000e-01 3.89405250549316e-01
536 6.61621093750000e-01 4.37742471694946e-01
537 6.70898437500000e-01 4.50104713439941e-01
538 6.52343750000000e-01 4.25552368164062e-01
539 6.52343750000000e-01 4.25552368164062e-01
540 6.35742187500000e-01 4.04168128967285e-01
541 6.86523437500000e-01 4.71314430236816e-01
542 6.18164062500000e-01 3.82126808166504e-01
543 6.20117187500000e-01 3.84545326232910e-01
544 6.08398437500000e-01 3.70148658752441e-01
545 6.34277343750000e-01 4.02307748794556e-01
546 6.05957031250000e-01 3.67183923721313e-01
547 6.59667968750000e-01 4.35161828994751e-01
548 6.17187500000000e-01 3.80920410156250e-01
549 6.22070312500000e-01 3.86971473693848e-01
550 6.37207031250000e-01 4.06032800674438e-01
551 5.82031250000000e-01 3.38760375976562e-01
552 5.23437500000000e-01 2.73986816406250e-01
553 5.65917968750000e-01 3.20263147354126e-01
554 5.78613281250000e-01 3.34793329238892e-01
555 5.70800781250000e-01 3.25813531875610e-01
556 5.28320312500000e-01 2.79122352600098e-01
557 5.45898437500000e-01 2.98005104064941e-01
558 6.06933593750000e-01 3.68368387222290e-01
559 6.27441406250000e-01 3.93682718276978e-01
560 7.03613281250000e-01 4.95071649551392e-01
561 6.49414062500000e-01 4.21738624572754e-01
562 6.73339843750000e-01 4.53386545181274e-01
563 6.47460937500000e-01 4.19205665588379e-01
564 6.34277343750000e-01 4.02307748794556e-01
565 6.01074218750000e-01 3.61290216445923e-01
566 5.81054687500000e-01 3.37624549865723e-01
567 5.84960937500000e-01 3.42179298400879e-01
568 5.84472656250000e-01 3.41608285903931e-01
569 6.49902343750000e-01 4.22373056411743e-01
570 6.52343750000000e-01 4.25552368164062e-01
571 6.38183593750000e-01 4.07278299331665e-01
572 6.53808593750000e-01 4.27465677261353e-01
573 6.69433593750000e-01 4.48141336441040e-01
574 6.35253906250000e-01 4.03547525405884e-01
575 6.05468750000000e-01 3.66592407226562e-01
576 6.66503906250000e-01 4.44227457046509e-01
577 5.94238281250000e-01 3.53119134902954e-01
578 5.49804687500000e-01 3.02285194396973e-01
579 5.62988281250000e-01 3.16955804824829e-01
580 5.66406250000000e-01 3.20816040039062e-01
581 5.98632812500000e-01 3.58361244201660e-01
582 5.97656250000000e-01 3.57192993164062e-01
583 5.87402343750000e-01 3.45041513442993e-01
584 6.25488281250000e-01 3.91235589981079e-01
585 6.58203125000000e-01 4.33231353759766e-01
586 6.60644531250000e-01 4.36451196670532e-01
587 6.95312500000000e-01 4.83459472656250e-01
588 6.68945312500000e-01 4.47487831115723e-01
589 6.24511718750000e-01 3.90014886856079e-01
590 5.90332031250000e-01 3.48491907119751e-01
591 5.98144531250000e-01 3.57776880264282e-01
592 5.14648437500000e-01 2.64863014221191e-01
593 6.18164062500000e-01 3.82126808166504e-01
594 6.10839843750000e-01 3.73125314712524e-01
595 6.88964843750000e-01 4.74672555923462e-01
596 6.39648437500000e-01 4.09150123596191e-01
597 6.94824218750000e-01 4.82780694961548e-01
598 7.47070312500000e-01 5.58114051818848e-01
599 7.55859375000000e-01 5.71323394775391e-01
600 6.67480468750000e-01 4.45530176162720e-01
601 6.50878906250000e-01 4.23643350601196e-01
602 6.43554687500000e-01 4.14162635803223e-01
603 6.94824218750000e-01 4.82780694961548e-01
604 7.25097656250000e-01 5.25766611099243e-01
605 7.03613281250000e-01 4.95071649551392e-01
606 7.12890625000000e-01 5.08213043212891e-01
607 6.81640625000000e-01 4.64633941650391e-01
608 6.79199218750000e-01 4.61311578750610e-01
609 7.11914062500000e-01 5.06821632385254e-01
610 7.38769531250000e-01 5.45780420303345e-01
611 7.03125000000000e-01 4.94384765625000e-01
612 6.77246093750000e-01 4.58662271499634e-01
613 6.34765625000000e-01 4.02927398681641e-01
614 6.17675781250000e-01 3.81523370742798e-01
615 6.42089843750000e-01 4.12279367446899e-01
616 6.16699218750000e-01 3.80317926406860e-01
617 6.05957031250000e-01 3.67183923721313e-01
618 6.70410156250000e-01 4.49449777603149e-01
619 7.03125000000000e-01 4.94384765625000e-01
620 7.02636718750000e-01 4.93698358535767e-01
621 6.45019531250000e-01 4.16050195693970e-01
622 6.66015625000000e-01 4.43576812744141e-01
623 6.89453125000000e-01 4.75345611572266e-01
624 6.28906250000000e-01 3.95523071289062e-01
625 6.63085937500000e-01 4.39682960510254e-01
626 6.43554687500000e-01 4.14162635803223e-01
627 6.48437500000000e-01 4.20471191406250e-01
628 6.02539062500000e-01 3.63053321838379e-01
629 6.23046875000000e-01 3.88187408447266e-01
630 6.09375000000000e-01 3.71337890625000e-01
631 5.95214843750000e-01 3.54280710220337e-01
632 5.57617187500000e-01 3.10936927795410e-01
633 4.60937500000000e-01 2.12463378906250e-01
634 4.19921875000000e-01 1.76334381103516e-01
635 4.44824218750000e-01 1.97868585586548e-01
636 4.33105468750000e-01 1.87580347061157e-01
637 5.15625000000000e-01 2.65869140625000e-01
638 5.40527343750000e-01 2.92169809341431e-01
639 5.27343750000000e-01 2.78091430664062e-01
640 5.23925781250000e-01 2.74498224258423e-01
641 5.27832031250000e-01 2.78606653213501e-01
642 5.41503906250000e-01 2.93226480484009e-01
643 5.69824218750000e-01 3.24699640274048e-01
644 5.86914062500000e-01 3.44468116760254e-01
645 6.02539062500000e-01 3.63053321838379e-01
646 6.55761718750000e-01 4.30023431777954e-01
647 6.44531250000000e-01 4.15420532226562e-01
648 6.96289062500000e-01 4.84818458557129e-01
649 6.49902343750000e-01 4.22373056411743e-01
650 6.07421875000000e-01 3.68961334228516e-01
651 5.89843750000000e-01 3.47915649414062e-01
652 5.78613281250000e-01 3.34793329238892e-01
653 6.14257812500000e-01 3.77312660217285e-01
654 5.93261718750000e-01 3.51959466934204e-01
655 6.26953125000000e-01 3.93070220947266e-01
656 6.41601562500000e-01 4.11652565002441e-01
657 6.13281250000000e-01 3.76113891601562e-01
658 6.56250000000000e-01 4.30664062500000e-01
659 6.24511718750000e-01 3.90014886856079e-01
660 6.55761718750000e-01 4.30023431777954e-01
661 6.44042968750000e-01 4.14791345596313e-01
662 6.96289062500000e-01 4.84818458557129e-01
663 6.88964843750000e-01 4.74672555923462e-01
664 7.18750000000000e-01 5.16601562500000e-01
665 7.07031250000000e-01 4.99893188476562e-01
666 7.03613281250000e-01 4.95071649551392e-01
667 6.94335937500000e-01 4.82102394104004e-01
668 6.88964843750000e-01 4.74672555923462e-01
669 6.50390625000000e-01 4.23007965087891e-01
670 7.22656250000000e-01 5.22232055664062e-01
671 7.06054687500000e-01 4.98513221740723e-01
672 7.13867187500000e-01 5.09606361389160e-01
673 7.10937500000000e-01 5.05432128906250e-01
674 6.62597656250000e-01 4.39035654067993e-01
675 6.71875000000000e-01 4.51416015625000e-01
676 6.70410156250000e-01 4.49449777603149e-01
677 6.16699218750000e-01 3.80317926406860e-01
678 6.21582031250000e-01 3.86364221572876e-01
679 5.77636718750000e-01 3.33664178848267e-01
680 6.73828125000000e-01 4.54044342041016e-01
681 6.42578125000000e-01 4.12906646728516e-01
682 6.39648437500000e-01 4.09150123596191e-01
683 6.17187500000000e-01 3.80920410156250e-01
684 6.82128906250000e-01 4.65299844741821e-01
685 6.44042968750000e-01 4.14791345596313e-01
686 6.38183593750000e-01 4.07278299331665e-01
687 6.40136718750000e-01 4.09775018692017e-01
688 6.59667968750000e-01 4.35161828994751e-01
689 6.24023437500000e-01 3.89405250549316e-01
690 7.08984375000000e-01 5.02658843994141e-01
691 6.86523437500000e-01 4.71314430236816e-01
692 6.28417968750000e-01 3.94909143447876e-01
693 6.33300781250000e-01 4.01069879531860e-01
694 6.09375000000000e-01 3.71337890625000e-01
695 6.15722656250000e-01 3.79114389419556e-01
696 6.68945312500000e-01 4.47487831115723e-01
697 6.28906250000000e-01 3.95523071289062e-01
698 6.12792968750000e-01 3.75515222549438e-01
699 6.33300781250000e-01 4.01069879531860e-01
700 6.09375000000000e-01 3.71337890625000e-01
701 5.71289062500000e-01 3.26371192932129e-01
702 6.21582031250000e-01 3.86364221572876e-01
703 5.66406250000000e-01 3.20816040039062e-01
704 5.66894531250000e-01 3.21369409561157e-01
705 6.08398437500000e-01 3.70148658752441e-01
706 6.77246093750000e-01 4.58662271499634e-01
707 6.70898437500000e-01 4.50104713439941e-01
708 6.93359375000000e-01 4.80747222900391e-01
709 7.50488281250000e-01 5.63232660293579e-01
710 7.53417968750000e-01 5.67638635635376e-01
711 7.12890625000000e-01 5.08213043212891e-01
712 6.94335937500000e-01 4.82102394104004e-01
713 7.34375000000000e-01 5.39306640625000e-01
714 7.33398437500000e-01 5.37873268127441e-01
715 6.67968750000000e-01 4.46182250976562e-01
716 6.79687500000000e-01 4.61975097656250e-01
717 6.46484375000000e-01 4.17942047119141e-01
718 6.75781250000000e-01 4.56680297851562e-01
719 7.21679687500000e-01 5.20821571350098e-01
720 6.84570312500000e-01 4.68636512756348e-01
721 6.87988281250000e-01 4.73327875137329e-01
722 6.68457031250000e-01 4.46834802627563e-01
723 7.07031250000000e-01 4.99893188476562e-01
724 6.80664062500000e-01 4.63303565979004e-01
725 6.58203125000000e-01 4.33231353759766e-01
726 7.02636718750000e-01 4.93698358535767e-01
727 6.80175781250000e-01 4.62639093399048e-01
728 5.98144531250000e-01 3.57776880264282e-01
729 6.47949218750000e-01 4.19838190078735e-01
730 5.88378906250000e-01 3.46189737319946e-01
731 5.75683593750000e-01 3.31411600112915e-01
732 5.40039062500000e-01 2.91642189025879e-01
733 5.48828125000000e-01 3.01212310791016e-01
734 5.83007812500000e-01 3.39898109436035e-01
735 5.22460937500000e-01 2.72965431213379e-01
736 5.71289062500000e-01 3.26371192932129e-01
737 5.91308593750000e-01 3.49645853042603e-01
738 5.67382812500000e-01 3.21923255920410e-01
739 5.50781250000000e-01 3.03359985351562e-01
740 6.82128906250000e-01 4.65299844741821e-01
741 7.04589843750000e-01 4.96446847915649e-01
742 7.25585937500000e-01 5.26474952697754e-01
743 6.61132812500000e-01 4.37096595764160e-01
744 7.03613281250000e-01 4.95071649551392e-01
745 7.28027343750000e-01 5.30023813247681e-01
746 7.77343750000000e-01 6.04263305664062e-01
747 7.26074218750000e-01 5.27183771133423e-01
748 6.87500000000000e-01 4.72656250000000e-01
749 6.87500000000000e-01 4.72656250000000e-01
750 6.12792968750000e-01 3.75515222549438e-01
751 5.97656250000000e-01 3.57192993164062e-01
752 6.60644531250000e-01 4.36451196670532e-01
753 6.69921875000000e-01 4.48795318603516e-01
754 5.67871093750000e-01 3.22477579116821e-01
755 5.51269531250000e-01 3.03898096084595e-01
756 5.89355468750000e-01 3.47339868545532e-01
757 6.09375000000000e-01 3.71337890625000e-01
758 5.74218750000000e-01 3.29727172851562e-01
759 5.88867187500000e-01 3.46764564514160e-01
760 5.50292968750000e-01 3.02822351455688e-01
761 5.93261718750000e-01 3.51959466934204e-01
762 5.76171875000000e-01 3.31974029541016e-01
763 5.72265625000000e-01 3.27487945556641e-01
764 6.19628906250000e-01 3.83939981460571e-01
765 5.49316406250000e-01 3.01748514175415e-01
766 5.68359375000000e-01 3.23032379150391e-01
767 5.70800781250000e-01 3.25813531875610e-01
768 5.56640625000000e-01 3.09848785400391e-01
769 5.98632812500000e-01 3.58361244201660e-01
770 6.41113281250000e-01 4.11026239395142e-01
771 6.30371093750000e-01 3.97367715835571e-01
772 6.53320312500000e-01 4.26827430725098e-01
773 6.80664062500000e-01 4.63303565979004e-01
774 6.80664062500000e-01 4.63303565979004e-01
775 7.08007812500000e-01 5.01275062561035e-01
776 7.32910156250000e-01 5.37157297134399e-01
777 7.22656250000000e-01 5.22232055664062e-01
778 7.08496093750000e-01 5.01966714859009e-01
779 7.26074218750000e-01 5.27183771133423e-01
780 7.09960937500000e-01 5.04044532775879e-01
781 7.16796875000000e-01 5.13797760009766e-01
782 7.00195312500000e-01 4.90273475646973e-01
783 7.06542968750000e-01 4.99202966690063e-01
784 7.30468750000000e-01 5.33584594726562e-01
785 7.25585937500000e-01 5.26474952697754e-01
786 7.21191406250000e-01 5.20117044448853e-01
787 7.65136718750000e-01 5.85434198379517e-01
788 7.39257812500000e-01 5.46502113342285e-01
789 7.51953125000000e-01 5.65433502197266e-01
790 6.74316406250000e-01 4.54702615737915e-01
791 7.08984375000000e-01 5.02658843994141e-01
792 6.34765625000000e-01 4.02927398681641e-01
793 6.56738281250000e-01 4.31305170059204e-01
794 6.81640625000000e-01 4.64633941650391e-01
795 6.67480468750000e-01 4.45530176162720e-01
796 5.85449218750000e-01 3.42750787734985e-01
797 5.90332031250000e-01 3.48491907119751e-01
798 6.08886718750000e-01 3.70743036270142e-01
799 6.68457031250000e-01 4.46834802627563e-01
800 6.14746093750000e-01 3.77912759780884e-01
801 5.96191406250000e-01 3.55444192886353e-01
802 5.85449218750000e-01 3.42750787734985e-01
803 5.71289062500000e-01 3.26371192932129e-01
804 5.54199218750000e-01 3.07136774063110e-01
805 5.45898437500000e-01 2.98005104064941e-01
806 6.14257812500000e-01 3.77312660217285e-01
807 6.20117187500000e-01 3.84545326232910e-01
808 5.96679687500000e-01 3.56026649475098e-01
809 6.05957031250000e-01 3.67183923721313e-01
810 5.20019531250000e-01 2.70420312881470e-01
811 5.58593750000000e-01 3.12026977539062e-01
812 5.29296875000000e-01 2.80155181884766e-01
813 5.32714843750000e-01 2.83785104751587e-01
814 5.70800781250000e-01 3.25813531875610e-01
815 5.58105468750000e-01 3.11481714248657e-01
816 5.45898437500000e-01 2.98005104064941e-01
817 6.19628906250000e-01 3.83939981460571e-01
818 6.49414062500000e-01 4.21738624572754e-01
819 6.27441406250000e-01 3.93682718276978e-01
820 6.12304687500000e-01 3.74917030334473e-01
821 6.16699218750000e-01 3.80317926406860e-01
822 6.29882812500000e-01 3.96752357482910e-01
823 6.45996093750000e-01 4.17310953140259e-01
824 6.76757812500000e-01 4.58001136779785e-01
825 6.47460937500000e-01 4.19205665588379e-01
826 6.38183593750000e-01 4.07278299331665e-01
827 6.51367187500000e-01 4.24279212951660e-01
828 6.91894531250000e-01 4.78718042373657e-01
829 7.11425781250000e-01 5.06126642227173e-01
830 6.69433593750000e-01 4.48141336441040e-01
831 6.64062500000000e-01 4.40979003906250e-01
832 5.88378906250000e-01 3.46189737319946e-01
833 5.94726562500000e-01 3.53699684143066e-01
834 6.29882812500000e-01 3.96752357482910e-01
835 6.14746093750000e-01 3.77912759780884e-01
836 5.84960937500000e-01 3.42179298400879e-01
837 5.65429687500000e-01 3.19710731506348e-01
838 6.56738281250000e-01 4.31305170059204e-01
839 5.95703125000000e-01 3.54862213134766e-01
840 5.72753906250000e-01 3.28047037124634e-01
841 5.96191406250000e-01 3.55444192886353e-01
842 6.35253906250000e-01 4.03547525405884e-01
843 6.32324218750000e-01 3.99833917617798e-01
844 6.07421875000000e-01 3.68961334228516e-01
845 6.20117187500000e-01 3.84545326232910e-01
846 6.14746093750000e-01 3.77912759780884e-01
847 6.28906250000000e-01 3.95523071289062e-01
848 6.15234375000000e-01 3.78513336181641e-01
849 6.38183593750000e-01 4.07278299331665e-01
850 6.02539062500000e-01 3.63053321838379e-01
851 5.79101562500000e-01 3.35358619689941e-01
852 5.83496093750000e-01 3.40467691421509e-01
853 5.22949218750000e-01 2.73475885391235e-01
854 6.66992187500000e-01 4.44878578186035e-01
855 7.06054687500000e-01 4.98513221740723e-01
856 6.30371093750000e-01 3.97367715835571e-01
857 5.62988281250000e-01 3.16955804824829e-01
858 5.73730468750000e-01 3.29166650772095e-01
859 5.66894531250000e-01 3.21369409561157e-01
860 5.48828125000000e-01 3.01212310791016e-01
861 6.10351562500000e-01 3.72529029846191e-01
862 5.52734375000000e-01 3.05515289306641e-01
863 4.90722656250000e-01 2.40808725357056e-01
864 4.98535156250000e-01 2.48537302017212e-01
865 5.61035156250000e-01 3.14760446548462e-01
866 5.86425781250000e-01 3.43895196914673e-01
867 6.36230468750000e-01 4.04789209365845e-01
868 6.18164062500000e-01 3.82126808166504e-01
869 5.92285156250000e-01 3.50801706314087e-01
870 5.78613281250000e-01 3.34793329238892e-01
871 5.56640625000000e-01 3.09848785400391e-01
872 5.56640625000000e-01 3.09848785400391e-01
873 6.38183593750000e-01 4.07278299331665e-01
874 6.02050781250000e-01 3.62465143203735e-01
875 6.15722656250000e-01 3.79114389419556e-01
876 5.96191406250000e-01 3.55444192886353e-01
877 5.86425781250000e-01 3.43895196914673e-01
878 5.76660156250000e-01 3.32536935806274e-01
879 4.46289062500000e-01 1.99173927307129e-01
880 4.34082031250000e-01 1.88427209854126e-01
881 4.60937500000000e-01 2.12463378906250e-01
882 4.46777343750000e-01 1.99609994888306e-01
883 4.62402343750000e-01 2.13815927505493e-01
884 5.28808593750000e-01 2.79638528823853e-01
885 5.58105468750000e-01 3.11481714248657e-01
886 4.73144531250000e-01 2.23865747451782e-01
887 4.77539062500000e-01 2.28043556213379e-01
888 4.52636718750000e-01 2.04879999160767e-01
889 4.56542968750000e-01 2.08431482315063e-01
890 4.45800781250000e-01 1.98738336563110e-01
891 5.15625000000000e-01 2.65869140625000e-01
892 5.44433593750000e-01 2.96407938003540e-01
893 6.04492187500000e-01 3.65410804748535e-01
894 5.92773437500000e-01 3.51380348205566e-01
895 5.38574218750000e-01 2.90062189102173e-01
896 5.71777343750000e-01 3.26929330825806e-01
897 6.01074218750000e-01 3.61290216445923e-01
898 5.03906250000000e-01 2.53921508789062e-01
899 4.93164062500000e-01 2.43210792541504e-01
900 5.84960937500000e-01 3.42179298400879e-01
901 6.50878906250000e-01 4.23643350601196e-01
902 6.11328125000000e-01 3.73722076416016e-01
903 6.16699218750000e-01 3.80317926406860e-01
904 6.63085937500000e-01 4.39682960510254e-01
905 5.61035156250000e-01 3.14760446548462e-01
906 5.27343750000000e-01 2.78091430664062e-01
907 5.57128906250000e-01 3.10392618179321e-01
908 6.17187500000000e-01 3.80920410156250e-01
909 6.49414062500000e-01 4.21738624572754e-01
910 6.07421875000000e-01 3.68961334228516e-01
911 5.51757812500000e-01 3.04436683654785e-01
912 4.97070312500000e-01 2.47078895568848e-01
913 5.47851562500000e-01 3.00141334533691e-01
914 5.52246093750000e-01 3.04975748062134e-01
915 5.72265625000000e-01 3.27487945556641e-01
916 5.26367187500000e-01 2.77062416076660e-01
917 5.37109375000000e-01 2.88486480712891e-01
918 6.09863281250000e-01 3.71933221817017e-01
919 6.03027343750000e-01 3.63641977310181e-01
920 6.41113281250000e-01 4.11026239395142e-01
921 5.19531250000000e-01 2.69912719726562e-01
922 5.71289062500000e-01 3.26371192932129e-01
923 5.91308593750000e-01 3.49645853042603e-01
924 5.83984375000000e-01 3.41037750244141e-01
925 6.49414062500000e-01 4.21738624572754e-01
926 7.07031250000000e-01 4.99893188476562e-01
927 6.31347656250000e-01 3.98599863052368e-01
928 6.57226562500000e-01 4.31946754455566e-01
929 6.20605468750000e-01 3.85151147842407e-01
930 6.30859375000000e-01 3.97983551025391e-01
931 6.08398437500000e-01 3.70148658752441e-01
932 6.50878906250000e-01 4.23643350601196e-01
933 5.98144531250000e-01 3.57776880264282e-01
934 5.64453125000000e-01 3.18607330322266e-01
935 5.53222656250000e-01 3.06055307388306e-01
936 6.00585937500000e-01 3.60703468322754e-01
937 6.48925781250000e-01 4.21104669570923e-01
938 6.70898437500000e-01 4.50104713439941e-01
939 6.64550781250000e-01 4.41627740859985e-01
940 6.66015625000000e-01 4.43576812744141e-01
941 6.43066406250000e-01 4.13534402847290e-01
942 6.15234375000000e-01 3.78513336181641e-01
943 5.65429687500000e-01 3.19710731506348e-01
944 5.40527343750000e-01 2.92169809341431e-01
945 5.96679687500000e-01 3.56026649475098e-01
946 5.54687500000000e-01 3.07678222656250e-01
947 4.77050781250000e-01 2.27577447891235e-01
948 6.11328125000000e-01 3.73722076416016e-01
949 5.82031250000000e-01 3.38760375976562e-01
950 5.38085937500000e-01 2.89536476135254e-01
951 5.28808593750000e-01 2.79638528823853e-01
952 5.17089843750000e-01 2.67381906509399e-01
953 5.06835937500000e-01 2.56882667541504e-01
954 5.20507812500000e-01 2.70928382873535e-01
955 4.94140625000000e-01 2.44174957275391e-01
956 4.61914062500000e-01 2.13364601135254e-01
957 4.90234375000000e-01 2.40329742431641e-01
958 5.13671875000000e-01 2.63858795166016e-01
959 4.99511718750000e-01 2.49511957168579e-01
960 4.50683593750000e-01 2.03115701675415e-01
961 5.02441406250000e-01 2.52447366714478e-01
962 4.78515625000000e-01 2.28977203369141e-01
963 3.98437500000000e-01 1.58752441406250e-01
964 3.36914062500000e-01 1.13511085510254e-01
965 3.94531250000000e-01 1.55654907226562e-01
966 4.47265625000000e-01 2.00046539306641e-01
967 4.16503906250000e-01 1.73475503921509e-01
968 4.21386718750000e-01 1.77566766738892e-01
969 4.59960937500000e-01 2.11564064025879e-01
970 4.45312500000000e-01 1.98303222656250e-01
971 4.11621093750000e-01 1.69431924819946e-01
972 4.48242187500000e-01 2.00921058654785e-01
973 3.79394531250000e-01 1.43940210342407e-01
974 3.79394531250000e-01 1.43940210342407e-01
975 3.33984375000000e-01 1.11545562744141e-01
976 3.44238281250000e-01 1.18499994277954e-01
977 3.14453125000000e-01 9.88807678222656e-02
978 3.56445312500000e-01 1.27053260803223e-01
979 3.54980468750000e-01 1.26011133193970e-01
980 3.72558593750000e-01 1.38799905776978e-01
981 4.32128906250000e-01 1.86735391616821e-01
982 4.58984375000000e-01 2.10666656494141e-01
983 4.56054687500000e-01 2.07985877990723e-01
984 4.95605468750000e-01 2.45624780654907e-01
985 5.10742187500000e-01 2.60857582092285e-01
986 5.40039062500000e-01 2.91642189025879e-01
987 5.24414062500000e-01 2.75010108947754e-01
988 5.39062500000000e-01 2.90588378906250e-01
989 5.46386718750000e-01 2.98538446426392e-01
990 5.52246093750000e-01 3.04975748062134e-01
991 5.29785156250000e-01 2.80672311782837e-01
992 5.37109375000000e-01 2.88486480712891e-01
993 4.92187500000000e-01 2.42248535156250e-01
994 5.35644531250000e-01 2.86915063858032e-01
995 5.96191406250000e-01 3.55444192886353e-01
996 5.73242187500000e-01 3.28606605529785e-01
997 5.46386718750000e-01 2.98538446426392e-01
998 5.01464843750000e-01 2.51466989517212e-01
999 5.28808593750000e-01 2.79638528823853e-01
