0 6.90917968750000e-01 4.77367639541626e-01
1 7.15332031250000e-01 5.11699914932251e-01
2 7.02148437500000e-01 4.93012428283691e-01
3 6.67480468750000e-01 4.45530176162720e-01
4 6.68457031250000e-01 4.46834802627563e-01
5 6.83593750000000e-01 4.67300415039062e-01
6 6.49902343750000e-01 4.22373056411743e-01
7 6.55761718750000e-01 4.30023431777954e-01
8 6.14257812500000e-01 3.77312660217285e-01
9 6.04980468750000e-01 3.66001367568970e-01
10 6.10839843750000e-01 3.73125314712524e-01
11 5.79101562500000e-01 3.35358619689941e-01
12 5.27832031250000e-01 2.78606653213501e-01
13 5.83496093750000e-01 3.40467691421509e-01
14 5.73730468750000e-01 3.29166650772095e-01
15 6.13281250000000e-01 3.76113891601562e-01
16 5.55175781250000e-01 3.08220148086548e-01
17 6.31347656250000e-01 3.98599863052368e-01
18 5.63964843750000e-01 3.18056344985962e-01
19 5.82519531250000e-01 3.39329004287720e-01
20 6.00585937500000e-01 3.60703468322754e-01
21 5.80566406250000e-01 3.37057352066040e-01
22 5.72265625000000e-01 3.27487945556641e-01
23 5.91308593750000e-01 3.49645853042603e-01
24 6.42578125000000e-01 4.12906646728516e-01
25 7.15820312500000e-01 5.12398719787598e-01
26 7.26074218750000e-01 5.27183771133423e-01
27 6.76757812500000e-01 4.58001136779785e-01
28 6.77246093750000e-01 4.58662271499634e-01
29 6.64062500000000e-01 4.40979003906250e-01
30 6.65527343750000e-01 4.42926645278931e-01
31 7.22656250000000e-01 5.22232055664062e-01
32 6.96777343750000e-01 4.85498666763306e-01
33 7.08007812500000e-01 5.01275062561035e-01
34 7.08496093750000e-01 5.01966714859009e-01
35 6.95800781250000e-01 4.84138727188110e-01
36 7.12402343750000e-01 5.07517099380493e-01
37 7.35351562500000e-01 5.40741920471191e-01
38 6.99218750000000e-01 4.88906860351562e-01
39 7.41210937500000e-01 5.49393653869629e-01
40 7.50488281250000e-01 5.63232660293579e-01
41 7.49023437500000e-01 5.61036109924316e-01
42 6.72363281250000e-01 4.52072381973267e-01
43 6.91406250000000e-01 4.78042602539062e-01
44 7.56347656250000e-01 5.72061777114868e-01
45 7.27050781250000e-01 5.28602838516235e-01
46 7.44628906250000e-01 5.54472208023071e-01
47 7.37304687500000e-01 5.43618202209473e-01
48 7.48046875000000e-01 5.59574127197266e-01
49 7.34375000000000e-01 5.39306640625000e-01
50 7.48046875000000e-01 5.59574127197266e-01
51 7.23144531250000e-01 5.22938013076782e-01
52 8.09082031250000e-01 6.54613733291626e-01
53 7.63183593750000e-01 5.82449197769165e-01
54 7.31445312500000e-01 5.35012245178223e-01
55 6.21093750000000e-01 3.85757446289062e-01
56 6.54785156250000e-01 4.28743600845337e-01
57 6.85546875000000e-01 4.69974517822266e-01
58 6.50878906250000e-01 4.23643350601196e-01
59 6.41113281250000e-01 4.11026239395142e-01
60 5.63476562500000e-01 3.17505836486816e-01
61 6.13281250000000e-01 3.76113891601562e-01
62 5.85449218750000e-01 3.42750787734985e-01
63 6.49414062500000e-01 4.21738624572754e-01
64 6.43554687500000e-01 4.14162635803223e-01
65 6.96777343750000e-01 4.85498666763306e-01
66 6.94824218750000e-01 4.82780694961548e-01
67 7.11425781250000e-01 5.06126642227173e-01
68 6.59179687500000e-01 4.34517860412598e-01
69 6.16699218750000e-01 3.80317926406860e-01
70 5.79589843750000e-01 3.35924386978149e-01
71 5.67382812500000e-01 3.21923255920410e-01
72 6.03027343750000e-01 3.63641977310181e-01
73 6.04492187500000e-01 3.65410804748535e-01
74 5.92773437500000e-01 3.51380348205566e-01
75 6.39648437500000e-01 4.09150123596191e-01
76 6.10351562500000e-01 3.72529029846191e-01
77 6.29394531250000e-01 3.96137475967407e-01
78 6.57714843750000e-01 4.32588815689087e-01
79 6.54296875000000e-01 4.28104400634766e-01
80 6.45507812500000e-01 4.16680335998535e-01
81 6.60156250000000e-01 4.35806274414062e-01
82 6.68945312500000e-01 4.47487831115723e-01
83 6.32324218750000e-01 3.99833917617798e-01
84 5.48828125000000e-01 3.01212310791016e-01
85 5.52734375000000e-01 3.05515289306641e-01
86 5.90332031250000e-01 3.48491907119751e-01
87 5.79589843750000e-01 3.35924386978149e-01
88 5.69335937500000e-01 3.24143409729004e-01
89 5.45410156250000e-01 2.97472238540649e-01
90 5.39550781250000e-01 2.91115045547485e-01
91 4.86328125000000e-01 2.36515045166016e-01
92 4.96093750000000e-01 2.46109008789062e-01
93 4.56054687500000e-01 2.07985877990723e-01
94 5.03906250000000e-01 2.53921508789062e-01
95 5.62500000000000e-01 3.16406250000000e-01
96 5.06835937500000e-01 2.56882667541504e-01
97 4.89257812500000e-01 2.39373207092285e-01
98 4.80957031250000e-01 2.31319665908813e-01
99 4.79492187500000e-01 2.29912757873535e-01
100 4.79492187500000e-01 2.29912757873535e-01
101 5.29296875000000e-01 2.80155181884766e-01
102 5.15136718750000e-01 2.65365839004517e-01
103 5.95703125000000e-01 3.54862213134766e-01
104 6.06933593750000e-01 3.68368387222290e-01
105 5.97167968750000e-01 3.56609582901001e-01
106 6.62109375000000e-01 4.38388824462891e-01
107 6.50878906250000e-01 4.23643350601196e-01
108 6.14257812500000e-01 3.77312660217285e-01
109 6.22558593750000e-01 3.87579202651978e-01
110 6.35253906250000e-01 4.03547525405884e-01
111 6.34277343750000e-01 4.02307748794556e-01
112 6.38183593750000e-01 4.07278299331665e-01
113 6.21582031250000e-01 3.86364221572876e-01
114 6.01562500000000e-01 3.61877441406250e-01
115 5.38085937500000e-01 2.89536476135254e-01
116 5.53222656250000e-01 3.06055307388306e-01
117 5.07324218750000e-01 2.57377862930298e-01
118 5.48828125000000e-01 3.01212310791016e-01
119 5.78613281250000e-01 3.34793329238892e-01
120 5.78125000000000e-01 3.34228515625000e-01
121 6.66992187500000e-01 4.44878578186035e-01
122 6.05468750000000e-01 3.66592407226562e-01
123 5.40527343750000e-01 2.92169809341431e-01
124 6.21093750000000e-01 3.85757446289062e-01
125 6.23046875000000e-01 3.88187408447266e-01
126 7.09472656250000e-01 5.03351449966431e-01
127 6.73339843750000e-01 4.53386545181274e-01
128 7.05566406250000e-01 4.97823953628540e-01
129 7.02636718750000e-01 4.93698358535767e-01
130 7.18261718750000e-01 5.15899896621704e-01
131 6.92382812500000e-01 4.79393959045410e-01
132 6.40136718750000e-01 4.09775018692017e-01
133 6.95312500000000e-01 4.83459472656250e-01
134 7.17285156250000e-01 5.14497995376587e-01
135 6.81152343750000e-01 4.63968515396118e-01
136 6.86523437500000e-01 4.71314430236816e-01
137 6.56250000000000e-01 4.30664062500000e-01
138 7.07031250000000e-01 4.99893188476562e-01
139 7.12890625000000e-01 5.08213043212891e-01
140 6.98730468750000e-01 4.88224267959595e-01
141 6.77246093750000e-01 4.58662271499634e-01
142 7.60742187500000e-01 5.78728675842285e-01
143 7.22656250000000e-01 5.22232055664062e-01
144 7.37792968750000e-01 5.44338464736938e-01
145 7.72949218750000e-01 5.97450494766235e-01
146 7.91992187500000e-01 6.27251625061035e-01
147 7.59765625000000e-01 5.77243804931641e-01
148 6.92871093750000e-01 4.80070352554321e-01
149 7.20703125000000e-01 5.19412994384766e-01
150 7.32910156250000e-01 5.37157297134399e-01
151 7.75878906250000e-01 6.01988077163696e-01
152 7.42187500000000e-01 5.50842285156250e-01
153 7.35839843750000e-01 5.41460275650024e-01
154 7.35351562500000e-01 5.40741920471191e-01
155 6.98242187500000e-01 4.87542152404785e-01
156 7.11914062500000e-01 5.06821632385254e-01
157 7.06542968750000e-01 4.99202966690063e-01
158 7.06054687500000e-01 4.98513221740723e-01
159 7.03613281250000e-01 4.95071649551392e-01
160 6.94335937500000e-01 4.82102394104004e-01
161 6.71386718750000e-01 4.50760126113892e-01
162 7.13378906250000e-01 5.08909463882446e-01
163 6.74804687500000e-01 4.55361366271973e-01
164 7.53906250000000e-01 5.68374633789062e-01
165 7.57324218750000e-01 5.73539972305298e-01
166 7.16796875000000e-01 5.13797760009766e-01
167 7.08496093750000e-01 5.01966714859009e-01
168 6.92871093750000e-01 4.80070352554321e-01
169 7.30957031250000e-01 5.34298181533813e-01
170 7.22167968750000e-01 5.21526575088501e-01
171 6.66503906250000e-01 4.44227457046509e-01
172 7.13867187500000e-01 5.09606361389160e-01
173 7.08496093750000e-01 5.01966714859009e-01
174 6.60156250000000e-01 4.35806274414062e-01
175 6.05468750000000e-01 3.66592407226562e-01
176 6.48437500000000e-01 4.20471191406250e-01
177 5.98632812500000e-01 3.58361244201660e-01
178 6.61621093750000e-01 4.37742471694946e-01
179 5.66894531250000e-01 3.21369409561157e-01
180 5.70312500000000e-01 3.25256347656250e-01
181 5.85449218750000e-01 3.42750787734985e-01
182 5.98144531250000e-01 3.57776880264282e-01
183 7.08007812500000e-01 5.01275062561035e-01
184 6.91406250000000e-01 4.78042602539062e-01
185 6.75781250000000e-01 4.56680297851562e-01
186 6.54785156250000e-01 4.28743600845337e-01
187 6.46484375000000e-01 4.17942047119141e-01
188 6.70410156250000e-01 4.49449777603149e-01
189 6.44531250000000e-01 4.15420532226562e-01
190 6.47949218750000e-01 4.19838190078735e-01
191 6.16210937500000e-01 3.79715919494629e-01
192 6.00585937500000e-01 3.60703468322754e-01
193 6.05468750000000e-01 3.66592407226562e-01
194 5.99121093750000e-01 3.58946084976196e-01
195 5.81054687500000e-01 3.37624549865723e-01
196 5.57128906250000e-01 3.10392618179321e-01
197 5.15136718750000e-01 2.65365839004517e-01
198 5.58593750000000e-01 3.12026977539062e-01
199 5.49804687500000e-01 3.02285194396973e-01
200 5.33203125000000e-01 2.84305572509766e-01
201 5.50292968750000e-01 3.02822351455688e-01
202 5.15136718750000e-01 2.65365839004517e-01
203 4.93652343750000e-01 2.43692636489868e-01
204 4.50683593750000e-01 2.03115701675415e-01
205 5.21972656250000e-01 2.72455453872681e-01
206 5.49316406250000e-01 3.01748514175415e-01
207 5.66406250000000e-01 3.20816040039062e-01
208 5.14160156250000e-01 2.64360666275024e-01
209 4.86816406250000e-01 2.36990213394165e-01
210 4.76562500000000e-01 2.27111816406250e-01
211 4.28222656250000e-01 1.83374643325806e-01
212 4.30664062500000e-01 1.85471534729004e-01
213 4.66308593750000e-01 2.17443704605103e-01
214 4.48730468750000e-01 2.01359033584595e-01
215 4.55078125000000e-01 2.07096099853516e-01
216 5.05859375000000e-01 2.55893707275391e-01
217 5.20996093750000e-01 2.71436929702759e-01
218 4.90722656250000e-01 2.40808725357056e-01
219 4.84863281250000e-01 2.35092401504517e-01
220 4.33593750000000e-01 1.88003540039062e-01
221 4.55078125000000e-01 2.07096099853516e-01
222 5.23437500000000e-01 2.73986816406250e-01
223 4.79492187500000e-01 2.29912757873535e-01
224 4.09667968750000e-01 1.67827844619751e-01
225 3.39355468750000e-01 1.15162134170532e-01
226 3.13964843750000e-01 9.85739231109619e-02
227 3.53515625000000e-01 1.24973297119141e-01
228 3.42285156250000e-01 1.17159128189087e-01
229 3.90625000000000e-01 1.52587890625000e-01
230 3.26660156250000e-01 1.06706857681274e-01
231 3.17382812500000e-01 1.00731849670410e-01
232 3.74511718750000e-01 1.40259027481079e-01
233 3.11523437500000e-01 9.70468521118164e-02
234 3.36914062500000e-01 1.13511085510254e-01
235 3.47167968750000e-01 1.20525598526001e-01
236 3.07128906250000e-01 9.43281650543213e-02
237 3.52050781250000e-01 1.23939752578735e-01
238 4.00390625000000e-01 1.60312652587891e-01
239 4.01367187500000e-01 1.61095619201660e-01
240 3.58886718750000e-01 1.28799676895142e-01
241 4.09179687500000e-01 1.67428016662598e-01
242 4.07714843750000e-01 1.66231393814087e-01
243 3.47656250000000e-01 1.20864868164062e-01
244 3.89160156250000e-01 1.51445627212524e-01
245 3.20800781250000e-01 1.02913141250610e-01
246 3.63281250000000e-01 1.31973266601562e-01
247 3.45703125000000e-01 1.19510650634766e-01
248 3.10546875000000e-01 9.64393615722656e-02
249 3.17871093750000e-01 1.01042032241821e-01
250 3.81835937500000e-01 1.45798683166504e-01
251 3.16406250000000e-01 1.00112915039062e-01
252 3.40820312500000e-01 1.16158485412598e-01
253 3.58398437500000e-01 1.28449440002441e-01
254 3.89160156250000e-01 1.51445627212524e-01
255 4.08203125000000e-01 1.66629791259766e-01
256 4.01855468750000e-01 1.61487817764282e-01
257 4.76074218750000e-01 2.26646661758423e-01
258 4.84863281250000e-01 2.35092401504517e-01
259 5.11230468750000e-01 2.61356592178345e-01
260 5.27343750000000e-01 2.78091430664062e-01
261 5.24902343750000e-01 2.75522470474243e-01
262 5.17578125000000e-01 2.67887115478516e-01
263 5.78613281250000e-01 3.34793329238892e-01
264 5.82519531250000e-01 3.39329004287720e-01
265 5.52246093750000e-01 3.04975748062134e-01
266 5.81542968750000e-01 3.38192224502563e-01
267 5.62500000000000e-01 3.16406250000000e-01
268 5.72753906250000e-01 3.28047037124634e-01
269 5.37597656250000e-01 2.89011240005493e-01
270 5.74218750000000e-01 3.29727172851562e-01
271 4.75585937500000e-01 2.26181983947754e-01
272 4.41406250000000e-01 1.94839477539062e-01
273 4.15527343750000e-01 1.72662973403931e-01
274 4.37500000000000e-01 1.91406250000000e-01
275 4.49218750000000e-01 2.01797485351562e-01
276 4.98535156250000e-01 2.48537302017212e-01
277 4.56542968750000e-01 2.08431482315063e-01
278 4.81933593750000e-01 2.32259988784790e-01
279 4.48730468750000e-01 2.01359033584595e-01
280 4.41894531250000e-01 1.95270776748657e-01
281 3.68652343750000e-01 1.35904550552368e-01
282 3.65234375000000e-01 1.33396148681641e-01
283 4.23339843750000e-01 1.79216623306274e-01
284 5.02929687500000e-01 2.52938270568848e-01
285 5.05859375000000e-01 2.55893707275391e-01
286 5.40039062500000e-01 2.91642189025879e-01
287 5.93261718750000e-01 3.51959466934204e-01
288 5.98632812500000e-01 3.58361244201660e-01
289 5.60546875000000e-01 3.14212799072266e-01
290 5.50292968750000e-01 3.02822351455688e-01
291 4.87304687500000e-01 2.37465858459473e-01
292 4.78027343750000e-01 2.28510141372681e-01
293 4.50195312500000e-01 2.02675819396973e-01
294 4.43847656250000e-01 1.97000741958618e-01
295 4.40917968750000e-01 1.94408655166626e-01
296 4.47753906250000e-01 2.00483560562134e-01
297 4.76074218750000e-01 2.26646661758423e-01
298 4.43359375000000e-01 1.96567535400391e-01
299 4.18457031250000e-01 1.75106287002563e-01
300 4.50683593750000e-01 2.03115701675415e-01
301 4.36035156250000e-01 1.90126657485962e-01
302 4.15527343750000e-01 1.72662973403931e-01
303 4.42382812500000e-01 1.95702552795410e-01
304 4.93164062500000e-01 2.43210792541504e-01
305 4.68261718750000e-01 2.19269037246704e-01
306 4.31640625000000e-01 1.86313629150391e-01
307 3.69628906250000e-01 1.36625528335571e-01
308 3.33007812500000e-01 1.10894203186035e-01
309 3.17871093750000e-01 1.01042032241821e-01
310 4.03808593750000e-01 1.63061380386353e-01
311 3.56445312500000e-01 1.27053260803223e-01
312 3.43261718750000e-01 1.17828607559204e-01
313 3.65722656250000e-01 1.33753061294556e-01
314 3.39355468750000e-01 1.15162134170532e-01
315 3.65722656250000e-01 1.33753061294556e-01
316 3.82812500000000e-01 1.46545410156250e-01
317 3.98925781250000e-01 1.59141778945923e-01
318 3.93554687500000e-01 1.54885292053223e-01
319 4.77050781250000e-01 2.27577447891235e-01
320 4.27246093750000e-01 1.82539224624634e-01
321 4.38476562500000e-01 1.92261695861816e-01
322 4.83886718750000e-01 2.34146356582642e-01
323 5.74218750000000e-01 3.29727172851562e-01
324 5.28808593750000e-01 2.79638528823853e-01
325 5.26367187500000e-01 2.77062416076660e-01
326 5.18066406250000e-01 2.68392801284790e-01
327 5.98144531250000e-01 3.57776880264282e-01
328 5.25878906250000e-01 2.76548624038696e-01
329 5.33691406250000e-01 2.84826517105103e-01
330 5.19531250000000e-01 2.69912719726562e-01
331 5.56152343750000e-01 3.09305429458618e-01
332 5.65429687500000e-01 3.19710731506348e-01
333 5.80078125000000e-01 3.36490631103516e-01
334 5.31250000000000e-01 2.82226562500000e-01
335 5.50292968750000e-01 3.02822351455688e-01
336 5.00488281250000e-01 2.50488519668579e-01
337 5.23437500000000e-01 2.73986816406250e-01
338 5.89843750000000e-01 3.47915649414062e-01
339 6.02050781250000e-01 3.62465143203735e-01
340 5.86914062500000e-01 3.44468116760254e-01
341 6.25976562500000e-01 3.91846656799316e-01
342 6.29882812500000e-01 3.96752357482910e-01
343 5.78613281250000e-01 3.34793329238892e-01
344 5.49316406250000e-01 3.01748514175415e-01
345 5.12207031250000e-01 2.62356042861938e-01
346 5.65917968750000e-01 3.20263147354126e-01
347 4.84375000000000e-01 2.34619140625000e-01
348 4.97558593750000e-01 2.47564554214478e-01
349 5.51269531250000e-01 3.03898096084595e-01
350 5.38574218750000e-01 2.90062189102173e-01
351 5.21484375000000e-01 2.71945953369141e-01
352 5.53710937500000e-01 3.06595802307129e-01
353 5.44433593750000e-01 2.96407938003540e-01
354 5.03417968750000e-01 2.53429651260376e-01
355 5.34667968750000e-01 2.85869836807251e-01
356 5.47363281250000e-01 2.99606561660767e-01
357 5.69335937500000e-01 3.24143409729004e-01
358 5.98144531250000e-01 3.57776880264282e-01
359 5.95703125000000e-01 3.54862213134766e-01
360 5.86425781250000e-01 3.43895196914673e-01
361 6.06445312500000e-01 3.67775917053223e-01
362 5.75195312500000e-01 3.30849647521973e-01
363 6.41113281250000e-01 4.11026239395142e-01
364 6.19628906250000e-01 3.83939981460571e-01
365 6.26953125000000e-01 3.93070220947266e-01
366 6.30371093750000e-01 3.97367715835571e-01
367 5.95214843750000e-01 3.54280710220337e-01
368 6.02539062500000e-01 3.63053321838379e-01
369 6.24023437500000e-01 3.89405250549316e-01
370 5.84960937500000e-01 3.42179298400879e-01
371 6.25976562500000e-01 3.91846656799316e-01
372 5.35644531250000e-01 2.86915063858032e-01
373 5.64941406250000e-01 3.19158792495728e-01
374 5.13183593750000e-01 2.63357400894165e-01
375 5.49316406250000e-01 3.01748514175415e-01
376 4.56054687500000e-01 2.07985877990723e-01
377 4.87304687500000e-01 2.37465858459473e-01
378 4.92187500000000e-01 2.42248535156250e-01
379 4.45800781250000e-01 1.98738336563110e-01
380 4.01367187500000e-01 1.61095619201660e-01
381 3.62792968750000e-01 1.31618738174438e-01
382 2.91015625000000e-01 8.46900939941406e-02
383 2.78808593750000e-01 7.77342319488525e-02
384 2.78320312500000e-01 7.74621963500977e-02
385 2.32910156250000e-01 5.42471408843994e-02
386 2.73437500000000e-01 7.47680664062500e-02
387 3.39843750000000e-01 1.15493774414062e-01
388 3.24707031250000e-01 1.05434656143188e-01
389 3.06640625000000e-01 9.40284729003906e-02
390 3.05664062500000e-01 9.34305191040039e-02
391 3.06152343750000e-01 9.37292575836182e-02
392 2.86132812500000e-01 8.18719863891602e-02
393 1.94335937500000e-01 3.77664566040039e-02
394 1.34765625000000e-01 1.81617736816406e-02
395 1.19140625000000e-01 1.41944885253906e-02
396 1.12792968750000e-01 1.27222537994385e-02
397 1.21093750000000e-01 1.46636962890625e-02
398 9.96093750000000e-02 9.92202758789062e-03
399 1.14257812500000e-01 1.30548477172852e-02
400 6.39648437500000e-02 4.09150123596191e-03
401 1.17187500000000e-02 1.37329101562500e-04
402 3.27148437500000e-02 1.07026100158691e-03
403 4.29687500000000e-02 1.84631347656250e-03
404 4.54101562500000e-02 2.06208229064941e-03
405 1.16210937500000e-01 1.35049819946289e-02
406 1.36230468750000e-01 1.85587406158447e-02
407 1.12792968750000e-01 1.27222537994385e-02
408 1.07421875000000e-01 1.15394592285156e-02
409 1.32324218750000e-01 1.75096988677979e-02
410 1.60156250000000e-01 2.56500244140625e-02
411 2.25585937500000e-01 5.08890151977539e-02
412 1.71386718750000e-01 2.93734073638916e-02
413 2.21191406250000e-01 4.89256381988525e-02
414 2.26074218750000e-01 5.11095523834229e-02
415 2.09472656250000e-01 4.38787937164307e-02
416 2.93457031250000e-01 8.61170291900635e-02
417 2.96875000000000e-01 8.81347656250000e-02
418 3.15917968750000e-01 9.98041629791260e-02
419 3.31054687500000e-01 1.09597206115723e-01
420 4.07714843750000e-01 1.66231393814087e-01
421 4.28222656250000e-01 1.83374643325806e-01
422 3.51562500000000e-01 1.23596191406250e-01
423 3.30566406250000e-01 1.09274148941040e-01
424 2.97851562500000e-01 8.87155532836914e-02
425 3.09570312500000e-01 9.58337783813477e-02
426 3.12011718750000e-01 9.73513126373291e-02
427 3.51562500000000e-01 1.23596191406250e-01
428 3.52050781250000e-01 1.23939752578735e-01
429 4.31640625000000e-01 1.86313629150391e-01
430 4.58007812500000e-01 2.09771156311035e-01
431 4.76074218750000e-01 2.26646661758423e-01
432 4.73632812500000e-01 2.24328041076660e-01
433 5.00976562500000e-01 2.50977516174316e-01
434 5.14160156250000e-01 2.64360666275024e-01
435 5.87890625000000e-01 3.45615386962891e-01
436 5.93750000000000e-01 3.52539062500000e-01
437 5.62500000000000e-01 3.16406250000000e-01
438 5.80078125000000e-01 3.36490631103516e-01
439 5.33203125000000e-01 2.84305572509766e-01
440 4.67773437500000e-01 2.18811988830566e-01
441 5.25390625000000e-01 2.76035308837891e-01
442 5.33691406250000e-01 2.84826517105103e-01
443 5.99121093750000e-01 3.58946084976196e-01
444 5.88378906250000e-01 3.46189737319946e-01
445 6.00097656250000e-01 3.60117197036743e-01
446 6.94335937500000e-01 4.82102394104004e-01
447 6.38183593750000e-01 4.07278299331665e-01
448 6.51367187500000e-01 4.24279212951660e-01
449 6.27929687500000e-01 3.94295692443848e-01
450 5.53710937500000e-01 3.06595802307129e-01
451 5.76660156250000e-01 3.32536935806274e-01
452 4.82421875000000e-01 2.32730865478516e-01
453 4.58007812500000e-01 2.09771156311035e-01
454 4.66308593750000e-01 2.17443704605103e-01
455 5.54199218750000e-01 3.07136774063110e-01
456 6.04492187500000e-01 3.65410804748535e-01
457 6.12792968750000e-01 3.75515222549438e-01
458 6.28417968750000e-01 3.94909143447876e-01
459 6.50390625000000e-01 4.23007965087891e-01
460 7.26074218750000e-01 5.27183771133423e-01
461 6.76269531250000e-01 4.57340478897095e-01
462 6.89941406250000e-01 4.76019144058228e-01
463 6.83593750000000e-01 4.67300415039062e-01
464 6.97753906250000e-01 4.86860513687134e-01
465 6.31347656250000e-01 3.98599863052368e-01
466 6.41601562500000e-01 4.11652565002441e-01
467 6.87011718750000e-01 4.71985101699829e-01
468 6.52343750000000e-01 4.25552368164062e-01
469 6.64062500000000e-01 4.40979003906250e-01
470 6.61132812500000e-01 4.37096595764160e-01
471 5.97656250000000e-01 3.57192993164062e-01
472 6.19140625000000e-01 3.83335113525391e-01
473 6.32812500000000e-01 4.00451660156250e-01
474 5.92285156250000e-01 3.50801706314087e-01
475 6.04003906250000e-01 3.64820718765259e-01
476 5.93261718750000e-01 3.51959466934204e-01
477 5.90820312500000e-01 3.49068641662598e-01
478 5.85449218750000e-01 3.42750787734985e-01
479 5.38085937500000e-01 2.89536476135254e-01
480 5.34179687500000e-01 2.85347938537598e-01
481 5.07324218750000e-01 2.57377862930298e-01
482 5.18066406250000e-01 2.68392801284790e-01
483 5.99609375000000e-01 3.59531402587891e-01
484 5.30761718750000e-01 2.81708002090454e-01
485 5.35156250000000e-01 2.86392211914062e-01
486 6.10351562500000e-01 3.72529029846191e-01
487 6.22558593750000e-01 3.87579202651978e-01
488 5.68847656250000e-01 3.23587656021118e-01
489 5.50292968750000e-01 3.02822351455688e-01
490 6.14746093750000e-01 3.77912759780884e-01
491 5.69335937500000e-01 3.24143409729004e-01
492 5.92773437500000e-01 3.51380348205566e-01
493 5.11718750000000e-01 2.61856079101562e-01
494 5.46875000000000e-01 2.99072265625000e-01
495 5.42968750000000e-01 2.94815063476562e-01
496 5.52246093750000e-01 3.04975748062134e-01
497 5.76660156250000e-01 3.32536935806274e-01
498 6.06933593750000e-01 3.68368387222290e-01
499 5.79101562500000e-01 3.35358619689941e-01
500 5.92773437500000e-01 3.51380348205566e-01
501 6.31835937500000e-01 3.99216651916504e-01
502 6.31347656250000e-01 3.98599863052368e-01
503 6.71875000000000e-01 4.51416015625000e-01
504 6.63574218750000e-01 4.40330743789673e-01
505 6.57226562500000e-01 4.31946754455566e-01
506 6.41601562500000e-01 4.11652565002441e-01
507 6.45019531250000e-01 4.16050195693970e-01
508 6.30371093750000e-01 3.97367715835571e-01
509 6.32324218750000e-01 3.99833917617798e-01
510 5.83984375000000e-01 3.41037750244141e-01
511 5.88867187500000e-01 3.46764564514160e-01
512 6.03515625000000e-01 3.64231109619141e-01
513 6.07910156250000e-01 3.69554758071899e-01
514 6.66503906250000e-01 4.44227457046509e-01
515 6.39648437500000e-01 4.09150123596191e-01
516 6.22070312500000e-01 3.86971473693848e-01
517 6.58691406250000e-01 4.33874368667603e-01
518 6.03515625000000e-01 3.64231109619141e-01
519 5.74218750000000e-01 3.29727172851562e-01
520 5.00000000000000e-01 2.50000000000000e-01
521 4.91699218750000e-01 2.41768121719360e-01
522 4.37500000000000e-01 1.91406250000000e-01
523 4.49218750000000e-01 2.01797485351562e-01
524 4.40429687500000e-01 1.93978309631348e-01
525 4.09179687500000e-01 1.67428016662598e-01
526 4.68261718750000e-01 2.19269037246704e-01
527 4.88281250000000e-01 2.38418579101562e-01
528 5.00000000000000e-01 2.50000000000000e-01
529 6.09863281250000e-01 3.71933221817017e-01
530 6.27441406250000e-01 3.93682718276978e-01
531 6.09863281250000e-01 3.71933221817017e-01
532 6.91894531250000e-01 4.78718042373657e-01
533 7.02636718750000e-01 4.93698358535767e-01
534 6.90917968750000e-01 4.77367639541626e-01
535 6.98242187500000e-01 4.87542152404785e-01
536 6.57714843750000e-01 4.32588815689087e-01
537 7.53417968750000e-01 5.67638635635376e-01
538 7.54882812500000e-01 5.69848060607910e-01
539 7.59277343750000e-01 5.76502084732056e-01
540 7.70996093750000e-01 5.94434976577759e-01
541 7.83691406250000e-01 6.14172220230103e-01
542 7.66601562500000e-01 5.87677955627441e-01
543 7.10449218750000e-01 5.04738092422485e-01
544 7.52441406250000e-01 5.66168069839478e-01
545 7.16308593750000e-01 5.13098001480103e-01
546 7.46093750000000e-01 5.56655883789062e-01
547 7.13378906250000e-01 5.08909463882446e-01
548 7.39257812500000e-01 5.46502113342285e-01
549 7.11914062500000e-01 5.06821632385254e-01
550 6.70898437500000e-01 4.50104713439941e-01
551 7.01171875000000e-01 4.91641998291016e-01
552 7.09960937500000e-01 5.04044532775879e-01
553 7.03613281250000e-01 4.95071649551392e-01
554 6.98242187500000e-01 4.87542152404785e-01
555 6.75292968750000e-01 4.56020593643188e-01
556 7.06054687500000e-01 4.98513221740723e-01
557 6.34277343750000e-01 4.02307748794556e-01
558 6.25488281250000e-01 3.91235589981079e-01
559 7.11425781250000e-01 5.06126642227173e-01
560 7.07031250000000e-01 4.99893188476562e-01
561 7.24121093750000e-01 5.24351358413696e-01
562 7.49511718750000e-01 5.61767816543579e-01
563 7.36816406250000e-01 5.42898416519165e-01
564 7.15332031250000e-01 5.11699914932251e-01
565 6.90429687500000e-01 4.76693153381348e-01
566 6.80664062500000e-01 4.63303565979004e-01
567 6.91894531250000e-01 4.78718042373657e-01
568 6.99707031250000e-01 4.89589929580688e-01
569 6.70898437500000e-01 4.50104713439941e-01
570 7.48046875000000e-01 5.59574127197266e-01
571 7.28027343750000e-01 5.30023813247681e-01
572 7.30957031250000e-01 5.34298181533813e-01
573 7.37792968750000e-01 5.44338464736938e-01
574 7.43652343750000e-01 5.53018808364868e-01
575 7.45605468750000e-01 5.55927515029907e-01
576 7.70996093750000e-01 5.94434976577759e-01
577 7.50976562500000e-01 5.63965797424316e-01
578 7.29003906250000e-01 5.31446695327759e-01
579 6.84082031250000e-01 4.67968225479126e-01
580 5.80566406250000e-01 3.37057352066040e-01
581 5.35644531250000e-01 2.86915063858032e-01
582 6.09375000000000e-01 3.71337890625000e-01
583 6.01074218750000e-01 3.61290216445923e-01
584 6.17675781250000e-01 3.81523370742798e-01
585 6.29882812500000e-01 3.96752357482910e-01
586 6.25488281250000e-01 3.91235589981079e-01
587 6.44042968750000e-01 4.14791345596313e-01
588 6.16699218750000e-01 3.80317926406860e-01
589 6.17187500000000e-01 3.80920410156250e-01
590 5.52734375000000e-01 3.05515289306641e-01
591 5.73730468750000e-01 3.29166650772095e-01
592 5.63964843750000e-01 3.18056344985962e-01
593 5.68359375000000e-01 3.23032379150391e-01
594 4.87304687500000e-01 2.37465858459473e-01
595 5.24902343750000e-01 2.75522470474243e-01
596 4.94140625000000e-01 2.44174957275391e-01
597 4.23339843750000e-01 1.79216623306274e-01
598 3.60351562500000e-01 1.29853248596191e-01
599 2.89062500000000e-01 8.35571289062500e-02
600 2.47070312500000e-01 6.10437393188477e-02
601 1.92871093750000e-01 3.71992588043213e-02
602 1.30859375000000e-01 1.71241760253906e-02
603 1.08398437500000e-01 1.17502212524414e-02
604 8.25195312500000e-02 6.80947303771973e-03
605 4.73632812500000e-02 2.24328041076660e-03
606 3.07617187500000e-02 9.46283340454102e-04
607 1.56250000000000e-02 2.44140625000000e-04
608 1.36718750000000e-02 1.86920166015625e-04
609 5.95703125000000e-02 3.54862213134766e-03
610 1.85546875000000e-02 3.44276428222656e-04
611 4.49218750000000e-02 2.01797485351562e-03
612 8.15429687500000e-02 6.64925575256348e-03
613 5.02929687500000e-02 2.52938270568848e-03
614 9.17968750000000e-02 8.42666625976562e-03
615 1.27929687500000e-01 1.63660049438477e-02
616 4.88281250000000e-03 2.38418579101562e-05
617 7.08007812500000e-02 5.01275062561035e-03
618 7.37304687500000e-02 5.43618202209473e-03
619 6.83593750000000e-02 4.67300415039062e-03
620 1.36718750000000e-02 1.86920166015625e-04
621 1.05468750000000e-01 1.11236572265625e-02
622 3.22265625000000e-02 1.03855133056641e-03
623 4.49218750000000e-02 2.01797485351562e-03
624 7.32421875000000e-02 5.36441802978516e-03
625 9.57031250000000e-02 9.15908813476562e-03
626 9.17968750000000e-02 8.42666625976562e-03
627 1.13281250000000e-01 1.28326416015625e-02
628 1.41601562500000e-01 2.00510025024414e-02
629 8.00781250000000e-02 6.41250610351562e-03
630 1.00585937500000e-01 1.01175308227539e-02
631 5.66406250000000e-02 3.20816040039062e-03
632 2.44140625000000e-03 5.96046447753906e-06
633 1.56250000000000e-02 2.44140625000000e-04
634 1.66015625000000e-02 2.75611877441406e-04
635 6.59179687500000e-02 4.34517860412598e-03
636 8.74023437500000e-02 7.63916969299316e-03
637 5.17578125000000e-02 2.67887115478516e-03
638 7.71484375000000e-02 5.95188140869141e-03
639 7.86132812500000e-02 6.18004798889160e-03
640 7.91015625000000e-02 6.25705718994141e-03
641 8.10546875000000e-02 6.56986236572266e-03
642 7.22656250000000e-02 5.22232055664062e-03
643 1.17187500000000e-02 1.37329101562500e-04
644 2.34375000000000e-02 5.49316406250000e-04
645 1.56250000000000e-02 2.44140625000000e-04
646 3.46679687500000e-02 1.20186805725098e-03
647 3.07617187500000e-02 9.46283340454102e-04
648 7.12890625000000e-02 5.08213043212891e-03
649 1.00097656250000e-01 1.00195407867432e-02
650 1.30371093750000e-01 1.69966220855713e-02
651 1.08886718750000e-01 1.18563175201416e-02
652 7.66601562500000e-02 5.87677955627441e-03
653 7.37304687500000e-02 5.43618202209473e-03
654 8.00781250000000e-02 6.41250610351562e-03
655 7.08007812500000e-02 5.01275062561035e-03
656 2.12402343750000e-01 4.51147556304932e-02
657 2.59277343750000e-01 6.72247409820557e-02
658 2.57324218750000e-01 6.62157535552979e-02
659 3.08593750000000e-01 9.52301025390625e-02
660 3.02734375000000e-01 9.16481018066406e-02
661 2.62695312500000e-01 6.90088272094727e-02
662 2.44628906250000e-01 5.98433017730713e-02
663 1.88476562500000e-01 3.55234146118164e-02
664 2.10449218750000e-01 4.42888736724854e-02
665 2.08007812500000e-01 4.32672500610352e-02
666 2.24121093750000e-01 5.02302646636963e-02
667 2.87109375000000e-01 8.24317932128906e-02
668 3.42773437500000e-01 1.17493629455566e-01
669 2.53906250000000e-01 6.44683837890625e-02
670 2.55859375000000e-01 6.54640197753906e-02
671 2.27539062500000e-01 5.17740249633789e-02
672 2.65136718750000e-01 7.02974796295166e-02
673 2.43652343750000e-01 5.93664646148682e-02
674 2.50976562500000e-01 6.29892349243164e-02
675 3.24218750000000e-01 1.05117797851562e-01
676 3.13964843750000e-01 9.85739231109619e-02
677 4.02343750000000e-01 1.61880493164062e-01
678 3.74023437500000e-01 1.39893531799316e-01
679 3.36914062500000e-01 1.13511085510254e-01
680 3.36914062500000e-01 1.13511085510254e-01
681 3.42773437500000e-01 1.17493629455566e-01
682 2.58300781250000e-01 6.67192935943604e-02
683 2.93457031250000e-01 8.61170291900635e-02
684 3.91113281250000e-01 1.52969598770142e-01
685 3.53515625000000e-01 1.24973297119141e-01
686 4.44824218750000e-01 1.97868585586548e-01
687 3.43261718750000e-01 1.17828607559204e-01
688 3.10058593750000e-01 9.61363315582275e-02
689 3.49121093750000e-01 1.21885538101196e-01
690 4.10156250000000e-01 1.68228149414062e-01
691 4.41406250000000e-01 1.94839477539062e-01
692 4.58007812500000e-01 2.09771156311035e-01
693 5.17089843750000e-01 2.67381906509399e-01
694 4.50195312500000e-01 2.02675819396973e-01
695 3.95996093750000e-01 1.56812906265259e-01
696 4.16992187500000e-01 1.73882484436035e-01
697 3.87207031250000e-01 1.49929285049438e-01
698 3.75000000000000e-01 1.40625000000000e-01
699 3.78906250000000e-01 1.43569946289062e-01
700 3.92089843750000e-01 1.53734445571899e-01
701 3.95996093750000e-01 1.56812906265259e-01
702 3.40332031250000e-01 1.15825891494751e-01
703 3.66210937500000e-01 1.34110450744629e-01
704 3.43750000000000e-01 1.18164062500000e-01
705 4.23339843750000e-01 1.79216623306274e-01
706 4.18945312500000e-01 1.75515174865723e-01
707 4.36035156250000e-01 1.90126657485962e-01
708 4.23828125000000e-01 1.79630279541016e-01
709 4.07714843750000e-01 1.66231393814087e-01
710 4.59960937500000e-01 2.11564064025879e-01
711 4.19921875000000e-01 1.76334381103516e-01
712 4.57519531250000e-01 2.09324121475220e-01
713 5.03906250000000e-01 2.53921508789062e-01
714 4.96093750000000e-01 2.46109008789062e-01
715 4.87304687500000e-01 2.37465858459473e-01
716 4.45800781250000e-01 1.98738336563110e-01
717 4.50683593750000e-01 2.03115701675415e-01
718 4.77050781250000e-01 2.27577447891235e-01
719 4.99023437500000e-01 2.49024391174316e-01
720 4.35058593750000e-01 1.89275979995728e-01
721 5.26367187500000e-01 2.77062416076660e-01
722 5.01953125000000e-01 2.51956939697266e-01
723 4.58496093750000e-01 2.10218667984009e-01
724 4.39453125000000e-01 1.93119049072266e-01
725 4.69726562500000e-01 2.20643043518066e-01
726 4.49707031250000e-01 2.02236413955688e-01
727 5.55175781250000e-01 3.08220148086548e-01
728 5.31250000000000e-01 2.82226562500000e-01
729 5.56640625000000e-01 3.09848785400391e-01
730 5.27832031250000e-01 2.78606653213501e-01
731 4.82421875000000e-01 2.32730865478516e-01
732 4.53613281250000e-01 2.05765008926392e-01
733 4.54589843750000e-01 2.06651926040649e-01
734 4.18457031250000e-01 1.75106287002563e-01
735 4.87792968750000e-01 2.37941980361938e-01
736 4.51660156250000e-01 2.03996896743774e-01
737 4.51171875000000e-01 2.03556060791016e-01
738 3.99414062500000e-01 1.59531593322754e-01
739 4.36035156250000e-01 1.90126657485962e-01
740 4.78515625000000e-01 2.28977203369141e-01
741 4.16992187500000e-01 1.73882484436035e-01
742 4.18457031250000e-01 1.75106287002563e-01
743 4.07226562500000e-01 1.65833473205566e-01
744 2.61718750000000e-01 6.84967041015625e-02
745 3.01269531250000e-01 9.07633304595947e-02
746 2.35839843750000e-01 5.56204319000244e-02
747 1.55761718750000e-01 2.42617130279541e-02
748 1.79687500000000e-01 3.22875976562500e-02
749 1.91406250000000e-01 3.66363525390625e-02
750 2.47070312500000e-01 6.10437393188477e-02
751 2.71972656250000e-01 7.39691257476807e-02
752 1.71875000000000e-01 2.95410156250000e-02
753 2.14355468750000e-01 4.59482669830322e-02
754 1.97265625000000e-01 3.89137268066406e-02
755 1.93847656250000e-01 3.75769138336182e-02
756 2.02148437500000e-01 4.08639907836914e-02
757 1.52832031250000e-01 2.33576297760010e-02
758 2.15332031250000e-01 4.63678836822510e-02
759 2.37304687500000e-01 5.63135147094727e-02
760 2.31445312500000e-01 5.35669326782227e-02
761 2.36328125000000e-01 5.58509826660156e-02
762 1.65527343750000e-01 2.73993015289307e-02
763 1.66992187500000e-01 2.78863906860352e-02
764 1.24511718750000e-01 1.55031681060791e-02
765 1.23046875000000e-01 1.51405334472656e-02
766 1.38183593750000e-01 1.90947055816650e-02
767 2.37792968750000e-01 5.65454959869385e-02
768 2.07031250000000e-01 4.28619384765625e-02
769 2.73925781250000e-01 7.50353336334229e-02
770 2.63183593750000e-01 6.92656040191650e-02
771 2.72949218750000e-01 7.45012760162354e-02
772 3.22753906250000e-01 1.04170083999634e-01
773 3.49609375000000e-01 1.22226715087891e-01
774 3.43750000000000e-01 1.18164062500000e-01
775 2.81250000000000e-01 7.91015625000000e-02
776 2.70996093750000e-01 7.34388828277588e-02
777 2.52441406250000e-01 6.37266635894775e-02
778 2.12890625000000e-01 4.53224182128906e-02
779 1.88476562500000e-01 3.55234146118164e-02
780 1.66503906250000e-01 2.77235507965088e-02
781 1.41113281250000e-01 1.99129581451416e-02
782 1.30859375000000e-01 1.71241760253906e-02
783 1.22070312500000e-01 1.49011611938477e-02
784 6.20117187500000e-02 3.84545326232910e-03
785 3.90625000000000e-02 1.52587890625000e-03
786 6.59179687500000e-02 4.34517860412598e-03
787 4.73632812500000e-02 2.24328041076660e-03
788 3.90625000000000e-03 1.52587890625000e-05
789 2.05078125000000e-02 4.20570373535156e-04
790 4.98046875000000e-02 2.48050689697266e-03
791 4.98046875000000e-02 2.48050689697266e-03
792 3.80859375000000e-02 1.45053863525391e-03
793 9.52148437500000e-02 9.06586647033691e-03
794 4.29687500000000e-02 1.84631347656250e-03
795 6.20117187500000e-02 3.84545326232910e-03
796 5.85937500000000e-03 3.43322753906250e-05
797 1.26953125000000e-02 1.61170959472656e-04
798 9.37500000000000e-02 8.78906250000000e-03
799 1.04492187500000e-01 1.09186172485352e-02
800 1.11328125000000e-01 1.23939514160156e-02
801 6.78710937500000e-02 4.60648536682129e-03
802 1.14746093750000e-01 1.31666660308838e-02
803 7.51953125000000e-02 5.65433502197266e-03
804 1.18652343750000e-01 1.40783786773682e-02
805 1.30371093750000e-01 1.69966220855713e-02
806 6.54296875000000e-02 4.28104400634766e-03
807 3.90625000000000e-03 1.52587890625000e-05
808 9.57031250000000e-02 9.15908813476562e-03
809 7.81250000000000e-02 6.10351562500000e-03
810 1.07910156250000e-01 1.16446018218994e-02
811 1.04003906250000e-01 1.08168125152588e-02
812 1.00097656250000e-01 1.00195407867432e-02
813 7.76367187500000e-02 6.02746009826660e-03
814 8.98437500000000e-02 8.07189941406250e-03
815 1.19628906250000e-01 1.43110752105713e-02
816 1.10351562500000e-01 1.21774673461914e-02
817 1.09375000000000e-01 1.19628906250000e-02
818 2.17285156250000e-01 4.72128391265869e-02
819 2.10937500000000e-01 4.44946289062500e-02
820 2.44140625000000e-01 5.96046447753906e-02
821 1.68457031250000e-01 2.83777713775635e-02
822 2.50976562500000e-01 6.29892349243164e-02
823 2.16796875000000e-01 4.70008850097656e-02
824 2.35839843750000e-01 5.56204319000244e-02
825 1.91406250000000e-01 3.66363525390625e-02
826 2.66601562500000e-01 7.10763931274414e-02
827 3.02246093750000e-01 9.13527011871338e-02
828 3.37402343750000e-01 1.13840341567993e-01
829 4.06250000000000e-01 1.65039062500000e-01
830 4.63378906250000e-01 2.14720010757446e-01
831 3.88183593750000e-01 1.50686502456665e-01
832 3.39843750000000e-01 1.15493774414062e-01
833 2.32910156250000e-01 5.42471408843994e-02
834 2.04589843750000e-01 4.18570041656494e-02
835 1.17675781250000e-01 1.38475894927979e-02
836 7.91015625000000e-02 6.25705718994141e-03
837 1.03027343750000e-01 1.06146335601807e-02
838 7.56835937500000e-02 5.72800636291504e-03
839 1.39648437500000e-01 1.95016860961914e-02
840 1.06445312500000e-01 1.13306045532227e-02
841 6.88476562500000e-02 4.73999977111816e-03
842 1.12792968750000e-01 1.27222537994385e-02
843 1.55273437500000e-01 2.41098403930664e-02
844 1.04003906250000e-01 1.08168125152588e-02
845 6.39648437500000e-02 4.09150123596191e-03
846 1.08398437500000e-01 1.17502212524414e-02
847 2.32421875000000e-01 5.40199279785156e-02
848 2.08496093750000e-01 4.34706211090088e-02
849 1.20117187500000e-01 1.44281387329102e-02
850 1.28417968750000e-01 1.64911746978760e-02
851 1.55273437500000e-01 2.41098403930664e-02
852 1.74316406250000e-01 3.03862094879150e-02
853 2.50976562500000e-01 6.29892349243164e-02
854 2.90039062500000e-01 8.41226577758789e-02
855 3.26660156250000e-01 1.06706857681274e-01
856 2.98339843750000e-01 8.90066623687744e-02
857 2.09960937500000e-01 4.40835952758789e-02
858 1.79199218750000e-01 3.21123600006104e-02
859 1.79199218750000e-01 3.21123600006104e-02
860 1.45507812500000e-01 2.11725234985352e-02
861 1.00585937500000e-01 1.01175308227539e-02
862 4.88281250000000e-03 2.38418579101562e-05
863 1.36718750000000e-02 1.86920166015625e-04
864 6.00585937500000e-02 3.60703468322754e-03
865 6.00585937500000e-02 3.60703468322754e-03
866 5.37109375000000e-02 2.88486480712891e-03
867 6.98242187500000e-02 4.87542152404785e-03
868 8.20312500000000e-02 6.72912597656250e-03
869 7.76367187500000e-02 6.02746009826660e-03
870 1.42578125000000e-01 2.03285217285156e-02
871 1.04980468750000e-01 1.10208988189697e-02
872 2.00195312500000e-01 4.00781631469727e-02
873 1.91406250000000e-01 3.66363525390625e-02
874 2.03613281250000e-01 4.14583683013916e-02
875 1.90429687500000e-01 3.62634658813477e-02
876 2.30468750000000e-01 5.31158447265625e-02
877 1.80175781250000e-01 3.24633121490479e-02
878 2.49511718750000e-01 6.22560977935791e-02
879 2.91992187500000e-01 8.52594375610352e-02
880 3.08593750000000e-01 9.52301025390625e-02
881 3.34960937500000e-01 1.12198829650879e-01
882 3.82812500000000e-01 1.46545410156250e-01
883 3.30566406250000e-01 1.09274148941040e-01
884 3.42773437500000e-01 1.17493629455566e-01
885 3.58886718750000e-01 1.28799676895142e-01
886 3.56445312500000e-01 1.27053260803223e-01
887 3.79394531250000e-01 1.43940210342407e-01
888 3.10546875000000e-01 9.64393615722656e-02
889 2.98828125000000e-01 8.92982482910156e-02
890 4.27734375000000e-01 1.82956695556641e-01
891 4.22851562500000e-01 1.78803443908691e-01
892 3.87207031250000e-01 1.49929285049438e-01
893 3.76953125000000e-01 1.42093658447266e-01
894 4.34570312500000e-01 1.88851356506348e-01
895 4.44824218750000e-01 1.97868585586548e-01
896 5.00488281250000e-01 2.50488519668579e-01
897 5.36132812500000e-01 2.87438392639160e-01
898 5.22460937500000e-01 2.72965431213379e-01
899 4.58984375000000e-01 2.10666656494141e-01
900 4.79492187500000e-01 2.29912757873535e-01
901 5.18066406250000e-01 2.68392801284790e-01
902 5.89843750000000e-01 3.47915649414062e-01
903 5.83007812500000e-01 3.39898109436035e-01
904 5.71289062500000e-01 3.26371192932129e-01
905 6.04492187500000e-01 3.65410804748535e-01
906 6.36718750000000e-01 4.05410766601562e-01
907 6.63085937500000e-01 4.39682960510254e-01
908 6.22070312500000e-01 3.86971473693848e-01
909 5.83496093750000e-01 3.40467691421509e-01
910 6.13281250000000e-01 3.76113891601562e-01
911 5.60546875000000e-01 3.14212799072266e-01
912 5.94238281250000e-01 3.53119134902954e-01
913 6.33300781250000e-01 4.01069879531860e-01
914 5.91308593750000e-01 3.49645853042603e-01
915 6.05957031250000e-01 3.67183923721313e-01
916 5.72753906250000e-01 3.28047037124634e-01
917 5.45410156250000e-01 2.97472238540649e-01
918 5.64941406250000e-01 3.19158792495728e-01
919 5.76660156250000e-01 3.32536935806274e-01
920 6.03515625000000e-01 3.64231109619141e-01
921 5.83007812500000e-01 3.39898109436035e-01
922 6.21582031250000e-01 3.86364221572876e-01
923 6.33300781250000e-01 4.01069879531860e-01
924 5.80078125000000e-01 3.36490631103516e-01
925 5.62988281250000e-01 3.16955804824829e-01
926 6.43066406250000e-01 4.13534402847290e-01
927 6.32324218750000e-01 3.99833917617798e-01
928 5.71777343750000e-01 3.26929330825806e-01
929 5.37109375000000e-01 2.88486480712891e-01
930 5.02441406250000e-01 2.52447366714478e-01
931 4.60449218750000e-01 2.12013483047485e-01
932 4.68750000000000e-01 2.19726562500000e-01
933 4.83398437500000e-01 2.33674049377441e-01
934 4.72167968750000e-01 2.22942590713501e-01
935 4.86328125000000e-01 2.36515045166016e-01
936 5.58593750000000e-01 3.12026977539062e-01
937 5.31250000000000e-01 2.82226562500000e-01
938 6.24511718750000e-01 3.90014886856079e-01
939 5.69335937500000e-01 3.24143409729004e-01
940 5.70800781250000e-01 3.25813531875610e-01
941 5.58593750000000e-01 3.12026977539062e-01
942 5.29296875000000e-01 2.80155181884766e-01
943 5.03417968750000e-01 2.53429651260376e-01
944 4.72656250000000e-01 2.23403930664062e-01
945 4.94628906250000e-01 2.44657754898071e-01
946 4.18945312500000e-01 1.75515174865723e-01
947 3.58398437500000e-01 1.28449440002441e-01
948 3.36914062500000e-01 1.13511085510254e-01
949 3.88183593750000e-01 1.50686502456665e-01
950 3.87695312500000e-01 1.50307655334473e-01
951 3.66699218750000e-01 1.34468317031860e-01
952 3.92089843750000e-01 1.53734445571899e-01
953 3.54980468750000e-01 1.26011133193970e-01
954 3.81835937500000e-01 1.45798683166504e-01
955 4.37500000000000e-01 1.91406250000000e-01
956 4.32128906250000e-01 1.86735391616821e-01
957 4.11621093750000e-01 1.69431924819946e-01
958 3.89648437500000e-01 1.51825904846191e-01
959 4.16992187500000e-01 1.73882484436035e-01
960 4.08203125000000e-01 1.66629791259766e-01
961 4.67285156250000e-01 2.18355417251587e-01
962 5.19042968750000e-01 2.69405603408813e-01
963 4.21386718750000e-01 1.77566766738892e-01
964 4.73632812500000e-01 2.24328041076660e-01
965 4.57519531250000e-01 2.09324121475220e-01
966 4.23828125000000e-01 1.79630279541016e-01
967 5.04394531250000e-01 2.54413843154907e-01
968 5.16113281250000e-01 2.66372919082642e-01
969 4.29687500000000e-01 1.84631347656250e-01
970 3.71582031250000e-01 1.38073205947876e-01
971 3.31054687500000e-01 1.09597206115723e-01
972 3.13476562500000e-01 9.82675552368164e-02
973 3.18359375000000e-01 1.01352691650391e-01
974 3.14453125000000e-01 9.88807678222656e-02
975 2.28027343750000e-01 5.19964694976807e-02
976 2.59277343750000e-01 6.72247409820557e-02
977 3.39355468750000e-01 1.15162134170532e-01
978 3.96484375000000e-01 1.57199859619141e-01
979 4.20898437500000e-01 1.77155494689941e-01
980 3.73535156250000e-01 1.39528512954712e-01
981 3.43261718750000e-01 1.17828607559204e-01
982 3.93066406250000e-01 1.54501199722290e-01
983 3.61816406250000e-01 1.30911111831665e-01
984 4.07714843750000e-01 1.66231393814087e-01
985 3.90625000000000e-01 1.52587890625000e-01
986 4.40429687500000e-01 1.93978309631348e-01
987 4.76562500000000e-01 2.27111816406250e-01
988 3.93066406250000e-01 1.54501199722290e-01
989 3.86718750000000e-01 1.49551391601562e-01
990 4.12109375000000e-01 1.69834136962891e-01
991 4.16503906250000e-01 1.73475503921509e-01
992 3.68164062500000e-01 1.35544776916504e-01
993 4.13085937500000e-01 1.70639991760254e-01
994 4.63867187500000e-01 2.15172767639160e-01
995 4.47265625000000e-01 2.00046539306641e-01
996 4.00878906250000e-01 1.60703897476196e-01
997 3.35449218750000e-01 1.12526178359985e-01
998 3.31542968750000e-01 1.09920740127563e-01
999 3.31054687500000e-01 1.09597206115723e-01
