0 6.04003906250000e-01 3.64820718765259e-01
1 5.75195312500000e-01 3.30849647521973e-01
2 6.16699218750000e-01 3.80317926406860e-01
3 5.95214843750000e-01 3.54280710220337e-01
4 5.45410156250000e-01 2.97472238540649e-01
5 4.78515625000000e-01 2.28977203369141e-01
6 4.60937500000000e-01 2.12463378906250e-01
7 4.27246093750000e-01 1.82539224624634e-01
8 4.50683593750000e-01 2.03115701675415e-01
9 4.30175781250000e-01 1.85051202774048e-01
10 4.18945312500000e-01 1.75515174865723e-01
11 3.96972656250000e-01 1.57587289810181e-01
12 4.31152343750000e-01 1.85892343521118e-01
13 4.67285156250000e-01 2.18355417251587e-01
14 4.37988281250000e-01 1.91833734512329e-01
15 4.56542968750000e-01 2.08431482315063e-01
16 5.45410156250000e-01 2.97472238540649e-01
17 5.35644531250000e-01 2.86915063858032e-01
18 5.68847656250000e-01 3.23587656021118e-01
19 5.57128906250000e-01 3.10392618179321e-01
20 5.65429687500000e-01 3.19710731506348e-01
21 6.23535156250000e-01 3.88796091079712e-01
22 5.93261718750000e-01 3.51959466934204e-01
23 5.89843750000000e-01 3.47915649414062e-01
24 6.33789062500000e-01 4.01688575744629e-01
25 6.59667968750000e-01 4.35161828994751e-01
26 6.51367187500000e-01 4.24279212951660e-01
27 6.42578125000000e-01 4.12906646728516e-01
28 6.56250000000000e-01 4.30664062500000e-01
29 6.64062500000000e-01 4.40979003906250e-01
30 6.22070312500000e-01 3.86971473693848e-01
31 6.89453125000000e-01 4.75345611572266e-01
32 7.16796875000000e-01 5.13797760009766e-01
33 6.36230468750000e-01 4.04789209365845e-01
34 6.17187500000000e-01 3.80920410156250e-01
35 6.10839843750000e-01 3.73125314712524e-01
36 6.27441406250000e-01 3.93682718276978e-01
37 6.33300781250000e-01 4.01069879531860e-01
38 5.96191406250000e-01 3.55444192886353e-01
39 5.43945312500000e-01 2.95876502990723e-01
40 6.00585937500000e-01 3.60703468322754e-01
41 5.80078125000000e-01 3.36490631103516e-01
42 5.72265625000000e-01 3.27487945556641e-01
43 5.41015625000000e-01 2.92697906494141e-01
44 5.58593750000000e-01 3.12026977539062e-01
45 5.80078125000000e-01 3.36490631103516e-01
46 5.94726562500000e-01 3.53699684143066e-01
47 5.34179687500000e-01 2.85347938537598e-01
48 5.06835937500000e-01 2.56882667541504e-01
49 4.99023437500000e-01 2.49024391174316e-01
50 4.14550781250000e-01 1.71852350234985e-01
51 4.19921875000000e-01 1.76334381103516e-01
52 4.04296875000000e-01 1.63455963134766e-01
53 4.09667968750000e-01 1.67827844619751e-01
54 3.64746093750000e-01 1.33039712905884e-01
55 3.80859375000000e-01 1.45053863525391e-01
56 4.22363281250000e-01 1.78390741348267e-01
57 3.95507812500000e-01 1.56426429748535e-01
58 4.34570312500000e-01 1.88851356506348e-01
59 3.23242187500000e-01 1.04485511779785e-01
60 3.17382812500000e-01 1.00731849670410e-01
61 2.62207031250000e-01 6.87525272369385e-02
62 1.85546875000000e-01 3.44276428222656e-02
63 1.14257812500000e-01 1.30548477172852e-02
64 1.90917968750000e-01 3.64496707916260e-02
65 2.00195312500000e-01 4.00781631469727e-02
66 2.00683593750000e-01 4.02739048004150e-02
67 1.41601562500000e-01 2.00510025024414e-02
68 1.16210937500000e-01 1.35049819946289e-02
69 1.68945312500000e-01 2.85425186157227e-02
70 1.15234375000000e-01 1.32789611816406e-02
71 1.60156250000000e-01 2.56500244140625e-02
72 2.18750000000000e-01 4.78515625000000e-02
73 1.96289062500000e-01 3.85293960571289e-02
74 9.61914062500000e-02 9.25278663635254e-03
75 1.35253906250000e-01 1.82936191558838e-02
76 9.81445312500000e-02 9.63234901428223e-03
77 6.29882812500000e-02 3.96752357482910e-03
78 2.49023437500000e-02 6.20126724243164e-04
79 1.61132812500000e-02 2.59637832641602e-04
80 6.20117187500000e-02 3.84545326232910e-03
81 8.20312500000000e-02 6.72912597656250e-03
82 7.61718750000000e-02 5.80215454101562e-03
83 8.44726562500000e-02 7.13562965393066e-03
84 7.12890625000000e-02 5.08213043212891e-03
85 1.26953125000000e-01 1.61170959472656e-02
86 1.95800781250000e-01 3.83379459381104e-02
87 2.40722656250000e-01 5.79473972320557e-02
88 2.48535156250000e-01 6.17697238922119e-02
89 2.53906250000000e-01 6.44683837890625e-02
90 2.78320312500000e-01 7.74621963500977e-02
91 2.99804687500000e-01 8.98828506469727e-02
92 3.32031250000000e-01 1.10244750976562e-01
93 3.44238281250000e-01 1.18499994277954e-01
94 2.74902343750000e-01 7.55712985992432e-02
95 2.59765625000000e-01 6.74781799316406e-02
96 1.88476562500000e-01 3.55234146118164e-02
97 1.81640625000000e-01 3.29933166503906e-02
98 2.05078125000000e-01 4.20570373535156e-02
99 2.16308593750000e-01 4.67894077301025e-02
100 2.30957031250000e-01 5.33411502838135e-02
101 2.10937500000000e-01 4.44946289062500e-02
102 1.84570312500000e-01 3.40662002563477e-02
103 1.70410156250000e-01 2.90396213531494e-02
104 1.89941406250000e-01 3.60777378082275e-02
105 1.22558593750000e-01 1.50206089019775e-02
106 9.47265625000000e-02 8.97312164306641e-03
107 3.32031250000000e-02 1.10244750976562e-03
108 7.61718750000000e-02 5.80215454101562e-03
109 1.09863281250000e-01 1.20699405670166e-02
110 1.25000000000000e-01 1.56250000000000e-02
111 6.73828125000000e-02 4.54044342041016e-03
112 5.37109375000000e-02 2.88486480712891e-03
113 7.86132812500000e-02 6.18004798889160e-03
114 2.78320312500000e-02 7.74621963500977e-04
115 7.32421875000000e-03 5.36441802978516e-05
116 4.10156250000000e-02 1.68228149414062e-03
117 1.95312500000000e-03 3.81469726562500e-06
118 3.07617187500000e-02 9.46283340454102e-04
119 4.63867187500000e-02 2.15172767639160e-03
120 4.54101562500000e-02 2.06208229064941e-03
121 6.88476562500000e-02 4.73999977111816e-03
122 1.00097656250000e-01 1.00195407867432e-02
123 3.27148437500000e-02 1.07026100158691e-03
124 7.81250000000000e-03 6.10351562500000e-05
125 9.76562500000000e-04 9.53674316406250e-07
126 1.17187500000000e-02 1.37329101562500e-04
127 5.32226562500000e-02 2.83265113830566e-03
128 1.60156250000000e-01 2.56500244140625e-02
129 1.40136718750000e-01 1.96382999420166e-02
130 6.59179687500000e-02 4.34517860412598e-03
131 7.32421875000000e-02 5.36441802978516e-03
132 6.59179687500000e-02 4.34517860412598e-03
133 8.30078125000000e-02 6.89029693603516e-03
134 5.90820312500000e-02 3.49068641662598e-03
135 7.76367187500000e-02 6.02746009826660e-03
136 9.42382812500000e-02 8.88085365295410e-03
137 1.19628906250000e-01 1.43110752105713e-02
138 1.34277343750000e-01 1.80304050445557e-02
139 1.11816406250000e-01 1.25029087066650e-02
140 1.62109375000000e-01 2.62794494628906e-02
141 1.71875000000000e-01 2.95410156250000e-02
142 2.43652343750000e-01 5.93664646148682e-02
143 1.74316406250000e-01 3.03862094879150e-02
144 1.67968750000000e-01 2.82135009765625e-02
145 1.53808593750000e-01 2.36570835113525e-02
146 1.90429687500000e-01 3.62634658813477e-02
147 1.67480468750000e-01 2.80497074127197e-02
148 2.11425781250000e-01 4.47008609771729e-02
149 1.88964843750000e-01 3.57077121734619e-02
150 2.18261718750000e-01 4.76381778717041e-02
151 2.08496093750000e-01 4.34706211090088e-02
152 1.55761718750000e-01 2.42617130279541e-02
153 1.75781250000000e-01 3.08990478515625e-02
154 2.16308593750000e-01 4.67894077301025e-02
155 2.34863281250000e-01 5.51607608795166e-02
156 2.80761718750000e-01 7.88271427154541e-02
157 2.92480468750000e-01 8.55448246002197e-02
158 3.05175781250000e-01 9.31322574615479e-02
159 3.08105468750000e-01 9.49289798736572e-02
160 4.04785156250000e-01 1.63851022720337e-01
161 4.26757812500000e-01 1.82122230529785e-01
162 4.09179687500000e-01 1.67428016662598e-01
163 4.25781250000000e-01 1.81289672851562e-01
164 5.01464843750000e-01 2.51466989517212e-01
165 5.10253906250000e-01 2.60359048843384e-01
166 4.80468750000000e-01 2.30850219726562e-01
167 4.99023437500000e-01 2.49024391174316e-01
168 4.93164062500000e-01 2.43210792541504e-01
169 4.95117187500000e-01 2.45141029357910e-01
170 5.29785156250000e-01 2.80672311782837e-01
171 4.15527343750000e-01 1.72662973403931e-01
172 4.55566406250000e-01 2.07540750503540e-01
173 4.87792968750000e-01 2.37941980361938e-01
174 5.37597656250000e-01 2.89011240005493e-01
175 5.75195312500000e-01 3.30849647521973e-01
176 6.04003906250000e-01 3.64820718765259e-01
177 6.02539062500000e-01 3.63053321838379e-01
178 5.79589843750000e-01 3.35924386978149e-01
179 5.09277343750000e-01 2.59363412857056e-01
180 5.10742187500000e-01 2.60857582092285e-01
181 5.42480468750000e-01 2.94285058975220e-01
182 5.15625000000000e-01 2.65869140625000e-01
183 5.75195312500000e-01 3.30849647521973e-01
184 5.78125000000000e-01 3.34228515625000e-01
185 6.64550781250000e-01 4.41627740859985e-01
186 5.98632812500000e-01 3.58361244201660e-01
187 6.49902343750000e-01 4.22373056411743e-01
188 5.99609375000000e-01 3.59531402587891e-01
189 5.60546875000000e-01 3.14212799072266e-01
190 5.58593750000000e-01 3.12026977539062e-01
191 5.64453125000000e-01 3.18607330322266e-01
192 6.09863281250000e-01 3.71933221817017e-01
193 5.98632812500000e-01 3.58361244201660e-01
194 6.48925781250000e-01 4.21104669570923e-01
195 5.87890625000000e-01 3.45615386962891e-01
196 5.43945312500000e-01 2.95876502990723e-01
197 5.13671875000000e-01 2.63858795166016e-01
198 4.73632812500000e-01 2.24328041076660e-01
199 4.24316406250000e-01 1.80044412612915e-01
200 4.31152343750000e-01 1.85892343521118e-01
201 4.65332031250000e-01 2.16533899307251e-01
202 4.70703125000000e-01 2.21561431884766e-01
203 4.61914062500000e-01 2.13364601135254e-01
204 4.59472656250000e-01 2.11115121841431e-01
205 4.09179687500000e-01 1.67428016662598e-01
206 4.57031250000000e-01 2.08877563476562e-01
207 4.27246093750000e-01 1.82539224624634e-01
208 4.42382812500000e-01 1.95702552795410e-01
209 4.43847656250000e-01 1.97000741958618e-01
210 4.44335937500000e-01 1.97434425354004e-01
211 4.02343750000000e-01 1.61880493164062e-01
212 4.00390625000000e-01 1.60312652587891e-01
213 3.73535156250000e-01 1.39528512954712e-01
214 4.62890625000000e-01 2.14267730712891e-01
215 5.04882812500000e-01 2.54906654357910e-01
216 5.28320312500000e-01 2.79122352600098e-01
217 5.65429687500000e-01 3.19710731506348e-01
218 5.90332031250000e-01 3.48491907119751e-01
219 5.57617187500000e-01 3.10936927795410e-01
220 6.11328125000000e-01 3.73722076416016e-01
221 6.66503906250000e-01 4.44227457046509e-01
222 6.79199218750000e-01 4.61311578750610e-01
223 6.25488281250000e-01 3.91235589981079e-01
224 6.77246093750000e-01 4.58662271499634e-01
225 6.63085937500000e-01 4.39682960510254e-01
226 6.79687500000000e-01 4.61975097656250e-01
227 6.46484375000000e-01 4.17942047119141e-01
228 5.94238281250000e-01 3.53119134902954e-01
229 6.34277343750000e-01 4.02307748794556e-01
230 6.14746093750000e-01 3.77912759780884e-01
231 6.40136718750000e-01 4.09775018692017e-01
232 6.22558593750000e-01 3.87579202651978e-01
233 6.54296875000000e-01 4.28104400634766e-01
234 6.25000000000000e-01 3.90625000000000e-01
235 5.89843750000000e-01 3.47915649414062e-01
236 6.17187500000000e-01 3.80920410156250e-01
237 6.61132812500000e-01 4.37096595764160e-01
238 6.40136718750000e-01 4.09775018692017e-01
239 6.78222656250000e-01 4.59985971450806e-01
240 7.02148437500000e-01 4.93012428283691e-01
241 6.72363281250000e-01 4.52072381973267e-01
242 6.64062500000000e-01 4.40979003906250e-01
243 6.87988281250000e-01 4.73327875137329e-01
244 6.36718750000000e-01 4.05410766601562e-01
245 6.43066406250000e-01 4.13534402847290e-01
246 5.99609375000000e-01 3.59531402587891e-01
247 6.41601562500000e-01 4.11652565002441e-01
248 6.22070312500000e-01 3.86971473693848e-01
249 6.47460937500000e-01 4.19205665588379e-01
250 6.16699218750000e-01 3.80317926406860e-01
251 5.99609375000000e-01 3.59531402587891e-01
252 5.90820312500000e-01 3.49068641662598e-01
253 5.73242187500000e-01 3.28606605529785e-01
254 5.99609375000000e-01 3.59531402587891e-01
255 6.05468750000000e-01 3.66592407226562e-01
256 5.56152343750000e-01 3.09305429458618e-01
257 5.69824218750000e-01 3.24699640274048e-01
258 5.25390625000000e-01 2.76035308837891e-01
259 5.77148437500000e-01 3.33100318908691e-01
260 5.45898437500000e-01 2.98005104064941e-01
261 5.93261718750000e-01 3.51959466934204e-01
262 6.25000000000000e-01 3.90625000000000e-01
263 5.62500000000000e-01 3.16406250000000e-01
264 5.60546875000000e-01 3.14212799072266e-01
265 5.68847656250000e-01 3.23587656021118e-01
266 5.27832031250000e-01 2.78606653213501e-01
267 5.11230468750000e-01 2.61356592178345e-01
268 5.37109375000000e-01 2.88486480712891e-01
269 5.93750000000000e-01 3.52539062500000e-01
270 6.19628906250000e-01 3.83939981460571e-01
271 5.61035156250000e-01 3.14760446548462e-01
272 6.75292968750000e-01 4.56020593643188e-01
273 6.66015625000000e-01 4.43576812744141e-01
274 6.19140625000000e-01 3.83335113525391e-01
275 6.14746093750000e-01 3.77912759780884e-01
276 6.00097656250000e-01 3.60117197036743e-01
277 6.25488281250000e-01 3.91235589981079e-01
278 6.31835937500000e-01 3.99216651916504e-01
279 5.44433593750000e-01 2.96407938003540e-01
280 5.23925781250000e-01 2.74498224258423e-01
281 5.65917968750000e-01 3.20263147354126e-01
282 5.60058593750000e-01 3.13665628433228e-01
283 4.79492187500000e-01 2.29912757873535e-01
284 5.43457031250000e-01 2.95345544815063e-01
285 5.77148437500000e-01 3.33100318908691e-01
286 6.10351562500000e-01 3.72529029846191e-01
287 5.81054687500000e-01 3.37624549865723e-01
288 5.75195312500000e-01 3.30849647521973e-01
289 6.10839843750000e-01 3.73125314712524e-01
290 5.90332031250000e-01 3.48491907119751e-01
291 5.37109375000000e-01 2.88486480712891e-01
292 5.71777343750000e-01 3.26929330825806e-01
293 5.78613281250000e-01 3.34793329238892e-01
294 5.62011718750000e-01 3.15857172012329e-01
295 5.70312500000000e-01 3.25256347656250e-01
296 5.23437500000000e-01 2.73986816406250e-01
297 4.51171875000000e-01 2.03556060791016e-01
298 4.94628906250000e-01 2.44657754898071e-01
299 4.24804687500000e-01 1.80459022521973e-01
300 4.15527343750000e-01 1.72662973403931e-01
301 3.96484375000000e-01 1.57199859619141e-01
302 4.30664062500000e-01 1.85471534729004e-01
303 4.92675781250000e-01 2.42729425430298e-01
304 5.07812500000000e-01 2.57873535156250e-01
305 5.35644531250000e-01 2.86915063858032e-01
306 5.84472656250000e-01 3.41608285903931e-01
307 6.30371093750000e-01 3.97367715835571e-01
308 7.32421875000000e-01 5.36441802978516e-01
309 6.55761718750000e-01 4.30023431777954e-01
310 6.76269531250000e-01 4.57340478897095e-01
311 6.70898437500000e-01 4.50104713439941e-01
312 6.66503906250000e-01 4.44227457046509e-01
313 6.41113281250000e-01 4.11026239395142e-01
314 6.46484375000000e-01 4.17942047119141e-01
315 5.65429687500000e-01 3.19710731506348e-01
316 5.70312500000000e-01 3.25256347656250e-01
317 5.84472656250000e-01 3.41608285903931e-01
318 6.28417968750000e-01 3.94909143447876e-01
319 6.35253906250000e-01 4.03547525405884e-01
320 6.31835937500000e-01 3.99216651916504e-01
321 7.11425781250000e-01 5.06126642227173e-01
322 6.42578125000000e-01 4.12906646728516e-01
323 5.89355468750000e-01 3.47339868545532e-01
324 6.32812500000000e-01 4.00451660156250e-01
325 6.13769531250000e-01 3.76713037490845e-01
326 6.66992187500000e-01 4.44878578186035e-01
327 6.55761718750000e-01 4.30023431777954e-01
328 6.39160156250000e-01 4.08525705337524e-01
329 6.05468750000000e-01 3.66592407226562e-01
330 5.52246093750000e-01 3.04975748062134e-01
331 5.67871093750000e-01 3.22477579116821e-01
332 6.46484375000000e-01 4.17942047119141e-01
333 6.64062500000000e-01 4.40979003906250e-01
334 7.24609375000000e-01 5.25058746337891e-01
335 6.91406250000000e-01 4.78042602539062e-01
336 6.74316406250000e-01 4.54702615737915e-01
337 6.89941406250000e-01 4.76019144058228e-01
338 6.93847656250000e-01 4.81424570083618e-01
339 6.72851562500000e-01 4.52729225158691e-01
340 6.83105468750000e-01 4.66633081436157e-01
341 6.68945312500000e-01 4.47487831115723e-01
342 6.45019531250000e-01 4.16050195693970e-01
343 6.48925781250000e-01 4.21104669570923e-01
344 6.45507812500000e-01 4.16680335998535e-01
345 6.89453125000000e-01 4.75345611572266e-01
346 6.76269531250000e-01 4.57340478897095e-01
347 6.75781250000000e-01 4.56680297851562e-01
348 6.80175781250000e-01 4.62639093399048e-01
349 7.31445312500000e-01 5.35012245178223e-01
350 6.61621093750000e-01 4.37742471694946e-01
351 7.04101562500000e-01 4.95759010314941e-01
352 6.90917968750000e-01 4.77367639541626e-01
353 5.95703125000000e-01 3.54862213134766e-01
354 5.55664062500000e-01 3.08762550354004e-01
355 5.33203125000000e-01 2.84305572509766e-01
356 4.34570312500000e-01 1.88851356506348e-01
357 4.08691406250000e-01 1.67028665542603e-01
358 4.92675781250000e-01 2.42729425430298e-01
359 4.97070312500000e-01 2.47078895568848e-01
360 5.00488281250000e-01 2.50488519668579e-01
361 5.31738281250000e-01 2.82745599746704e-01
362 5.62011718750000e-01 3.15857172012329e-01
363 5.49804687500000e-01 3.02285194396973e-01
364 4.63378906250000e-01 2.14720010757446e-01
365 5.17089843750000e-01 2.67381906509399e-01
366 5.25390625000000e-01 2.76035308837891e-01
367 6.21093750000000e-01 3.85757446289062e-01
368 5.34179687500000e-01 2.85347938537598e-01
369 4.89746093750000e-01 2.39851236343384e-01
370 5.73730468750000e-01 3.29166650772095e-01
371 5.88378906250000e-01 3.46189737319946e-01
372 6.28906250000000e-01 3.95523071289062e-01
373 5.45898437500000e-01 2.98005104064941e-01
374 6.07910156250000e-01 3.69554758071899e-01
375 6.23535156250000e-01 3.88796091079712e-01
376 6.11328125000000e-01 3.73722076416016e-01
377 6.14257812500000e-01 3.77312660217285e-01
378 5.85449218750000e-01 3.42750787734985e-01
379 6.14257812500000e-01 3.77312660217285e-01
380 6.16210937500000e-01 3.79715919494629e-01
381 6.04492187500000e-01 3.65410804748535e-01
382 5.84960937500000e-01 3.42179298400879e-01
383 5.82519531250000e-01 3.39329004287720e-01
384 6.05957031250000e-01 3.67183923721313e-01
385 5.73242187500000e-01 3.28606605529785e-01
386 4.98535156250000e-01 2.48537302017212e-01
387 5.20019531250000e-01 2.70420312881470e-01
388 4.86328125000000e-01 2.36515045166016e-01
389 4.96582031250000e-01 2.46593713760376e-01
390 5.06835937500000e-01 2.56882667541504e-01
391 5.99609375000000e-01 3.59531402587891e-01
392 5.67871093750000e-01 3.22477579116821e-01
393 5.61035156250000e-01 3.14760446548462e-01
394 5.70312500000000e-01 3.25256347656250e-01
395 5.13671875000000e-01 2.63858795166016e-01
396 5.17578125000000e-01 2.67887115478516e-01
397 5.70800781250000e-01 3.25813531875610e-01
398 5.27343750000000e-01 2.78091430664062e-01
399 6.38183593750000e-01 4.07278299331665e-01
400 6.37207031250000e-01 4.06032800674438e-01
401 6.47949218750000e-01 4.19838190078735e-01
402 6.98730468750000e-01 4.88224267959595e-01
403 7.03125000000000e-01 4.94384765625000e-01
404 6.82128906250000e-01 4.65299844741821e-01
405 6.59667968750000e-01 4.35161828994751e-01
406 6.00585937500000e-01 3.60703468322754e-01
407 6.27929687500000e-01 3.94295692443848e-01
408 6.63085937500000e-01 4.39682960510254e-01
409 6.63574218750000e-01 4.40330743789673e-01
410 6.07421875000000e-01 3.68961334228516e-01
411 6.18164062500000e-01 3.82126808166504e-01
412 5.36132812500000e-01 2.87438392639160e-01
413 5.63476562500000e-01 3.17505836486816e-01
414 6.00097656250000e-01 3.60117197036743e-01
415 5.91796875000000e-01 3.50223541259766e-01
416 5.46875000000000e-01 2.99072265625000e-01
417 5.83007812500000e-01 3.39898109436035e-01
418 6.29882812500000e-01 3.96752357482910e-01
419 6.30859375000000e-01 3.97983551025391e-01
420 5.75683593750000e-01 3.31411600112915e-01
421 5.54687500000000e-01 3.07678222656250e-01
422 6.18652343750000e-01 3.82730722427368e-01
423 6.73828125000000e-01 4.54044342041016e-01
424 6.56250000000000e-01 4.30664062500000e-01
425 6.03515625000000e-01 3.64231109619141e-01
426 5.10742187500000e-01 2.60857582092285e-01
427 5.31250000000000e-01 2.82226562500000e-01
428 5.92773437500000e-01 3.51380348205566e-01
429 6.49414062500000e-01 4.21738624572754e-01
430 6.02050781250000e-01 3.62465143203735e-01
431 5.63476562500000e-01 3.17505836486816e-01
432 5.77636718750000e-01 3.33664178848267e-01
433 6.36718750000000e-01 4.05410766601562e-01
434 6.43554687500000e-01 4.14162635803223e-01
435 6.55761718750000e-01 4.30023431777954e-01
436 6.12304687500000e-01 3.74917030334473e-01
437 5.72265625000000e-01 3.27487945556641e-01
438 5.93261718750000e-01 3.51959466934204e-01
439 6.48437500000000e-01 4.20471191406250e-01
440 5.92773437500000e-01 3.51380348205566e-01
441 5.34667968750000e-01 2.85869836807251e-01
442 4.88769531250000e-01 2.38895654678345e-01
443 4.95117187500000e-01 2.45141029357910e-01
444 4.70703125000000e-01 2.21561431884766e-01
445 4.92187500000000e-01 2.42248535156250e-01
446 4.63378906250000e-01 2.14720010757446e-01
447 4.50195312500000e-01 2.02675819396973e-01
448 4.78515625000000e-01 2.28977203369141e-01
449 4.97558593750000e-01 2.47564554214478e-01
450 4.40429687500000e-01 1.93978309631348e-01
451 4.22363281250000e-01 1.78390741348267e-01
452 4.59960937500000e-01 2.11564064025879e-01
453 4.76074218750000e-01 2.26646661758423e-01
454 4.53125000000000e-01 2.05322265625000e-01
455 4.60449218750000e-01 2.12013483047485e-01
456 5.07324218750000e-01 2.57377862930298e-01
457 4.87304687500000e-01 2.37465858459473e-01
458 4.06738281250000e-01 1.65436029434204e-01
459 3.66210937500000e-01 1.34110450744629e-01
460 3.72558593750000e-01 1.38799905776978e-01
461 3.74023437500000e-01 1.39893531799316e-01
462 3.73535156250000e-01 1.39528512954712e-01
463 4.37500000000000e-01 1.91406250000000e-01
464 3.34472656250000e-01 1.11871957778931e-01
465 3.47167968750000e-01 1.20525598526001e-01
466 4.03808593750000e-01 1.63061380386353e-01
467 4.29687500000000e-01 1.84631347656250e-01
468 4.11621093750000e-01 1.69431924819946e-01
469 4.47753906250000e-01 2.00483560562134e-01
470 4.51660156250000e-01 2.03996896743774e-01
471 4.02343750000000e-01 1.61880493164062e-01
472 4.45312500000000e-01 1.98303222656250e-01
473 4.19921875000000e-01 1.76334381103516e-01
474 4.46777343750000e-01 1.99609994888306e-01
475 3.46191406250000e-01 1.19848489761353e-01
476 4.14550781250000e-01 1.71852350234985e-01
477 3.89648437500000e-01 1.51825904846191e-01
478 3.66699218750000e-01 1.34468317031860e-01
479 4.02343750000000e-01 1.61880493164062e-01
480 3.56445312500000e-01 1.27053260803223e-01
481 4.54589843750000e-01 2.06651926040649e-01
482 4.43847656250000e-01 1.97000741958618e-01
483 4.24804687500000e-01 1.80459022521973e-01
484 4.91699218750000e-01 2.41768121719360e-01
485 4.99023437500000e-01 2.49024391174316e-01
486 4.99511718750000e-01 2.49511957168579e-01
487 5.07812500000000e-01 2.57873535156250e-01
488 4.99023437500000e-01 2.49024391174316e-01
489 4.72656250000000e-01 2.23403930664062e-01
490 4.65332031250000e-01 2.16533899307251e-01
491 5.18554687500000e-01 2.68898963928223e-01
492 4.60449218750000e-01 2.12013483047485e-01
493 4.72656250000000e-01 2.23403930664062e-01
494 5.00000000000000e-01 2.50000000000000e-01
495 4.52636718750000e-01 2.04879999160767e-01
496 5.12695312500000e-01 2.62856483459473e-01
497 4.58496093750000e-01 2.10218667984009e-01
498 5.15136718750000e-01 2.65365839004517e-01
499 5.15625000000000e-01 2.65869140625000e-01
500 4.82910156250000e-01 2.33202219009399e-01
501 5.22949218750000e-01 2.73475885391235e-01
502 4.96093750000000e-01 2.46109008789062e-01
503 5.35644531250000e-01 2.86915063858032e-01
504 5.51269531250000e-01 3.03898096084595e-01
505 5.10253906250000e-01 2.60359048843384e-01
506 5.60058593750000e-01 3.13665628433228e-01
507 5.53222656250000e-01 3.06055307388306e-01
508 5.01953125000000e-01 2.51956939697266e-01
509 5.18554687500000e-01 2.68898963928223e-01
510 4.81933593750000e-01 2.32259988784790e-01
511 5.01953125000000e-01 2.51956939697266e-01
512 4.79492187500000e-01 2.29912757873535e-01
513 5.22460937500000e-01 2.72965431213379e-01
514 5.17578125000000e-01 2.67887115478516e-01
515 5.64453125000000e-01 3.18607330322266e-01
516 5.24902343750000e-01 2.75522470474243e-01
517 4.60449218750000e-01 2.12013483047485e-01
518 5.69824218750000e-01 3.24699640274048e-01
519 5.94238281250000e-01 3.53119134902954e-01
520 6.22558593750000e-01 3.87579202651978e-01
521 5.94238281250000e-01 3.53119134902954e-01
522 6.19140625000000e-01 3.83335113525391e-01
523 6.31835937500000e-01 3.99216651916504e-01
524 5.97656250000000e-01 3.57192993164062e-01
525 4.70703125000000e-01 2.21561431884766e-01
526 4.99023437500000e-01 2.49024391174316e-01
527 4.30175781250000e-01 1.85051202774048e-01
528 4.52636718750000e-01 2.04879999160767e-01
529 4.59472656250000e-01 2.11115121841431e-01
530 4.75097656250000e-01 2.25717782974243e-01
531 4.60937500000000e-01 2.12463378906250e-01
532 4.58496093750000e-01 2.10218667984009e-01
533 5.29785156250000e-01 2.80672311782837e-01
534 5.00488281250000e-01 2.50488519668579e-01
535 4.72167968750000e-01 2.22942590713501e-01
536 5.65429687500000e-01 3.19710731506348e-01
537 5.63964843750000e-01 3.18056344985962e-01
538 5.89355468750000e-01 3.47339868545532e-01
539 6.31347656250000e-01 3.98599863052368e-01
540 6.45019531250000e-01 4.16050195693970e-01
541 6.01562500000000e-01 3.61877441406250e-01
542 6.22070312500000e-01 3.86971473693848e-01
543 6.56738281250000e-01 4.31305170059204e-01
544 7.26074218750000e-01 5.27183771133423e-01
545 7.38769531250000e-01 5.45780420303345e-01
546 7.72949218750000e-01 5.97450494766235e-01
547 7.51953125000000e-01 5.65433502197266e-01
548 7.09960937500000e-01 5.04044532775879e-01
549 6.84570312500000e-01 4.68636512756348e-01
550 6.89941406250000e-01 4.76019144058228e-01
551 6.99218750000000e-01 4.88906860351562e-01
552 6.92871093750000e-01 4.80070352554321e-01
553 6.52832031250000e-01 4.26189661026001e-01
554 6.47949218750000e-01 4.19838190078735e-01
555 6.25976562500000e-01 3.91846656799316e-01
556 6.68457031250000e-01 4.46834802627563e-01
557 6.82128906250000e-01 4.65299844741821e-01
558 6.55273437500000e-01 4.29383277893066e-01
559 7.06054687500000e-01 4.98513221740723e-01
560 7.29980468750000e-01 5.32871484756470e-01
561 7.08984375000000e-01 5.02658843994141e-01
562 6.90917968750000e-01 4.77367639541626e-01
563 6.32324218750000e-01 3.99833917617798e-01
564 6.55273437500000e-01 4.29383277893066e-01
565 6.48925781250000e-01 4.21104669570923e-01
566 6.52832031250000e-01 4.26189661026001e-01
567 6.86035156250000e-01 4.70644235610962e-01
568 7.44628906250000e-01 5.54472208023071e-01
569 6.88476562500000e-01 4.73999977111816e-01
570 6.30859375000000e-01 3.97983551025391e-01
571 6.31835937500000e-01 3.99216651916504e-01
572 6.22070312500000e-01 3.86971473693848e-01
573 6.06933593750000e-01 3.68368387222290e-01
574 6.96289062500000e-01 4.84818458557129e-01
575 6.78222656250000e-01 4.59985971450806e-01
576 6.94335937500000e-01 4.82102394104004e-01
577 6.98730468750000e-01 4.88224267959595e-01
578 7.32910156250000e-01 5.37157297134399e-01
579 7.20703125000000e-01 5.19412994384766e-01
580 7.02636718750000e-01 4.93698358535767e-01
581 6.44531250000000e-01 4.15420532226562e-01
582 6.51367187500000e-01 4.24279212951660e-01
583 6.22070312500000e-01 3.86971473693848e-01
584 5.80566406250000e-01 3.37057352066040e-01
585 5.92285156250000e-01 3.50801706314087e-01
586 6.49902343750000e-01 4.22373056411743e-01
587 6.10839843750000e-01 3.73125314712524e-01
588 6.24511718750000e-01 3.90014886856079e-01
589 6.44531250000000e-01 4.15420532226562e-01
590 6.93847656250000e-01 4.81424570083618e-01
591 6.52343750000000e-01 4.25552368164062e-01
592 6.53320312500000e-01 4.26827430725098e-01
593 6.73828125000000e-01 4.54044342041016e-01
594 7.04589843750000e-01 4.96446847915649e-01
595 7.19238281250000e-01 5.17303705215454e-01
596 7.42675781250000e-01 5.51567316055298e-01
597 7.51953125000000e-01 5.65433502197266e-01
598 7.50488281250000e-01 5.63232660293579e-01
599 6.95800781250000e-01 4.84138727188110e-01
600 6.21093750000000e-01 3.85757446289062e-01
601 5.92773437500000e-01 3.51380348205566e-01
602 6.57714843750000e-01 4.32588815689087e-01
603 7.27050781250000e-01 5.28602838516235e-01
604 6.68945312500000e-01 4.47487831115723e-01
605 6.73339843750000e-01 4.53386545181274e-01
606 6.68457031250000e-01 4.46834802627563e-01
607 6.39648437500000e-01 4.09150123596191e-01
608 6.25000000000000e-01 3.90625000000000e-01
609 6.64062500000000e-01 4.40979003906250e-01
610 6.38183593750000e-01 4.07278299331665e-01
611 6.16699218750000e-01 3.80317926406860e-01
612 5.70800781250000e-01 3.25813531875610e-01
613 5.96679687500000e-01 3.56026649475098e-01
614 6.07421875000000e-01 3.68961334228516e-01
615 6.62597656250000e-01 4.39035654067993e-01
616 6.88476562500000e-01 4.73999977111816e-01
617 6.98730468750000e-01 4.88224267959595e-01
618 6.56738281250000e-01 4.31305170059204e-01
619 6.34765625000000e-01 4.02927398681641e-01
620 6.38183593750000e-01 4.07278299331665e-01
621 6.40625000000000e-01 4.10400390625000e-01
622 6.20605468750000e-01 3.85151147842407e-01
623 5.52734375000000e-01 3.05515289306641e-01
624 6.25976562500000e-01 3.91846656799316e-01
625 6.11816406250000e-01 3.74319314956665e-01
626 6.27929687500000e-01 3.94295692443848e-01
627 6.27441406250000e-01 3.93682718276978e-01
628 6.61621093750000e-01 4.37742471694946e-01
629 5.17089843750000e-01 2.67381906509399e-01
630 5.34667968750000e-01 2.85869836807251e-01
631 5.40527343750000e-01 2.92169809341431e-01
632 5.40039062500000e-01 2.91642189025879e-01
633 5.69824218750000e-01 3.24699640274048e-01
634 5.74218750000000e-01 3.29727172851562e-01
635 5.70312500000000e-01 3.25256347656250e-01
636 5.81542968750000e-01 3.38192224502563e-01
637 5.86425781250000e-01 3.43895196914673e-01
638 5.92285156250000e-01 3.50801706314087e-01
639 5.73242187500000e-01 3.28606605529785e-01
640 5.46875000000000e-01 2.99072265625000e-01
641 5.49804687500000e-01 3.02285194396973e-01
642 5.24414062500000e-01 2.75010108947754e-01
643 5.50292968750000e-01 3.02822351455688e-01
644 5.12695312500000e-01 2.62856483459473e-01
645 5.33203125000000e-01 2.84305572509766e-01
646 5.62500000000000e-01 3.16406250000000e-01
647 5.56640625000000e-01 3.09848785400391e-01
648 5.79101562500000e-01 3.35358619689941e-01
649 5.16113281250000e-01 2.66372919082642e-01
650 5.48339843750000e-01 3.00676584243774e-01
651 5.53710937500000e-01 3.06595802307129e-01
652 5.60058593750000e-01 3.13665628433228e-01
653 6.26464843750000e-01 3.92458200454712e-01
654 6.02050781250000e-01 3.62465143203735e-01
655 5.87402343750000e-01 3.45041513442993e-01
656 5.52246093750000e-01 3.04975748062134e-01
657 6.68457031250000e-01 4.46834802627563e-01
658 6.11328125000000e-01 3.73722076416016e-01
659 6.31347656250000e-01 3.98599863052368e-01
660 6.20605468750000e-01 3.85151147842407e-01
661 5.94238281250000e-01 3.53119134902954e-01
662 6.09863281250000e-01 3.71933221817017e-01
663 6.81152343750000e-01 4.63968515396118e-01
664 6.52832031250000e-01 4.26189661026001e-01
665 5.67871093750000e-01 3.22477579116821e-01
666 5.50781250000000e-01 3.03359985351562e-01
667 5.80566406250000e-01 3.37057352066040e-01
668 5.53710937500000e-01 3.06595802307129e-01
669 6.37695312500000e-01 4.06655311584473e-01
670 6.25976562500000e-01 3.91846656799316e-01
671 6.39648437500000e-01 4.09150123596191e-01
672 6.95312500000000e-01 4.83459472656250e-01
673 6.30859375000000e-01 3.97983551025391e-01
674 6.38671875000000e-01 4.07901763916016e-01
675 6.52343750000000e-01 4.25552368164062e-01
676 6.67480468750000e-01 4.45530176162720e-01
677 6.88476562500000e-01 4.73999977111816e-01
678 6.71386718750000e-01 4.50760126113892e-01
679 6.93359375000000e-01 4.80747222900391e-01
680 7.40234375000000e-01 5.47946929931641e-01
681 6.77246093750000e-01 4.58662271499634e-01
682 6.34277343750000e-01 4.02307748794556e-01
683 5.78125000000000e-01 3.34228515625000e-01
684 6.25976562500000e-01 3.91846656799316e-01
685 6.45996093750000e-01 4.17310953140259e-01
686 6.37695312500000e-01 4.06655311584473e-01
687 6.49902343750000e-01 4.22373056411743e-01
688 6.06933593750000e-01 3.68368387222290e-01
689 5.62988281250000e-01 3.16955804824829e-01
690 5.06835937500000e-01 2.56882667541504e-01
691 5.01953125000000e-01 2.51956939697266e-01
692 5.21484375000000e-01 2.71945953369141e-01
693 5.80566406250000e-01 3.37057352066040e-01
694 6.24023437500000e-01 3.89405250549316e-01
695 6.23046875000000e-01 3.88187408447266e-01
696 6.06933593750000e-01 3.68368387222290e-01
697 5.61523437500000e-01 3.15308570861816e-01
698 5.89355468750000e-01 3.47339868545532e-01
699 6.39160156250000e-01 4.08525705337524e-01
700 6.45996093750000e-01 4.17310953140259e-01
701 6.11328125000000e-01 3.73722076416016e-01
702 5.62500000000000e-01 3.16406250000000e-01
703 5.77148437500000e-01 3.33100318908691e-01
704 6.07910156250000e-01 3.69554758071899e-01
705 6.10351562500000e-01 3.72529029846191e-01
706 5.84960937500000e-01 3.42179298400879e-01
707 6.19140625000000e-01 3.83335113525391e-01
708 5.55664062500000e-01 3.08762550354004e-01
709 5.34667968750000e-01 2.85869836807251e-01
710 5.50292968750000e-01 3.02822351455688e-01
711 4.98535156250000e-01 2.48537302017212e-01
712 4.49218750000000e-01 2.01797485351562e-01
713 4.00878906250000e-01 1.60703897476196e-01
714 3.70117187500000e-01 1.36986732482910e-01
715 4.00878906250000e-01 1.60703897476196e-01
716 4.23828125000000e-01 1.79630279541016e-01
717 3.97460937500000e-01 1.57975196838379e-01
718 3.68164062500000e-01 1.35544776916504e-01
719 3.41308593750000e-01 1.16491556167603e-01
720 3.60351562500000e-01 1.29853248596191e-01
721 3.79882812500000e-01 1.44310951232910e-01
722 3.99414062500000e-01 1.59531593322754e-01
723 3.81347656250000e-01 1.45426034927368e-01
724 3.88671875000000e-01 1.51065826416016e-01
725 4.19433593750000e-01 1.75924539566040e-01
726 4.04785156250000e-01 1.63851022720337e-01
727 4.13085937500000e-01 1.70639991760254e-01
728 3.63281250000000e-01 1.31973266601562e-01
729 3.39843750000000e-01 1.15493774414062e-01
730 3.37402343750000e-01 1.13840341567993e-01
731 3.04199218750000e-01 9.25371646881104e-02
732 3.25683593750000e-01 1.06069803237915e-01
733 3.52539062500000e-01 1.24283790588379e-01
734 2.61230468750000e-01 6.82413578033447e-02
735 3.09570312500000e-01 9.58337783813477e-02
736 3.49609375000000e-01 1.22226715087891e-01
737 2.97851562500000e-01 8.87155532836914e-02
738 2.69042968750000e-01 7.23841190338135e-02
739 2.17285156250000e-01 4.72128391265869e-02
740 1.60644531250000e-01 2.58066654205322e-02
741 2.15332031250000e-01 4.63678836822510e-02
742 1.91406250000000e-01 3.66363525390625e-02
743 1.46972656250000e-01 2.16009616851807e-02
744 1.44042968750000e-01 2.07483768463135e-02
745 1.16210937500000e-01 1.35049819946289e-02
746 1.10839843750000e-01 1.22854709625244e-02
747 1.08398437500000e-01 1.17502212524414e-02
748 1.50878906250000e-01 2.27644443511963e-02
749 1.67968750000000e-01 2.82135009765625e-02
750 1.69433593750000e-01 2.87077426910400e-02
751 1.04980468750000e-01 1.10208988189697e-02
752 1.37695312500000e-01 1.89599990844727e-02
753 1.33300781250000e-01 1.77690982818604e-02
754 1.27441406250000e-01 1.62413120269775e-02
755 9.37500000000000e-02 8.78906250000000e-03
756 1.27441406250000e-01 1.62413120269775e-02
757 9.13085937500000e-02 8.33725929260254e-03
758 1.60156250000000e-01 2.56500244140625e-02
759 1.82617187500000e-01 3.33490371704102e-02
760 1.74804687500000e-01 3.05566787719727e-02
761 2.08984375000000e-01 4.36744689941406e-02
762 2.20214843750000e-01 4.84945774078369e-02
763 1.97753906250000e-01 3.91066074371338e-02
764 2.27050781250000e-01 5.15520572662354e-02
765 1.71875000000000e-01 2.95410156250000e-02
766 1.68457031250000e-01 2.83777713775635e-02
767 9.66796875000000e-02 9.34696197509766e-03
768 1.14257812500000e-01 1.30548477172852e-02
769 1.31835937500000e-02 1.73807144165039e-04
770 8.54492187500000e-02 7.30156898498535e-03
771 1.12792968750000e-01 1.27222537994385e-02
772 8.93554687500000e-02 7.98439979553223e-03
773 6.29882812500000e-02 3.96752357482910e-03
774 2.09960937500000e-02 4.40835952758789e-04
775 4.93164062500000e-02 2.43210792541504e-03
776 1.07910156250000e-01 1.16446018218994e-02
777 2.53906250000000e-02 6.44683837890625e-04
778 4.39453125000000e-03 1.93119049072266e-05
779 1.66015625000000e-02 2.75611877441406e-04
780 3.90625000000000e-03 1.52587890625000e-05
781 3.22265625000000e-02 1.03855133056641e-03
782 1.66015625000000e-02 2.75611877441406e-04
783 9.76562500000000e-04 9.53674316406250e-07
784 5.02929687500000e-02 2.52938270568848e-03
785 2.63671875000000e-02 6.95228576660156e-04
786 1.04003906250000e-01 1.08168125152588e-02
787 1.00097656250000e-01 1.00195407867432e-02
788 4.54101562500000e-02 2.06208229064941e-03
789 4.63867187500000e-02 2.15172767639160e-03
790 5.37109375000000e-03 2.88486480712891e-05
791 1.12304687500000e-02 1.26123428344727e-04
792 6.59179687500000e-02 4.34517860412598e-03
793 4.68750000000000e-02 2.19726562500000e-03
794 3.51562500000000e-02 1.23596191406250e-03
795 3.75976562500000e-02 1.41358375549316e-03
796 1.25488281250000e-01 1.57473087310791e-02
797 9.17968750000000e-02 8.42666625976562e-03
798 1.20605468750000e-01 1.45456790924072e-02
799 1.18652343750000e-01 1.40783786773682e-02
800 1.15722656250000e-01 1.33917331695557e-02
801 5.37109375000000e-02 2.88486480712891e-03
802 3.71093750000000e-02 1.37710571289062e-03
803 8.78906250000000e-03 7.72476196289062e-05
804 4.15039062500000e-02 1.72257423400879e-03
805 1.17187500000000e-01 1.37329101562500e-02
806 6.10351562500000e-02 3.72529029846191e-03
807 6.10351562500000e-02 3.72529029846191e-03
808 6.83593750000000e-02 4.67300415039062e-03
809 4.15039062500000e-02 1.72257423400879e-03
810 2.58789062500000e-02 6.69717788696289e-04
811 1.66015625000000e-02 2.75611877441406e-04
812 2.09960937500000e-02 4.40835952758789e-04
813 3.27148437500000e-02 1.07026100158691e-03
814 6.34765625000000e-03 4.02927398681641e-05
815 1.15722656250000e-01 1.33917331695557e-02
816 1.65039062500000e-01 2.72378921508789e-02
817 1.24023437500000e-01 1.53818130493164e-02
818 1.65039062500000e-01 2.72378921508789e-02
819 9.81445312500000e-02 9.63234901428223e-03
820 7.03125000000000e-02 4.94384765625000e-03
821 8.00781250000000e-02 6.41250610351562e-03
822 1.95312500000000e-02 3.81469726562500e-04
823 9.76562500000000e-03 9.53674316406250e-05
824 3.32031250000000e-02 1.10244750976562e-03
825 7.32421875000000e-03 5.36441802978516e-05
826 1.61132812500000e-02 2.59637832641602e-04
827 9.76562500000000e-03 9.53674316406250e-05
828 4.83398437500000e-02 2.33674049377441e-03
829 1.02050781250000e-01 1.04143619537354e-02
830 1.04492187500000e-01 1.09186172485352e-02
831 1.96289062500000e-01 3.85293960571289e-02
832 2.03125000000000e-01 4.12597656250000e-02
833 2.68066406250000e-01 7.18595981597900e-02
834 2.90039062500000e-01 8.41226577758789e-02
835 3.17382812500000e-01 1.00731849670410e-01
836 2.47070312500000e-01 6.10437393188477e-02
837 2.24609375000000e-01 5.04493713378906e-02
838 1.72851562500000e-01 2.98776626586914e-02
839 1.71875000000000e-01 2.95410156250000e-02
840 9.71679687500000e-02 9.44161415100098e-03
841 8.69140625000000e-02 7.55405426025391e-03
842 9.17968750000000e-02 8.42666625976562e-03
843 2.68554687500000e-02 7.21216201782227e-04
844 6.78710937500000e-02 4.60648536682129e-03
845 1.28906250000000e-01 1.66168212890625e-02
846 1.13769531250000e-01 1.29435062408447e-02
847 1.28417968750000e-01 1.64911746978760e-02
848 1.15722656250000e-01 1.33917331695557e-02
849 1.16699218750000e-01 1.36187076568604e-02
850 1.65527343750000e-01 2.73993015289307e-02
851 1.75292968750000e-01 3.07276248931885e-02
852 2.29003906250000e-01 5.24427890777588e-02
853 3.07128906250000e-01 9.43281650543213e-02
854 1.53808593750000e-01 2.36570835113525e-02
855 1.74804687500000e-01 3.05566787719727e-02
856 2.00683593750000e-01 4.02739048004150e-02
857 1.88964843750000e-01 3.57077121734619e-02
858 1.75292968750000e-01 3.07276248931885e-02
859 8.15429687500000e-02 6.64925575256348e-03
860 1.08886718750000e-01 1.18563175201416e-02
861 8.83789062500000e-02 7.81083106994629e-03
862 1.10351562500000e-01 1.21774673461914e-02
863 1.36718750000000e-01 1.86920166015625e-02
864 1.53808593750000e-01 2.36570835113525e-02
865 1.74316406250000e-01 3.03862094879150e-02
866 1.44042968750000e-01 2.07483768463135e-02
867 1.81152343750000e-01 3.28161716461182e-02
868 8.78906250000000e-02 7.72476196289062e-03
869 8.05664062500000e-02 6.49094581604004e-03
870 8.78906250000000e-02 7.72476196289062e-03
871 8.54492187500000e-02 7.30156898498535e-03
872 1.48925781250000e-01 2.21788883209229e-02
873 2.13867187500000e-01 4.57391738891602e-02
874 1.87988281250000e-01 3.53395938873291e-02
875 1.22070312500000e-01 1.49011611938477e-02
876 1.43554687500000e-01 2.06079483032227e-02
877 1.67968750000000e-01 2.82135009765625e-02
878 1.81640625000000e-01 3.29933166503906e-02
879 1.52343750000000e-01 2.32086181640625e-02
880 8.30078125000000e-02 6.89029693603516e-03
881 4.05273437500000e-02 1.64246559143066e-03
882 3.32031250000000e-02 1.10244750976562e-03
883 4.05273437500000e-02 1.64246559143066e-03
884 9.32617187500000e-02 8.69774818420410e-03
885 1.79199218750000e-01 3.21123600006104e-02
886 1.77246093750000e-01 3.14161777496338e-02
887 1.98730468750000e-01 3.94937992095947e-02
888 2.81738281250000e-01 7.93764591217041e-02
889 2.96875000000000e-01 8.81347656250000e-02
890 3.10058593750000e-01 9.61363315582275e-02
891 3.76953125000000e-01 1.42093658447266e-01
892 3.21289062500000e-01 1.03226661682129e-01
893 3.64746093750000e-01 1.33039712905884e-01
894 3.96484375000000e-01 1.57199859619141e-01
895 3.87695312500000e-01 1.50307655334473e-01
896 3.63281250000000e-01 1.31973266601562e-01
897 4.10644531250000e-01 1.68628931045532e-01
898 3.70117187500000e-01 1.36986732482910e-01
899 3.58398437500000e-01 1.28449440002441e-01
900 3.67675781250000e-01 1.35185480117798e-01
901 3.45214843750000e-01 1.19173288345337e-01
902 3.43261718750000e-01 1.17828607559204e-01
903 3.30078125000000e-01 1.08951568603516e-01
904 3.13964843750000e-01 9.85739231109619e-02
905 3.48632812500000e-01 1.21544837951660e-01
906 3.60351562500000e-01 1.29853248596191e-01
907 3.11035156250000e-01 9.67428684234619e-02
908 3.50585937500000e-01 1.22910499572754e-01
909 3.30566406250000e-01 1.09274148941040e-01
910 3.27636718750000e-01 1.07345819473267e-01
911 3.35449218750000e-01 1.12526178359985e-01
912 3.59375000000000e-01 1.29150390625000e-01
913 3.35449218750000e-01 1.12526178359985e-01
914 3.63281250000000e-01 1.31973266601562e-01
915 3.75000000000000e-01 1.40625000000000e-01
916 3.79882812500000e-01 1.44310951232910e-01
917 3.12500000000000e-01 9.76562500000000e-02
918 2.81250000000000e-01 7.91015625000000e-02
919 3.04199218750000e-01 9.25371646881104e-02
920 3.13964843750000e-01 9.85739231109619e-02
921 3.05175781250000e-01 9.31322574615479e-02
922 2.70019531250000e-01 7.29105472564697e-02
923 3.13964843750000e-01 9.85739231109619e-02
924 3.24707031250000e-01 1.05434656143188e-01
925 3.10058593750000e-01 9.61363315582275e-02
926 3.11035156250000e-01 9.67428684234619e-02
927 3.09570312500000e-01 9.58337783813477e-02
928 3.11523437500000e-01 9.70468521118164e-02
929 2.96875000000000e-01 8.81347656250000e-02
930 3.00781250000000e-01 9.04693603515625e-02
931 2.45605468750000e-01 6.03220462799072e-02
932 2.62695312500000e-01 6.90088272094727e-02
933 1.77246093750000e-01 3.14161777496338e-02
934 1.43554687500000e-01 2.06079483032227e-02
935 1.51367187500000e-01 2.29120254516602e-02
936 9.86328125000000e-02 9.72843170166016e-03
937 8.54492187500000e-02 7.30156898498535e-03
938 1.19140625000000e-01 1.41944885253906e-02
939 1.17675781250000e-01 1.38475894927979e-02
940 1.74804687500000e-01 3.05566787719727e-02
941 2.03125000000000e-01 4.12597656250000e-02
942 2.49023437500000e-01 6.20126724243164e-02
943 2.25097656250000e-01 5.06689548492432e-02
944 2.25585937500000e-01 5.08890151977539e-02
945 2.17285156250000e-01 4.72128391265869e-02
946 3.08593750000000e-01 9.52301025390625e-02
947 4.05273437500000e-01 1.64246559143066e-01
948 3.99902343750000e-01 1.59921884536743e-01
949 3.51074218750000e-01 1.23253107070923e-01
950 3.49121093750000e-01 1.21885538101196e-01
951 3.17871093750000e-01 1.01042032241821e-01
952 2.86621093750000e-01 8.21516513824463e-02
953 3.58398437500000e-01 1.28449440002441e-01
954 3.61328125000000e-01 1.30558013916016e-01
955 3.19824218750000e-01 1.02287530899048e-01
956 3.01269531250000e-01 9.07633304595947e-02
957 3.71582031250000e-01 1.38073205947876e-01
958 4.26757812500000e-01 1.82122230529785e-01
959 5.11230468750000e-01 2.61356592178345e-01
960 5.02441406250000e-01 2.52447366714478e-01
961 5.58593750000000e-01 3.12026977539062e-01
962 6.51855468750000e-01 4.24915552139282e-01
963 5.94238281250000e-01 3.53119134902954e-01
964 6.56250000000000e-01 4.30664062500000e-01
965 6.74316406250000e-01 4.54702615737915e-01
966 7.28515625000000e-01 5.30735015869141e-01
967 7.14355468750000e-01 5.10303735733032e-01
968 6.63085937500000e-01 4.39682960510254e-01
969 6.16699218750000e-01 3.80317926406860e-01
970 5.93750000000000e-01 3.52539062500000e-01
971 6.49902343750000e-01 4.22373056411743e-01
972 6.43554687500000e-01 4.14162635803223e-01
973 6.76757812500000e-01 4.58001136779785e-01
974 6.69433593750000e-01 4.48141336441040e-01
975 6.60156250000000e-01 4.35806274414062e-01
976 7.11914062500000e-01 5.06821632385254e-01
977 7.49511718750000e-01 5.61767816543579e-01
978 7.79785156250000e-01 6.08064889907837e-01
979 7.55859375000000e-01 5.71323394775391e-01
980 7.50976562500000e-01 5.63965797424316e-01
981 6.87011718750000e-01 4.71985101699829e-01
982 6.53320312500000e-01 4.26827430725098e-01
983 6.76269531250000e-01 4.57340478897095e-01
984 6.94335937500000e-01 4.82102394104004e-01
985 5.95703125000000e-01 3.54862213134766e-01
986 5.99121093750000e-01 3.58946084976196e-01
987 6.04980468750000e-01 3.66001367568970e-01
988 6.03515625000000e-01 3.64231109619141e-01
989 6.41113281250000e-01 4.11026239395142e-01
990 6.21582031250000e-01 3.86364221572876e-01
991 6.07910156250000e-01 3.69554758071899e-01
992 5.86914062500000e-01 3.44468116760254e-01
993 6.59179687500000e-01 4.34517860412598e-01
994 6.97265625000000e-01 4.86179351806641e-01
995 6.79687500000000e-01 4.61975097656250e-01
996 7.08496093750000e-01 5.01966714859009e-01
997 6.29882812500000e-01 3.96752357482910e-01
998 6.61132812500000e-01 4.37096595764160e-01
999 6.45507812500000e-01 4.16680335998535e-01
