0 6.16210937500000e-01 3.79715919494629e-01
1 6.42578125000000e-01 4.12906646728516e-01
2 6.71875000000000e-01 4.51416015625000e-01
3 6.95312500000000e-01 4.83459472656250e-01
4 6.74804687500000e-01 4.55361366271973e-01
5 6.16210937500000e-01 3.79715919494629e-01
6 6.68457031250000e-01 4.46834802627563e-01
7 5.78125000000000e-01 3.34228515625000e-01
8 5.30761718750000e-01 2.81708002090454e-01
9 5.44433593750000e-01 2.96407938003540e-01
10 5.24414062500000e-01 2.75010108947754e-01
11 5.89843750000000e-01 3.47915649414062e-01
12 5.41015625000000e-01 2.92697906494141e-01
13 4.93164062500000e-01 2.43210792541504e-01
14 5.24902343750000e-01 2.75522470474243e-01
15 5.05859375000000e-01 2.55893707275391e-01
16 5.26855468750000e-01 2.77576684951782e-01
17 5.24902343750000e-01 2.75522470474243e-01
18 4.60937500000000e-01 2.12463378906250e-01
19 4.39941406250000e-01 1.93548440933228e-01
20 3.77929687500000e-01 1.42830848693848e-01
21 4.25781250000000e-01 1.81289672851562e-01
22 4.04296875000000e-01 1.63455963134766e-01
23 4.86816406250000e-01 2.36990213394165e-01
24 4.70214843750000e-01 2.21101999282837e-01
25 4.76562500000000e-01 2.27111816406250e-01
26 4.14062500000000e-01 1.71447753906250e-01
27 3.40820312500000e-01 1.16158485412598e-01
28 3.87695312500000e-01 1.50307655334473e-01
29 4.62890625000000e-01 2.14267730712891e-01
30 4.61425781250000e-01 2.12913751602173e-01
31 5.24902343750000e-01 2.75522470474243e-01
32 5.17089843750000e-01 2.67381906509399e-01
33 4.92187500000000e-01 2.42248535156250e-01
34 5.03417968750000e-01 2.53429651260376e-01
35 4.69726562500000e-01 2.20643043518066e-01
36 4.58496093750000e-01 2.10218667984009e-01
37 4.92187500000000e-01 2.42248535156250e-01
38 5.23437500000000e-01 2.73986816406250e-01
39 5.02929687500000e-01 2.52938270568848e-01
40 5.06347656250000e-01 2.56387948989868e-01
41 5.53222656250000e-01 3.06055307388306e-01
42 5.72265625000000e-01 3.27487945556641e-01
43 5.86914062500000e-01 3.44468116760254e-01
44 5.26855468750000e-01 2.77576684951782e-01
45 5.36132812500000e-01 2.87438392639160e-01
46 5.28808593750000e-01 2.79638528823853e-01
47 5.81054687500000e-01 3.37624549865723e-01
48 5.37597656250000e-01 2.89011240005493e-01
49 4.82421875000000e-01 2.32730865478516e-01
50 4.39941406250000e-01 1.93548440933228e-01
51 3.96484375000000e-01 1.57199859619141e-01
52 4.10156250000000e-01 1.68228149414062e-01
53 3.46679687500000e-01 1.20186805725098e-01
54 3.25683593750000e-01 1.06069803237915e-01
55 2.53417968750000e-01 6.42206668853760e-02
56 2.70507812500000e-01 7.31744766235352e-02
57 2.95410156250000e-01 8.72671604156494e-02
58 2.87109375000000e-01 8.24317932128906e-02
59 3.18847656250000e-01 1.01663827896118e-01
60 3.41796875000000e-01 1.16825103759766e-01
61 3.53515625000000e-01 1.24973297119141e-01
62 3.94042968750000e-01 1.55269861221313e-01
63 4.16015625000000e-01 1.73069000244141e-01
64 4.64843750000000e-01 2.16079711914062e-01
65 4.88281250000000e-01 2.38418579101562e-01
66 4.62890625000000e-01 2.14267730712891e-01
67 4.00390625000000e-01 1.60312652587891e-01
68 4.32617187500000e-01 1.87157630920410e-01
69 3.47167968750000e-01 1.20525598526001e-01
70 3.67187500000000e-01 1.34826660156250e-01
71 3.68652343750000e-01 1.35904550552368e-01
72 4.32128906250000e-01 1.86735391616821e-01
73 3.91113281250000e-01 1.52969598770142e-01
74 4.01855468750000e-01 1.61487817764282e-01
75 3.39843750000000e-01 1.15493774414062e-01
76 3.86718750000000e-01 1.49551391601562e-01
77 3.98925781250000e-01 1.59141778945923e-01
78 3.45214843750000e-01 1.19173288345337e-01
79 3.17871093750000e-01 1.01042032241821e-01
80 3.24707031250000e-01 1.05434656143188e-01
81 3.36914062500000e-01 1.13511085510254e-01
82 4.23339843750000e-01 1.79216623306274e-01
83 4.30664062500000e-01 1.85471534729004e-01
84 4.56542968750000e-01 2.08431482315063e-01
85 4.94628906250000e-01 2.44657754898071e-01
86 4.66796875000000e-01 2.17899322509766e-01
87 5.29785156250000e-01 2.80672311782837e-01
88 5.73242187500000e-01 3.28606605529785e-01
89 5.70312500000000e-01 3.25256347656250e-01
90 6.42089843750000e-01 4.12279367446899e-01
91 6.90917968750000e-01 4.77367639541626e-01
92 7.45605468750000e-01 5.55927515029907e-01
93 7.30957031250000e-01 5.34298181533813e-01
94 6.86035156250000e-01 4.70644235610962e-01
95 7.15820312500000e-01 5.12398719787598e-01
96 6.57226562500000e-01 4.31946754455566e-01
97 6.17675781250000e-01 3.81523370742798e-01
98 6.14746093750000e-01 3.77912759780884e-01
99 6.49902343750000e-01 4.22373056411743e-01
100 6.01074218750000e-01 3.61290216445923e-01
101 6.33789062500000e-01 4.01688575744629e-01
102 6.20117187500000e-01 3.84545326232910e-01
103 6.76269531250000e-01 4.57340478897095e-01
104 6.14257812500000e-01 3.77312660217285e-01
105 6.59179687500000e-01 4.34517860412598e-01
106 6.74804687500000e-01 4.55361366271973e-01
107 6.89941406250000e-01 4.76019144058228e-01
108 7.28027343750000e-01 5.30023813247681e-01
109 6.99707031250000e-01 4.89589929580688e-01
110 7.03125000000000e-01 4.94384765625000e-01
111 6.50878906250000e-01 4.23643350601196e-01
112 6.94824218750000e-01 4.82780694961548e-01
113 6.66015625000000e-01 4.43576812744141e-01
114 6.85058593750000e-01 4.69305276870728e-01
115 6.46972656250000e-01 4.18573617935181e-01
116 5.71289062500000e-01 3.26371192932129e-01
117 6.00097656250000e-01 3.60117197036743e-01
118 6.19628906250000e-01 3.83939981460571e-01
119 5.93750000000000e-01 3.52539062500000e-01
120 5.67382812500000e-01 3.21923255920410e-01
121 5.57617187500000e-01 3.10936927795410e-01
122 4.91699218750000e-01 2.41768121719360e-01
123 4.96093750000000e-01 2.46109008789062e-01
124 5.52734375000000e-01 3.05515289306641e-01
125 5.58105468750000e-01 3.11481714248657e-01
126 4.74609375000000e-01 2.25254058837891e-01
127 5.22949218750000e-01 2.73475885391235e-01
128 6.14257812500000e-01 3.77312660217285e-01
129 6.73339843750000e-01 4.53386545181274e-01
130 6.75292968750000e-01 4.56020593643188e-01
131 6.18164062500000e-01 3.82126808166504e-01
132 5.83007812500000e-01 3.39898109436035e-01
133 4.93652343750000e-01 2.43692636489868e-01
134 4.92187500000000e-01 2.42248535156250e-01
135 4.23828125000000e-01 1.79630279541016e-01
136 4.01855468750000e-01 1.61487817764282e-01
137 4.52148437500000e-01 2.04438209533691e-01
138 5.05371093750000e-01 2.55399942398071e-01
139 4.73144531250000e-01 2.23865747451782e-01
140 4.58007812500000e-01 2.09771156311035e-01
141 3.85742187500000e-01 1.48797035217285e-01
142 4.59960937500000e-01 2.11564064025879e-01
143 3.99902343750000e-01 1.59921884536743e-01
144 4.53125000000000e-01 2.05322265625000e-01
145 5.15136718750000e-01 2.65365839004517e-01
146 5.04882812500000e-01 2.54906654357910e-01
147 5.37109375000000e-01 2.88486480712891e-01
148 5.72753906250000e-01 3.28047037124634e-01
149 5.76171875000000e-01 3.31974029541016e-01
150 5.75683593750000e-01 3.31411600112915e-01
151 5.21972656250000e-01 2.72455453872681e-01
152 5.22949218750000e-01 2.73475885391235e-01
153 4.91699218750000e-01 2.41768121719360e-01
154 4.82910156250000e-01 2.33202219009399e-01
155 4.75585937500000e-01 2.26181983947754e-01
156 4.81445312500000e-01 2.31789588928223e-01
157 5.15625000000000e-01 2.65869140625000e-01
158 4.68750000000000e-01 2.19726562500000e-01
159 5.02929687500000e-01 2.52938270568848e-01
160 5.67382812500000e-01 3.21923255920410e-01
161 5.61035156250000e-01 3.14760446548462e-01
162 4.53125000000000e-01 2.05322265625000e-01
163 4.98535156250000e-01 2.48537302017212e-01
164 4.88769531250000e-01 2.38895654678345e-01
165 4.15527343750000e-01 1.72662973403931e-01
166 4.47265625000000e-01 2.00046539306641e-01
167 4.16992187500000e-01 1.73882484436035e-01
168 4.66308593750000e-01 2.17443704605103e-01
169 4.97558593750000e-01 2.47564554214478e-01
170 5.84472656250000e-01 3.41608285903931e-01
171 6.87500000000000e-01 4.72656250000000e-01
172 7.06054687500000e-01 4.98513221740723e-01
173 7.28515625000000e-01 5.30735015869141e-01
174 7.56835937500000e-01 5.72800636291504e-01
175 7.53417968750000e-01 5.67638635635376e-01
176 7.07519531250000e-01 5.00583887100220e-01
177 7.29980468750000e-01 5.32871484756470e-01
178 7.34863281250000e-01 5.40024042129517e-01
179 7.56835937500000e-01 5.72800636291504e-01
180 7.17285156250000e-01 5.14497995376587e-01
181 6.67968750000000e-01 4.46182250976562e-01
182 7.40722656250000e-01 5.48670053482056e-01
183 7.47558593750000e-01 5.58843851089478e-01
184 7.02636718750000e-01 4.93698358535767e-01
185 7.07031250000000e-01 4.99893188476562e-01
186 6.62109375000000e-01 4.38388824462891e-01
187 6.30859375000000e-01 3.97983551025391e-01
188 6.32812500000000e-01 4.00451660156250e-01
189 6.44042968750000e-01 4.14791345596313e-01
190 6.71875000000000e-01 4.51416015625000e-01
191 7.06054687500000e-01 4.98513221740723e-01
192 6.98242187500000e-01 4.87542152404785e-01
193 7.06542968750000e-01 4.99202966690063e-01
194 6.89453125000000e-01 4.75345611572266e-01
195 7.21191406250000e-01 5.20117044448853e-01
196 6.66015625000000e-01 4.43576812744141e-01
197 5.98144531250000e-01 3.57776880264282e-01
198 6.00097656250000e-01 3.60117197036743e-01
199 6.09375000000000e-01 3.71337890625000e-01
200 6.39648437500000e-01 4.09150123596191e-01
201 6.03027343750000e-01 3.63641977310181e-01
202 5.70800781250000e-01 3.25813531875610e-01
203 5.49316406250000e-01 3.01748514175415e-01
204 5.65917968750000e-01 3.20263147354126e-01
205 5.26367187500000e-01 2.77062416076660e-01
206 4.93164062500000e-01 2.43210792541504e-01
207 4.56542968750000e-01 2.08431482315063e-01
208 4.73144531250000e-01 2.23865747451782e-01
209 5.06347656250000e-01 2.56387948989868e-01
210 5.25878906250000e-01 2.76548624038696e-01
211 5.73242187500000e-01 3.28606605529785e-01
212 5.31250000000000e-01 2.82226562500000e-01
213 5.86914062500000e-01 3.44468116760254e-01
214 5.65917968750000e-01 3.20263147354126e-01
215 5.61035156250000e-01 3.14760446548462e-01
216 5.90820312500000e-01 3.49068641662598e-01
217 5.81542968750000e-01 3.38192224502563e-01
218 5.65917968750000e-01 3.20263147354126e-01
219 5.48339843750000e-01 3.00676584243774e-01
220 5.41503906250000e-01 2.93226480484009e-01
221 5.68359375000000e-01 3.23032379150391e-01
222 5.86425781250000e-01 3.43895196914673e-01
223 5.48828125000000e-01 3.01212310791016e-01
224 5.07324218750000e-01 2.57377862930298e-01
225 4.54589843750000e-01 2.06651926040649e-01
226 4.08691406250000e-01 1.67028665542603e-01
227 4.57519531250000e-01 2.09324121475220e-01
228 5.07812500000000e-01 2.57873535156250e-01
229 5.09765625000000e-01 2.59860992431641e-01
230 5.01464843750000e-01 2.51466989517212e-01
231 5.06347656250000e-01 2.56387948989868e-01
232 4.58007812500000e-01 2.09771156311035e-01
233 3.92578125000000e-01 1.54117584228516e-01
234 4.48242187500000e-01 2.00921058654785e-01
235 4.95117187500000e-01 2.45141029357910e-01
236 5.33203125000000e-01 2.84305572509766e-01
237 5.14648437500000e-01 2.64863014221191e-01
238 4.85351562500000e-01 2.35566139221191e-01
239 5.75195312500000e-01 3.30849647521973e-01
240 6.27441406250000e-01 3.93682718276978e-01
241 6.06933593750000e-01 3.68368387222290e-01
242 4.99023437500000e-01 2.49024391174316e-01
243 5.73730468750000e-01 3.29166650772095e-01
244 6.46972656250000e-01 4.18573617935181e-01
245 5.47851562500000e-01 3.00141334533691e-01
246 5.20507812500000e-01 2.70928382873535e-01
247 4.62402343750000e-01 2.13815927505493e-01
248 5.39550781250000e-01 2.91115045547485e-01
249 5.74707031250000e-01 3.30288171768188e-01
250 5.72265625000000e-01 3.27487945556641e-01
251 4.91210937500000e-01 2.41288185119629e-01
252 4.92675781250000e-01 2.42729425430298e-01
253 4.90234375000000e-01 2.40329742431641e-01
254 4.58496093750000e-01 2.10218667984009e-01
255 4.88281250000000e-01 2.38418579101562e-01
256 4.90722656250000e-01 2.40808725357056e-01
257 5.04394531250000e-01 2.54413843154907e-01
258 4.70214843750000e-01 2.21101999282837e-01
259 4.07714843750000e-01 1.66231393814087e-01
260 3.66210937500000e-01 1.34110450744629e-01
261 3.74023437500000e-01 1.39893531799316e-01
262 3.34960937500000e-01 1.12198829650879e-01
263 4.52148437500000e-01 2.04438209533691e-01
264 4.25781250000000e-01 1.81289672851562e-01
265 4.03320312500000e-01 1.62667274475098e-01
266 4.43359375000000e-01 1.96567535400391e-01
267 4.49218750000000e-01 2.01797485351562e-01
268 4.38476562500000e-01 1.92261695861816e-01
269 5.02441406250000e-01 2.52447366714478e-01
270 5.06835937500000e-01 2.56882667541504e-01
271 4.83886718750000e-01 2.34146356582642e-01
272 4.53125000000000e-01 2.05322265625000e-01
273 5.45898437500000e-01 2.98005104064941e-01
274 6.02050781250000e-01 3.62465143203735e-01
275 5.63964843750000e-01 3.18056344985962e-01
276 5.50781250000000e-01 3.03359985351562e-01
277 5.79589843750000e-01 3.35924386978149e-01
278 5.56640625000000e-01 3.09848785400391e-01
279 4.81445312500000e-01 2.31789588928223e-01
280 4.98535156250000e-01 2.48537302017212e-01
281 4.65820312500000e-01 2.16988563537598e-01
282 5.37109375000000e-01 2.88486480712891e-01
283 5.11718750000000e-01 2.61856079101562e-01
284 5.18554687500000e-01 2.68898963928223e-01
285 4.80957031250000e-01 2.31319665908813e-01
286 5.31738281250000e-01 2.82745599746704e-01
287 5.00000000000000e-01 2.50000000000000e-01
288 5.41503906250000e-01 2.93226480484009e-01
289 5.22460937500000e-01 2.72965431213379e-01
290 5.00976562500000e-01 2.50977516174316e-01
291 4.37011718750000e-01 1.90979242324829e-01
292 4.68261718750000e-01 2.19269037246704e-01
293 4.00878906250000e-01 1.60703897476196e-01
294 4.58984375000000e-01 2.10666656494141e-01
295 3.95507812500000e-01 1.56426429748535e-01
296 3.81347656250000e-01 1.45426034927368e-01
297 3.12500000000000e-01 9.76562500000000e-02
298 3.11035156250000e-01 9.67428684234619e-02
299 3.49121093750000e-01 1.21885538101196e-01
300 3.76464843750000e-01 1.41725778579712e-01
301 3.65234375000000e-01 1.33396148681641e-01
302 3.99414062500000e-01 1.59531593322754e-01
303 4.87304687500000e-01 2.37465858459473e-01
304 4.61914062500000e-01 2.13364601135254e-01
305 5.24414062500000e-01 2.75010108947754e-01
306 5.09765625000000e-01 2.59860992431641e-01
307 4.31152343750000e-01 1.85892343521118e-01
308 4.16503906250000e-01 1.73475503921509e-01
309 4.70703125000000e-01 2.21561431884766e-01
310 4.01367187500000e-01 1.61095619201660e-01
311 4.58984375000000e-01 2.10666656494141e-01
312 5.12207031250000e-01 2.62356042861938e-01
313 5.28808593750000e-01 2.79638528823853e-01
314 5.96191406250000e-01 3.55444192886353e-01
315 5.93750000000000e-01 3.52539062500000e-01
316 6.49902343750000e-01 4.22373056411743e-01
317 6.33300781250000e-01 4.01069879531860e-01
318 6.49414062500000e-01 4.21738624572754e-01
319 5.96191406250000e-01 3.55444192886353e-01
320 6.72363281250000e-01 4.52072381973267e-01
321 6.07421875000000e-01 3.68961334228516e-01
322 5.58105468750000e-01 3.11481714248657e-01
323 5.84472656250000e-01 3.41608285903931e-01
324 5.98632812500000e-01 3.58361244201660e-01
325 6.25976562500000e-01 3.91846656799316e-01
326 6.21093750000000e-01 3.85757446289062e-01
327 6.32324218750000e-01 3.99833917617798e-01
328 6.23535156250000e-01 3.88796091079712e-01
329 5.82519531250000e-01 3.39329004287720e-01
330 5.49804687500000e-01 3.02285194396973e-01
331 5.33691406250000e-01 2.84826517105103e-01
332 5.40527343750000e-01 2.92169809341431e-01
333 4.75585937500000e-01 2.26181983947754e-01
334 4.62402343750000e-01 2.13815927505493e-01
335 4.60449218750000e-01 2.12013483047485e-01
336 4.53613281250000e-01 2.05765008926392e-01
337 4.24316406250000e-01 1.80044412612915e-01
338 4.50195312500000e-01 2.02675819396973e-01
339 4.44824218750000e-01 1.97868585586548e-01
340 3.95019531250000e-01 1.56040430068970e-01
341 3.91113281250000e-01 1.52969598770142e-01
342 3.54492187500000e-01 1.25664710998535e-01
343 3.43750000000000e-01 1.18164062500000e-01
344 3.49609375000000e-01 1.22226715087891e-01
345 3.55468750000000e-01 1.26358032226562e-01
346 4.19921875000000e-01 1.76334381103516e-01
347 3.64746093750000e-01 1.33039712905884e-01
348 4.33105468750000e-01 1.87580347061157e-01
349 3.64257812500000e-01 1.32683753967285e-01
350 4.24316406250000e-01 1.80044412612915e-01
351 4.03320312500000e-01 1.62667274475098e-01
352 3.23242187500000e-01 1.04485511779785e-01
353 3.33007812500000e-01 1.10894203186035e-01
354 2.70996093750000e-01 7.34388828277588e-02
355 3.17382812500000e-01 1.00731849670410e-01
356 2.97851562500000e-01 8.87155532836914e-02
357 3.55957031250000e-01 1.26705408096313e-01
358 3.97460937500000e-01 1.57975196838379e-01
359 4.23828125000000e-01 1.79630279541016e-01
360 4.88769531250000e-01 2.38895654678345e-01
361 4.09667968750000e-01 1.67827844619751e-01
362 3.61816406250000e-01 1.30911111831665e-01
363 3.23242187500000e-01 1.04485511779785e-01
364 2.76367187500000e-01 7.63788223266602e-02
365 2.65136718750000e-01 7.02974796295166e-02
366 3.28613281250000e-01 1.07986688613892e-01
367 3.46679687500000e-01 1.20186805725098e-01
368 3.57421875000000e-01 1.27750396728516e-01
369 3.11035156250000e-01 9.67428684234619e-02
370 3.10058593750000e-01 9.61363315582275e-02
371 2.83691406250000e-01 8.04808139801025e-02
372 2.24121093750000e-01 5.02302646636963e-02
373 1.54785156250000e-01 2.39584445953369e-02
374 1.52343750000000e-01 2.32086181640625e-02
375 1.01074218750000e-01 1.02159976959229e-02
376 1.89941406250000e-01 3.60777378082275e-02
377 2.20703125000000e-01 4.87098693847656e-02
378 2.27539062500000e-01 5.17740249633789e-02
379 1.85058593750000e-01 3.42466831207275e-02
380 2.21191406250000e-01 4.89256381988525e-02
381 2.53417968750000e-01 6.42206668853760e-02
382 2.04589843750000e-01 4.18570041656494e-02
383 1.99218750000000e-01 3.96881103515625e-02
384 1.25000000000000e-01 1.56250000000000e-02
385 6.05468750000000e-02 3.66592407226562e-03
386 1.61132812500000e-01 2.59637832641602e-02
387 1.79199218750000e-01 3.21123600006104e-02
388 1.20117187500000e-01 1.44281387329102e-02
389 1.67968750000000e-01 2.82135009765625e-02
390 1.14257812500000e-01 1.30548477172852e-02
391 1.00097656250000e-01 1.00195407867432e-02
392 4.63867187500000e-02 2.15172767639160e-03
393 2.19726562500000e-02 4.82797622680664e-04
394 6.00585937500000e-02 3.60703468322754e-03
395 1.75781250000000e-02 3.08990478515625e-04
396 4.63867187500000e-02 2.15172767639160e-03
397 4.19921875000000e-02 1.76334381103516e-03
398 7.22656250000000e-02 5.22232055664062e-03
399 8.64257812500000e-02 7.46941566467285e-03
400 1.49414062500000e-01 2.23245620727539e-02
401 1.59179687500000e-01 2.53381729125977e-02
402 1.91894531250000e-01 3.68235111236572e-02
403 3.12011718750000e-01 9.73513126373291e-02
404 2.93945312500000e-01 8.64038467407227e-02
405 2.86132812500000e-01 8.18719863891602e-02
406 3.20800781250000e-01 1.02913141250610e-01
407 3.09082031250000e-01 9.55317020416260e-02
408 3.12500000000000e-01 9.76562500000000e-02
409 3.47656250000000e-01 1.20864868164062e-01
410 3.22265625000000e-01 1.03855133056641e-01
411 3.79394531250000e-01 1.43940210342407e-01
412 3.61816406250000e-01 1.30911111831665e-01
413 4.02832031250000e-01 1.62273645401001e-01
414 4.24316406250000e-01 1.80044412612915e-01
415 3.95507812500000e-01 1.56426429748535e-01
416 4.28710937500000e-01 1.83793067932129e-01
417 4.23339843750000e-01 1.79216623306274e-01
418 3.22265625000000e-01 1.03855133056641e-01
419 3.34960937500000e-01 1.12198829650879e-01
420 3.19824218750000e-01 1.02287530899048e-01
421 3.06640625000000e-01 9.40284729003906e-02
422 3.54980468750000e-01 1.26011133193970e-01
423 3.91113281250000e-01 1.52969598770142e-01
424 4.01855468750000e-01 1.61487817764282e-01
425 4.10644531250000e-01 1.68628931045532e-01
426 3.90136718750000e-01 1.52206659317017e-01
427 3.71582031250000e-01 1.38073205947876e-01
428 4.16503906250000e-01 1.73475503921509e-01
429 3.34960937500000e-01 1.12198829650879e-01
430 3.65722656250000e-01 1.33753061294556e-01
431 3.61328125000000e-01 1.30558013916016e-01
432 3.51074218750000e-01 1.23253107070923e-01
433 2.92480468750000e-01 8.55448246002197e-02
434 2.60742187500000e-01 6.79864883422852e-02
435 3.18359375000000e-01 1.01352691650391e-01
436 3.44726562500000e-01 1.18836402893066e-01
437 2.58300781250000e-01 6.67192935943604e-02
438 3.31054687500000e-01 1.09597206115723e-01
439 3.09082031250000e-01 9.55317020416260e-02
440 2.98339843750000e-01 8.90066623687744e-02
441 3.03710937500000e-01 9.22403335571289e-02
442 2.91503906250000e-01 8.49745273590088e-02
443 2.57324218750000e-01 6.62157535552979e-02
444 2.28515625000000e-01 5.22193908691406e-02
445 2.61718750000000e-01 6.84967041015625e-02
446 3.09082031250000e-01 9.55317020416260e-02
447 2.72949218750000e-01 7.45012760162354e-02
448 2.44628906250000e-01 5.98433017730713e-02
449 3.08105468750000e-01 9.49289798736572e-02
450 3.02734375000000e-01 9.16481018066406e-02
451 2.91992187500000e-01 8.52594375610352e-02
452 2.69531250000000e-01 7.26470947265625e-02
453 2.87597656250000e-01 8.27124118804932e-02
454 3.20800781250000e-01 1.02913141250610e-01
455 3.48144531250000e-01 1.21204614639282e-01
456 3.13476562500000e-01 9.82675552368164e-02
457 3.45214843750000e-01 1.19173288345337e-01
458 3.75488281250000e-01 1.40991449356079e-01
459 4.52636718750000e-01 2.04879999160767e-01
460 4.67285156250000e-01 2.18355417251587e-01
461 4.87304687500000e-01 2.37465858459473e-01
462 4.56542968750000e-01 2.08431482315063e-01
463 4.60449218750000e-01 2.12013483047485e-01
464 4.69238281250000e-01 2.20184564590454e-01
465 5.09277343750000e-01 2.59363412857056e-01
466 5.01464843750000e-01 2.51466989517212e-01
467 5.15625000000000e-01 2.65869140625000e-01
468 4.89746093750000e-01 2.39851236343384e-01
469 3.89160156250000e-01 1.51445627212524e-01
470 4.41894531250000e-01 1.95270776748657e-01
471 4.09179687500000e-01 1.67428016662598e-01
472 4.82421875000000e-01 2.32730865478516e-01
473 4.90234375000000e-01 2.40329742431641e-01
474 5.03417968750000e-01 2.53429651260376e-01
475 5.29296875000000e-01 2.80155181884766e-01
476 4.87304687500000e-01 2.37465858459473e-01
477 4.95117187500000e-01 2.45141029357910e-01
478 4.57031250000000e-01 2.08877563476562e-01
479 4.47753906250000e-01 2.00483560562134e-01
480 4.75585937500000e-01 2.26181983947754e-01
481 4.84375000000000e-01 2.34619140625000e-01
482 5.49316406250000e-01 3.01748514175415e-01
483 5.73242187500000e-01 3.28606605529785e-01
484 5.56640625000000e-01 3.09848785400391e-01
485 5.22460937500000e-01 2.72965431213379e-01
486 5.29296875000000e-01 2.80155181884766e-01
487 4.89257812500000e-01 2.39373207092285e-01
488 4.49218750000000e-01 2.01797485351562e-01
489 4.09667968750000e-01 1.67827844619751e-01
490 3.76464843750000e-01 1.41725778579712e-01
491 2.83691406250000e-01 8.04808139801025e-02
492 3.50585937500000e-01 1.22910499572754e-01
493 3.40820312500000e-01 1.16158485412598e-01
494 3.41308593750000e-01 1.16491556167603e-01
495 2.59765625000000e-01 6.74781799316406e-02
496 2.50976562500000e-01 6.29892349243164e-02
497 2.37792968750000e-01 5.65454959869385e-02
498 2.28027343750000e-01 5.19964694976807e-02
499 2.53417968750000e-01 6.42206668853760e-02
500 2.19726562500000e-01 4.82797622680664e-02
501 2.76855468750000e-01 7.66489505767822e-02
502 2.75878906250000e-01 7.61091709136963e-02
503 2.57324218750000e-01 6.62157535552979e-02
504 3.25683593750000e-01 1.06069803237915e-01
505 3.39355468750000e-01 1.15162134170532e-01
506 2.86621093750000e-01 8.21516513824463e-02
507 2.50000000000000e-01 6.25000000000000e-02
508 2.92968750000000e-01 8.58306884765625e-02
509 3.15917968750000e-01 9.98041629791260e-02
510 3.13964843750000e-01 9.85739231109619e-02
511 3.21777343750000e-01 1.03540658950806e-01
512 2.86621093750000e-01 8.21516513824463e-02
513 2.98339843750000e-01 8.90066623687744e-02
514 3.33496093750000e-01 1.11219644546509e-01
515 3.35937500000000e-01 1.12854003906250e-01
516 3.02246093750000e-01 9.13527011871338e-02
517 3.05175781250000e-01 9.31322574615479e-02
518 2.97851562500000e-01 8.87155532836914e-02
519 2.88574218750000e-01 8.32750797271729e-02
520 3.10546875000000e-01 9.64393615722656e-02
521 3.54980468750000e-01 1.26011133193970e-01
522 3.37402343750000e-01 1.13840341567993e-01
523 2.52929687500000e-01 6.39734268188477e-02
524 2.40722656250000e-01 5.79473972320557e-02
525 2.55371093750000e-01 6.52143955230713e-02
526 2.17285156250000e-01 4.72128391265869e-02
527 1.57714843750000e-01 2.48739719390869e-02
528 1.38671875000000e-01 1.92298889160156e-02
529 1.55761718750000e-01 2.42617130279541e-02
530 1.34765625000000e-01 1.81617736816406e-02
531 8.83789062500000e-02 7.81083106994629e-03
532 1.22558593750000e-01 1.50206089019775e-02
533 1.26953125000000e-01 1.61170959472656e-02
534 9.91210937500000e-02 9.82499122619629e-03
535 2.16796875000000e-01 4.70008850097656e-02
536 1.42089843750000e-01 2.01895236968994e-02
537 1.09375000000000e-01 1.19628906250000e-02
538 9.13085937500000e-02 8.33725929260254e-03
539 7.95898437500000e-02 6.33454322814941e-03
540 1.57226562500000e-01 2.47201919555664e-02
541 2.00683593750000e-01 4.02739048004150e-02
542 1.55761718750000e-01 2.42617130279541e-02
543 1.28417968750000e-01 1.64911746978760e-02
544 9.13085937500000e-02 8.33725929260254e-03
545 6.34765625000000e-02 4.02927398681641e-03
546 1.41601562500000e-02 2.00510025024414e-04
547 2.97851562500000e-02 8.87155532836914e-04
548 1.56250000000000e-02 2.44140625000000e-04
549 1.36718750000000e-02 1.86920166015625e-04
550 5.27343750000000e-02 2.78091430664062e-03
551 6.83593750000000e-03 4.67300415039062e-05
552 2.24609375000000e-02 5.04493713378906e-04
553 8.05664062500000e-02 6.49094581604004e-03
554 6.93359375000000e-02 4.80747222900391e-03
555 9.91210937500000e-02 9.82499122619629e-03
556 1.23535156250000e-01 1.52609348297119e-02
557 1.32324218750000e-01 1.75096988677979e-02
558 1.89941406250000e-01 3.60777378082275e-02
559 1.73828125000000e-01 3.02162170410156e-02
560 1.66992187500000e-01 2.78863906860352e-02
561 2.27539062500000e-01 5.17740249633789e-02
562 1.82617187500000e-01 3.33490371704102e-02
563 2.51464843750000e-01 6.32345676422119e-02
564 2.70507812500000e-01 7.31744766235352e-02
565 2.42187500000000e-01 5.86547851562500e-02
566 1.82128906250000e-01 3.31709384918213e-02
567 2.02148437500000e-01 4.08639907836914e-02
568 1.93847656250000e-01 3.75769138336182e-02
569 2.02636718750000e-01 4.10616397857666e-02
570 7.66601562500000e-02 5.87677955627441e-03
571 4.73632812500000e-02 2.24328041076660e-03
572 4.39453125000000e-03 1.93119049072266e-05
573 5.66406250000000e-02 3.20816040039062e-03
574 6.83593750000000e-03 4.67300415039062e-05
575 5.51757812500000e-02 3.04436683654785e-03
576 3.12500000000000e-02 9.76562500000000e-04
577 7.12890625000000e-02 5.08213043212891e-03
578 3.80859375000000e-02 1.45053863525391e-03
579 1.95312500000000e-03 3.81469726562500e-06
580 7.32421875000000e-03 5.36441802978516e-05
581 5.56640625000000e-02 3.09848785400391e-03
582 2.44140625000000e-02 5.96046447753906e-04
583 1.07421875000000e-02 1.15394592285156e-04
584 7.61718750000000e-02 5.80215454101562e-03
585 9.03320312500000e-02 8.15987586975098e-03
586 2.22656250000000e-01 4.95758056640625e-02
587 2.25585937500000e-01 5.08890151977539e-02
588 1.36230468750000e-01 1.85587406158447e-02
589 1.56738281250000e-01 2.45668888092041e-02
590 1.66992187500000e-01 2.78863906860352e-02
591 1.25976562500000e-01 1.58700942993164e-02
592 1.27441406250000e-01 1.62413120269775e-02
593 9.17968750000000e-02 8.42666625976562e-03
594 8.30078125000000e-03 6.89029693603516e-05
595 4.49218750000000e-02 2.01797485351562e-03
596 8.74023437500000e-02 7.63916969299316e-03
597 6.15234375000000e-02 3.78513336181641e-03
598 5.85937500000000e-03 3.43322753906250e-05
599 7.56835937500000e-02 5.72800636291504e-03
600 2.88085937500000e-02 8.29935073852539e-04
601 2.34375000000000e-02 5.49316406250000e-04
602 1.31835937500000e-02 1.73807144165039e-04
603 2.78320312500000e-02 7.74621963500977e-04
604 3.07617187500000e-02 9.46283340454102e-04
605 7.32421875000000e-03 5.36441802978516e-05
606 2.73437500000000e-02 7.47680664062500e-04
607 2.92968750000000e-02 8.58306884765625e-04
608 0.00000000000000e+00 0.00000000000000e+00
609 8.20312500000000e-02 6.72912597656250e-03
610 4.78515625000000e-02 2.28977203369141e-03
611 1.41601562500000e-02 2.00510025024414e-04
612 2.73437500000000e-02 7.47680664062500e-04
613 5.37109375000000e-03 2.88486480712891e-05
614 5.17578125000000e-02 2.67887115478516e-03
615 9.61914062500000e-02 9.25278663635254e-03
616 7.12890625000000e-02 5.08213043212891e-03
617 6.68945312500000e-02 4.47487831115723e-03
618 2.58789062500000e-02 6.69717788696289e-04
619 2.14843750000000e-02 4.61578369140625e-04
620 4.34570312500000e-02 1.88851356506348e-03
621 6.78710937500000e-02 4.60648536682129e-03
622 9.52148437500000e-02 9.06586647033691e-03
623 1.03515625000000e-01 1.07154846191406e-02
624 5.95703125000000e-02 3.54862213134766e-03
625 4.54101562500000e-02 2.06208229064941e-03
626 2.00195312500000e-02 4.00781631469727e-04
627 3.41796875000000e-02 1.16825103759766e-03
628 1.02539062500000e-02 1.05142593383789e-04
629 4.54101562500000e-02 2.06208229064941e-03
630 6.49414062500000e-02 4.21738624572754e-03
631 1.09375000000000e-01 1.19628906250000e-02
632 7.61718750000000e-02 5.80215454101562e-03
633 1.15722656250000e-01 1.33917331695557e-02
634 1.62597656250000e-01 2.64379978179932e-02
635 1.22070312500000e-01 1.49011611938477e-02
636 2.17285156250000e-01 4.72128391265869e-02
637 2.25585937500000e-01 5.08890151977539e-02
638 2.40234375000000e-01 5.77125549316406e-02
639 2.26074218750000e-01 5.11095523834229e-02
640 2.41699218750000e-01 5.84185123443604e-02
641 2.61230468750000e-01 6.82413578033447e-02
642 2.18750000000000e-01 4.78515625000000e-02
643 1.62597656250000e-01 2.64379978179932e-02
644 1.31835937500000e-01 1.73807144165039e-02
645 1.71386718750000e-01 2.93734073638916e-02
646 1.67968750000000e-01 2.82135009765625e-02
647 1.24511718750000e-01 1.55031681060791e-02
648 9.32617187500000e-02 8.69774818420410e-03
649 5.41992187500000e-02 2.93755531311035e-03
650 3.12500000000000e-02 9.76562500000000e-04
651 2.09960937500000e-02 4.40835952758789e-04
652 1.02539062500000e-02 1.05142593383789e-04
653 2.92968750000000e-03 8.58306884765625e-06
654 4.93164062500000e-02 2.43210792541504e-03
655 4.73632812500000e-02 2.24328041076660e-03
656 2.73437500000000e-02 7.47680664062500e-04
657 2.68554687500000e-02 7.21216201782227e-04
658 2.68554687500000e-02 7.21216201782227e-04
659 1.90429687500000e-02 3.62634658813477e-04
660 1.46484375000000e-03 2.14576721191406e-06
661 1.07421875000000e-02 1.15394592285156e-04
662 2.53906250000000e-02 6.44683837890625e-04
663 6.93359375000000e-02 4.80747222900391e-03
664 9.52148437500000e-02 9.06586647033691e-03
665 8.00781250000000e-02 6.41250610351562e-03
666 4.39453125000000e-03 1.93119049072266e-05
667 7.27539062500000e-02 5.29313087463379e-03
668 1.06933593750000e-01 1.14347934722900e-02
669 1.69433593750000e-01 2.87077426910400e-02
670 1.47460937500000e-01 2.17447280883789e-02
671 1.80664062500000e-01 3.26395034790039e-02
672 2.35351562500000e-01 5.53903579711914e-02
673 1.69433593750000e-01 2.87077426910400e-02
674 1.94335937500000e-01 3.77664566040039e-02
675 2.09960937500000e-01 4.40835952758789e-02
676 1.81152343750000e-01 3.28161716461182e-02
677 1.45996093750000e-01 2.13148593902588e-02
678 1.67480468750000e-01 2.80497074127197e-02
679 1.64550781250000e-01 2.70769596099854e-02
680 1.28417968750000e-01 1.64911746978760e-02
681 1.28417968750000e-01 1.64911746978760e-02
682 2.49023437500000e-01 6.20126724243164e-02
683 2.72460937500000e-01 7.42349624633789e-02
684 3.57421875000000e-01 1.27750396728516e-01
685 3.18847656250000e-01 1.01663827896118e-01
686 3.33007812500000e-01 1.10894203186035e-01
687 3.74511718750000e-01 1.40259027481079e-01
688 4.20898437500000e-01 1.77155494689941e-01
689 4.20410156250000e-01 1.76744699478149e-01
690 4.12597656250000e-01 1.70236825942993e-01
691 3.97949218750000e-01 1.58363580703735e-01
692 4.89257812500000e-01 2.39373207092285e-01
693 5.33691406250000e-01 2.84826517105103e-01
694 5.71777343750000e-01 3.26929330825806e-01
695 5.38574218750000e-01 2.90062189102173e-01
696 5.62500000000000e-01 3.16406250000000e-01
697 5.12695312500000e-01 2.62856483459473e-01
698 5.34179687500000e-01 2.85347938537598e-01
699 4.87304687500000e-01 2.37465858459473e-01
700 5.87890625000000e-01 3.45615386962891e-01
701 5.94726562500000e-01 3.53699684143066e-01
702 5.42480468750000e-01 2.94285058975220e-01
703 5.15625000000000e-01 2.65869140625000e-01
704 4.77050781250000e-01 2.27577447891235e-01
705 3.78417968750000e-01 1.43200159072876e-01
706 4.19433593750000e-01 1.75924539566040e-01
707 4.28710937500000e-01 1.83793067932129e-01
708 3.42773437500000e-01 1.17493629455566e-01
709 3.47656250000000e-01 1.20864868164062e-01
710 3.81835937500000e-01 1.45798683166504e-01
711 4.03808593750000e-01 1.63061380386353e-01
712 4.77539062500000e-01 2.28043556213379e-01
713 4.24316406250000e-01 1.80044412612915e-01
714 3.76464843750000e-01 1.41725778579712e-01
715 4.20898437500000e-01 1.77155494689941e-01
716 4.25292968750000e-01 1.80874109268188e-01
717 4.41894531250000e-01 1.95270776748657e-01
718 4.09179687500000e-01 1.67428016662598e-01
719 4.57031250000000e-01 2.08877563476562e-01
720 4.64355468750000e-01 2.15626001358032e-01
721 4.79980468750000e-01 2.30381250381470e-01
722 4.97070312500000e-01 2.47078895568848e-01
723 5.61035156250000e-01 3.14760446548462e-01
724 4.95605468750000e-01 2.45624780654907e-01
725 5.64453125000000e-01 3.18607330322266e-01
726 5.47851562500000e-01 3.00141334533691e-01
727 5.63964843750000e-01 3.18056344985962e-01
728 5.13183593750000e-01 2.63357400894165e-01
729 4.95117187500000e-01 2.45141029357910e-01
730 5.41015625000000e-01 2.92697906494141e-01
731 5.12207031250000e-01 2.62356042861938e-01
732 5.12207031250000e-01 2.62356042861938e-01
733 5.74707031250000e-01 3.30288171768188e-01
734 5.50292968750000e-01 3.02822351455688e-01
735 5.69335937500000e-01 3.24143409729004e-01
736 5.31738281250000e-01 2.82745599746704e-01
737 6.28417968750000e-01 3.94909143447876e-01
738 6.10839843750000e-01 3.73125314712524e-01
739 6.00097656250000e-01 3.60117197036743e-01
740 5.95214843750000e-01 3.54280710220337e-01
741 6.21093750000000e-01 3.85757446289062e-01
742 6.38671875000000e-01 4.07901763916016e-01
743 5.98144531250000e-01 3.57776880264282e-01
744 6.26464843750000e-01 3.92458200454712e-01
745 6.26464843750000e-01 3.92458200454712e-01
746 5.91796875000000e-01 3.50223541259766e-01
747 6.34277343750000e-01 4.02307748794556e-01
748 6.28417968750000e-01 3.94909143447876e-01
749 6.07421875000000e-01 3.68961334228516e-01
750 5.90820312500000e-01 3.49068641662598e-01
751 6.34765625000000e-01 4.02927398681641e-01
752 6.61132812500000e-01 4.37096595764160e-01
753 7.18750000000000e-01 5.16601562500000e-01
754 6.82617187500000e-01 4.65966224670410e-01
755 7.24121093750000e-01 5.24351358413696e-01
756 6.75781250000000e-01 4.56680297851562e-01
757 6.89453125000000e-01 4.75345611572266e-01
758 6.89941406250000e-01 4.76019144058228e-01
759 6.53808593750000e-01 4.27465677261353e-01
760 5.95214843750000e-01 3.54280710220337e-01
761 6.12304687500000e-01 3.74917030334473e-01
762 6.39160156250000e-01 4.08525705337524e-01
763 6.67480468750000e-01 4.45530176162720e-01
764 6.54785156250000e-01 4.28743600845337e-01
765 6.22558593750000e-01 3.87579202651978e-01
766 5.56152343750000e-01 3.09305429458618e-01
767 5.43945312500000e-01 2.95876502990723e-01
768 5.15136718750000e-01 2.65365839004517e-01
769 5.38574218750000e-01 2.90062189102173e-01
770 5.82519531250000e-01 3.39329004287720e-01
771 6.16210937500000e-01 3.79715919494629e-01
772 5.68847656250000e-01 3.23587656021118e-01
773 6.24511718750000e-01 3.90014886856079e-01
774 7.01171875000000e-01 4.91641998291016e-01
775 7.03613281250000e-01 4.95071649551392e-01
776 7.09472656250000e-01 5.03351449966431e-01
777 6.69921875000000e-01 4.48795318603516e-01
778 7.11425781250000e-01 5.06126642227173e-01
779 7.11425781250000e-01 5.06126642227173e-01
780 7.52441406250000e-01 5.66168069839478e-01
781 6.46972656250000e-01 4.18573617935181e-01
782 6.72363281250000e-01 4.52072381973267e-01
783 6.65527343750000e-01 4.42926645278931e-01
784 6.78710937500000e-01 4.60648536682129e-01
785 6.43066406250000e-01 4.13534402847290e-01
786 7.08984375000000e-01 5.02658843994141e-01
787 6.74804687500000e-01 4.55361366271973e-01
788 6.92382812500000e-01 4.79393959045410e-01
789 6.59667968750000e-01 4.35161828994751e-01
790 7.02148437500000e-01 4.93012428283691e-01
791 6.34765625000000e-01 4.02927398681641e-01
792 6.10351562500000e-01 3.72529029846191e-01
793 5.53222656250000e-01 3.06055307388306e-01
794 5.87890625000000e-01 3.45615386962891e-01
795 6.34277343750000e-01 4.02307748794556e-01
796 6.42089843750000e-01 4.12279367446899e-01
797 5.93261718750000e-01 3.51959466934204e-01
798 5.99609375000000e-01 3.59531402587891e-01
799 6.30371093750000e-01 3.97367715835571e-01
800 6.29394531250000e-01 3.96137475967407e-01
801 6.14746093750000e-01 3.77912759780884e-01
802 5.73730468750000e-01 3.29166650772095e-01
803 6.47460937500000e-01 4.19205665588379e-01
804 6.96777343750000e-01 4.85498666763306e-01
805 7.29980468750000e-01 5.32871484756470e-01
806 6.42578125000000e-01 4.12906646728516e-01
807 6.45019531250000e-01 4.16050195693970e-01
808 6.09375000000000e-01 3.71337890625000e-01
809 6.13769531250000e-01 3.76713037490845e-01
810 6.28417968750000e-01 3.94909143447876e-01
811 6.48925781250000e-01 4.21104669570923e-01
812 6.02050781250000e-01 3.62465143203735e-01
813 5.53222656250000e-01 3.06055307388306e-01
814 5.64453125000000e-01 3.18607330322266e-01
815 6.35742187500000e-01 4.04168128967285e-01
816 5.78125000000000e-01 3.34228515625000e-01
817 5.13671875000000e-01 2.63858795166016e-01
818 5.29785156250000e-01 2.80672311782837e-01
819 6.20605468750000e-01 3.85151147842407e-01
820 6.41113281250000e-01 4.11026239395142e-01
821 6.62597656250000e-01 4.39035654067993e-01
822 6.29882812500000e-01 3.96752357482910e-01
823 6.24023437500000e-01 3.89405250549316e-01
824 5.96191406250000e-01 3.55444192886353e-01
825 5.76171875000000e-01 3.31974029541016e-01
826 5.82519531250000e-01 3.39329004287720e-01
827 5.42968750000000e-01 2.94815063476562e-01
828 5.38085937500000e-01 2.89536476135254e-01
829 5.64941406250000e-01 3.19158792495728e-01
830 5.80078125000000e-01 3.36490631103516e-01
831 5.65429687500000e-01 3.19710731506348e-01
832 5.48828125000000e-01 3.01212310791016e-01
833 5.35156250000000e-01 2.86392211914062e-01
834 5.89355468750000e-01 3.47339868545532e-01
835 5.48828125000000e-01 3.01212310791016e-01
836 6.06933593750000e-01 3.68368387222290e-01
837 6.65527343750000e-01 4.42926645278931e-01
838 6.78222656250000e-01 4.59985971450806e-01
839 6.27441406250000e-01 3.93682718276978e-01
840 6.20117187500000e-01 3.84545326232910e-01
841 6.42578125000000e-01 4.12906646728516e-01
842 6.45507812500000e-01 4.16680335998535e-01
843 7.07031250000000e-01 4.99893188476562e-01
844 7.21679687500000e-01 5.20821571350098e-01
845 6.93847656250000e-01 4.81424570083618e-01
846 7.06054687500000e-01 4.98513221740723e-01
847 7.05078125000000e-01 4.97135162353516e-01
848 7.30468750000000e-01 5.33584594726562e-01
849 6.92382812500000e-01 4.79393959045410e-01
850 6.79687500000000e-01 4.61975097656250e-01
851 6.73339843750000e-01 4.53386545181274e-01
852 6.70898437500000e-01 4.50104713439941e-01
853 6.69433593750000e-01 4.48141336441040e-01
854 6.59667968750000e-01 4.35161828994751e-01
855 6.73339843750000e-01 4.53386545181274e-01
856 6.39648437500000e-01 4.09150123596191e-01
857 6.27441406250000e-01 3.93682718276978e-01
858 5.05371093750000e-01 2.55399942398071e-01
859 4.77539062500000e-01 2.28043556213379e-01
860 4.68750000000000e-01 2.19726562500000e-01
861 4.57031250000000e-01 2.08877563476562e-01
862 5.39550781250000e-01 2.91115045547485e-01
863 5.05859375000000e-01 2.55893707275391e-01
864 3.61328125000000e-01 1.30558013916016e-01
865 3.46191406250000e-01 1.19848489761353e-01
866 3.57910156250000e-01 1.28099679946899e-01
867 3.52050781250000e-01 1.23939752578735e-01
868 2.91992187500000e-01 8.52594375610352e-02
869 3.28613281250000e-01 1.07986688613892e-01
870 4.04296875000000e-01 1.63455963134766e-01
871 3.90625000000000e-01 1.52587890625000e-01
872 4.81445312500000e-01 2.31789588928223e-01
873 4.58496093750000e-01 2.10218667984009e-01
874 4.82910156250000e-01 2.33202219009399e-01
875 5.30761718750000e-01 2.81708002090454e-01
876 4.97558593750000e-01 2.47564554214478e-01
877 5.08300781250000e-01 2.58369684219360e-01
878 5.53710937500000e-01 3.06595802307129e-01
879 5.70800781250000e-01 3.25813531875610e-01
880 5.34667968750000e-01 2.85869836807251e-01
881 4.58984375000000e-01 2.10666656494141e-01
882 4.99511718750000e-01 2.49511957168579e-01
883 5.25390625000000e-01 2.76035308837891e-01
884 5.05859375000000e-01 2.55893707275391e-01
885 4.44824218750000e-01 1.97868585586548e-01
886 4.67773437500000e-01 2.18811988830566e-01
887 5.21972656250000e-01 2.72455453872681e-01
888 5.14160156250000e-01 2.64360666275024e-01
889 4.43847656250000e-01 1.97000741958618e-01
890 4.74609375000000e-01 2.25254058837891e-01
891 5.26855468750000e-01 2.77576684951782e-01
892 5.90820312500000e-01 3.49068641662598e-01
893 6.31347656250000e-01 3.98599863052368e-01
894 6.61132812500000e-01 4.37096595764160e-01
895 6.46484375000000e-01 4.17942047119141e-01
896 6.81640625000000e-01 4.64633941650391e-01
897 6.36718750000000e-01 4.05410766601562e-01
898 7.05566406250000e-01 4.97823953628540e-01
899 6.96777343750000e-01 4.85498666763306e-01
900 7.81738281250000e-01 6.11114740371704e-01
901 7.42187500000000e-01 5.50842285156250e-01
902 6.66992187500000e-01 4.44878578186035e-01
903 6.53808593750000e-01 4.27465677261353e-01
904 6.72363281250000e-01 4.52072381973267e-01
905 6.59667968750000e-01 4.35161828994751e-01
906 6.84570312500000e-01 4.68636512756348e-01
907 6.94824218750000e-01 4.82780694961548e-01
908 6.94335937500000e-01 4.82102394104004e-01
909 6.62597656250000e-01 4.39035654067993e-01
910 6.28906250000000e-01 3.95523071289062e-01
911 6.82128906250000e-01 4.65299844741821e-01
912 6.76269531250000e-01 4.57340478897095e-01
913 6.60156250000000e-01 4.35806274414062e-01
914 6.82617187500000e-01 4.65966224670410e-01
915 6.35253906250000e-01 4.03547525405884e-01
916 6.31835937500000e-01 3.99216651916504e-01
917 6.25976562500000e-01 3.91846656799316e-01
918 5.99609375000000e-01 3.59531402587891e-01
919 5.60546875000000e-01 3.14212799072266e-01
920 5.14160156250000e-01 2.64360666275024e-01
921 5.65429687500000e-01 3.19710731506348e-01
922 6.06445312500000e-01 3.67775917053223e-01
923 5.99609375000000e-01 3.59531402587891e-01
924 6.25488281250000e-01 3.91235589981079e-01
925 6.82617187500000e-01 4.65966224670410e-01
926 5.79101562500000e-01 3.35358619689941e-01
927 5.75683593750000e-01 3.31411600112915e-01
928 5.45410156250000e-01 2.97472238540649e-01
929 4.75585937500000e-01 2.26181983947754e-01
930 4.85839843750000e-01 2.36040353775024e-01
931 4.30664062500000e-01 1.85471534729004e-01
932 4.04785156250000e-01 1.63851022720337e-01
933 4.40429687500000e-01 1.93978309631348e-01
934 4.79980468750000e-01 2.30381250381470e-01
935 5.18066406250000e-01 2.68392801284790e-01
936 5.25390625000000e-01 2.76035308837891e-01
937 5.15625000000000e-01 2.65869140625000e-01
938 5.61035156250000e-01 3.14760446548462e-01
939 6.11816406250000e-01 3.74319314956665e-01
940 6.67480468750000e-01 4.45530176162720e-01
941 6.71386718750000e-01 4.50760126113892e-01
942 6.65527343750000e-01 4.42926645278931e-01
943 5.60058593750000e-01 3.13665628433228e-01
944 5.31250000000000e-01 2.82226562500000e-01
945 5.45410156250000e-01 2.97472238540649e-01
946 5.32714843750000e-01 2.83785104751587e-01
947 5.13671875000000e-01 2.63858795166016e-01
948 5.31250000000000e-01 2.82226562500000e-01
949 5.65917968750000e-01 3.20263147354126e-01
950 5.62988281250000e-01 3.16955804824829e-01
951 5.21484375000000e-01 2.71945953369141e-01
952 5.46386718750000e-01 2.98538446426392e-01
953 5.44433593750000e-01 2.96407938003540e-01
954 5.61035156250000e-01 3.14760446548462e-01
955 5.53710937500000e-01 3.06595802307129e-01
956 5.79101562500000e-01 3.35358619689941e-01
957 5.76171875000000e-01 3.31974029541016e-01
958 5.32226562500000e-01 2.83265113830566e-01
959 5.29785156250000e-01 2.80672311782837e-01
960 5.15136718750000e-01 2.65365839004517e-01
961 4.95117187500000e-01 2.45141029357910e-01
962 5.58593750000000e-01 3.12026977539062e-01
963 4.51171875000000e-01 2.03556060791016e-01
964 4.22851562500000e-01 1.78803443908691e-01
965 4.72167968750000e-01 2.22942590713501e-01
966 5.01464843750000e-01 2.51466989517212e-01
967 4.84863281250000e-01 2.35092401504517e-01
968 4.46289062500000e-01 1.99173927307129e-01
969 4.40917968750000e-01 1.94408655166626e-01
970 4.31640625000000e-01 1.86313629150391e-01
971 4.19921875000000e-01 1.76334381103516e-01
972 4.02343750000000e-01 1.61880493164062e-01
973 4.46777343750000e-01 1.99609994888306e-01
974 4.91699218750000e-01 2.41768121719360e-01
975 5.10253906250000e-01 2.60359048843384e-01
976 4.59472656250000e-01 2.11115121841431e-01
977 5.41015625000000e-01 2.92697906494141e-01
978 5.63476562500000e-01 3.17505836486816e-01
979 5.62500000000000e-01 3.16406250000000e-01
980 5.48339843750000e-01 3.00676584243774e-01
981 5.27343750000000e-01 2.78091430664062e-01
982 5.41015625000000e-01 2.92697906494141e-01
983 4.39453125000000e-01 1.93119049072266e-01
984 3.57421875000000e-01 1.27750396728516e-01
985 3.67675781250000e-01 1.35185480117798e-01
986 3.09570312500000e-01 9.58337783813477e-02
987 3.07128906250000e-01 9.43281650543213e-02
988 3.55468750000000e-01 1.26358032226562e-01
989 4.00390625000000e-01 1.60312652587891e-01
990 3.60839843750000e-01 1.30205392837524e-01
991 4.19433593750000e-01 1.75924539566040e-01
992 3.65234375000000e-01 1.33396148681641e-01
993 3.17382812500000e-01 1.00731849670410e-01
994 3.13476562500000e-01 9.82675552368164e-02
995 2.65136718750000e-01 7.02974796295166e-02
996 3.70117187500000e-01 1.36986732482910e-01
997 3.26660156250000e-01 1.06706857681274e-01
998 3.26171875000000e-01 1.06388092041016e-01
999 3.85742187500000e-01 1.48797035217285e-01
