0 5.55664062500000e-01 3.08762550354004e-01
1 5.86425781250000e-01 3.43895196914673e-01
2 5.69824218750000e-01 3.24699640274048e-01
3 6.02050781250000e-01 3.62465143203735e-01
4 5.94726562500000e-01 3.53699684143066e-01
5 6.19628906250000e-01 3.83939981460571e-01
6 6.90429687500000e-01 4.76693153381348e-01
7 6.53320312500000e-01 4.26827430725098e-01
8 6.77734375000000e-01 4.59323883056641e-01
9 6.48437500000000e-01 4.20471191406250e-01
10 6.65039062500000e-01 4.42276954650879e-01
11 6.21582031250000e-01 3.86364221572876e-01
12 6.16699218750000e-01 3.80317926406860e-01
13 7.25585937500000e-01 5.26474952697754e-01
14 7.19238281250000e-01 5.17303705215454e-01
15 7.50000000000000e-01 5.62500000000000e-01
16 7.09472656250000e-01 5.03351449966431e-01
17 7.03125000000000e-01 4.94384765625000e-01
18 6.89941406250000e-01 4.76019144058228e-01
19 6.89453125000000e-01 4.75345611572266e-01
20 6.87988281250000e-01 4.73327875137329e-01
21 6.90917968750000e-01 4.77367639541626e-01
22 7.02636718750000e-01 4.93698358535767e-01
23 6.36718750000000e-01 4.05410766601562e-01
24 5.96679687500000e-01 3.56026649475098e-01
25 7.10449218750000e-01 5.04738092422485e-01
26 7.20703125000000e-01 5.19412994384766e-01
27 6.86523437500000e-01 4.71314430236816e-01
28 5.79101562500000e-01 3.35358619689941e-01
29 5.63964843750000e-01 3.18056344985962e-01
30 5.52734375000000e-01 3.05515289306641e-01
31 5.08300781250000e-01 2.58369684219360e-01
32 5.45410156250000e-01 2.97472238540649e-01
33 5.92773437500000e-01 3.51380348205566e-01
34 6.25488281250000e-01 3.91235589981079e-01
35 6.14257812500000e-01 3.77312660217285e-01
36 5.96679687500000e-01 3.56026649475098e-01
37 5.92285156250000e-01 3.50801706314087e-01
38 6.07421875000000e-01 3.68961334228516e-01
39 5.95703125000000e-01 3.54862213134766e-01
40 6.05957031250000e-01 3.67183923721313e-01
41 6.32324218750000e-01 3.99833917617798e-01
42 6.16210937500000e-01 3.79715919494629e-01
43 6.41601562500000e-01 4.11652565002441e-01
44 6.12304687500000e-01 3.74917030334473e-01
45 5.38574218750000e-01 2.90062189102173e-01
46 5.21484375000000e-01 2.71945953369141e-01
47 5.49804687500000e-01 3.02285194396973e-01
48 4.79492187500000e-01 2.29912757873535e-01
49 4.80468750000000e-01 2.30850219726562e-01
50 5.67871093750000e-01 3.22477579116821e-01
51 5.45410156250000e-01 2.97472238540649e-01
52 5.19531250000000e-01 2.69912719726562e-01
53 5.67382812500000e-01 3.21923255920410e-01
54 6.45507812500000e-01 4.16680335998535e-01
55 6.06933593750000e-01 3.68368387222290e-01
56 6.30859375000000e-01 3.97983551025391e-01
57 5.93750000000000e-01 3.52539062500000e-01
58 6.57226562500000e-01 4.31946754455566e-01
59 6.44531250000000e-01 4.15420532226562e-01
60 6.70898437500000e-01 4.50104713439941e-01
61 6.97265625000000e-01 4.86179351806641e-01
62 6.57714843750000e-01 4.32588815689087e-01
63 6.55761718750000e-01 4.30023431777954e-01
64 6.25976562500000e-01 3.91846656799316e-01
65 6.32324218750000e-01 3.99833917617798e-01
66 6.01074218750000e-01 3.61290216445923e-01
67 6.49414062500000e-01 4.21738624572754e-01
68 7.30957031250000e-01 5.34298181533813e-01
69 7.46582031250000e-01 5.57384729385376e-01
70 7.41699218750000e-01 5.50117731094360e-01
71 7.31445312500000e-01 5.35012245178223e-01
72 6.87988281250000e-01 4.73327875137329e-01
73 7.07519531250000e-01 5.00583887100220e-01
74 6.60644531250000e-01 4.36451196670532e-01
75 5.68359375000000e-01 3.23032379150391e-01
76 6.09375000000000e-01 3.71337890625000e-01
77 6.84082031250000e-01 4.67968225479126e-01
78 6.65039062500000e-01 4.42276954650879e-01
79 6.62597656250000e-01 4.39035654067993e-01
80 6.70898437500000e-01 4.50104713439941e-01
81 6.04980468750000e-01 3.66001367568970e-01
82 5.95703125000000e-01 3.54862213134766e-01
83 5.81542968750000e-01 3.38192224502563e-01
84 5.52734375000000e-01 3.05515289306641e-01
85 5.99609375000000e-01 3.59531402587891e-01
86 5.80566406250000e-01 3.37057352066040e-01
87 6.01562500000000e-01 3.61877441406250e-01
88 5.86914062500000e-01 3.44468116760254e-01
89 6.65527343750000e-01 4.42926645278931e-01
90 6.63574218750000e-01 4.40330743789673e-01
91 6.54296875000000e-01 4.28104400634766e-01
92 6.28906250000000e-01 3.95523071289062e-01
93 6.26464843750000e-01 3.92458200454712e-01
94 6.35742187500000e-01 4.04168128967285e-01
95 6.47949218750000e-01 4.19838190078735e-01
96 5.85449218750000e-01 3.42750787734985e-01
97 5.24902343750000e-01 2.75522470474243e-01
98 5.41015625000000e-01 2.92697906494141e-01
99 5.50781250000000e-01 3.03359985351562e-01
100 4.93164062500000e-01 2.43210792541504e-01
101 5.80078125000000e-01 3.36490631103516e-01
102 5.66894531250000e-01 3.21369409561157e-01
103 6.11328125000000e-01 3.73722076416016e-01
104 5.99609375000000e-01 3.59531402587891e-01
105 5.57128906250000e-01 3.10392618179321e-01
106 5.36132812500000e-01 2.87438392639160e-01
107 6.10839843750000e-01 3.73125314712524e-01
108 6.48437500000000e-01 4.20471191406250e-01
109 7.11425781250000e-01 5.06126642227173e-01
110 6.60156250000000e-01 4.35806274414062e-01
111 5.67382812500000e-01 3.21923255920410e-01
112 5.35644531250000e-01 2.86915063858032e-01
113 5.89355468750000e-01 3.47339868545532e-01
114 5.52246093750000e-01 3.04975748062134e-01
115 6.48925781250000e-01 4.21104669570923e-01
116 5.62988281250000e-01 3.16955804824829e-01
117 5.90332031250000e-01 3.48491907119751e-01
118 5.68847656250000e-01 3.23587656021118e-01
119 5.81054687500000e-01 3.37624549865723e-01
120 6.61621093750000e-01 4.37742471694946e-01
121 6.70410156250000e-01 4.49449777603149e-01
122 6.74804687500000e-01 4.55361366271973e-01
123 6.60644531250000e-01 4.36451196670532e-01
124 7.01660156250000e-01 4.92326974868774e-01
125 6.91894531250000e-01 4.78718042373657e-01
126 6.31347656250000e-01 3.98599863052368e-01
127 6.38671875000000e-01 4.07901763916016e-01
128 6.35253906250000e-01 4.03547525405884e-01
129 6.80664062500000e-01 4.63303565979004e-01
130 6.95800781250000e-01 4.84138727188110e-01
131 6.71875000000000e-01 4.51416015625000e-01
132 6.62109375000000e-01 4.38388824462891e-01
133 6.40625000000000e-01 4.10400390625000e-01
134 5.73730468750000e-01 3.29166650772095e-01
135 5.84472656250000e-01 3.41608285903931e-01
136 5.57128906250000e-01 3.10392618179321e-01
137 5.41503906250000e-01 2.93226480484009e-01
138 5.25390625000000e-01 2.76035308837891e-01
139 4.68750000000000e-01 2.19726562500000e-01
140 4.95605468750000e-01 2.45624780654907e-01
141 5.04394531250000e-01 2.54413843154907e-01
142 4.29199218750000e-01 1.84211969375610e-01
143 5.16113281250000e-01 2.66372919082642e-01
144 5.01464843750000e-01 2.51466989517212e-01
145 4.49707031250000e-01 2.02236413955688e-01
146 4.92187500000000e-01 2.42248535156250e-01
147 4.48242187500000e-01 2.00921058654785e-01
148 4.22363281250000e-01 1.78390741348267e-01
149 4.39453125000000e-01 1.93119049072266e-01
150 3.94042968750000e-01 1.55269861221313e-01
151 3.97460937500000e-01 1.57975196838379e-01
152 3.62792968750000e-01 1.31618738174438e-01
153 3.65234375000000e-01 1.33396148681641e-01
154 3.51074218750000e-01 1.23253107070923e-01
155 3.25683593750000e-01 1.06069803237915e-01
156 3.02246093750000e-01 9.13527011871338e-02
157 3.42773437500000e-01 1.17493629455566e-01
158 3.14941406250000e-01 9.91880893707275e-02
159 2.89062500000000e-01 8.35571289062500e-02
160 3.91113281250000e-01 1.52969598770142e-01
161 4.13574218750000e-01 1.71043634414673e-01
162 4.05273437500000e-01 1.64246559143066e-01
163 4.00390625000000e-01 1.60312652587891e-01
164 4.11621093750000e-01 1.69431924819946e-01
165 2.99804687500000e-01 8.98828506469727e-02
166 2.80761718750000e-01 7.88271427154541e-02
167 2.95410156250000e-01 8.72671604156494e-02
168 2.52929687500000e-01 6.39734268188477e-02
169 2.58789062500000e-01 6.69717788696289e-02
170 2.90039062500000e-01 8.41226577758789e-02
171 3.23242187500000e-01 1.04485511779785e-01
172 2.89550781250000e-01 8.38396549224854e-02
173 3.21289062500000e-01 1.03226661682129e-01
174 3.64257812500000e-01 1.32683753967285e-01
175 3.61328125000000e-01 1.30558013916016e-01
176 3.45703125000000e-01 1.19510650634766e-01
177 3.55468750000000e-01 1.26358032226562e-01
178 3.71582031250000e-01 1.38073205947876e-01
179 4.06738281250000e-01 1.65436029434204e-01
180 4.05273437500000e-01 1.64246559143066e-01
181 4.32617187500000e-01 1.87157630920410e-01
182 4.46289062500000e-01 1.99173927307129e-01
183 3.86718750000000e-01 1.49551391601562e-01
184 4.06250000000000e-01 1.65039062500000e-01
185 4.64843750000000e-01 2.16079711914062e-01
186 4.12597656250000e-01 1.70236825942993e-01
187 4.22363281250000e-01 1.78390741348267e-01
188 3.90136718750000e-01 1.52206659317017e-01
189 3.85253906250000e-01 1.48420572280884e-01
190 4.00878906250000e-01 1.60703897476196e-01
191 4.47265625000000e-01 2.00046539306641e-01
192 4.73144531250000e-01 2.23865747451782e-01
193 3.73535156250000e-01 1.39528512954712e-01
194 3.28125000000000e-01 1.07666015625000e-01
195 3.38867187500000e-01 1.14830970764160e-01
196 3.71093750000000e-01 1.37710571289062e-01
197 3.87695312500000e-01 1.50307655334473e-01
198 4.23339843750000e-01 1.79216623306274e-01
199 4.17968750000000e-01 1.74697875976562e-01
200 4.15039062500000e-01 1.72257423400879e-01
201 4.60449218750000e-01 2.12013483047485e-01
202 4.30664062500000e-01 1.85471534729004e-01
203 5.12695312500000e-01 2.62856483459473e-01
204 5.60058593750000e-01 3.13665628433228e-01
205 5.81054687500000e-01 3.37624549865723e-01
206 6.01074218750000e-01 3.61290216445923e-01
207 6.20605468750000e-01 3.85151147842407e-01
208 6.69433593750000e-01 4.48141336441040e-01
209 6.59667968750000e-01 4.35161828994751e-01
210 6.32812500000000e-01 4.00451660156250e-01
211 6.43554687500000e-01 4.14162635803223e-01
212 6.20605468750000e-01 3.85151147842407e-01
213 6.18164062500000e-01 3.82126808166504e-01
214 5.90820312500000e-01 3.49068641662598e-01
215 5.59082031250000e-01 3.12572717666626e-01
216 5.52246093750000e-01 3.04975748062134e-01
217 6.10839843750000e-01 3.73125314712524e-01
218 6.60644531250000e-01 4.36451196670532e-01
219 6.61132812500000e-01 4.37096595764160e-01
220 6.69433593750000e-01 4.48141336441040e-01
221 7.10449218750000e-01 5.04738092422485e-01
222 6.79687500000000e-01 4.61975097656250e-01
223 6.70410156250000e-01 4.49449777603149e-01
224 6.89941406250000e-01 4.76019144058228e-01
225 7.05078125000000e-01 4.97135162353516e-01
226 6.76269531250000e-01 4.57340478897095e-01
227 7.09472656250000e-01 5.03351449966431e-01
228 6.27929687500000e-01 3.94295692443848e-01
229 6.23046875000000e-01 3.88187408447266e-01
230 6.08398437500000e-01 3.70148658752441e-01
231 6.40136718750000e-01 4.09775018692017e-01
232 5.89355468750000e-01 3.47339868545532e-01
233 5.28320312500000e-01 2.79122352600098e-01
234 5.07812500000000e-01 2.57873535156250e-01
235 5.02441406250000e-01 2.52447366714478e-01
236 4.93652343750000e-01 2.43692636489868e-01
237 4.67285156250000e-01 2.18355417251587e-01
238 4.69726562500000e-01 2.20643043518066e-01
239 4.75585937500000e-01 2.26181983947754e-01
240 5.50292968750000e-01 3.02822351455688e-01
241 5.26855468750000e-01 2.77576684951782e-01
242 5.61035156250000e-01 3.14760446548462e-01
243 5.22460937500000e-01 2.72965431213379e-01
244 5.02441406250000e-01 2.52447366714478e-01
245 4.80957031250000e-01 2.31319665908813e-01
246 5.54199218750000e-01 3.07136774063110e-01
247 6.10351562500000e-01 3.72529029846191e-01
248 6.44042968750000e-01 4.14791345596313e-01
249 6.10839843750000e-01 3.73125314712524e-01
250 6.11816406250000e-01 3.74319314956665e-01
251 6.20117187500000e-01 3.84545326232910e-01
252 6.54785156250000e-01 4.28743600845337e-01
253 6.79199218750000e-01 4.61311578750610e-01
254 6.81152343750000e-01 4.63968515396118e-01
255 7.44628906250000e-01 5.54472208023071e-01
256 7.10937500000000e-01 5.05432128906250e-01
257 7.04101562500000e-01 4.95759010314941e-01
258 7.13867187500000e-01 5.09606361389160e-01
259 6.88964843750000e-01 4.74672555923462e-01
260 6.43554687500000e-01 4.14162635803223e-01
261 7.06054687500000e-01 4.98513221740723e-01
262 7.35839843750000e-01 5.41460275650024e-01
263 7.18261718750000e-01 5.15899896621704e-01
264 7.89062500000000e-01 6.22619628906250e-01
265 7.35839843750000e-01 5.41460275650024e-01
266 7.26562500000000e-01 5.27893066406250e-01
267 7.73437500000000e-01 5.98205566406250e-01
268 7.09960937500000e-01 5.04044532775879e-01
269 7.07031250000000e-01 4.99893188476562e-01
270 6.16210937500000e-01 3.79715919494629e-01
271 5.63964843750000e-01 3.18056344985962e-01
272 5.36621093750000e-01 2.87962198257446e-01
273 5.10742187500000e-01 2.60857582092285e-01
274 4.80957031250000e-01 2.31319665908813e-01
275 5.28808593750000e-01 2.79638528823853e-01
276 5.13183593750000e-01 2.63357400894165e-01
277 5.25390625000000e-01 2.76035308837891e-01
278 5.68359375000000e-01 3.23032379150391e-01
279 5.71289062500000e-01 3.26371192932129e-01
280 6.10351562500000e-01 3.72529029846191e-01
281 6.02539062500000e-01 3.63053321838379e-01
282 6.10351562500000e-01 3.72529029846191e-01
283 6.08398437500000e-01 3.70148658752441e-01
284 5.69824218750000e-01 3.24699640274048e-01
285 6.12792968750000e-01 3.75515222549438e-01
286 5.80566406250000e-01 3.37057352066040e-01
287 5.07812500000000e-01 2.57873535156250e-01
288 5.59082031250000e-01 3.12572717666626e-01
289 5.94238281250000e-01 3.53119134902954e-01
290 6.04492187500000e-01 3.65410804748535e-01
291 6.22558593750000e-01 3.87579202651978e-01
292 6.10351562500000e-01 3.72529029846191e-01
293 5.90332031250000e-01 3.48491907119751e-01
294 6.39160156250000e-01 4.08525705337524e-01
295 5.80078125000000e-01 3.36490631103516e-01
296 5.90332031250000e-01 3.48491907119751e-01
297 5.63964843750000e-01 3.18056344985962e-01
298 5.28808593750000e-01 2.79638528823853e-01
299 5.09277343750000e-01 2.59363412857056e-01
300 5.57617187500000e-01 3.10936927795410e-01
301 5.95214843750000e-01 3.54280710220337e-01
302 5.70312500000000e-01 3.25256347656250e-01
303 5.85937500000000e-01 3.43322753906250e-01
304 6.23046875000000e-01 3.88187408447266e-01
305 6.29882812500000e-01 3.96752357482910e-01
306 6.15722656250000e-01 3.79114389419556e-01
307 5.68359375000000e-01 3.23032379150391e-01
308 6.23535156250000e-01 3.88796091079712e-01
309 6.63574218750000e-01 4.40330743789673e-01
310 6.99218750000000e-01 4.88906860351562e-01
311 6.96289062500000e-01 4.84818458557129e-01
312 7.28515625000000e-01 5.30735015869141e-01
313 6.97753906250000e-01 4.86860513687134e-01
314 7.14355468750000e-01 5.10303735733032e-01
315 7.39746093750000e-01 5.47224283218384e-01
316 7.61718750000000e-01 5.80215454101562e-01
317 7.17773437500000e-01 5.15198707580566e-01
318 6.60644531250000e-01 4.36451196670532e-01
319 6.49414062500000e-01 4.21738624572754e-01
320 6.79687500000000e-01 4.61975097656250e-01
321 6.56738281250000e-01 4.31305170059204e-01
322 6.23046875000000e-01 3.88187408447266e-01
323 6.30859375000000e-01 3.97983551025391e-01
324 6.21093750000000e-01 3.85757446289062e-01
325 7.08984375000000e-01 5.02658843994141e-01
326 6.95312500000000e-01 4.83459472656250e-01
327 6.54296875000000e-01 4.28104400634766e-01
328 6.08886718750000e-01 3.70743036270142e-01
329 5.57617187500000e-01 3.10936927795410e-01
330 5.25390625000000e-01 2.76035308837891e-01
331 5.58105468750000e-01 3.11481714248657e-01
332 6.11816406250000e-01 3.74319314956665e-01
333 6.84082031250000e-01 4.67968225479126e-01
334 6.93359375000000e-01 4.80747222900391e-01
335 6.18652343750000e-01 3.82730722427368e-01
336 5.91308593750000e-01 3.49645853042603e-01
337 6.18164062500000e-01 3.82126808166504e-01
338 5.74218750000000e-01 3.29727172851562e-01
339 6.25488281250000e-01 3.91235589981079e-01
340 5.76660156250000e-01 3.32536935806274e-01
341 6.01562500000000e-01 3.61877441406250e-01
342 6.44042968750000e-01 4.14791345596313e-01
343 6.10351562500000e-01 3.72529029846191e-01
344 5.62500000000000e-01 3.16406250000000e-01
345 5.74707031250000e-01 3.30288171768188e-01
346 5.17089843750000e-01 2.67381906509399e-01
347 5.28808593750000e-01 2.79638528823853e-01
348 4.71679687500000e-01 2.22481727600098e-01
349 4.30175781250000e-01 1.85051202774048e-01
350 3.88671875000000e-01 1.51065826416016e-01
351 4.80957031250000e-01 2.31319665908813e-01
352 5.21972656250000e-01 2.72455453872681e-01
353 4.48730468750000e-01 2.01359033584595e-01
354 4.83886718750000e-01 2.34146356582642e-01
355 5.07812500000000e-01 2.57873535156250e-01
356 4.32128906250000e-01 1.86735391616821e-01
357 3.54980468750000e-01 1.26011133193970e-01
358 3.60839843750000e-01 1.30205392837524e-01
359 4.01855468750000e-01 1.61487817764282e-01
360 4.55566406250000e-01 2.07540750503540e-01
361 5.05371093750000e-01 2.55399942398071e-01
362 5.48828125000000e-01 3.01212310791016e-01
363 5.80078125000000e-01 3.36490631103516e-01
364 5.62011718750000e-01 3.15857172012329e-01
365 5.81054687500000e-01 3.37624549865723e-01
366 6.26953125000000e-01 3.93070220947266e-01
367 5.85937500000000e-01 3.43322753906250e-01
368 5.04882812500000e-01 2.54906654357910e-01
369 5.53710937500000e-01 3.06595802307129e-01
370 5.19042968750000e-01 2.69405603408813e-01
371 4.18945312500000e-01 1.75515174865723e-01
372 3.82812500000000e-01 1.46545410156250e-01
373 4.23828125000000e-01 1.79630279541016e-01
374 4.26269531250000e-01 1.81705713272095e-01
375 4.01367187500000e-01 1.61095619201660e-01
376 4.04785156250000e-01 1.63851022720337e-01
377 3.67675781250000e-01 1.35185480117798e-01
378 3.57910156250000e-01 1.28099679946899e-01
379 3.71582031250000e-01 1.38073205947876e-01
380 3.62792968750000e-01 1.31618738174438e-01
381 4.33593750000000e-01 1.88003540039062e-01
382 4.10644531250000e-01 1.68628931045532e-01
383 4.03320312500000e-01 1.62667274475098e-01
384 4.04296875000000e-01 1.63455963134766e-01
385 4.30175781250000e-01 1.85051202774048e-01
386 4.13574218750000e-01 1.71043634414673e-01
387 3.74023437500000e-01 1.39893531799316e-01
388 3.70605468750000e-01 1.37348413467407e-01
389 3.71093750000000e-01 1.37710571289062e-01
390 3.01269531250000e-01 9.07633304595947e-02
391 2.11425781250000e-01 4.47008609771729e-02
392 2.13378906250000e-01 4.55305576324463e-02
393 2.33886718750000e-01 5.47029972076416e-02
394 1.98242187500000e-01 3.92999649047852e-02
395 1.64062500000000e-01 2.69165039062500e-02
396 1.40136718750000e-01 1.96382999420166e-02
397 1.39160156250000e-01 1.93655490875244e-02
398 2.10449218750000e-01 4.42888736724854e-02
399 2.28027343750000e-01 5.19964694976807e-02
400 1.31347656250000e-01 1.72522068023682e-02
401 1.57226562500000e-01 2.47201919555664e-02
402 1.18652343750000e-01 1.40783786773682e-02
403 1.25000000000000e-01 1.56250000000000e-02
404 1.27441406250000e-01 1.62413120269775e-02
405 1.15722656250000e-01 1.33917331695557e-02
406 1.78222656250000e-01 3.17633152008057e-02
407 1.93847656250000e-01 3.75769138336182e-02
408 2.36816406250000e-01 5.60820102691650e-02
409 2.23144531250000e-01 4.97934818267822e-02
410 2.51464843750000e-01 6.32345676422119e-02
411 2.98339843750000e-01 8.90066623687744e-02
412 3.27148437500000e-01 1.07026100158691e-01
413 2.72460937500000e-01 7.42349624633789e-02
414 3.23242187500000e-01 1.04485511779785e-01
415 3.79882812500000e-01 1.44310951232910e-01
416 4.28710937500000e-01 1.83793067932129e-01
417 4.00878906250000e-01 1.60703897476196e-01
418 3.43750000000000e-01 1.18164062500000e-01
419 3.59375000000000e-01 1.29150390625000e-01
420 3.88671875000000e-01 1.51065826416016e-01
421 3.88671875000000e-01 1.51065826416016e-01
422 4.19433593750000e-01 1.75924539566040e-01
423 4.20410156250000e-01 1.76744699478149e-01
424 4.76074218750000e-01 2.26646661758423e-01
425 4.98535156250000e-01 2.48537302017212e-01
426 4.76074218750000e-01 2.26646661758423e-01
427 4.14062500000000e-01 1.71447753906250e-01
428 3.75976562500000e-01 1.41358375549316e-01
429 3.69628906250000e-01 1.36625528335571e-01
430 3.07617187500000e-01 9.46283340454102e-02
431 2.79785156250000e-01 7.82797336578369e-02
432 3.09570312500000e-01 9.58337783813477e-02
433 3.00292968750000e-01 9.01758670806885e-02
434 2.97363281250000e-01 8.84249210357666e-02
435 2.39746093750000e-01 5.74781894683838e-02
436 1.75292968750000e-01 3.07276248931885e-02
437 1.90429687500000e-01 3.62634658813477e-02
438 1.66992187500000e-01 2.78863906860352e-02
439 1.70898437500000e-01 2.92062759399414e-02
440 5.56640625000000e-02 3.09848785400391e-03
441 6.34765625000000e-02 4.02927398681641e-03
442 1.05468750000000e-01 1.11236572265625e-02
443 1.27441406250000e-01 1.62413120269775e-02
444 7.47070312500000e-02 5.58114051818848e-03
445 5.85937500000000e-03 3.43322753906250e-05
446 5.41992187500000e-02 2.93755531311035e-03
447 4.24804687500000e-02 1.80459022521973e-03
448 4.98046875000000e-02 2.48050689697266e-03
449 1.56250000000000e-02 2.44140625000000e-04
450 2.73437500000000e-02 7.47680664062500e-04
451 1.05957031250000e-01 1.12268924713135e-02
452 1.18652343750000e-01 1.40783786773682e-02
453 1.66503906250000e-01 2.77235507965088e-02
454 1.73828125000000e-01 3.02162170410156e-02
455 1.60156250000000e-01 2.56500244140625e-02
456 2.07519531250000e-01 4.30643558502197e-02
457 1.50878906250000e-01 2.27644443511963e-02
458 1.05468750000000e-01 1.11236572265625e-02
459 1.06445312500000e-01 1.13306045532227e-02
460 1.18652343750000e-01 1.40783786773682e-02
461 1.70898437500000e-01 2.92062759399414e-02
462 1.20117187500000e-01 1.44281387329102e-02
463 6.49414062500000e-02 4.21738624572754e-03
464 1.41601562500000e-02 2.00510025024414e-04
465 6.34765625000000e-03 4.02927398681641e-05
466 7.12890625000000e-02 5.08213043212891e-03
467 4.24804687500000e-02 1.80459022521973e-03
468 6.20117187500000e-02 3.84545326232910e-03
469 1.08398437500000e-01 1.17502212524414e-02
470 1.32812500000000e-01 1.76391601562500e-02
471 7.37304687500000e-02 5.43618202209473e-03
472 1.28417968750000e-01 1.64911746978760e-02
473 9.47265625000000e-02 8.97312164306641e-03
474 1.32324218750000e-01 1.75096988677979e-02
475 1.70898437500000e-01 2.92062759399414e-02
476 2.27539062500000e-01 5.17740249633789e-02
477 1.42578125000000e-01 2.03285217285156e-02
478 1.07421875000000e-01 1.15394592285156e-02
479 1.68457031250000e-01 2.83777713775635e-02
480 1.76269531250000e-01 3.10709476470947e-02
481 1.58203125000000e-01 2.50282287597656e-02
482 1.41113281250000e-01 1.99129581451416e-02
483 2.29980468750000e-01 5.28910160064697e-02
484 2.25097656250000e-01 5.06689548492432e-02
485 2.63671875000000e-01 6.95228576660156e-02
486 2.68554687500000e-01 7.21216201782227e-02
487 3.64746093750000e-01 1.33039712905884e-01
488 2.89062500000000e-01 8.35571289062500e-02
489 3.82324218750000e-01 1.46171808242798e-01
490 3.83300781250000e-01 1.46919488906860e-01
491 3.42773437500000e-01 1.17493629455566e-01
492 3.15917968750000e-01 9.98041629791260e-02
493 3.11523437500000e-01 9.70468521118164e-02
494 3.38378906250000e-01 1.14500284194946e-01
495 3.10546875000000e-01 9.64393615722656e-02
496 3.01757812500000e-01 9.10577774047852e-02
497 3.39843750000000e-01 1.15493774414062e-01
498 3.43750000000000e-01 1.18164062500000e-01
499 3.29589843750000e-01 1.08629465103149e-01
500 3.28125000000000e-01 1.07666015625000e-01
501 4.16992187500000e-01 1.73882484436035e-01
502 3.94042968750000e-01 1.55269861221313e-01
503 3.51074218750000e-01 1.23253107070923e-01
504 3.35937500000000e-01 1.12854003906250e-01
505 3.77441406250000e-01 1.42462015151978e-01
506 3.94531250000000e-01 1.55654907226562e-01
507 4.22851562500000e-01 1.78803443908691e-01
508 4.55566406250000e-01 2.07540750503540e-01
509 4.09667968750000e-01 1.67827844619751e-01
510 4.42871093750000e-01 1.96134805679321e-01
511 5.22460937500000e-01 2.72965431213379e-01
512 5.98632812500000e-01 3.58361244201660e-01
513 5.26855468750000e-01 2.77576684951782e-01
514 5.12695312500000e-01 2.62856483459473e-01
515 5.36132812500000e-01 2.87438392639160e-01
516 5.00488281250000e-01 2.50488519668579e-01
517 4.97558593750000e-01 2.47564554214478e-01
518 4.24316406250000e-01 1.80044412612915e-01
519 4.38476562500000e-01 1.92261695861816e-01
520 4.97558593750000e-01 2.47564554214478e-01
521 4.60449218750000e-01 2.12013483047485e-01
522 4.44335937500000e-01 1.97434425354004e-01
523 4.34082031250000e-01 1.88427209854126e-01
524 3.69628906250000e-01 1.36625528335571e-01
525 4.18457031250000e-01 1.75106287002563e-01
526 3.46191406250000e-01 1.19848489761353e-01
527 4.25292968750000e-01 1.80874109268188e-01
528 4.72656250000000e-01 2.23403930664062e-01
529 4.22851562500000e-01 1.78803443908691e-01
530 4.02832031250000e-01 1.62273645401001e-01
531 3.53515625000000e-01 1.24973297119141e-01
532 3.26171875000000e-01 1.06388092041016e-01
533 4.00878906250000e-01 1.60703897476196e-01
534 3.61328125000000e-01 1.30558013916016e-01
535 3.59863281250000e-01 1.29501581192017e-01
536 3.48144531250000e-01 1.21204614639282e-01
537 3.36914062500000e-01 1.13511085510254e-01
538 3.52050781250000e-01 1.23939752578735e-01
539 3.57910156250000e-01 1.28099679946899e-01
540 4.07714843750000e-01 1.66231393814087e-01
541 3.93066406250000e-01 1.54501199722290e-01
542 4.33105468750000e-01 1.87580347061157e-01
543 4.81933593750000e-01 2.32259988784790e-01
544 5.19042968750000e-01 2.69405603408813e-01
545 5.16113281250000e-01 2.66372919082642e-01
546 5.09765625000000e-01 2.59860992431641e-01
547 4.76562500000000e-01 2.27111816406250e-01
548 4.96093750000000e-01 2.46109008789062e-01
549 5.12207031250000e-01 2.62356042861938e-01
550 5.10742187500000e-01 2.60857582092285e-01
551 5.57128906250000e-01 3.10392618179321e-01
552 5.16601562500000e-01 2.66877174377441e-01
553 5.07324218750000e-01 2.57377862930298e-01
554 5.11718750000000e-01 2.61856079101562e-01
555 5.66406250000000e-01 3.20816040039062e-01
556 6.31347656250000e-01 3.98599863052368e-01
557 6.46972656250000e-01 4.18573617935181e-01
558 6.14746093750000e-01 3.77912759780884e-01
559 6.30859375000000e-01 3.97983551025391e-01
560 6.12792968750000e-01 3.75515222549438e-01
561 6.12792968750000e-01 3.75515222549438e-01
562 5.97167968750000e-01 3.56609582901001e-01
563 5.88867187500000e-01 3.46764564514160e-01
564 5.98632812500000e-01 3.58361244201660e-01
565 5.95703125000000e-01 3.54862213134766e-01
566 6.30859375000000e-01 3.97983551025391e-01
567 5.66406250000000e-01 3.20816040039062e-01
568 5.97656250000000e-01 3.57192993164062e-01
569 5.13671875000000e-01 2.63858795166016e-01
570 4.63378906250000e-01 2.14720010757446e-01
571 4.82421875000000e-01 2.32730865478516e-01
572 5.02929687500000e-01 2.52938270568848e-01
573 5.13671875000000e-01 2.63858795166016e-01
574 5.45898437500000e-01 2.98005104064941e-01
575 5.56152343750000e-01 3.09305429458618e-01
576 5.87402343750000e-01 3.45041513442993e-01
577 6.26953125000000e-01 3.93070220947266e-01
578 6.21093750000000e-01 3.85757446289062e-01
579 5.87402343750000e-01 3.45041513442993e-01
580 5.72753906250000e-01 3.28047037124634e-01
581 5.92285156250000e-01 3.50801706314087e-01
582 5.82519531250000e-01 3.39329004287720e-01
583 5.47363281250000e-01 2.99606561660767e-01
584 5.46875000000000e-01 2.99072265625000e-01
585 5.21484375000000e-01 2.71945953369141e-01
586 5.54687500000000e-01 3.07678222656250e-01
587 5.04882812500000e-01 2.54906654357910e-01
588 5.45410156250000e-01 2.97472238540649e-01
589 6.05957031250000e-01 3.67183923721313e-01
590 6.98730468750000e-01 4.88224267959595e-01
591 7.36328125000000e-01 5.42179107666016e-01
592 7.24121093750000e-01 5.24351358413696e-01
593 6.79687500000000e-01 4.61975097656250e-01
594 6.84570312500000e-01 4.68636512756348e-01
595 7.14843750000000e-01 5.11001586914062e-01
596 6.26953125000000e-01 3.93070220947266e-01
597 5.78125000000000e-01 3.34228515625000e-01
598 6.27441406250000e-01 3.93682718276978e-01
599 6.82617187500000e-01 4.65966224670410e-01
600 6.04980468750000e-01 3.66001367568970e-01
601 6.65039062500000e-01 4.42276954650879e-01
602 7.34375000000000e-01 5.39306640625000e-01
603 7.26562500000000e-01 5.27893066406250e-01
604 7.39746093750000e-01 5.47224283218384e-01
605 7.75390625000000e-01 6.01230621337891e-01
606 7.63671875000000e-01 5.83194732666016e-01
607 7.19238281250000e-01 5.17303705215454e-01
608 7.05078125000000e-01 4.97135162353516e-01
609 7.87597656250000e-01 6.20310068130493e-01
610 7.36816406250000e-01 5.42898416519165e-01
611 7.28027343750000e-01 5.30023813247681e-01
612 7.01660156250000e-01 4.92326974868774e-01
613 7.09960937500000e-01 5.04044532775879e-01
614 7.64648437500000e-01 5.84687232971191e-01
615 7.41210937500000e-01 5.49393653869629e-01
616 7.11425781250000e-01 5.06126642227173e-01
617 7.27539062500000e-01 5.29313087463379e-01
618 7.40234375000000e-01 5.47946929931641e-01
619 7.59277343750000e-01 5.76502084732056e-01
620 7.25585937500000e-01 5.26474952697754e-01
621 6.85546875000000e-01 4.69974517822266e-01
622 6.65039062500000e-01 4.42276954650879e-01
623 7.19238281250000e-01 5.17303705215454e-01
624 7.36328125000000e-01 5.42179107666016e-01
625 6.99707031250000e-01 4.89589929580688e-01
626 6.55761718750000e-01 4.30023431777954e-01
627 6.49902343750000e-01 4.22373056411743e-01
628 5.87402343750000e-01 3.45041513442993e-01
629 5.95214843750000e-01 3.54280710220337e-01
630 5.74218750000000e-01 3.29727172851562e-01
631 6.40136718750000e-01 4.09775018692017e-01
632 6.45019531250000e-01 4.16050195693970e-01
633 6.85058593750000e-01 4.69305276870728e-01
634 5.75683593750000e-01 3.31411600112915e-01
635 6.11328125000000e-01 3.73722076416016e-01
636 6.03027343750000e-01 3.63641977310181e-01
637 6.06933593750000e-01 3.68368387222290e-01
638 5.84472656250000e-01 3.41608285903931e-01
639 5.97656250000000e-01 3.57192993164062e-01
640 6.04492187500000e-01 3.65410804748535e-01
641 6.11816406250000e-01 3.74319314956665e-01
642 6.24023437500000e-01 3.89405250549316e-01
643 6.43554687500000e-01 4.14162635803223e-01
644 5.73242187500000e-01 3.28606605529785e-01
645 5.87890625000000e-01 3.45615386962891e-01
646 6.20605468750000e-01 3.85151147842407e-01
647 6.10839843750000e-01 3.73125314712524e-01
648 5.69335937500000e-01 3.24143409729004e-01
649 4.74121093750000e-01 2.24790811538696e-01
650 4.62402343750000e-01 2.13815927505493e-01
651 5.10253906250000e-01 2.60359048843384e-01
652 5.60546875000000e-01 3.14212799072266e-01
653 5.65429687500000e-01 3.19710731506348e-01
654 6.45019531250000e-01 4.16050195693970e-01
655 6.66015625000000e-01 4.43576812744141e-01
656 6.49902343750000e-01 4.22373056411743e-01
657 6.16699218750000e-01 3.80317926406860e-01
658 6.18652343750000e-01 3.82730722427368e-01
659 6.11328125000000e-01 3.73722076416016e-01
660 5.77636718750000e-01 3.33664178848267e-01
661 5.35644531250000e-01 2.86915063858032e-01
662 5.19531250000000e-01 2.69912719726562e-01
663 4.43359375000000e-01 1.96567535400391e-01
664 5.28320312500000e-01 2.79122352600098e-01
665 5.27832031250000e-01 2.78606653213501e-01
666 4.97558593750000e-01 2.47564554214478e-01
667 5.43945312500000e-01 2.95876502990723e-01
668 5.90332031250000e-01 3.48491907119751e-01
669 5.40527343750000e-01 2.92169809341431e-01
670 5.12207031250000e-01 2.62356042861938e-01
671 5.33691406250000e-01 2.84826517105103e-01
672 5.09765625000000e-01 2.59860992431641e-01
673 4.62402343750000e-01 2.13815927505493e-01
674 4.98535156250000e-01 2.48537302017212e-01
675 4.82910156250000e-01 2.33202219009399e-01
676 4.95117187500000e-01 2.45141029357910e-01
677 4.94628906250000e-01 2.44657754898071e-01
678 4.80957031250000e-01 2.31319665908813e-01
679 4.55078125000000e-01 2.07096099853516e-01
680 4.88281250000000e-01 2.38418579101562e-01
681 4.56542968750000e-01 2.08431482315063e-01
682 4.46777343750000e-01 1.99609994888306e-01
683 4.61914062500000e-01 2.13364601135254e-01
684 4.44824218750000e-01 1.97868585586548e-01
685 4.39453125000000e-01 1.93119049072266e-01
686 3.62792968750000e-01 1.31618738174438e-01
687 3.41796875000000e-01 1.16825103759766e-01
688 3.85253906250000e-01 1.48420572280884e-01
689 3.82812500000000e-01 1.46545410156250e-01
690 3.25683593750000e-01 1.06069803237915e-01
691 3.68652343750000e-01 1.35904550552368e-01
692 3.63769531250000e-01 1.32328271865845e-01
693 3.76464843750000e-01 1.41725778579712e-01
694 3.69140625000000e-01 1.36264801025391e-01
695 3.19824218750000e-01 1.02287530899048e-01
696 2.88085937500000e-01 8.29935073852539e-02
697 2.46582031250000e-01 6.08026981353760e-02
698 4.26757812500000e-01 1.82122230529785e-01
699 4.16015625000000e-01 1.73069000244141e-01
700 3.88671875000000e-01 1.51065826416016e-01
701 3.90625000000000e-01 1.52587890625000e-01
702 3.78906250000000e-01 1.43569946289062e-01
703 3.55468750000000e-01 1.26358032226562e-01
704 2.93457031250000e-01 8.61170291900635e-02
705 2.75878906250000e-01 7.61091709136963e-02
706 2.73925781250000e-01 7.50353336334229e-02
707 2.56347656250000e-01 6.57141208648682e-02
708 2.37304687500000e-01 5.63135147094727e-02
709 3.15429687500000e-01 9.94958877563477e-02
710 3.44726562500000e-01 1.18836402893066e-01
711 3.03710937500000e-01 9.22403335571289e-02
712 3.15917968750000e-01 9.98041629791260e-02
713 3.04687500000000e-01 9.28344726562500e-02
714 1.98730468750000e-01 3.94937992095947e-02
715 1.60644531250000e-01 2.58066654205322e-02
716 1.99707031250000e-01 3.98828983306885e-02
717 1.10351562500000e-01 1.21774673461914e-02
718 6.78710937500000e-02 4.60648536682129e-03
719 1.16210937500000e-01 1.35049819946289e-02
720 1.41601562500000e-01 2.00510025024414e-02
721 1.21582031250000e-01 1.47821903228760e-02
722 1.02539062500000e-01 1.05142593383789e-02
723 1.09375000000000e-01 1.19628906250000e-02
724 8.39843750000000e-02 7.05337524414062e-03
725 9.96093750000000e-02 9.92202758789062e-03
726 1.40136718750000e-01 1.96382999420166e-02
727 8.20312500000000e-02 6.72912597656250e-03
728 1.03027343750000e-01 1.06146335601807e-02
729 5.76171875000000e-02 3.31974029541016e-03
730 2.53906250000000e-02 6.44683837890625e-04
731 1.95312500000000e-03 3.81469726562500e-06
732 2.44140625000000e-02 5.96046447753906e-04
733 3.41796875000000e-02 1.16825103759766e-03
734 3.27148437500000e-02 1.07026100158691e-03
735 4.78515625000000e-02 2.28977203369141e-03
736 2.44140625000000e-02 5.96046447753906e-04
737 6.73828125000000e-02 4.54044342041016e-03
738 1.07421875000000e-01 1.15394592285156e-02
739 8.78906250000000e-02 7.72476196289062e-03
740 1.13281250000000e-01 1.28326416015625e-02
741 6.78710937500000e-02 4.60648536682129e-03
742 7.27539062500000e-02 5.29313087463379e-03
743 9.03320312500000e-02 8.15987586975098e-03
744 5.76171875000000e-02 3.31974029541016e-03
745 4.88281250000000e-03 2.38418579101562e-05
746 4.58984375000000e-02 2.10666656494141e-03
747 7.32421875000000e-03 5.36441802978516e-05
748 2.05078125000000e-02 4.20570373535156e-04
749 2.53906250000000e-02 6.44683837890625e-04
750 4.88281250000000e-04 2.38418579101562e-07
751 6.15234375000000e-02 3.78513336181641e-03
752 7.22656250000000e-02 5.22232055664062e-03
753 5.41992187500000e-02 2.93755531311035e-03
754 3.17382812500000e-02 1.00731849670410e-03
755 5.37109375000000e-03 2.88486480712891e-05
756 2.44140625000000e-03 5.96046447753906e-06
757 1.90429687500000e-02 3.62634658813477e-04
758 2.00195312500000e-02 4.00781631469727e-04
759 5.56640625000000e-02 3.09848785400391e-03
760 2.09960937500000e-02 4.40835952758789e-04
761 1.80664062500000e-02 3.26395034790039e-04
762 4.24804687500000e-02 1.80459022521973e-03
763 7.08007812500000e-02 5.01275062561035e-03
764 1.51855468750000e-01 2.30600833892822e-02
765 7.22656250000000e-02 5.22232055664062e-03
766 3.90625000000000e-02 1.52587890625000e-03
767 3.75976562500000e-02 1.41358375549316e-03
768 1.29394531250000e-01 1.67429447174072e-02
769 6.73828125000000e-02 4.54044342041016e-03
770 8.20312500000000e-02 6.72912597656250e-03
771 1.21582031250000e-01 1.47821903228760e-02
772 1.83105468750000e-01 3.35276126861572e-02
773 2.10937500000000e-01 4.44946289062500e-02
774 2.37304687500000e-01 5.63135147094727e-02
775 2.00683593750000e-01 4.02739048004150e-02
776 1.54785156250000e-01 2.39584445953369e-02
777 1.88964843750000e-01 3.57077121734619e-02
778 2.36328125000000e-01 5.58509826660156e-02
779 2.89062500000000e-01 8.35571289062500e-02
780 3.53515625000000e-01 1.24973297119141e-01
781 3.38378906250000e-01 1.14500284194946e-01
782 2.82714843750000e-01 7.99276828765869e-02
783 2.62695312500000e-01 6.90088272094727e-02
784 2.24609375000000e-01 5.04493713378906e-02
785 1.80175781250000e-01 3.24633121490479e-02
786 1.79687500000000e-01 3.22875976562500e-02
787 1.99707031250000e-01 3.98828983306885e-02
788 2.37304687500000e-01 5.63135147094727e-02
789 2.50000000000000e-01 6.25000000000000e-02
790 2.78320312500000e-01 7.74621963500977e-02
791 2.21191406250000e-01 4.89256381988525e-02
792 2.46582031250000e-01 6.08026981353760e-02
793 2.06054687500000e-01 4.24585342407227e-02
794 3.15429687500000e-01 9.94958877563477e-02
795 2.63671875000000e-01 6.95228576660156e-02
796 2.35351562500000e-01 5.53903579711914e-02
797 2.34375000000000e-01 5.49316406250000e-02
798 2.71484375000000e-01 7.37037658691406e-02
799 3.46191406250000e-01 1.19848489761353e-01
800 3.79394531250000e-01 1.43940210342407e-01
801 3.29589843750000e-01 1.08629465103149e-01
802 3.54980468750000e-01 1.26011133193970e-01
803 2.50000000000000e-01 6.25000000000000e-02
804 2.51953125000000e-01 6.34803771972656e-02
805 2.63671875000000e-01 6.95228576660156e-02
806 3.50585937500000e-01 1.22910499572754e-01
807 3.76464843750000e-01 1.41725778579712e-01
808 3.22265625000000e-01 1.03855133056641e-01
809 3.01757812500000e-01 9.10577774047852e-02
810 3.17382812500000e-01 1.00731849670410e-01
811 2.97851562500000e-01 8.87155532836914e-02
812 3.47167968750000e-01 1.20525598526001e-01
813 3.34472656250000e-01 1.11871957778931e-01
814 3.17382812500000e-01 1.00731849670410e-01
815 3.08593750000000e-01 9.52301025390625e-02
816 3.54003906250000e-01 1.25318765640259e-01
817 3.45703125000000e-01 1.19510650634766e-01
818 3.19824218750000e-01 1.02287530899048e-01
819 3.76953125000000e-01 1.42093658447266e-01
820 2.72460937500000e-01 7.42349624633789e-02
821 2.92480468750000e-01 8.55448246002197e-02
822 2.07519531250000e-01 4.30643558502197e-02
823 2.03613281250000e-01 4.14583683013916e-02
824 1.87988281250000e-01 3.53395938873291e-02
825 1.92871093750000e-01 3.71992588043213e-02
826 2.56347656250000e-01 6.57141208648682e-02
827 2.13378906250000e-01 4.55305576324463e-02
828 1.78222656250000e-01 3.17633152008057e-02
829 1.67480468750000e-01 2.80497074127197e-02
830 1.30859375000000e-01 1.71241760253906e-02
831 1.25976562500000e-01 1.58700942993164e-02
832 1.65527343750000e-01 2.73993015289307e-02
833 1.03027343750000e-01 1.06146335601807e-02
834 1.16699218750000e-01 1.36187076568604e-02
835 1.51855468750000e-01 2.30600833892822e-02
836 2.12402343750000e-01 4.51147556304932e-02
837 2.03125000000000e-01 4.12597656250000e-02
838 2.06542968750000e-01 4.26599979400635e-02
839 1.93359375000000e-01 3.73878479003906e-02
840 1.87500000000000e-01 3.51562500000000e-02
841 1.32324218750000e-01 1.75096988677979e-02
842 1.64062500000000e-01 2.69165039062500e-02
843 1.99707031250000e-01 3.98828983306885e-02
844 1.08398437500000e-01 1.17502212524414e-02
845 4.63867187500000e-02 2.15172767639160e-03
846 7.81250000000000e-03 6.10351562500000e-05
847 6.05468750000000e-02 3.66592407226562e-03
848 1.07910156250000e-01 1.16446018218994e-02
849 5.71289062500000e-02 3.26371192932129e-03
850 6.54296875000000e-02 4.28104400634766e-03
851 3.02734375000000e-02 9.16481018066406e-04
852 1.56250000000000e-02 2.44140625000000e-04
853 3.51562500000000e-02 1.23596191406250e-03
854 5.17578125000000e-02 2.67887115478516e-03
855 1.56250000000000e-02 2.44140625000000e-04
856 5.81054687500000e-02 3.37624549865723e-03
857 8.54492187500000e-02 7.30156898498535e-03
858 1.22558593750000e-01 1.50206089019775e-02
859 9.91210937500000e-02 9.82499122619629e-03
860 9.86328125000000e-02 9.72843170166016e-03
861 8.39843750000000e-02 7.05337524414062e-03
862 1.04492187500000e-01 1.09186172485352e-02
863 9.71679687500000e-02 9.44161415100098e-03
864 1.21582031250000e-01 1.47821903228760e-02
865 8.00781250000000e-02 6.41250610351562e-03
866 1.04980468750000e-01 1.10208988189697e-02
867 9.08203125000000e-02 8.24832916259766e-03
868 8.05664062500000e-02 6.49094581604004e-03
869 7.27539062500000e-02 5.29313087463379e-03
870 4.49218750000000e-02 2.01797485351562e-03
871 3.71093750000000e-02 1.37710571289062e-03
872 1.12304687500000e-02 1.26123428344727e-04
873 1.36718750000000e-02 1.86920166015625e-04
874 2.00195312500000e-02 4.00781631469727e-04
875 6.68945312500000e-02 4.47487831115723e-03
876 1.44042968750000e-01 2.07483768463135e-02
877 1.42578125000000e-01 2.03285217285156e-02
878 1.26953125000000e-01 1.61170959472656e-02
879 1.39160156250000e-01 1.93655490875244e-02
880 1.20605468750000e-01 1.45456790924072e-02
881 1.61621093750000e-01 2.61213779449463e-02
882 1.04003906250000e-01 1.08168125152588e-02
883 8.54492187500000e-02 7.30156898498535e-03
884 1.41601562500000e-01 2.00510025024414e-02
885 2.07031250000000e-01 4.28619384765625e-02
886 1.87988281250000e-01 3.53395938873291e-02
887 1.13281250000000e-01 1.28326416015625e-02
888 6.98242187500000e-02 4.87542152404785e-03
889 6.98242187500000e-02 4.87542152404785e-03
890 7.91015625000000e-02 6.25705718994141e-03
891 7.12890625000000e-02 5.08213043212891e-03
892 9.22851562500000e-02 8.51655006408691e-03
893 7.47070312500000e-02 5.58114051818848e-03
894 7.71484375000000e-02 5.95188140869141e-03
895 1.18164062500000e-01 1.39627456665039e-02
896 1.26464843750000e-01 1.59933567047119e-02
897 1.36718750000000e-01 1.86920166015625e-02
898 1.51855468750000e-01 2.30600833892822e-02
899 1.92382812500000e-01 3.70111465454102e-02
900 1.96289062500000e-01 3.85293960571289e-02
901 2.82226562500000e-01 7.96518325805664e-02
902 2.62207031250000e-01 6.87525272369385e-02
903 2.95410156250000e-01 8.72671604156494e-02
904 3.59375000000000e-01 1.29150390625000e-01
905 3.26171875000000e-01 1.06388092041016e-01
906 3.05175781250000e-01 9.31322574615479e-02
907 2.66113281250000e-01 7.08162784576416e-02
908 3.12988281250000e-01 9.79616641998291e-02
909 3.31542968750000e-01 1.09920740127563e-01
910 2.81738281250000e-01 7.93764591217041e-02
911 2.06054687500000e-01 4.24585342407227e-02
912 1.68945312500000e-01 2.85425186157227e-02
913 2.13867187500000e-01 4.57391738891602e-02
914 2.56347656250000e-01 6.57141208648682e-02
915 1.94335937500000e-01 3.77664566040039e-02
916 1.56250000000000e-01 2.44140625000000e-02
917 1.09863281250000e-01 1.20699405670166e-02
918 1.43066406250000e-01 2.04679965972900e-02
919 1.58203125000000e-01 2.50282287597656e-02
920 2.13867187500000e-01 4.57391738891602e-02
921 2.28515625000000e-01 5.22193908691406e-02
922 1.92382812500000e-01 3.70111465454102e-02
923 1.94824218750000e-01 3.79564762115479e-02
924 2.20703125000000e-01 4.87098693847656e-02
925 1.85058593750000e-01 3.42466831207275e-02
926 1.04003906250000e-01 1.08168125152588e-02
927 2.34375000000000e-02 5.49316406250000e-04
928 1.95312500000000e-02 3.81469726562500e-04
929 6.83593750000000e-03 4.67300415039062e-05
930 1.41601562500000e-02 2.00510025024414e-04
931 9.76562500000000e-03 9.53674316406250e-05
932 7.91015625000000e-02 6.25705718994141e-03
933 1.34765625000000e-01 1.81617736816406e-02
934 1.15722656250000e-01 1.33917331695557e-02
935 9.86328125000000e-02 9.72843170166016e-03
936 9.52148437500000e-02 9.06586647033691e-03
937 8.49609375000000e-02 7.21836090087891e-03
938 4.68750000000000e-02 2.19726562500000e-03
939 9.61914062500000e-02 9.25278663635254e-03
940 8.59375000000000e-02 7.38525390625000e-03
941 1.13769531250000e-01 1.29435062408447e-02
942 9.61914062500000e-02 9.25278663635254e-03
943 6.34765625000000e-03 4.02927398681641e-05
944 5.17578125000000e-02 2.67887115478516e-03
945 1.31835937500000e-01 1.73807144165039e-02
946 1.23535156250000e-01 1.52609348297119e-02
947 1.51855468750000e-01 2.30600833892822e-02
948 7.61718750000000e-02 5.80215454101562e-03
949 6.25000000000000e-02 3.90625000000000e-03
950 6.54296875000000e-02 4.28104400634766e-03
951 2.05078125000000e-02 4.20570373535156e-04
952 2.92968750000000e-02 8.58306884765625e-04
953 2.58789062500000e-02 6.69717788696289e-04
954 4.73632812500000e-02 2.24328041076660e-03
955 7.17773437500000e-02 5.15198707580566e-03
956 8.30078125000000e-02 6.89029693603516e-03
957 1.22558593750000e-01 1.50206089019775e-02
958 1.68945312500000e-01 2.85425186157227e-02
959 1.79687500000000e-01 3.22875976562500e-02
960 1.91894531250000e-01 3.68235111236572e-02
961 2.36328125000000e-01 5.58509826660156e-02
962 2.47558593750000e-01 6.12852573394775e-02
963 2.42187500000000e-01 5.86547851562500e-02
964 2.28027343750000e-01 5.19964694976807e-02
965 2.10449218750000e-01 4.42888736724854e-02
966 2.54882812500000e-01 6.49652481079102e-02
967 1.97753906250000e-01 3.91066074371338e-02
968 1.97753906250000e-01 3.91066074371338e-02
969 9.57031250000000e-02 9.15908813476562e-03
970 1.17675781250000e-01 1.38475894927979e-02
971 1.47949218750000e-01 2.18889713287354e-02
972 1.51855468750000e-01 2.30600833892822e-02
973 9.27734375000000e-02 8.60691070556641e-03
974 1.36230468750000e-01 1.85587406158447e-02
975 1.17187500000000e-01 1.37329101562500e-02
976 1.04492187500000e-01 1.09186172485352e-02
977 1.48437500000000e-01 2.20336914062500e-02
978 1.78222656250000e-01 3.17633152008057e-02
979 1.38671875000000e-01 1.92298889160156e-02
980 1.55273437500000e-01 2.41098403930664e-02
981 1.38183593750000e-01 1.90947055816650e-02
982 8.74023437500000e-02 7.63916969299316e-03
983 1.20605468750000e-01 1.45456790924072e-02
984 1.82617187500000e-01 3.33490371704102e-02
985 1.99707031250000e-01 3.98828983306885e-02
986 1.76757812500000e-01 3.12433242797852e-02
987 1.98242187500000e-01 3.92999649047852e-02
988 1.73828125000000e-01 3.02162170410156e-02
989 2.00683593750000e-01 4.02739048004150e-02
990 2.09472656250000e-01 4.38787937164307e-02
991 1.83593750000000e-01 3.37066650390625e-02
992 1.56250000000000e-01 2.44140625000000e-02
993 1.74804687500000e-01 3.05566787719727e-02
994 1.98242187500000e-01 3.92999649047852e-02
995 2.37304687500000e-01 5.63135147094727e-02
996 2.25097656250000e-01 5.06689548492432e-02
997 2.31933593750000e-01 5.37931919097900e-02
998 1.42578125000000e-01 2.03285217285156e-02
999 1.83593750000000e-01 3.37066650390625e-02
