0 7.52441406250000e-01 5.66168069839478e-01
1 7.69531250000000e-01 5.92178344726562e-01
2 7.54394531250000e-01 5.69111108779907e-01
3 6.88964843750000e-01 4.74672555923462e-01
4 6.80664062500000e-01 4.63303565979004e-01
5 6.49414062500000e-01 4.21738624572754e-01
6 6.57226562500000e-01 4.31946754455566e-01
7 6.55273437500000e-01 4.29383277893066e-01
8 6.57714843750000e-01 4.32588815689087e-01
9 6.88964843750000e-01 4.74672555923462e-01
10 6.88476562500000e-01 4.73999977111816e-01
11 6.80175781250000e-01 4.62639093399048e-01
12 6.81152343750000e-01 4.63968515396118e-01
13 7.44628906250000e-01 5.54472208023071e-01
14 6.87011718750000e-01 4.71985101699829e-01
15 6.37207031250000e-01 4.06032800674438e-01
16 6.21093750000000e-01 3.85757446289062e-01
17 6.09375000000000e-01 3.71337890625000e-01
18 6.53320312500000e-01 4.26827430725098e-01
19 6.66503906250000e-01 4.44227457046509e-01
20 6.98242187500000e-01 4.87542152404785e-01
21 6.73339843750000e-01 4.53386545181274e-01
22 5.97656250000000e-01 3.57192993164062e-01
23 6.84570312500000e-01 4.68636512756348e-01
24 6.46484375000000e-01 4.17942047119141e-01
25 6.27929687500000e-01 3.94295692443848e-01
26 6.71386718750000e-01 4.50760126113892e-01
27 6.86035156250000e-01 4.70644235610962e-01
28 6.38671875000000e-01 4.07901763916016e-01
29 6.53320312500000e-01 4.26827430725098e-01
30 6.39160156250000e-01 4.08525705337524e-01
31 6.26953125000000e-01 3.93070220947266e-01
32 5.39550781250000e-01 2.91115045547485e-01
33 5.16113281250000e-01 2.66372919082642e-01
34 5.56152343750000e-01 3.09305429458618e-01
35 5.74218750000000e-01 3.29727172851562e-01
36 6.23046875000000e-01 3.88187408447266e-01
37 5.66894531250000e-01 3.21369409561157e-01
38 5.46875000000000e-01 2.99072265625000e-01
39 5.55175781250000e-01 3.08220148086548e-01
40 5.84960937500000e-01 3.42179298400879e-01
41 6.07910156250000e-01 3.69554758071899e-01
42 5.44433593750000e-01 2.96407938003540e-01
43 5.05859375000000e-01 2.55893707275391e-01
44 4.91699218750000e-01 2.41768121719360e-01
45 5.43945312500000e-01 2.95876502990723e-01
46 5.00000000000000e-01 2.50000000000000e-01
47 4.83886718750000e-01 2.34146356582642e-01
48 5.02441406250000e-01 2.52447366714478e-01
49 5.30273437500000e-01 2.81189918518066e-01
50 4.92675781250000e-01 2.42729425430298e-01
51 4.73144531250000e-01 2.23865747451782e-01
52 4.91210937500000e-01 2.41288185119629e-01
53 5.16601562500000e-01 2.66877174377441e-01
54 5.14160156250000e-01 2.64360666275024e-01
55 4.95117187500000e-01 2.45141029357910e-01
56 4.17968750000000e-01 1.74697875976562e-01
57 4.44824218750000e-01 1.97868585586548e-01
58 5.26367187500000e-01 2.77062416076660e-01
59 4.66308593750000e-01 2.17443704605103e-01
60 4.47265625000000e-01 2.00046539306641e-01
61 4.74609375000000e-01 2.25254058837891e-01
62 4.42871093750000e-01 1.96134805679321e-01
63 4.63867187500000e-01 2.15172767639160e-01
64 4.39941406250000e-01 1.93548440933228e-01
65 4.21386718750000e-01 1.77566766738892e-01
66 4.54101562500000e-01 2.06208229064941e-01
67 4.55566406250000e-01 2.07540750503540e-01
68 4.01855468750000e-01 1.61487817764282e-01
69 2.90527343750000e-01 8.44061374664307e-02
70 2.34863281250000e-01 5.51607608795166e-02
71 2.41210937500000e-01 5.81827163696289e-02
72 2.61718750000000e-01 6.84967041015625e-02
73 2.75390625000000e-01 7.58399963378906e-02
74 3.09570312500000e-01 9.58337783813477e-02
75 3.56445312500000e-01 1.27053260803223e-01
76 2.62207031250000e-01 6.87525272369385e-02
77 2.52441406250000e-01 6.37266635894775e-02
78 2.03125000000000e-01 4.12597656250000e-02
79 2.51464843750000e-01 6.32345676422119e-02
80 2.42675781250000e-01 5.88915348052979e-02
81 2.39746093750000e-01 5.74781894683838e-02
82 2.54882812500000e-01 6.49652481079102e-02
83 2.89062500000000e-01 8.35571289062500e-02
84 2.69531250000000e-01 7.26470947265625e-02
85 2.33886718750000e-01 5.47029972076416e-02
86 2.42675781250000e-01 5.88915348052979e-02
87 2.59277343750000e-01 6.72247409820557e-02
88 1.53320312500000e-01 2.35071182250977e-02
89 9.17968750000000e-02 8.42666625976562e-03
90 1.24511718750000e-01 1.55031681060791e-02
91 5.66406250000000e-02 3.20816040039062e-03
92 5.41992187500000e-02 2.93755531311035e-03
93 1.02539062500000e-02 1.05142593383789e-04
94 1.90429687500000e-02 3.62634658813477e-04
95 4.83398437500000e-02 2.33674049377441e-03
96 1.08886718750000e-01 1.18563175201416e-02
97 8.64257812500000e-02 7.46941566467285e-03
98 1.08398437500000e-01 1.17502212524414e-02
99 2.22656250000000e-01 4.95758056640625e-02
100 2.54882812500000e-01 6.49652481079102e-02
101 2.43652343750000e-01 5.93664646148682e-02
102 1.98730468750000e-01 3.94937992095947e-02
103 1.15722656250000e-01 1.33917331695557e-02
104 1.02050781250000e-01 1.04143619537354e-02
105 1.51855468750000e-01 2.30600833892822e-02
106 1.50390625000000e-01 2.26173400878906e-02
107 1.72851562500000e-01 2.98776626586914e-02
108 1.59667968750000e-01 2.54938602447510e-02
109 1.52832031250000e-01 2.33576297760010e-02
110 1.24023437500000e-01 1.53818130493164e-02
111 1.59179687500000e-01 2.53381729125977e-02
112 3.02246093750000e-01 9.13527011871338e-02
113 3.24218750000000e-01 1.05117797851562e-01
114 2.56347656250000e-01 6.57141208648682e-02
115 3.08105468750000e-01 9.49289798736572e-02
116 2.88574218750000e-01 8.32750797271729e-02
117 3.20312500000000e-01 1.02600097656250e-01
118 3.46191406250000e-01 1.19848489761353e-01
119 3.66699218750000e-01 1.34468317031860e-01
120 3.45214843750000e-01 1.19173288345337e-01
121 2.56347656250000e-01 6.57141208648682e-02
122 2.56835937500000e-01 6.59646987915039e-02
123 2.70507812500000e-01 7.31744766235352e-02
124 2.41210937500000e-01 5.81827163696289e-02
125 3.12011718750000e-01 9.73513126373291e-02
126 2.79785156250000e-01 7.82797336578369e-02
127 3.32519531250000e-01 1.10569238662720e-01
128 3.23730468750000e-01 1.04801416397095e-01
129 3.08105468750000e-01 9.49289798736572e-02
130 3.34472656250000e-01 1.11871957778931e-01
131 3.56445312500000e-01 1.27053260803223e-01
132 3.10546875000000e-01 9.64393615722656e-02
133 3.04687500000000e-01 9.28344726562500e-02
134 3.10546875000000e-01 9.64393615722656e-02
135 2.93457031250000e-01 8.61170291900635e-02
136 2.92968750000000e-01 8.58306884765625e-02
137 4.11621093750000e-01 1.69431924819946e-01
138 4.78027343750000e-01 2.28510141372681e-01
139 4.91699218750000e-01 2.41768121719360e-01
140 4.81445312500000e-01 2.31789588928223e-01
141 4.86816406250000e-01 2.36990213394165e-01
142 5.18066406250000e-01 2.68392801284790e-01
143 5.47851562500000e-01 3.00141334533691e-01
144 5.45898437500000e-01 2.98005104064941e-01
145 4.55078125000000e-01 2.07096099853516e-01
146 3.94531250000000e-01 1.55654907226562e-01
147 3.57421875000000e-01 1.27750396728516e-01
148 4.05273437500000e-01 1.64246559143066e-01
149 3.86718750000000e-01 1.49551391601562e-01
150 3.91113281250000e-01 1.52969598770142e-01
151 3.80371093750000e-01 1.44682168960571e-01
152 3.33984375000000e-01 1.11545562744141e-01
153 3.19335937500000e-01 1.01975440979004e-01
154 3.23730468750000e-01 1.04801416397095e-01
155 2.70996093750000e-01 7.34388828277588e-02
156 2.63671875000000e-01 6.95228576660156e-02
157 2.74414062500000e-01 7.53030776977539e-02
158 2.76855468750000e-01 7.66489505767822e-02
159 3.00292968750000e-01 9.01758670806885e-02
160 3.55957031250000e-01 1.26705408096313e-01
161 3.50585937500000e-01 1.22910499572754e-01
162 3.16406250000000e-01 1.00112915039062e-01
163 2.83203125000000e-01 8.02040100097656e-02
164 3.14941406250000e-01 9.91880893707275e-02
165 2.79296875000000e-01 7.80067443847656e-02
166 2.48046875000000e-01 6.15272521972656e-02
167 2.51953125000000e-01 6.34803771972656e-02
168 2.91015625000000e-01 8.46900939941406e-02
169 2.98828125000000e-01 8.92982482910156e-02
170 2.72460937500000e-01 7.42349624633789e-02
171 3.33007812500000e-01 1.10894203186035e-01
172 3.02734375000000e-01 9.16481018066406e-02
173 3.13476562500000e-01 9.82675552368164e-02
174 2.68554687500000e-01 7.21216201782227e-02
175 3.38378906250000e-01 1.14500284194946e-01
176 3.01757812500000e-01 9.10577774047852e-02
177 3.23242187500000e-01 1.04485511779785e-01
178 3.24707031250000e-01 1.05434656143188e-01
179 3.00781250000000e-01 9.04693603515625e-02
180 2.97851562500000e-01 8.87155532836914e-02
181 3.05664062500000e-01 9.34305191040039e-02
182 3.29589843750000e-01 1.08629465103149e-01
183 3.18847656250000e-01 1.01663827896118e-01
184 3.95996093750000e-01 1.56812906265259e-01
185 3.66210937500000e-01 1.34110450744629e-01
186 4.05273437500000e-01 1.64246559143066e-01
187 3.66210937500000e-01 1.34110450744629e-01
188 3.59375000000000e-01 1.29150390625000e-01
189 4.12109375000000e-01 1.69834136962891e-01
190 4.11132812500000e-01 1.69030189514160e-01
191 4.39453125000000e-01 1.93119049072266e-01
192 4.52148437500000e-01 2.04438209533691e-01
193 4.39941406250000e-01 1.93548440933228e-01
194 4.30664062500000e-01 1.85471534729004e-01
195 5.13671875000000e-01 2.63858795166016e-01
196 4.40917968750000e-01 1.94408655166626e-01
197 4.59960937500000e-01 2.11564064025879e-01
198 4.79980468750000e-01 2.30381250381470e-01
199 5.26855468750000e-01 2.77576684951782e-01
200 4.77539062500000e-01 2.28043556213379e-01
201 4.45800781250000e-01 1.98738336563110e-01
202 4.64355468750000e-01 2.15626001358032e-01
203 4.25292968750000e-01 1.80874109268188e-01
204 4.43359375000000e-01 1.96567535400391e-01
205 4.60937500000000e-01 2.12463378906250e-01
206 4.82421875000000e-01 2.32730865478516e-01
207 5.77148437500000e-01 3.33100318908691e-01
208 6.29394531250000e-01 3.96137475967407e-01
209 6.13281250000000e-01 3.76113891601562e-01
210 5.97167968750000e-01 3.56609582901001e-01
211 5.83984375000000e-01 3.41037750244141e-01
212 5.83007812500000e-01 3.39898109436035e-01
213 5.86425781250000e-01 3.43895196914673e-01
214 6.13281250000000e-01 3.76113891601562e-01
215 6.52832031250000e-01 4.26189661026001e-01
216 6.34765625000000e-01 4.02927398681641e-01
217 5.97656250000000e-01 3.57192993164062e-01
218 6.21093750000000e-01 3.85757446289062e-01
219 6.51855468750000e-01 4.24915552139282e-01
220 6.59667968750000e-01 4.35161828994751e-01
221 6.16699218750000e-01 3.80317926406860e-01
222 6.52832031250000e-01 4.26189661026001e-01
223 6.40625000000000e-01 4.10400390625000e-01
224 6.37695312500000e-01 4.06655311584473e-01
225 5.70800781250000e-01 3.25813531875610e-01
226 5.81054687500000e-01 3.37624549865723e-01
227 5.69824218750000e-01 3.24699640274048e-01
228 5.71777343750000e-01 3.26929330825806e-01
229 6.31347656250000e-01 3.98599863052368e-01
230 6.35742187500000e-01 4.04168128967285e-01
231 6.28417968750000e-01 3.94909143447876e-01
232 5.79589843750000e-01 3.35924386978149e-01
233 6.61132812500000e-01 4.37096595764160e-01
234 5.93750000000000e-01 3.52539062500000e-01
235 6.29394531250000e-01 3.96137475967407e-01
236 6.35742187500000e-01 4.04168128967285e-01
237 6.29882812500000e-01 3.96752357482910e-01
238 6.66015625000000e-01 4.43576812744141e-01
239 5.39062500000000e-01 2.90588378906250e-01
240 5.38085937500000e-01 2.89536476135254e-01
241 5.48828125000000e-01 3.01212310791016e-01
242 5.12695312500000e-01 2.62856483459473e-01
243 5.20019531250000e-01 2.70420312881470e-01
244 5.83984375000000e-01 3.41037750244141e-01
245 5.23925781250000e-01 2.74498224258423e-01
246 5.86914062500000e-01 3.44468116760254e-01
247 5.68847656250000e-01 3.23587656021118e-01
248 5.77636718750000e-01 3.33664178848267e-01
249 5.65429687500000e-01 3.19710731506348e-01
250 5.75683593750000e-01 3.31411600112915e-01
251 5.17089843750000e-01 2.67381906509399e-01
252 5.07324218750000e-01 2.57377862930298e-01
253 5.25878906250000e-01 2.76548624038696e-01
254 5.42480468750000e-01 2.94285058975220e-01
255 4.57031250000000e-01 2.08877563476562e-01
256 4.65332031250000e-01 2.16533899307251e-01
257 4.05761718750000e-01 1.64642572402954e-01
258 4.34570312500000e-01 1.88851356506348e-01
259 4.44335937500000e-01 1.97434425354004e-01
260 4.31152343750000e-01 1.85892343521118e-01
261 4.47265625000000e-01 2.00046539306641e-01
262 3.57421875000000e-01 1.27750396728516e-01
263 4.07226562500000e-01 1.65833473205566e-01
264 4.72656250000000e-01 2.23403930664062e-01
265 4.75585937500000e-01 2.26181983947754e-01
266 5.14160156250000e-01 2.64360666275024e-01
267 4.90722656250000e-01 2.40808725357056e-01
268 4.97558593750000e-01 2.47564554214478e-01
269 4.55566406250000e-01 2.07540750503540e-01
270 3.89648437500000e-01 1.51825904846191e-01
271 4.09179687500000e-01 1.67428016662598e-01
272 4.48242187500000e-01 2.00921058654785e-01
273 4.38964843750000e-01 1.92690134048462e-01
274 3.69140625000000e-01 1.36264801025391e-01
275 3.99414062500000e-01 1.59531593322754e-01
276 3.81347656250000e-01 1.45426034927368e-01
277 4.16992187500000e-01 1.73882484436035e-01
278 3.94531250000000e-01 1.55654907226562e-01
279 3.94042968750000e-01 1.55269861221313e-01
280 3.69628906250000e-01 1.36625528335571e-01
281 3.42285156250000e-01 1.17159128189087e-01
282 3.88671875000000e-01 1.51065826416016e-01
283 4.27734375000000e-01 1.82956695556641e-01
284 4.68261718750000e-01 2.19269037246704e-01
285 3.72558593750000e-01 1.38799905776978e-01
286 4.81933593750000e-01 2.32259988784790e-01
287 4.33105468750000e-01 1.87580347061157e-01
288 4.25781250000000e-01 1.81289672851562e-01
289 4.26269531250000e-01 1.81705713272095e-01
290 4.49218750000000e-01 2.01797485351562e-01
291 5.04882812500000e-01 2.54906654357910e-01
292 4.98046875000000e-01 2.48050689697266e-01
293 5.38085937500000e-01 2.89536476135254e-01
294 5.94238281250000e-01 3.53119134902954e-01
295 5.93750000000000e-01 3.52539062500000e-01
296 5.44433593750000e-01 2.96407938003540e-01
297 5.80566406250000e-01 3.37057352066040e-01
298 5.19531250000000e-01 2.69912719726562e-01
299 5.60058593750000e-01 3.13665628433228e-01
300 5.52246093750000e-01 3.04975748062134e-01
301 4.74609375000000e-01 2.25254058837891e-01
302 4.45800781250000e-01 1.98738336563110e-01
303 4.84863281250000e-01 2.35092401504517e-01
304 5.12695312500000e-01 2.62856483459473e-01
305 5.35156250000000e-01 2.86392211914062e-01
306 6.16699218750000e-01 3.80317926406860e-01
307 6.25976562500000e-01 3.91846656799316e-01
308 6.02050781250000e-01 3.62465143203735e-01
309 6.23535156250000e-01 3.88796091079712e-01
310 6.44042968750000e-01 4.14791345596313e-01
311 6.47460937500000e-01 4.19205665588379e-01
312 6.50878906250000e-01 4.23643350601196e-01
313 6.30859375000000e-01 3.97983551025391e-01
314 6.00097656250000e-01 3.60117197036743e-01
315 6.72851562500000e-01 4.52729225158691e-01
316 7.35351562500000e-01 5.40741920471191e-01
317 7.18261718750000e-01 5.15899896621704e-01
318 6.59667968750000e-01 4.35161828994751e-01
319 6.54296875000000e-01 4.28104400634766e-01
320 6.89453125000000e-01 4.75345611572266e-01
321 6.28417968750000e-01 3.94909143447876e-01
322 6.23535156250000e-01 3.88796091079712e-01
323 6.40136718750000e-01 4.09775018692017e-01
324 6.18652343750000e-01 3.82730722427368e-01
325 6.65039062500000e-01 4.42276954650879e-01
326 6.36718750000000e-01 4.05410766601562e-01
327 6.87500000000000e-01 4.72656250000000e-01
328 6.65527343750000e-01 4.42926645278931e-01
329 6.38671875000000e-01 4.07901763916016e-01
330 6.35253906250000e-01 4.03547525405884e-01
331 6.11328125000000e-01 3.73722076416016e-01
332 5.37597656250000e-01 2.89011240005493e-01
333 5.91796875000000e-01 3.50223541259766e-01
334 6.17187500000000e-01 3.80920410156250e-01
335 6.32812500000000e-01 4.00451660156250e-01
336 6.31835937500000e-01 3.99216651916504e-01
337 6.36230468750000e-01 4.04789209365845e-01
338 6.21093750000000e-01 3.85757446289062e-01
339 5.95214843750000e-01 3.54280710220337e-01
340 6.13769531250000e-01 3.76713037490845e-01
341 5.99609375000000e-01 3.59531402587891e-01
342 6.41113281250000e-01 4.11026239395142e-01
343 6.39160156250000e-01 4.08525705337524e-01
344 6.98242187500000e-01 4.87542152404785e-01
345 6.23535156250000e-01 3.88796091079712e-01
346 6.73339843750000e-01 4.53386545181274e-01
347 6.74804687500000e-01 4.55361366271973e-01
348 7.07519531250000e-01 5.00583887100220e-01
349 6.62109375000000e-01 4.38388824462891e-01
350 6.39648437500000e-01 4.09150123596191e-01
351 6.20117187500000e-01 3.84545326232910e-01
352 6.13281250000000e-01 3.76113891601562e-01
353 5.66894531250000e-01 3.21369409561157e-01
354 5.41015625000000e-01 2.92697906494141e-01
355 5.50292968750000e-01 3.02822351455688e-01
356 5.19042968750000e-01 2.69405603408813e-01
357 5.41992187500000e-01 2.93755531311035e-01
358 4.98046875000000e-01 2.48050689697266e-01
359 5.00000000000000e-01 2.50000000000000e-01
360 4.36035156250000e-01 1.90126657485962e-01
361 4.16992187500000e-01 1.73882484436035e-01
362 4.62890625000000e-01 2.14267730712891e-01
363 4.54589843750000e-01 2.06651926040649e-01
364 4.96093750000000e-01 2.46109008789062e-01
365 4.19921875000000e-01 1.76334381103516e-01
366 4.38964843750000e-01 1.92690134048462e-01
367 5.01953125000000e-01 2.51956939697266e-01
368 5.07324218750000e-01 2.57377862930298e-01
369 4.35546875000000e-01 1.89701080322266e-01
370 4.64843750000000e-01 2.16079711914062e-01
371 4.55078125000000e-01 2.07096099853516e-01
372 5.06835937500000e-01 2.56882667541504e-01
373 4.75585937500000e-01 2.26181983947754e-01
374 3.97460937500000e-01 1.57975196838379e-01
375 4.28710937500000e-01 1.83793067932129e-01
376 4.47753906250000e-01 2.00483560562134e-01
377 5.16113281250000e-01 2.66372919082642e-01
378 5.11718750000000e-01 2.61856079101562e-01
379 5.78613281250000e-01 3.34793329238892e-01
380 5.98144531250000e-01 3.57776880264282e-01
381 5.81054687500000e-01 3.37624549865723e-01
382 5.52734375000000e-01 3.05515289306641e-01
383 6.23535156250000e-01 3.88796091079712e-01
384 5.52734375000000e-01 3.05515289306641e-01
385 5.64453125000000e-01 3.18607330322266e-01
386 5.41992187500000e-01 2.93755531311035e-01
387 5.30761718750000e-01 2.81708002090454e-01
388 5.71777343750000e-01 3.26929330825806e-01
389 6.14746093750000e-01 3.77912759780884e-01
390 6.32812500000000e-01 4.00451660156250e-01
391 6.05957031250000e-01 3.67183923721313e-01
392 6.11328125000000e-01 3.73722076416016e-01
393 6.12304687500000e-01 3.74917030334473e-01
394 6.32324218750000e-01 3.99833917617798e-01
395 6.53808593750000e-01 4.27465677261353e-01
396 6.29394531250000e-01 3.96137475967407e-01
397 6.49414062500000e-01 4.21738624572754e-01
398 5.78125000000000e-01 3.34228515625000e-01
399 6.13281250000000e-01 3.76113891601562e-01
400 6.30859375000000e-01 3.97983551025391e-01
401 6.52343750000000e-01 4.25552368164062e-01
402 5.96191406250000e-01 3.55444192886353e-01
403 5.64453125000000e-01 3.18607330322266e-01
404 5.94238281250000e-01 3.53119134902954e-01
405 6.15234375000000e-01 3.78513336181641e-01
406 5.88867187500000e-01 3.46764564514160e-01
407 5.63964843750000e-01 3.18056344985962e-01
408 5.57617187500000e-01 3.10936927795410e-01
409 4.63378906250000e-01 2.14720010757446e-01
410 4.09667968750000e-01 1.67827844619751e-01
411 3.69140625000000e-01 1.36264801025391e-01
412 3.67675781250000e-01 1.35185480117798e-01
413 3.52539062500000e-01 1.24283790588379e-01
414 4.24316406250000e-01 1.80044412612915e-01
415 4.76562500000000e-01 2.27111816406250e-01
416 4.65820312500000e-01 2.16988563537598e-01
417 5.27343750000000e-01 2.78091430664062e-01
418 5.33203125000000e-01 2.84305572509766e-01
419 4.41406250000000e-01 1.94839477539062e-01
420 4.21386718750000e-01 1.77566766738892e-01
421 3.60351562500000e-01 1.29853248596191e-01
422 3.56445312500000e-01 1.27053260803223e-01
423 3.07617187500000e-01 9.46283340454102e-02
424 4.33593750000000e-01 1.88003540039062e-01
425 4.84863281250000e-01 2.35092401504517e-01
426 4.35546875000000e-01 1.89701080322266e-01
427 4.57519531250000e-01 2.09324121475220e-01
428 4.58007812500000e-01 2.09771156311035e-01
429 4.92675781250000e-01 2.42729425430298e-01
430 4.30664062500000e-01 1.85471534729004e-01
431 4.28710937500000e-01 1.83793067932129e-01
432 4.46777343750000e-01 1.99609994888306e-01
433 4.81445312500000e-01 2.31789588928223e-01
434 5.30273437500000e-01 2.81189918518066e-01
435 5.20507812500000e-01 2.70928382873535e-01
436 4.98535156250000e-01 2.48537302017212e-01
437 4.86816406250000e-01 2.36990213394165e-01
438 4.62890625000000e-01 2.14267730712891e-01
439 4.49218750000000e-01 2.01797485351562e-01
440 4.77050781250000e-01 2.27577447891235e-01
441 3.99414062500000e-01 1.59531593322754e-01
442 3.95996093750000e-01 1.56812906265259e-01
443 3.43261718750000e-01 1.17828607559204e-01
444 2.83203125000000e-01 8.02040100097656e-02
445 2.07519531250000e-01 4.30643558502197e-02
446 2.38281250000000e-01 5.67779541015625e-02
447 2.34375000000000e-01 5.49316406250000e-02
448 2.67089843750000e-01 7.13369846343994e-02
449 2.13867187500000e-01 4.57391738891602e-02
450 2.12402343750000e-01 4.51147556304932e-02
451 1.90917968750000e-01 3.64496707916260e-02
452 1.32812500000000e-01 1.76391601562500e-02
453 1.69433593750000e-01 2.87077426910400e-02
454 2.30957031250000e-01 5.33411502838135e-02
455 1.75781250000000e-01 3.08990478515625e-02
456 1.59667968750000e-01 2.54938602447510e-02
457 7.81250000000000e-02 6.10351562500000e-03
458 8.49609375000000e-02 7.21836090087891e-03
459 6.29882812500000e-02 3.96752357482910e-03
460 8.15429687500000e-02 6.64925575256348e-03
461 9.42382812500000e-02 8.88085365295410e-03
462 1.00097656250000e-01 1.00195407867432e-02
463 1.93359375000000e-01 3.73878479003906e-02
464 2.36816406250000e-01 5.60820102691650e-02
465 2.28027343750000e-01 5.19964694976807e-02
466 2.10449218750000e-01 4.42888736724854e-02
467 1.86523437500000e-01 3.47909927368164e-02
468 1.71386718750000e-01 2.93734073638916e-02
469 2.19238281250000e-01 4.80654239654541e-02
470 3.34960937500000e-01 1.12198829650879e-01
471 3.62792968750000e-01 1.31618738174438e-01
472 3.95996093750000e-01 1.56812906265259e-01
473 3.25683593750000e-01 1.06069803237915e-01
474 2.87597656250000e-01 8.27124118804932e-02
475 2.14355468750000e-01 4.59482669830322e-02
476 2.10937500000000e-01 4.44946289062500e-02
477 1.75781250000000e-01 3.08990478515625e-02
478 1.09375000000000e-01 1.19628906250000e-02
479 1.32812500000000e-01 1.76391601562500e-02
480 1.03515625000000e-01 1.07154846191406e-02
481 1.06445312500000e-01 1.13306045532227e-02
482 1.41113281250000e-01 1.99129581451416e-02
483 1.99218750000000e-01 3.96881103515625e-02
484 2.53417968750000e-01 6.42206668853760e-02
485 2.75390625000000e-01 7.58399963378906e-02
486 3.03222656250000e-01 9.19439792633057e-02
487 3.38378906250000e-01 1.14500284194946e-01
488 2.90527343750000e-01 8.44061374664307e-02
489 3.04199218750000e-01 9.25371646881104e-02
490 2.38769531250000e-01 5.70108890533447e-02
491 3.18359375000000e-01 1.01352691650391e-01
492 3.28613281250000e-01 1.07986688613892e-01
493 3.32031250000000e-01 1.10244750976562e-01
494 3.72558593750000e-01 1.38799905776978e-01
495 3.69628906250000e-01 1.36625528335571e-01
496 3.20312500000000e-01 1.02600097656250e-01
497 3.57421875000000e-01 1.27750396728516e-01
498 4.11132812500000e-01 1.69030189514160e-01
499 4.06250000000000e-01 1.65039062500000e-01
500 4.40429687500000e-01 1.93978309631348e-01
501 4.68750000000000e-01 2.19726562500000e-01
502 4.87792968750000e-01 2.37941980361938e-01
503 5.53222656250000e-01 3.06055307388306e-01
504 5.05859375000000e-01 2.55893707275391e-01
505 5.48828125000000e-01 3.01212310791016e-01
506 5.62988281250000e-01 3.16955804824829e-01
507 5.76171875000000e-01 3.31974029541016e-01
508 5.42480468750000e-01 2.94285058975220e-01
509 5.14648437500000e-01 2.64863014221191e-01
510 5.12207031250000e-01 2.62356042861938e-01
511 5.21484375000000e-01 2.71945953369141e-01
512 4.52148437500000e-01 2.04438209533691e-01
513 5.23437500000000e-01 2.73986816406250e-01
514 5.33203125000000e-01 2.84305572509766e-01
515 5.22949218750000e-01 2.73475885391235e-01
516 5.10742187500000e-01 2.60857582092285e-01
517 5.15625000000000e-01 2.65869140625000e-01
518 5.51269531250000e-01 3.03898096084595e-01
519 5.64453125000000e-01 3.18607330322266e-01
520 5.91796875000000e-01 3.50223541259766e-01
521 5.98144531250000e-01 3.57776880264282e-01
522 6.23046875000000e-01 3.88187408447266e-01
523 6.41113281250000e-01 4.11026239395142e-01
524 6.66503906250000e-01 4.44227457046509e-01
525 6.57226562500000e-01 4.31946754455566e-01
526 6.64062500000000e-01 4.40979003906250e-01
527 6.21093750000000e-01 3.85757446289062e-01
528 6.45996093750000e-01 4.17310953140259e-01
529 6.07910156250000e-01 3.69554758071899e-01
530 5.70312500000000e-01 3.25256347656250e-01
531 5.46386718750000e-01 2.98538446426392e-01
532 5.24414062500000e-01 2.75010108947754e-01
533 5.25390625000000e-01 2.76035308837891e-01
534 5.36132812500000e-01 2.87438392639160e-01
535 4.87304687500000e-01 2.37465858459473e-01
536 5.07812500000000e-01 2.57873535156250e-01
537 4.75097656250000e-01 2.25717782974243e-01
538 4.65332031250000e-01 2.16533899307251e-01
539 4.65332031250000e-01 2.16533899307251e-01
540 4.34570312500000e-01 1.88851356506348e-01
541 4.53125000000000e-01 2.05322265625000e-01
542 4.32617187500000e-01 1.87157630920410e-01
543 3.79882812500000e-01 1.44310951232910e-01
544 3.60839843750000e-01 1.30205392837524e-01
545 3.77441406250000e-01 1.42462015151978e-01
546 3.66210937500000e-01 1.34110450744629e-01
547 3.47167968750000e-01 1.20525598526001e-01
548 3.72070312500000e-01 1.38436317443848e-01
549 3.89160156250000e-01 1.51445627212524e-01
550 3.81835937500000e-01 1.45798683166504e-01
551 3.95996093750000e-01 1.56812906265259e-01
552 3.98437500000000e-01 1.58752441406250e-01
553 3.84277343750000e-01 1.47669076919556e-01
554 3.14941406250000e-01 9.91880893707275e-02
555 2.75390625000000e-01 7.58399963378906e-02
556 3.14941406250000e-01 9.91880893707275e-02
557 3.07128906250000e-01 9.43281650543213e-02
558 2.95410156250000e-01 8.72671604156494e-02
559 2.06542968750000e-01 4.26599979400635e-02
560 1.75781250000000e-01 3.08990478515625e-02
561 2.72949218750000e-01 7.45012760162354e-02
562 2.53906250000000e-01 6.44683837890625e-02
563 2.51464843750000e-01 6.32345676422119e-02
564 2.98339843750000e-01 8.90066623687744e-02
565 2.87597656250000e-01 8.27124118804932e-02
566 2.69531250000000e-01 7.26470947265625e-02
567 2.39257812500000e-01 5.72443008422852e-02
568 2.09472656250000e-01 4.38787937164307e-02
569 1.43554687500000e-01 2.06079483032227e-02
570 4.00390625000000e-02 1.60312652587891e-03
571 7.71484375000000e-02 5.95188140869141e-03
572 1.63574218750000e-01 2.67565250396729e-02
573 2.25585937500000e-01 5.08890151977539e-02
574 2.47558593750000e-01 6.12852573394775e-02
575 1.53320312500000e-01 2.35071182250977e-02
576 1.53808593750000e-01 2.36570835113525e-02
577 1.87988281250000e-01 3.53395938873291e-02
578 1.52832031250000e-01 2.33576297760010e-02
579 1.14746093750000e-01 1.31666660308838e-02
580 9.37500000000000e-02 8.78906250000000e-03
581 1.50878906250000e-01 2.27644443511963e-02
582 2.20703125000000e-01 4.87098693847656e-02
583 3.09570312500000e-01 9.58337783813477e-02
584 3.49609375000000e-01 1.22226715087891e-01
585 3.96972656250000e-01 1.57587289810181e-01
586 3.81835937500000e-01 1.45798683166504e-01
587 3.85253906250000e-01 1.48420572280884e-01
588 3.67675781250000e-01 1.35185480117798e-01
589 4.22363281250000e-01 1.78390741348267e-01
590 4.24316406250000e-01 1.80044412612915e-01
591 3.77929687500000e-01 1.42830848693848e-01
592 4.39941406250000e-01 1.93548440933228e-01
593 4.45312500000000e-01 1.98303222656250e-01
594 4.40917968750000e-01 1.94408655166626e-01
595 4.15039062500000e-01 1.72257423400879e-01
596 3.60351562500000e-01 1.29853248596191e-01
597 4.49218750000000e-01 2.01797485351562e-01
598 3.76953125000000e-01 1.42093658447266e-01
599 3.85742187500000e-01 1.48797035217285e-01
600 3.94042968750000e-01 1.55269861221313e-01
601 3.35449218750000e-01 1.12526178359985e-01
602 3.31054687500000e-01 1.09597206115723e-01
603 3.11035156250000e-01 9.67428684234619e-02
604 3.45703125000000e-01 1.19510650634766e-01
605 3.97460937500000e-01 1.57975196838379e-01
606 3.67675781250000e-01 1.35185480117798e-01
607 3.70117187500000e-01 1.36986732482910e-01
608 3.53027343750000e-01 1.24628305435181e-01
609 4.04296875000000e-01 1.63455963134766e-01
610 3.56933593750000e-01 1.27401590347290e-01
611 4.43847656250000e-01 1.97000741958618e-01
612 4.72167968750000e-01 2.22942590713501e-01
613 5.03906250000000e-01 2.53921508789062e-01
614 5.44433593750000e-01 2.96407938003540e-01
615 5.52246093750000e-01 3.04975748062134e-01
616 5.65429687500000e-01 3.19710731506348e-01
617 5.21484375000000e-01 2.71945953369141e-01
618 5.12695312500000e-01 2.62856483459473e-01
619 5.41503906250000e-01 2.93226480484009e-01
620 5.70800781250000e-01 3.25813531875610e-01
621 5.64941406250000e-01 3.19158792495728e-01
622 5.60546875000000e-01 3.14212799072266e-01
623 5.05859375000000e-01 2.55893707275391e-01
624 4.99511718750000e-01 2.49511957168579e-01
625 4.43359375000000e-01 1.96567535400391e-01
626 4.49707031250000e-01 2.02236413955688e-01
627 4.75097656250000e-01 2.25717782974243e-01
628 4.66308593750000e-01 2.17443704605103e-01
629 5.20996093750000e-01 2.71436929702759e-01
630 4.47265625000000e-01 2.00046539306641e-01
631 4.94628906250000e-01 2.44657754898071e-01
632 5.40527343750000e-01 2.92169809341431e-01
633 5.19531250000000e-01 2.69912719726562e-01
634 5.22949218750000e-01 2.73475885391235e-01
635 4.94140625000000e-01 2.44174957275391e-01
636 4.97070312500000e-01 2.47078895568848e-01
637 5.10253906250000e-01 2.60359048843384e-01
638 4.57031250000000e-01 2.08877563476562e-01
639 4.36035156250000e-01 1.90126657485962e-01
640 4.60937500000000e-01 2.12463378906250e-01
641 4.79003906250000e-01 2.29444742202759e-01
642 5.37597656250000e-01 2.89011240005493e-01
643 5.50781250000000e-01 3.03359985351562e-01
644 5.01953125000000e-01 2.51956939697266e-01
645 4.34570312500000e-01 1.88851356506348e-01
646 4.48242187500000e-01 2.00921058654785e-01
647 4.49218750000000e-01 2.01797485351562e-01
648 4.06250000000000e-01 1.65039062500000e-01
649 4.34082031250000e-01 1.88427209854126e-01
650 4.41894531250000e-01 1.95270776748657e-01
651 4.76074218750000e-01 2.26646661758423e-01
652 4.75097656250000e-01 2.25717782974243e-01
653 4.59472656250000e-01 2.11115121841431e-01
654 5.19042968750000e-01 2.69405603408813e-01
655 5.67382812500000e-01 3.21923255920410e-01
656 5.63964843750000e-01 3.18056344985962e-01
657 5.40527343750000e-01 2.92169809341431e-01
658 5.33691406250000e-01 2.84826517105103e-01
659 5.49316406250000e-01 3.01748514175415e-01
660 5.57128906250000e-01 3.10392618179321e-01
661 5.27343750000000e-01 2.78091430664062e-01
662 5.39550781250000e-01 2.91115045547485e-01
663 5.88867187500000e-01 3.46764564514160e-01
664 6.42089843750000e-01 4.12279367446899e-01
665 6.85546875000000e-01 4.69974517822266e-01
666 6.89941406250000e-01 4.76019144058228e-01
667 7.05078125000000e-01 4.97135162353516e-01
668 6.84570312500000e-01 4.68636512756348e-01
669 6.94824218750000e-01 4.82780694961548e-01
670 6.73339843750000e-01 4.53386545181274e-01
671 6.39160156250000e-01 4.08525705337524e-01
672 6.75781250000000e-01 4.56680297851562e-01
673 6.16699218750000e-01 3.80317926406860e-01
674 6.20605468750000e-01 3.85151147842407e-01
675 6.47949218750000e-01 4.19838190078735e-01
676 6.08398437500000e-01 3.70148658752441e-01
677 5.41503906250000e-01 2.93226480484009e-01
678 5.53710937500000e-01 3.06595802307129e-01
679 5.14160156250000e-01 2.64360666275024e-01
680 4.53125000000000e-01 2.05322265625000e-01
681 4.59472656250000e-01 2.11115121841431e-01
682 5.12695312500000e-01 2.62856483459473e-01
683 4.84863281250000e-01 2.35092401504517e-01
684 3.94042968750000e-01 1.55269861221313e-01
685 3.89648437500000e-01 1.51825904846191e-01
686 3.60839843750000e-01 1.30205392837524e-01
687 3.93554687500000e-01 1.54885292053223e-01
688 3.58886718750000e-01 1.28799676895142e-01
689 3.58886718750000e-01 1.28799676895142e-01
690 3.91601562500000e-01 1.53351783752441e-01
691 4.16992187500000e-01 1.73882484436035e-01
692 3.87207031250000e-01 1.49929285049438e-01
693 3.72558593750000e-01 1.38799905776978e-01
694 4.29199218750000e-01 1.84211969375610e-01
695 3.95996093750000e-01 1.56812906265259e-01
696 4.36035156250000e-01 1.90126657485962e-01
697 3.45214843750000e-01 1.19173288345337e-01
698 3.69628906250000e-01 1.36625528335571e-01
699 4.02343750000000e-01 1.61880493164062e-01
700 4.00390625000000e-01 1.60312652587891e-01
701 4.09179687500000e-01 1.67428016662598e-01
702 4.31152343750000e-01 1.85892343521118e-01
703 3.40820312500000e-01 1.16158485412598e-01
704 4.36523437500000e-01 1.90552711486816e-01
705 4.99511718750000e-01 2.49511957168579e-01
706 5.31250000000000e-01 2.82226562500000e-01
707 4.59472656250000e-01 2.11115121841431e-01
708 5.20507812500000e-01 2.70928382873535e-01
709 5.34667968750000e-01 2.85869836807251e-01
710 5.76660156250000e-01 3.32536935806274e-01
711 5.05859375000000e-01 2.55893707275391e-01
712 5.27832031250000e-01 2.78606653213501e-01
713 5.43945312500000e-01 2.95876502990723e-01
714 6.07910156250000e-01 3.69554758071899e-01
715 4.98046875000000e-01 2.48050689697266e-01
716 4.95117187500000e-01 2.45141029357910e-01
717 4.74121093750000e-01 2.24790811538696e-01
718 5.02441406250000e-01 2.52447366714478e-01
719 4.41894531250000e-01 1.95270776748657e-01
720 4.37011718750000e-01 1.90979242324829e-01
721 4.10644531250000e-01 1.68628931045532e-01
722 4.94140625000000e-01 2.44174957275391e-01
723 4.75585937500000e-01 2.26181983947754e-01
724 5.37597656250000e-01 2.89011240005493e-01
725 4.88281250000000e-01 2.38418579101562e-01
726 4.53613281250000e-01 2.05765008926392e-01
727 4.92675781250000e-01 2.42729425430298e-01
728 5.86425781250000e-01 3.43895196914673e-01
729 5.60058593750000e-01 3.13665628433228e-01
730 5.92773437500000e-01 3.51380348205566e-01
731 5.71289062500000e-01 3.26371192932129e-01
732 5.00976562500000e-01 2.50977516174316e-01
733 4.89746093750000e-01 2.39851236343384e-01
734 5.01953125000000e-01 2.51956939697266e-01
735 5.71777343750000e-01 3.26929330825806e-01
736 5.48339843750000e-01 3.00676584243774e-01
737 6.07910156250000e-01 3.69554758071899e-01
738 6.67480468750000e-01 4.45530176162720e-01
739 6.47949218750000e-01 4.19838190078735e-01
740 6.44042968750000e-01 4.14791345596313e-01
741 6.30859375000000e-01 3.97983551025391e-01
742 5.87402343750000e-01 3.45041513442993e-01
743 5.96191406250000e-01 3.55444192886353e-01
744 6.40625000000000e-01 4.10400390625000e-01
745 6.05957031250000e-01 3.67183923721313e-01
746 6.16210937500000e-01 3.79715919494629e-01
747 6.04003906250000e-01 3.64820718765259e-01
748 5.87890625000000e-01 3.45615386962891e-01
749 6.02050781250000e-01 3.62465143203735e-01
750 6.23535156250000e-01 3.88796091079712e-01
751 6.26953125000000e-01 3.93070220947266e-01
752 6.51367187500000e-01 4.24279212951660e-01
753 6.69921875000000e-01 4.48795318603516e-01
754 6.72851562500000e-01 4.52729225158691e-01
755 6.61132812500000e-01 4.37096595764160e-01
756 6.88476562500000e-01 4.73999977111816e-01
757 6.74804687500000e-01 4.55361366271973e-01
758 6.69433593750000e-01 4.48141336441040e-01
759 6.42089843750000e-01 4.12279367446899e-01
760 6.39648437500000e-01 4.09150123596191e-01
761 6.45996093750000e-01 4.17310953140259e-01
762 6.80175781250000e-01 4.62639093399048e-01
763 6.74316406250000e-01 4.54702615737915e-01
764 6.14257812500000e-01 3.77312660217285e-01
765 6.36718750000000e-01 4.05410766601562e-01
766 6.57714843750000e-01 4.32588815689087e-01
767 6.45019531250000e-01 4.16050195693970e-01
768 5.86914062500000e-01 3.44468116760254e-01
769 5.80566406250000e-01 3.37057352066040e-01
770 6.03515625000000e-01 3.64231109619141e-01
771 6.36230468750000e-01 4.04789209365845e-01
772 6.30371093750000e-01 3.97367715835571e-01
773 6.45996093750000e-01 4.17310953140259e-01
774 6.73339843750000e-01 4.53386545181274e-01
775 6.29882812500000e-01 3.96752357482910e-01
776 6.18652343750000e-01 3.82730722427368e-01
777 5.55664062500000e-01 3.08762550354004e-01
778 6.05957031250000e-01 3.67183923721313e-01
779 5.86425781250000e-01 3.43895196914673e-01
780 6.48925781250000e-01 4.21104669570923e-01
781 6.73828125000000e-01 4.54044342041016e-01
782 6.86035156250000e-01 4.70644235610962e-01
783 6.70898437500000e-01 4.50104713439941e-01
784 6.13281250000000e-01 3.76113891601562e-01
785 5.99609375000000e-01 3.59531402587891e-01
786 6.29882812500000e-01 3.96752357482910e-01
787 6.07910156250000e-01 3.69554758071899e-01
788 4.99511718750000e-01 2.49511957168579e-01
789 5.41992187500000e-01 2.93755531311035e-01
790 5.57617187500000e-01 3.10936927795410e-01
791 5.12695312500000e-01 2.62856483459473e-01
792 5.62011718750000e-01 3.15857172012329e-01
793 5.95214843750000e-01 3.54280710220337e-01
794 5.36132812500000e-01 2.87438392639160e-01
795 5.49316406250000e-01 3.01748514175415e-01
796 5.70312500000000e-01 3.25256347656250e-01
797 5.73730468750000e-01 3.29166650772095e-01
798 5.87402343750000e-01 3.45041513442993e-01
799 6.01562500000000e-01 3.61877441406250e-01
800 5.42968750000000e-01 2.94815063476562e-01
801 5.38574218750000e-01 2.90062189102173e-01
802 5.11718750000000e-01 2.61856079101562e-01
803 4.99023437500000e-01 2.49024391174316e-01
804 5.13671875000000e-01 2.63858795166016e-01
805 5.11718750000000e-01 2.61856079101562e-01
806 5.19042968750000e-01 2.69405603408813e-01
807 4.84375000000000e-01 2.34619140625000e-01
808 5.12695312500000e-01 2.62856483459473e-01
809 4.96093750000000e-01 2.46109008789062e-01
810 5.05859375000000e-01 2.55893707275391e-01
811 5.46875000000000e-01 2.99072265625000e-01
812 5.55664062500000e-01 3.08762550354004e-01
813 5.62988281250000e-01 3.16955804824829e-01
814 5.97656250000000e-01 3.57192993164062e-01
815 5.78613281250000e-01 3.34793329238892e-01
816 5.36132812500000e-01 2.87438392639160e-01
817 5.23437500000000e-01 2.73986816406250e-01
818 5.94726562500000e-01 3.53699684143066e-01
819 5.77636718750000e-01 3.33664178848267e-01
820 5.22460937500000e-01 2.72965431213379e-01
821 4.88281250000000e-01 2.38418579101562e-01
822 4.62890625000000e-01 2.14267730712891e-01
823 5.12695312500000e-01 2.62856483459473e-01
824 5.31738281250000e-01 2.82745599746704e-01
825 5.06347656250000e-01 2.56387948989868e-01
826 5.03906250000000e-01 2.53921508789062e-01
827 4.79492187500000e-01 2.29912757873535e-01
828 5.12207031250000e-01 2.62356042861938e-01
829 5.72753906250000e-01 3.28047037124634e-01
830 5.82031250000000e-01 3.38760375976562e-01
831 6.02539062500000e-01 3.63053321838379e-01
832 5.75683593750000e-01 3.31411600112915e-01
833 5.72265625000000e-01 3.27487945556641e-01
834 4.92675781250000e-01 2.42729425430298e-01
835 4.87792968750000e-01 2.37941980361938e-01
836 4.64355468750000e-01 2.15626001358032e-01
837 5.19531250000000e-01 2.69912719726562e-01
838 5.26855468750000e-01 2.77576684951782e-01
839 5.99121093750000e-01 3.58946084976196e-01
840 5.60058593750000e-01 3.13665628433228e-01
841 6.02050781250000e-01 3.62465143203735e-01
842 5.82519531250000e-01 3.39329004287720e-01
843 5.79101562500000e-01 3.35358619689941e-01
844 5.32714843750000e-01 2.83785104751587e-01
845 5.47851562500000e-01 3.00141334533691e-01
846 5.41015625000000e-01 2.92697906494141e-01
847 6.67480468750000e-01 4.45530176162720e-01
848 6.20605468750000e-01 3.85151147842407e-01
849 5.02441406250000e-01 2.52447366714478e-01
850 5.23437500000000e-01 2.73986816406250e-01
851 4.92675781250000e-01 2.42729425430298e-01
852 5.16113281250000e-01 2.66372919082642e-01
853 4.77539062500000e-01 2.28043556213379e-01
854 5.04882812500000e-01 2.54906654357910e-01
855 4.79980468750000e-01 2.30381250381470e-01
856 4.71679687500000e-01 2.22481727600098e-01
857 4.26269531250000e-01 1.81705713272095e-01
858 4.21386718750000e-01 1.77566766738892e-01
859 5.09765625000000e-01 2.59860992431641e-01
860 5.05859375000000e-01 2.55893707275391e-01
861 5.12695312500000e-01 2.62856483459473e-01
862 4.84863281250000e-01 2.35092401504517e-01
863 5.04394531250000e-01 2.54413843154907e-01
864 5.00976562500000e-01 2.50977516174316e-01
865 5.14648437500000e-01 2.64863014221191e-01
866 5.44433593750000e-01 2.96407938003540e-01
867 5.06835937500000e-01 2.56882667541504e-01
868 4.86328125000000e-01 2.36515045166016e-01
869 4.79003906250000e-01 2.29444742202759e-01
870 4.96093750000000e-01 2.46109008789062e-01
871 4.86328125000000e-01 2.36515045166016e-01
872 4.52636718750000e-01 2.04879999160767e-01
873 5.51269531250000e-01 3.03898096084595e-01
874 4.46777343750000e-01 1.99609994888306e-01
875 4.72656250000000e-01 2.23403930664062e-01
876 4.68261718750000e-01 2.19269037246704e-01
877 4.97070312500000e-01 2.47078895568848e-01
878 4.83398437500000e-01 2.33674049377441e-01
879 4.58007812500000e-01 2.09771156311035e-01
880 4.96093750000000e-01 2.46109008789062e-01
881 3.99414062500000e-01 1.59531593322754e-01
882 3.89160156250000e-01 1.51445627212524e-01
883 4.21875000000000e-01 1.77978515625000e-01
884 4.13574218750000e-01 1.71043634414673e-01
885 4.39941406250000e-01 1.93548440933228e-01
886 4.16015625000000e-01 1.73069000244141e-01
887 4.50195312500000e-01 2.02675819396973e-01
888 4.51660156250000e-01 2.03996896743774e-01
889 5.20507812500000e-01 2.70928382873535e-01
890 5.33691406250000e-01 2.84826517105103e-01
891 4.96093750000000e-01 2.46109008789062e-01
892 4.70703125000000e-01 2.21561431884766e-01
893 4.65332031250000e-01 2.16533899307251e-01
894 4.51660156250000e-01 2.03996896743774e-01
895 3.90136718750000e-01 1.52206659317017e-01
896 4.22851562500000e-01 1.78803443908691e-01
897 4.40429687500000e-01 1.93978309631348e-01
898 4.33593750000000e-01 1.88003540039062e-01
899 4.93164062500000e-01 2.43210792541504e-01
900 5.07812500000000e-01 2.57873535156250e-01
901 5.01953125000000e-01 2.51956939697266e-01
902 4.35546875000000e-01 1.89701080322266e-01
903 4.37988281250000e-01 1.91833734512329e-01
904 4.88281250000000e-01 2.38418579101562e-01
905 5.69335937500000e-01 3.24143409729004e-01
906 5.38574218750000e-01 2.90062189102173e-01
907 5.18066406250000e-01 2.68392801284790e-01
908 5.07324218750000e-01 2.57377862930298e-01
909 5.00976562500000e-01 2.50977516174316e-01
910 4.99511718750000e-01 2.49511957168579e-01
911 5.58593750000000e-01 3.12026977539062e-01
912 5.49804687500000e-01 3.02285194396973e-01
913 4.96582031250000e-01 2.46593713760376e-01
914 5.28808593750000e-01 2.79638528823853e-01
915 6.32324218750000e-01 3.99833917617798e-01
916 6.70410156250000e-01 4.49449777603149e-01
917 6.17187500000000e-01 3.80920410156250e-01
918 6.18652343750000e-01 3.82730722427368e-01
919 6.20117187500000e-01 3.84545326232910e-01
920 5.75195312500000e-01 3.30849647521973e-01
921 6.51367187500000e-01 4.24279212951660e-01
922 6.06933593750000e-01 3.68368387222290e-01
923 6.00097656250000e-01 3.60117197036743e-01
924 5.89355468750000e-01 3.47339868545532e-01
925 5.96679687500000e-01 3.56026649475098e-01
926 5.95703125000000e-01 3.54862213134766e-01
927 5.91796875000000e-01 3.50223541259766e-01
928 5.99609375000000e-01 3.59531402587891e-01
929 6.15234375000000e-01 3.78513336181641e-01
930 6.04492187500000e-01 3.65410804748535e-01
931 6.49414062500000e-01 4.21738624572754e-01
932 5.82519531250000e-01 3.39329004287720e-01
933 6.25976562500000e-01 3.91846656799316e-01
934 6.69433593750000e-01 4.48141336441040e-01
935 6.92871093750000e-01 4.80070352554321e-01
936 6.01562500000000e-01 3.61877441406250e-01
937 6.23535156250000e-01 3.88796091079712e-01
938 5.70312500000000e-01 3.25256347656250e-01
939 5.57128906250000e-01 3.10392618179321e-01
940 4.91699218750000e-01 2.41768121719360e-01
941 5.66894531250000e-01 3.21369409561157e-01
942 5.58593750000000e-01 3.12026977539062e-01
943 4.90722656250000e-01 2.40808725357056e-01
944 4.75585937500000e-01 2.26181983947754e-01
945 4.43359375000000e-01 1.96567535400391e-01
946 4.89746093750000e-01 2.39851236343384e-01
947 4.32617187500000e-01 1.87157630920410e-01
948 4.53613281250000e-01 2.05765008926392e-01
949 4.76562500000000e-01 2.27111816406250e-01
950 4.98535156250000e-01 2.48537302017212e-01
951 5.02441406250000e-01 2.52447366714478e-01
952 5.90820312500000e-01 3.49068641662598e-01
953 5.31738281250000e-01 2.82745599746704e-01
954 5.47363281250000e-01 2.99606561660767e-01
955 5.41992187500000e-01 2.93755531311035e-01
956 5.20996093750000e-01 2.71436929702759e-01
957 4.82910156250000e-01 2.33202219009399e-01
958 4.98535156250000e-01 2.48537302017212e-01
959 4.84863281250000e-01 2.35092401504517e-01
960 5.17578125000000e-01 2.67887115478516e-01
961 5.03417968750000e-01 2.53429651260376e-01
962 4.76074218750000e-01 2.26646661758423e-01
963 4.83886718750000e-01 2.34146356582642e-01
964 4.17968750000000e-01 1.74697875976562e-01
965 4.26269531250000e-01 1.81705713272095e-01
966 4.79003906250000e-01 2.29444742202759e-01
967 4.08203125000000e-01 1.66629791259766e-01
968 4.67773437500000e-01 2.18811988830566e-01
969 3.93066406250000e-01 1.54501199722290e-01
970 4.01855468750000e-01 1.61487817764282e-01
971 4.51660156250000e-01 2.03996896743774e-01
972 4.63867187500000e-01 2.15172767639160e-01
973 4.21875000000000e-01 1.77978515625000e-01
974 4.38476562500000e-01 1.92261695861816e-01
975 4.12597656250000e-01 1.70236825942993e-01
976 4.13574218750000e-01 1.71043634414673e-01
977 4.32128906250000e-01 1.86735391616821e-01
978 3.92578125000000e-01 1.54117584228516e-01
979 3.49121093750000e-01 1.21885538101196e-01
980 3.03222656250000e-01 9.19439792633057e-02
981 3.72558593750000e-01 1.38799905776978e-01
982 4.50683593750000e-01 2.03115701675415e-01
983 5.36621093750000e-01 2.87962198257446e-01
984 6.42089843750000e-01 4.12279367446899e-01
985 6.41113281250000e-01 4.11026239395142e-01
986 6.43066406250000e-01 4.13534402847290e-01
987 6.85058593750000e-01 4.69305276870728e-01
988 6.79199218750000e-01 4.61311578750610e-01
989 7.07519531250000e-01 5.00583887100220e-01
990 6.69433593750000e-01 4.48141336441040e-01
991 6.95800781250000e-01 4.84138727188110e-01
992 7.24121093750000e-01 5.24351358413696e-01
993 7.09960937500000e-01 5.04044532775879e-01
994 7.31445312500000e-01 5.35012245178223e-01
995 7.12402343750000e-01 5.07517099380493e-01
996 7.14843750000000e-01 5.11001586914062e-01
997 7.71972656250000e-01 5.95941781997681e-01
998 7.54394531250000e-01 5.69111108779907e-01
999 7.21679687500000e-01 5.20821571350098e-01
