0 6.27441406250000e-01 3.93682718276978e-01
1 6.65527343750000e-01 4.42926645278931e-01
2 7.29492187500000e-01 5.32158851623535e-01
3 7.13867187500000e-01 5.09606361389160e-01
4 6.91894531250000e-01 4.78718042373657e-01
5 6.76269531250000e-01 4.57340478897095e-01
6 6.90429687500000e-01 4.76693153381348e-01
7 7.34375000000000e-01 5.39306640625000e-01
8 7.48046875000000e-01 5.59574127197266e-01
9 6.73339843750000e-01 4.53386545181274e-01
10 6.25976562500000e-01 3.91846656799316e-01
11 5.95703125000000e-01 3.54862213134766e-01
12 6.23535156250000e-01 3.88796091079712e-01
13 6.70410156250000e-01 4.49449777603149e-01
14 7.29492187500000e-01 5.32158851623535e-01
15 7.15820312500000e-01 5.12398719787598e-01
16 7.10449218750000e-01 5.04738092422485e-01
17 7.22167968750000e-01 5.21526575088501e-01
18 6.91894531250000e-01 4.78718042373657e-01
19 7.09960937500000e-01 5.04044532775879e-01
20 7.26074218750000e-01 5.27183771133423e-01
21 7.49511718750000e-01 5.61767816543579e-01
22 7.65625000000000e-01 5.86181640625000e-01
23 7.16308593750000e-01 5.13098001480103e-01
24 6.79199218750000e-01 4.61311578750610e-01
25 6.05468750000000e-01 3.66592407226562e-01
26 5.58593750000000e-01 3.12026977539062e-01
27 5.71289062500000e-01 3.26371192932129e-01
28 5.78613281250000e-01 3.34793329238892e-01
29 6.24511718750000e-01 3.90014886856079e-01
30 5.82519531250000e-01 3.39329004287720e-01
31 5.44433593750000e-01 2.96407938003540e-01
32 6.06933593750000e-01 3.68368387222290e-01
33 5.45898437500000e-01 2.98005104064941e-01
34 4.73632812500000e-01 2.24328041076660e-01
35 5.13671875000000e-01 2.63858795166016e-01
36 4.49218750000000e-01 2.01797485351562e-01
37 4.71679687500000e-01 2.22481727600098e-01
38 4.68750000000000e-01 2.19726562500000e-01
39 4.47265625000000e-01 2.00046539306641e-01
40 5.09277343750000e-01 2.59363412857056e-01
41 5.06347656250000e-01 2.56387948989868e-01
42 5.58593750000000e-01 3.12026977539062e-01
43 5.31250000000000e-01 2.82226562500000e-01
44 5.05859375000000e-01 2.55893707275391e-01
45 4.71191406250000e-01 2.22021341323853e-01
46 5.17578125000000e-01 2.67887115478516e-01
47 5.62988281250000e-01 3.16955804824829e-01
48 5.45898437500000e-01 2.98005104064941e-01
49 4.99511718750000e-01 2.49511957168579e-01
50 4.97070312500000e-01 2.47078895568848e-01
51 4.90234375000000e-01 2.40329742431641e-01
52 4.37011718750000e-01 1.90979242324829e-01
53 4.56054687500000e-01 2.07985877990723e-01
54 4.21875000000000e-01 1.77978515625000e-01
55 4.34082031250000e-01 1.88427209854126e-01
56 3.81835937500000e-01 1.45798683166504e-01
57 3.39843750000000e-01 1.15493774414062e-01
58 3.65722656250000e-01 1.33753061294556e-01
59 4.17968750000000e-01 1.74697875976562e-01
60 3.57421875000000e-01 1.27750396728516e-01
61 2.85644531250000e-01 8.15927982330322e-02
62 3.27636718750000e-01 1.07345819473267e-01
63 3.90625000000000e-01 1.52587890625000e-01
64 3.91601562500000e-01 1.53351783752441e-01
65 3.65234375000000e-01 1.33396148681641e-01
66 3.75488281250000e-01 1.40991449356079e-01
67 3.24218750000000e-01 1.05117797851562e-01
68 3.44726562500000e-01 1.18836402893066e-01
69 3.69140625000000e-01 1.36264801025391e-01
70 4.18945312500000e-01 1.75515174865723e-01
71 4.06738281250000e-01 1.65436029434204e-01
72 4.03320312500000e-01 1.62667274475098e-01
73 4.00390625000000e-01 1.60312652587891e-01
74 4.34570312500000e-01 1.88851356506348e-01
75 4.56054687500000e-01 2.07985877990723e-01
76 4.56542968750000e-01 2.08431482315063e-01
77 4.50683593750000e-01 2.03115701675415e-01
78 4.85351562500000e-01 2.35566139221191e-01
79 4.54101562500000e-01 2.06208229064941e-01
80 3.96484375000000e-01 1.57199859619141e-01
81 3.92089843750000e-01 1.53734445571899e-01
82 3.50097656250000e-01 1.22568368911743e-01
83 3.13964843750000e-01 9.85739231109619e-02
84 3.39355468750000e-01 1.15162134170532e-01
85 3.29101562500000e-01 1.08307838439941e-01
86 3.14941406250000e-01 9.91880893707275e-02
87 3.06152343750000e-01 9.37292575836182e-02
88 3.66210937500000e-01 1.34110450744629e-01
89 3.60839843750000e-01 1.30205392837524e-01
90 3.86718750000000e-01 1.49551391601562e-01
91 4.38476562500000e-01 1.92261695861816e-01
92 4.30175781250000e-01 1.85051202774048e-01
93 4.04785156250000e-01 1.63851022720337e-01
94 3.52539062500000e-01 1.24283790588379e-01
95 3.23242187500000e-01 1.04485511779785e-01
96 3.46679687500000e-01 1.20186805725098e-01
97 3.37402343750000e-01 1.13840341567993e-01
98 3.90136718750000e-01 1.52206659317017e-01
99 4.84375000000000e-01 2.34619140625000e-01
100 4.75585937500000e-01 2.26181983947754e-01
101 4.84863281250000e-01 2.35092401504517e-01
102 5.18066406250000e-01 2.68392801284790e-01
103 5.02441406250000e-01 2.52447366714478e-01
104 4.89746093750000e-01 2.39851236343384e-01
105 4.71191406250000e-01 2.22021341323853e-01
106 5.26367187500000e-01 2.77062416076660e-01
107 5.19531250000000e-01 2.69912719726562e-01
108 5.44921875000000e-01 2.96939849853516e-01
109 5.99121093750000e-01 3.58946084976196e-01
110 4.98046875000000e-01 2.48050689697266e-01
111 5.12695312500000e-01 2.62856483459473e-01
112 4.76562500000000e-01 2.27111816406250e-01
113 4.36035156250000e-01 1.90126657485962e-01
114 5.35156250000000e-01 2.86392211914062e-01
115 5.73242187500000e-01 3.28606605529785e-01
116 6.31347656250000e-01 3.98599863052368e-01
117 6.41601562500000e-01 4.11652565002441e-01
118 5.91796875000000e-01 3.50223541259766e-01
119 5.43457031250000e-01 2.95345544815063e-01
120 6.02050781250000e-01 3.62465143203735e-01
121 5.43945312500000e-01 2.95876502990723e-01
122 5.45410156250000e-01 2.97472238540649e-01
123 5.35156250000000e-01 2.86392211914062e-01
124 6.57226562500000e-01 4.31946754455566e-01
125 6.16699218750000e-01 3.80317926406860e-01
126 5.89355468750000e-01 3.47339868545532e-01
127 6.86035156250000e-01 4.70644235610962e-01
128 6.48437500000000e-01 4.20471191406250e-01
129 6.30859375000000e-01 3.97983551025391e-01
130 6.22070312500000e-01 3.86971473693848e-01
131 5.52734375000000e-01 3.05515289306641e-01
132 6.04492187500000e-01 3.65410804748535e-01
133 6.11328125000000e-01 3.73722076416016e-01
134 6.39648437500000e-01 4.09150123596191e-01
135 6.24511718750000e-01 3.90014886856079e-01
136 6.10351562500000e-01 3.72529029846191e-01
137 6.32324218750000e-01 3.99833917617798e-01
138 6.29394531250000e-01 3.96137475967407e-01
139 6.36718750000000e-01 4.05410766601562e-01
140 6.47949218750000e-01 4.19838190078735e-01
141 6.11328125000000e-01 3.73722076416016e-01
142 6.20605468750000e-01 3.85151147842407e-01
143 5.59082031250000e-01 3.12572717666626e-01
144 6.56738281250000e-01 4.31305170059204e-01
145 5.70312500000000e-01 3.25256347656250e-01
146 5.82031250000000e-01 3.38760375976562e-01
147 5.07324218750000e-01 2.57377862930298e-01
148 5.46875000000000e-01 2.99072265625000e-01
149 6.06445312500000e-01 3.67775917053223e-01
150 6.21582031250000e-01 3.86364221572876e-01
151 5.95214843750000e-01 3.54280710220337e-01
152 5.76171875000000e-01 3.31974029541016e-01
153 5.92773437500000e-01 3.51380348205566e-01
154 5.69335937500000e-01 3.24143409729004e-01
155 5.84472656250000e-01 3.41608285903931e-01
156 5.38574218750000e-01 2.90062189102173e-01
157 4.85351562500000e-01 2.35566139221191e-01
158 4.72167968750000e-01 2.22942590713501e-01
159 4.40917968750000e-01 1.94408655166626e-01
160 3.88671875000000e-01 1.51065826416016e-01
161 3.96484375000000e-01 1.57199859619141e-01
162 4.41406250000000e-01 1.94839477539062e-01
163 4.60449218750000e-01 2.12013483047485e-01
164 4.60937500000000e-01 2.12463378906250e-01
165 4.60937500000000e-01 2.12463378906250e-01
166 4.69726562500000e-01 2.20643043518066e-01
167 4.50683593750000e-01 2.03115701675415e-01
168 4.80468750000000e-01 2.30850219726562e-01
169 4.64355468750000e-01 2.15626001358032e-01
170 4.47265625000000e-01 2.00046539306641e-01
171 4.69726562500000e-01 2.20643043518066e-01
172 4.50683593750000e-01 2.03115701675415e-01
173 4.63867187500000e-01 2.15172767639160e-01
174 4.99023437500000e-01 2.49024391174316e-01
175 4.75097656250000e-01 2.25717782974243e-01
176 4.87304687500000e-01 2.37465858459473e-01
177 5.16113281250000e-01 2.66372919082642e-01
178 5.89355468750000e-01 3.47339868545532e-01
179 5.27343750000000e-01 2.78091430664062e-01
180 5.73242187500000e-01 3.28606605529785e-01
181 5.62988281250000e-01 3.16955804824829e-01
182 5.26855468750000e-01 2.77576684951782e-01
183 5.54687500000000e-01 3.07678222656250e-01
184 5.40527343750000e-01 2.92169809341431e-01
185 5.26855468750000e-01 2.77576684951782e-01
186 6.01562500000000e-01 3.61877441406250e-01
187 6.01562500000000e-01 3.61877441406250e-01
188 6.29394531250000e-01 3.96137475967407e-01
189 6.32324218750000e-01 3.99833917617798e-01
190 6.34277343750000e-01 4.02307748794556e-01
191 5.94726562500000e-01 3.53699684143066e-01
192 5.30273437500000e-01 2.81189918518066e-01
193 5.39062500000000e-01 2.90588378906250e-01
194 5.51269531250000e-01 3.03898096084595e-01
195 5.62011718750000e-01 3.15857172012329e-01
196 5.21972656250000e-01 2.72455453872681e-01
197 5.81054687500000e-01 3.37624549865723e-01
198 5.52246093750000e-01 3.04975748062134e-01
199 5.79101562500000e-01 3.35358619689941e-01
200 5.77636718750000e-01 3.33664178848267e-01
201 6.15722656250000e-01 3.79114389419556e-01
202 6.36230468750000e-01 4.04789209365845e-01
203 5.94238281250000e-01 3.53119134902954e-01
204 6.15234375000000e-01 3.78513336181641e-01
205 5.69824218750000e-01 3.24699640274048e-01
206 5.29296875000000e-01 2.80155181884766e-01
207 5.23925781250000e-01 2.74498224258423e-01
208 6.06445312500000e-01 3.67775917053223e-01
209 5.86425781250000e-01 3.43895196914673e-01
210 6.47460937500000e-01 4.19205665588379e-01
211 7.01660156250000e-01 4.92326974868774e-01
212 6.45019531250000e-01 4.16050195693970e-01
213 5.64941406250000e-01 3.19158792495728e-01
214 5.31250000000000e-01 2.82226562500000e-01
215 5.41015625000000e-01 2.92697906494141e-01
216 5.15136718750000e-01 2.65365839004517e-01
217 5.56152343750000e-01 3.09305429458618e-01
218 5.71777343750000e-01 3.26929330825806e-01
219 5.69824218750000e-01 3.24699640274048e-01
220 5.95703125000000e-01 3.54862213134766e-01
221 5.92285156250000e-01 3.50801706314087e-01
222 5.87402343750000e-01 3.45041513442993e-01
223 6.23046875000000e-01 3.88187408447266e-01
224 6.26464843750000e-01 3.92458200454712e-01
225 6.64062500000000e-01 4.40979003906250e-01
226 5.91308593750000e-01 3.49645853042603e-01
227 6.08398437500000e-01 3.70148658752441e-01
228 6.47460937500000e-01 4.19205665588379e-01
229 6.61621093750000e-01 4.37742471694946e-01
230 6.23046875000000e-01 3.88187408447266e-01
231 6.05468750000000e-01 3.66592407226562e-01
232 6.24023437500000e-01 3.89405250549316e-01
233 5.59082031250000e-01 3.12572717666626e-01
234 6.03515625000000e-01 3.64231109619141e-01
235 5.89355468750000e-01 3.47339868545532e-01
236 5.66406250000000e-01 3.20816040039062e-01
237 5.76171875000000e-01 3.31974029541016e-01
238 5.72753906250000e-01 3.28047037124634e-01
239 5.06835937500000e-01 2.56882667541504e-01
240 5.94726562500000e-01 3.53699684143066e-01
241 5.45410156250000e-01 2.97472238540649e-01
242 5.43457031250000e-01 2.95345544815063e-01
243 5.73730468750000e-01 3.29166650772095e-01
244 5.80078125000000e-01 3.36490631103516e-01
245 5.81542968750000e-01 3.38192224502563e-01
246 5.89355468750000e-01 3.47339868545532e-01
247 5.19042968750000e-01 2.69405603408813e-01
248 4.98535156250000e-01 2.48537302017212e-01
249 4.75097656250000e-01 2.25717782974243e-01
250 4.92187500000000e-01 2.42248535156250e-01
251 5.16113281250000e-01 2.66372919082642e-01
252 5.16601562500000e-01 2.66877174377441e-01
253 5.24414062500000e-01 2.75010108947754e-01
254 5.52246093750000e-01 3.04975748062134e-01
255 5.69824218750000e-01 3.24699640274048e-01
256 5.45410156250000e-01 2.97472238540649e-01
257 4.89746093750000e-01 2.39851236343384e-01
258 4.93164062500000e-01 2.43210792541504e-01
259 4.55566406250000e-01 2.07540750503540e-01
260 5.41503906250000e-01 2.93226480484009e-01
261 5.28808593750000e-01 2.79638528823853e-01
262 5.05371093750000e-01 2.55399942398071e-01
263 5.56152343750000e-01 3.09305429458618e-01
264 5.40039062500000e-01 2.91642189025879e-01
265 4.76562500000000e-01 2.27111816406250e-01
266 5.18554687500000e-01 2.68898963928223e-01
267 4.57031250000000e-01 2.08877563476562e-01
268 4.16992187500000e-01 1.73882484436035e-01
269 4.48730468750000e-01 2.01359033584595e-01
270 4.71191406250000e-01 2.22021341323853e-01
271 4.19921875000000e-01 1.76334381103516e-01
272 4.34082031250000e-01 1.88427209854126e-01
273 4.06738281250000e-01 1.65436029434204e-01
274 4.03320312500000e-01 1.62667274475098e-01
275 4.48730468750000e-01 2.01359033584595e-01
276 4.04296875000000e-01 1.63455963134766e-01
277 3.98437500000000e-01 1.58752441406250e-01
278 4.24316406250000e-01 1.80044412612915e-01
279 4.16992187500000e-01 1.73882484436035e-01
280 3.84277343750000e-01 1.47669076919556e-01
281 3.93066406250000e-01 1.54501199722290e-01
282 3.75000000000000e-01 1.40625000000000e-01
283 4.30664062500000e-01 1.85471534729004e-01
284 4.50683593750000e-01 2.03115701675415e-01
285 4.29199218750000e-01 1.84211969375610e-01
286 4.49707031250000e-01 2.02236413955688e-01
287 4.21875000000000e-01 1.77978515625000e-01
288 3.96484375000000e-01 1.57199859619141e-01
289 3.97460937500000e-01 1.57975196838379e-01
290 3.63769531250000e-01 1.32328271865845e-01
291 3.17382812500000e-01 1.00731849670410e-01
292 3.25683593750000e-01 1.06069803237915e-01
293 2.78320312500000e-01 7.74621963500977e-02
294 2.88085937500000e-01 8.29935073852539e-02
295 2.82714843750000e-01 7.99276828765869e-02
296 3.27636718750000e-01 1.07345819473267e-01
297 3.15429687500000e-01 9.94958877563477e-02
298 2.53906250000000e-01 6.44683837890625e-02
299 2.80761718750000e-01 7.88271427154541e-02
300 3.13964843750000e-01 9.85739231109619e-02
301 4.05761718750000e-01 1.64642572402954e-01
302 4.18457031250000e-01 1.75106287002563e-01
303 3.98437500000000e-01 1.58752441406250e-01
304 3.53027343750000e-01 1.24628305435181e-01
305 3.61816406250000e-01 1.30911111831665e-01
306 3.54980468750000e-01 1.26011133193970e-01
307 3.36914062500000e-01 1.13511085510254e-01
308 3.34960937500000e-01 1.12198829650879e-01
309 2.81250000000000e-01 7.91015625000000e-02
310 2.83203125000000e-01 8.02040100097656e-02
311 2.84667968750000e-01 8.10358524322510e-02
312 2.70996093750000e-01 7.34388828277588e-02
313 3.09570312500000e-01 9.58337783813477e-02
314 3.45703125000000e-01 1.19510650634766e-01
315 2.73437500000000e-01 7.47680664062500e-02
316 2.90527343750000e-01 8.44061374664307e-02
317 2.95410156250000e-01 8.72671604156494e-02
318 3.43261718750000e-01 1.17828607559204e-01
319 3.40820312500000e-01 1.16158485412598e-01
320 2.79296875000000e-01 7.80067443847656e-02
321 2.77343750000000e-01 7.69195556640625e-02
322 2.17285156250000e-01 4.72128391265869e-02
323 2.29980468750000e-01 5.28910160064697e-02
324 2.29980468750000e-01 5.28910160064697e-02
325 2.32910156250000e-01 5.42471408843994e-02
326 2.60253906250000e-01 6.77320957183838e-02
327 2.65625000000000e-01 7.05566406250000e-02
328 2.78320312500000e-01 7.74621963500977e-02
329 2.82226562500000e-01 7.96518325805664e-02
330 2.50976562500000e-01 6.29892349243164e-02
331 2.65625000000000e-01 7.05566406250000e-02
332 2.74414062500000e-01 7.53030776977539e-02
333 3.15917968750000e-01 9.98041629791260e-02
334 3.30078125000000e-01 1.08951568603516e-01
335 3.59863281250000e-01 1.29501581192017e-01
336 3.62304687500000e-01 1.31264686584473e-01
337 3.99414062500000e-01 1.59531593322754e-01
338 3.91601562500000e-01 1.53351783752441e-01
339 3.95019531250000e-01 1.56040430068970e-01
340 4.23339843750000e-01 1.79216623306274e-01
341 4.47753906250000e-01 2.00483560562134e-01
342 4.33105468750000e-01 1.87580347061157e-01
343 3.98437500000000e-01 1.58752441406250e-01
344 3.97949218750000e-01 1.58363580703735e-01
345 4.35546875000000e-01 1.89701080322266e-01
346 4.69238281250000e-01 2.20184564590454e-01
347 4.08691406250000e-01 1.67028665542603e-01
348 2.71972656250000e-01 7.39691257476807e-02
349 1.81152343750000e-01 3.28161716461182e-02
350 1.73339843750000e-01 3.00467014312744e-02
351 1.86523437500000e-01 3.47909927368164e-02
352 1.82128906250000e-01 3.31709384918213e-02
353 1.39648437500000e-01 1.95016860961914e-02
354 1.69921875000000e-01 2.88734436035156e-02
355 2.32910156250000e-01 5.42471408843994e-02
356 2.44140625000000e-01 5.96046447753906e-02
357 2.37792968750000e-01 5.65454959869385e-02
358 2.34863281250000e-01 5.51607608795166e-02
359 2.77832031250000e-01 7.71906375885010e-02
360 2.47558593750000e-01 6.12852573394775e-02
361 2.03613281250000e-01 4.14583683013916e-02
362 2.77343750000000e-01 7.69195556640625e-02
363 2.30957031250000e-01 5.33411502838135e-02
364 2.30468750000000e-01 5.31158447265625e-02
365 2.42675781250000e-01 5.88915348052979e-02
366 2.16308593750000e-01 4.67894077301025e-02
367 2.10449218750000e-01 4.42888736724854e-02
368 2.79785156250000e-01 7.82797336578369e-02
369 2.00195312500000e-01 4.00781631469727e-02
370 2.39257812500000e-01 5.72443008422852e-02
371 2.87597656250000e-01 8.27124118804932e-02
372 2.37792968750000e-01 5.65454959869385e-02
373 2.79785156250000e-01 7.82797336578369e-02
374 2.41210937500000e-01 5.81827163696289e-02
375 3.08593750000000e-01 9.52301025390625e-02
376 2.87597656250000e-01 8.27124118804932e-02
377 2.70019531250000e-01 7.29105472564697e-02
378 2.07519531250000e-01 4.30643558502197e-02
379 1.77246093750000e-01 3.14161777496338e-02
380 2.20214843750000e-01 4.84945774078369e-02
381 2.04101562500000e-01 4.16574478149414e-02
382 2.75878906250000e-01 7.61091709136963e-02
383 2.29003906250000e-01 5.24427890777588e-02
384 2.33886718750000e-01 5.47029972076416e-02
385 2.54882812500000e-01 6.49652481079102e-02
386 2.63183593750000e-01 6.92656040191650e-02
387 2.75390625000000e-01 7.58399963378906e-02
388 2.55371093750000e-01 6.52143955230713e-02
389 2.64160156250000e-01 6.97805881500244e-02
390 3.07128906250000e-01 9.43281650543213e-02
391 2.43164062500000e-01 5.91287612915039e-02
392 2.20703125000000e-01 4.87098693847656e-02
393 2.29980468750000e-01 5.28910160064697e-02
394 1.87988281250000e-01 3.53395938873291e-02
395 1.15234375000000e-01 1.32789611816406e-02
396 1.54785156250000e-01 2.39584445953369e-02
397 2.37792968750000e-01 5.65454959869385e-02
398 3.34472656250000e-01 1.11871957778931e-01
399 3.91601562500000e-01 1.53351783752441e-01
400 3.49121093750000e-01 1.21885538101196e-01
401 3.90625000000000e-01 1.52587890625000e-01
402 3.85742187500000e-01 1.48797035217285e-01
403 4.16015625000000e-01 1.73069000244141e-01
404 4.47265625000000e-01 2.00046539306641e-01
405 4.87304687500000e-01 2.37465858459473e-01
406 4.48730468750000e-01 2.01359033584595e-01
407 5.00488281250000e-01 2.50488519668579e-01
408 5.00976562500000e-01 2.50977516174316e-01
409 4.70703125000000e-01 2.21561431884766e-01
410 4.59960937500000e-01 2.11564064025879e-01
411 4.65332031250000e-01 2.16533899307251e-01
412 4.51660156250000e-01 2.03996896743774e-01
413 4.67285156250000e-01 2.18355417251587e-01
414 4.48242187500000e-01 2.00921058654785e-01
415 4.58007812500000e-01 2.09771156311035e-01
416 4.28222656250000e-01 1.83374643325806e-01
417 4.40429687500000e-01 1.93978309631348e-01
418 4.74609375000000e-01 2.25254058837891e-01
419 4.23339843750000e-01 1.79216623306274e-01
420 4.93652343750000e-01 2.43692636489868e-01
421 5.30761718750000e-01 2.81708002090454e-01
422 4.95117187500000e-01 2.45141029357910e-01
423 4.59472656250000e-01 2.11115121841431e-01
424 5.20019531250000e-01 2.70420312881470e-01
425 5.36621093750000e-01 2.87962198257446e-01
426 5.36132812500000e-01 2.87438392639160e-01
427 5.32226562500000e-01 2.83265113830566e-01
428 5.20507812500000e-01 2.70928382873535e-01
429 4.27246093750000e-01 1.82539224624634e-01
430 4.11621093750000e-01 1.69431924819946e-01
431 4.91210937500000e-01 2.41288185119629e-01
432 4.62402343750000e-01 2.13815927505493e-01
433 4.58007812500000e-01 2.09771156311035e-01
434 4.60937500000000e-01 2.12463378906250e-01
435 4.76562500000000e-01 2.27111816406250e-01
436 4.03320312500000e-01 1.62667274475098e-01
437 4.06250000000000e-01 1.65039062500000e-01
438 4.60937500000000e-01 2.12463378906250e-01
439 4.35058593750000e-01 1.89275979995728e-01
440 3.81835937500000e-01 1.45798683166504e-01
441 4.13574218750000e-01 1.71043634414673e-01
442 4.58984375000000e-01 2.10666656494141e-01
443 4.66796875000000e-01 2.17899322509766e-01
444 4.23828125000000e-01 1.79630279541016e-01
445 4.57519531250000e-01 2.09324121475220e-01
446 4.65820312500000e-01 2.16988563537598e-01
447 5.02441406250000e-01 2.52447366714478e-01
448 5.56152343750000e-01 3.09305429458618e-01
449 4.94140625000000e-01 2.44174957275391e-01
450 5.55175781250000e-01 3.08220148086548e-01
451 5.80078125000000e-01 3.36490631103516e-01
452 5.36621093750000e-01 2.87962198257446e-01
453 5.73730468750000e-01 3.29166650772095e-01
454 5.77148437500000e-01 3.33100318908691e-01
455 5.51269531250000e-01 3.03898096084595e-01
456 5.69335937500000e-01 3.24143409729004e-01
457 5.82031250000000e-01 3.38760375976562e-01
458 6.04980468750000e-01 3.66001367568970e-01
459 6.07910156250000e-01 3.69554758071899e-01
460 5.76171875000000e-01 3.31974029541016e-01
461 5.96191406250000e-01 3.55444192886353e-01
462 5.93261718750000e-01 3.51959466934204e-01
463 5.43457031250000e-01 2.95345544815063e-01
464 4.98535156250000e-01 2.48537302017212e-01
465 4.54589843750000e-01 2.06651926040649e-01
466 4.77050781250000e-01 2.27577447891235e-01
467 3.98437500000000e-01 1.58752441406250e-01
468 4.43847656250000e-01 1.97000741958618e-01
469 4.85839843750000e-01 2.36040353775024e-01
470 4.81933593750000e-01 2.32259988784790e-01
471 4.88769531250000e-01 2.38895654678345e-01
472 4.49707031250000e-01 2.02236413955688e-01
473 4.20898437500000e-01 1.77155494689941e-01
474 4.45800781250000e-01 1.98738336563110e-01
475 4.41406250000000e-01 1.94839477539062e-01
476 4.54101562500000e-01 2.06208229064941e-01
477 4.02832031250000e-01 1.62273645401001e-01
478 3.49609375000000e-01 1.22226715087891e-01
479 4.16015625000000e-01 1.73069000244141e-01
480 4.26757812500000e-01 1.82122230529785e-01
481 4.16015625000000e-01 1.73069000244141e-01
482 4.73632812500000e-01 2.24328041076660e-01
483 5.12207031250000e-01 2.62356042861938e-01
484 5.31738281250000e-01 2.82745599746704e-01
485 5.41992187500000e-01 2.93755531311035e-01
486 5.23437500000000e-01 2.73986816406250e-01
487 5.88867187500000e-01 3.46764564514160e-01
488 6.31835937500000e-01 3.99216651916504e-01
489 5.77636718750000e-01 3.33664178848267e-01
490 5.61523437500000e-01 3.15308570861816e-01
491 5.46386718750000e-01 2.98538446426392e-01
492 5.66894531250000e-01 3.21369409561157e-01
493 5.98144531250000e-01 3.57776880264282e-01
494 6.49414062500000e-01 4.21738624572754e-01
495 7.21191406250000e-01 5.20117044448853e-01
496 6.87500000000000e-01 4.72656250000000e-01
497 6.28417968750000e-01 3.94909143447876e-01
498 6.74316406250000e-01 4.54702615737915e-01
499 6.35253906250000e-01 4.03547525405884e-01
500 6.25488281250000e-01 3.91235589981079e-01
501 7.04589843750000e-01 4.96446847915649e-01
502 6.47949218750000e-01 4.19838190078735e-01
503 6.56738281250000e-01 4.31305170059204e-01
504 6.06933593750000e-01 3.68368387222290e-01
505 6.46484375000000e-01 4.17942047119141e-01
506 6.80175781250000e-01 4.62639093399048e-01
507 6.81152343750000e-01 4.63968515396118e-01
508 6.73828125000000e-01 4.54044342041016e-01
509 6.29882812500000e-01 3.96752357482910e-01
510 6.45019531250000e-01 4.16050195693970e-01
511 6.43066406250000e-01 4.13534402847290e-01
512 6.55273437500000e-01 4.29383277893066e-01
513 6.53320312500000e-01 4.26827430725098e-01
514 6.47460937500000e-01 4.19205665588379e-01
515 6.97753906250000e-01 4.86860513687134e-01
516 7.14355468750000e-01 5.10303735733032e-01
517 7.27539062500000e-01 5.29313087463379e-01
518 7.38281250000000e-01 5.45059204101562e-01
519 7.15332031250000e-01 5.11699914932251e-01
520 7.47070312500000e-01 5.58114051818848e-01
521 6.71386718750000e-01 4.50760126113892e-01
522 6.76757812500000e-01 4.58001136779785e-01
523 7.15820312500000e-01 5.12398719787598e-01
524 6.93359375000000e-01 4.80747222900391e-01
525 7.27539062500000e-01 5.29313087463379e-01
526 7.23632812500000e-01 5.23644447326660e-01
527 7.44140625000000e-01 5.53745269775391e-01
528 7.40234375000000e-01 5.47946929931641e-01
529 7.27539062500000e-01 5.29313087463379e-01
530 7.56835937500000e-01 5.72800636291504e-01
531 7.34863281250000e-01 5.40024042129517e-01
532 7.14355468750000e-01 5.10303735733032e-01
533 6.85058593750000e-01 4.69305276870728e-01
534 7.32421875000000e-01 5.36441802978516e-01
535 6.79199218750000e-01 4.61311578750610e-01
536 6.08886718750000e-01 3.70743036270142e-01
537 6.14257812500000e-01 3.77312660217285e-01
538 5.94238281250000e-01 3.53119134902954e-01
539 5.77148437500000e-01 3.33100318908691e-01
540 5.89355468750000e-01 3.47339868545532e-01
541 6.10351562500000e-01 3.72529029846191e-01
542 6.33789062500000e-01 4.01688575744629e-01
543 6.00097656250000e-01 3.60117197036743e-01
544 6.25488281250000e-01 3.91235589981079e-01
545 6.54785156250000e-01 4.28743600845337e-01
546 5.25878906250000e-01 2.76548624038696e-01
547 5.02929687500000e-01 2.52938270568848e-01
548 5.51757812500000e-01 3.04436683654785e-01
549 6.58691406250000e-01 4.33874368667603e-01
550 6.73828125000000e-01 4.54044342041016e-01
551 6.24511718750000e-01 3.90014886856079e-01
552 5.90820312500000e-01 3.49068641662598e-01
553 6.09863281250000e-01 3.71933221817017e-01
554 6.23046875000000e-01 3.88187408447266e-01
555 6.91406250000000e-01 4.78042602539062e-01
556 7.04101562500000e-01 4.95759010314941e-01
557 7.19238281250000e-01 5.17303705215454e-01
558 7.12890625000000e-01 5.08213043212891e-01
559 6.92871093750000e-01 4.80070352554321e-01
560 7.19726562500000e-01 5.18006324768066e-01
561 6.86523437500000e-01 4.71314430236816e-01
562 6.76269531250000e-01 4.57340478897095e-01
563 6.40625000000000e-01 4.10400390625000e-01
564 6.69433593750000e-01 4.48141336441040e-01
565 6.79687500000000e-01 4.61975097656250e-01
566 6.92382812500000e-01 4.79393959045410e-01
567 6.70410156250000e-01 4.49449777603149e-01
568 6.78710937500000e-01 4.60648536682129e-01
569 6.58691406250000e-01 4.33874368667603e-01
570 6.90917968750000e-01 4.77367639541626e-01
571 6.31835937500000e-01 3.99216651916504e-01
572 5.49316406250000e-01 3.01748514175415e-01
573 5.99609375000000e-01 3.59531402587891e-01
574 5.32226562500000e-01 2.83265113830566e-01
575 5.74707031250000e-01 3.30288171768188e-01
576 5.69824218750000e-01 3.24699640274048e-01
577 6.01074218750000e-01 3.61290216445923e-01
578 5.62500000000000e-01 3.16406250000000e-01
579 5.75683593750000e-01 3.31411600112915e-01
580 5.60546875000000e-01 3.14212799072266e-01
581 6.04003906250000e-01 3.64820718765259e-01
582 5.81054687500000e-01 3.37624549865723e-01
583 5.71777343750000e-01 3.26929330825806e-01
584 5.83984375000000e-01 3.41037750244141e-01
585 5.51757812500000e-01 3.04436683654785e-01
586 5.82031250000000e-01 3.38760375976562e-01
587 5.79589843750000e-01 3.35924386978149e-01
588 6.32812500000000e-01 4.00451660156250e-01
589 6.27441406250000e-01 3.93682718276978e-01
590 6.57226562500000e-01 4.31946754455566e-01
591 6.46484375000000e-01 4.17942047119141e-01
592 6.17675781250000e-01 3.81523370742798e-01
593 5.78613281250000e-01 3.34793329238892e-01
594 5.50781250000000e-01 3.03359985351562e-01
595 6.13769531250000e-01 3.76713037490845e-01
596 6.51855468750000e-01 4.24915552139282e-01
597 5.80566406250000e-01 3.37057352066040e-01
598 5.54199218750000e-01 3.07136774063110e-01
599 6.00097656250000e-01 3.60117197036743e-01
600 5.56640625000000e-01 3.09848785400391e-01
601 5.68847656250000e-01 3.23587656021118e-01
602 4.73144531250000e-01 2.23865747451782e-01
603 5.58593750000000e-01 3.12026977539062e-01
604 4.98046875000000e-01 2.48050689697266e-01
605 5.92773437500000e-01 3.51380348205566e-01
606 6.12304687500000e-01 3.74917030334473e-01
607 6.71875000000000e-01 4.51416015625000e-01
608 6.63574218750000e-01 4.40330743789673e-01
609 7.12402343750000e-01 5.07517099380493e-01
610 7.04589843750000e-01 4.96446847915649e-01
611 6.87011718750000e-01 4.71985101699829e-01
612 6.99218750000000e-01 4.88906860351562e-01
613 7.19238281250000e-01 5.17303705215454e-01
614 7.61718750000000e-01 5.80215454101562e-01
615 7.53417968750000e-01 5.67638635635376e-01
616 7.08007812500000e-01 5.01275062561035e-01
617 6.97753906250000e-01 4.86860513687134e-01
618 6.19628906250000e-01 3.83939981460571e-01
619 6.07421875000000e-01 3.68961334228516e-01
620 6.16699218750000e-01 3.80317926406860e-01
621 6.25976562500000e-01 3.91846656799316e-01
622 6.08398437500000e-01 3.70148658752441e-01
623 5.89355468750000e-01 3.47339868545532e-01
624 6.25000000000000e-01 3.90625000000000e-01
625 5.63964843750000e-01 3.18056344985962e-01
626 5.83496093750000e-01 3.40467691421509e-01
627 6.58203125000000e-01 4.33231353759766e-01
628 6.35742187500000e-01 4.04168128967285e-01
629 6.45996093750000e-01 4.17310953140259e-01
630 5.77636718750000e-01 3.33664178848267e-01
631 6.44531250000000e-01 4.15420532226562e-01
632 5.97167968750000e-01 3.56609582901001e-01
633 5.72753906250000e-01 3.28047037124634e-01
634 5.53710937500000e-01 3.06595802307129e-01
635 5.30273437500000e-01 2.81189918518066e-01
636 5.35156250000000e-01 2.86392211914062e-01
637 6.45507812500000e-01 4.16680335998535e-01
638 6.23535156250000e-01 3.88796091079712e-01
639 6.53320312500000e-01 4.26827430725098e-01
640 6.84082031250000e-01 4.67968225479126e-01
641 6.99707031250000e-01 4.89589929580688e-01
642 7.15820312500000e-01 5.12398719787598e-01
643 6.76757812500000e-01 4.58001136779785e-01
644 7.33886718750000e-01 5.38589715957642e-01
645 6.80175781250000e-01 4.62639093399048e-01
646 6.71386718750000e-01 4.50760126113892e-01
647 6.86035156250000e-01 4.70644235610962e-01
648 6.65527343750000e-01 4.42926645278931e-01
649 6.66992187500000e-01 4.44878578186035e-01
650 6.70410156250000e-01 4.49449777603149e-01
651 6.18164062500000e-01 3.82126808166504e-01
652 6.15234375000000e-01 3.78513336181641e-01
653 5.63476562500000e-01 3.17505836486816e-01
654 6.40625000000000e-01 4.10400390625000e-01
655 6.42089843750000e-01 4.12279367446899e-01
656 6.33789062500000e-01 4.01688575744629e-01
657 6.28906250000000e-01 3.95523071289062e-01
658 5.82031250000000e-01 3.38760375976562e-01
659 6.19140625000000e-01 3.83335113525391e-01
660 6.33789062500000e-01 4.01688575744629e-01
661 6.79687500000000e-01 4.61975097656250e-01
662 6.66015625000000e-01 4.43576812744141e-01
663 7.33398437500000e-01 5.37873268127441e-01
664 7.47558593750000e-01 5.58843851089478e-01
665 7.05566406250000e-01 4.97823953628540e-01
666 6.57226562500000e-01 4.31946754455566e-01
667 6.79199218750000e-01 4.61311578750610e-01
668 5.58593750000000e-01 3.12026977539062e-01
669 5.83984375000000e-01 3.41037750244141e-01
670 6.09375000000000e-01 3.71337890625000e-01
671 6.09863281250000e-01 3.71933221817017e-01
672 6.05957031250000e-01 3.67183923721313e-01
673 5.84960937500000e-01 3.42179298400879e-01
674 5.98144531250000e-01 3.57776880264282e-01
675 6.43554687500000e-01 4.14162635803223e-01
676 6.54785156250000e-01 4.28743600845337e-01
677 7.28515625000000e-01 5.30735015869141e-01
678 7.49023437500000e-01 5.61036109924316e-01
679 7.09472656250000e-01 5.03351449966431e-01
680 6.58691406250000e-01 4.33874368667603e-01
681 6.06933593750000e-01 3.68368387222290e-01
682 5.65429687500000e-01 3.19710731506348e-01
683 5.83007812500000e-01 3.39898109436035e-01
684 5.94238281250000e-01 3.53119134902954e-01
685 5.66894531250000e-01 3.21369409561157e-01
686 5.59082031250000e-01 3.12572717666626e-01
687 5.27832031250000e-01 2.78606653213501e-01
688 5.12207031250000e-01 2.62356042861938e-01
689 5.78613281250000e-01 3.34793329238892e-01
690 5.61523437500000e-01 3.15308570861816e-01
691 5.37109375000000e-01 2.88486480712891e-01
692 4.47753906250000e-01 2.00483560562134e-01
693 4.76074218750000e-01 2.26646661758423e-01
694 4.89746093750000e-01 2.39851236343384e-01
695 4.80957031250000e-01 2.31319665908813e-01
696 4.17968750000000e-01 1.74697875976562e-01
697 3.90625000000000e-01 1.52587890625000e-01
698 4.06250000000000e-01 1.65039062500000e-01
699 3.90625000000000e-01 1.52587890625000e-01
700 3.57910156250000e-01 1.28099679946899e-01
701 3.62304687500000e-01 1.31264686584473e-01
702 3.01269531250000e-01 9.07633304595947e-02
703 2.55371093750000e-01 6.52143955230713e-02
704 2.92480468750000e-01 8.55448246002197e-02
705 2.91992187500000e-01 8.52594375610352e-02
706 3.01757812500000e-01 9.10577774047852e-02
707 3.30078125000000e-01 1.08951568603516e-01
708 3.88671875000000e-01 1.51065826416016e-01
709 3.89160156250000e-01 1.51445627212524e-01
710 3.88183593750000e-01 1.50686502456665e-01
711 3.89160156250000e-01 1.51445627212524e-01
712 3.53515625000000e-01 1.24973297119141e-01
713 4.40429687500000e-01 1.93978309631348e-01
714 5.09765625000000e-01 2.59860992431641e-01
715 4.65820312500000e-01 2.16988563537598e-01
716 4.71191406250000e-01 2.22021341323853e-01
717 4.52148437500000e-01 2.04438209533691e-01
718 4.18945312500000e-01 1.75515174865723e-01
719 4.27734375000000e-01 1.82956695556641e-01
720 2.63183593750000e-01 6.92656040191650e-02
721 2.85644531250000e-01 8.15927982330322e-02
722 2.41699218750000e-01 5.84185123443604e-02
723 2.80273437500000e-01 7.85531997680664e-02
724 3.07617187500000e-01 9.46283340454102e-02
725 3.37402343750000e-01 1.13840341567993e-01
726 3.44238281250000e-01 1.18499994277954e-01
727 2.98828125000000e-01 8.92982482910156e-02
728 3.06640625000000e-01 9.40284729003906e-02
729 3.50585937500000e-01 1.22910499572754e-01
730 3.89648437500000e-01 1.51825904846191e-01
731 3.88183593750000e-01 1.50686502456665e-01
732 3.42285156250000e-01 1.17159128189087e-01
733 2.98828125000000e-01 8.92982482910156e-02
734 3.01757812500000e-01 9.10577774047852e-02
735 3.57421875000000e-01 1.27750396728516e-01
736 3.90136718750000e-01 1.52206659317017e-01
737 2.97363281250000e-01 8.84249210357666e-02
738 2.91992187500000e-01 8.52594375610352e-02
739 2.90527343750000e-01 8.44061374664307e-02
740 3.15429687500000e-01 9.94958877563477e-02
741 3.23730468750000e-01 1.04801416397095e-01
742 3.08105468750000e-01 9.49289798736572e-02
743 3.95507812500000e-01 1.56426429748535e-01
744 4.02343750000000e-01 1.61880493164062e-01
745 4.39453125000000e-01 1.93119049072266e-01
746 3.55957031250000e-01 1.26705408096313e-01
747 4.25292968750000e-01 1.80874109268188e-01
748 4.08691406250000e-01 1.67028665542603e-01
749 3.92578125000000e-01 1.54117584228516e-01
750 4.54101562500000e-01 2.06208229064941e-01
751 4.25781250000000e-01 1.81289672851562e-01
752 3.51562500000000e-01 1.23596191406250e-01
753 3.73535156250000e-01 1.39528512954712e-01
754 4.50195312500000e-01 2.02675819396973e-01
755 5.10253906250000e-01 2.60359048843384e-01
756 5.32714843750000e-01 2.83785104751587e-01
757 4.58984375000000e-01 2.10666656494141e-01
758 4.77050781250000e-01 2.27577447891235e-01
759 4.06250000000000e-01 1.65039062500000e-01
760 4.64355468750000e-01 2.15626001358032e-01
761 3.84765625000000e-01 1.48044586181641e-01
762 3.65722656250000e-01 1.33753061294556e-01
763 3.81347656250000e-01 1.45426034927368e-01
764 3.59375000000000e-01 1.29150390625000e-01
765 2.93457031250000e-01 8.61170291900635e-02
766 2.65136718750000e-01 7.02974796295166e-02
767 3.08593750000000e-01 9.52301025390625e-02
768 3.19335937500000e-01 1.01975440979004e-01
769 3.66699218750000e-01 1.34468317031860e-01
770 2.64160156250000e-01 6.97805881500244e-02
771 2.10449218750000e-01 4.42888736724854e-02
772 1.39648437500000e-01 1.95016860961914e-02
773 2.31445312500000e-01 5.35669326782227e-02
774 2.41210937500000e-01 5.81827163696289e-02
775 2.99804687500000e-01 8.98828506469727e-02
776 2.91503906250000e-01 8.49745273590088e-02
777 2.48046875000000e-01 6.15272521972656e-02
778 3.04199218750000e-01 9.25371646881104e-02
779 2.49023437500000e-01 6.20126724243164e-02
780 1.69433593750000e-01 2.87077426910400e-02
781 1.56250000000000e-01 2.44140625000000e-02
782 1.55761718750000e-01 2.42617130279541e-02
783 1.37695312500000e-01 1.89599990844727e-02
784 1.83105468750000e-01 3.35276126861572e-02
785 2.31933593750000e-01 5.37931919097900e-02
786 3.33984375000000e-01 1.11545562744141e-01
787 2.83691406250000e-01 8.04808139801025e-02
788 3.06152343750000e-01 9.37292575836182e-02
789 3.04199218750000e-01 9.25371646881104e-02
790 3.59863281250000e-01 1.29501581192017e-01
791 3.28125000000000e-01 1.07666015625000e-01
792 4.17968750000000e-01 1.74697875976562e-01
793 4.16015625000000e-01 1.73069000244141e-01
794 4.49707031250000e-01 2.02236413955688e-01
795 5.38085937500000e-01 2.89536476135254e-01
796 5.71289062500000e-01 3.26371192932129e-01
797 5.36621093750000e-01 2.87962198257446e-01
798 5.37109375000000e-01 2.88486480712891e-01
799 5.81542968750000e-01 3.38192224502563e-01
800 6.08398437500000e-01 3.70148658752441e-01
801 6.22558593750000e-01 3.87579202651978e-01
802 6.84082031250000e-01 4.67968225479126e-01
803 6.60156250000000e-01 4.35806274414062e-01
804 6.65039062500000e-01 4.42276954650879e-01
805 6.38671875000000e-01 4.07901763916016e-01
806 6.77246093750000e-01 4.58662271499634e-01
807 7.08496093750000e-01 5.01966714859009e-01
808 7.16796875000000e-01 5.13797760009766e-01
809 7.27539062500000e-01 5.29313087463379e-01
810 7.00195312500000e-01 4.90273475646973e-01
811 7.49511718750000e-01 5.61767816543579e-01
812 7.74414062500000e-01 5.99717140197754e-01
813 7.21191406250000e-01 5.20117044448853e-01
814 6.99707031250000e-01 4.89589929580688e-01
815 7.57324218750000e-01 5.73539972305298e-01
816 7.03613281250000e-01 4.95071649551392e-01
817 6.85058593750000e-01 4.69305276870728e-01
818 6.40625000000000e-01 4.10400390625000e-01
819 6.63574218750000e-01 4.40330743789673e-01
820 6.31835937500000e-01 3.99216651916504e-01
821 6.09863281250000e-01 3.71933221817017e-01
822 6.60156250000000e-01 4.35806274414062e-01
823 6.57714843750000e-01 4.32588815689087e-01
824 6.09375000000000e-01 3.71337890625000e-01
825 6.09375000000000e-01 3.71337890625000e-01
826 5.83007812500000e-01 3.39898109436035e-01
827 5.79589843750000e-01 3.35924386978149e-01
828 5.21972656250000e-01 2.72455453872681e-01
829 5.50781250000000e-01 3.03359985351562e-01
830 5.72265625000000e-01 3.27487945556641e-01
831 6.24023437500000e-01 3.89405250549316e-01
832 6.13281250000000e-01 3.76113891601562e-01
833 6.51855468750000e-01 4.24915552139282e-01
834 7.09960937500000e-01 5.04044532775879e-01
835 6.80664062500000e-01 4.63303565979004e-01
836 6.81152343750000e-01 4.63968515396118e-01
837 7.03125000000000e-01 4.94384765625000e-01
838 7.24121093750000e-01 5.24351358413696e-01
839 6.81640625000000e-01 4.64633941650391e-01
840 6.63574218750000e-01 4.40330743789673e-01
841 6.30371093750000e-01 3.97367715835571e-01
842 6.45507812500000e-01 4.16680335998535e-01
843 6.80664062500000e-01 4.63303565979004e-01
844 6.59667968750000e-01 4.35161828994751e-01
845 6.64062500000000e-01 4.40979003906250e-01
846 6.54785156250000e-01 4.28743600845337e-01
847 6.68457031250000e-01 4.46834802627563e-01
848 6.68945312500000e-01 4.47487831115723e-01
849 7.51953125000000e-01 5.65433502197266e-01
850 6.94335937500000e-01 4.82102394104004e-01
851 7.09960937500000e-01 5.04044532775879e-01
852 6.55761718750000e-01 4.30023431777954e-01
853 6.17187500000000e-01 3.80920410156250e-01
854 6.13281250000000e-01 3.76113891601562e-01
855 6.02050781250000e-01 3.62465143203735e-01
856 6.34765625000000e-01 4.02927398681641e-01
857 6.27929687500000e-01 3.94295692443848e-01
858 7.04589843750000e-01 4.96446847915649e-01
859 6.97753906250000e-01 4.86860513687134e-01
860 6.45507812500000e-01 4.16680335998535e-01
861 6.19628906250000e-01 3.83939981460571e-01
862 6.11328125000000e-01 3.73722076416016e-01
863 6.45019531250000e-01 4.16050195693970e-01
864 5.85449218750000e-01 3.42750787734985e-01
865 5.94238281250000e-01 3.53119134902954e-01
866 5.87890625000000e-01 3.45615386962891e-01
867 5.66894531250000e-01 3.21369409561157e-01
868 5.08789062500000e-01 2.58866310119629e-01
869 5.04882812500000e-01 2.54906654357910e-01
870 5.23925781250000e-01 2.74498224258423e-01
871 5.98144531250000e-01 3.57776880264282e-01
872 6.21582031250000e-01 3.86364221572876e-01
873 6.12792968750000e-01 3.75515222549438e-01
874 6.48437500000000e-01 4.20471191406250e-01
875 6.41113281250000e-01 4.11026239395142e-01
876 6.32324218750000e-01 3.99833917617798e-01
877 5.86425781250000e-01 3.43895196914673e-01
878 5.66406250000000e-01 3.20816040039062e-01
879 6.15234375000000e-01 3.78513336181641e-01
880 5.68847656250000e-01 3.23587656021118e-01
881 5.94726562500000e-01 3.53699684143066e-01
882 6.04980468750000e-01 3.66001367568970e-01
883 6.23535156250000e-01 3.88796091079712e-01
884 6.36230468750000e-01 4.04789209365845e-01
885 6.83593750000000e-01 4.67300415039062e-01
886 7.00683593750000e-01 4.90957498550415e-01
887 6.50390625000000e-01 4.23007965087891e-01
888 6.25488281250000e-01 3.91235589981079e-01
889 6.17187500000000e-01 3.80920410156250e-01
890 6.18164062500000e-01 3.82126808166504e-01
891 5.89355468750000e-01 3.47339868545532e-01
892 5.79589843750000e-01 3.35924386978149e-01
893 5.48339843750000e-01 3.00676584243774e-01
894 6.25976562500000e-01 3.91846656799316e-01
895 5.82031250000000e-01 3.38760375976562e-01
896 5.76171875000000e-01 3.31974029541016e-01
897 6.33300781250000e-01 4.01069879531860e-01
898 6.52343750000000e-01 4.25552368164062e-01
899 5.91308593750000e-01 3.49645853042603e-01
900 5.33203125000000e-01 2.84305572509766e-01
901 5.28320312500000e-01 2.79122352600098e-01
902 4.57519531250000e-01 2.09324121475220e-01
903 4.83886718750000e-01 2.34146356582642e-01
904 5.34179687500000e-01 2.85347938537598e-01
905 5.23925781250000e-01 2.74498224258423e-01
906 5.09277343750000e-01 2.59363412857056e-01
907 5.14648437500000e-01 2.64863014221191e-01
908 4.87792968750000e-01 2.37941980361938e-01
909 5.48828125000000e-01 3.01212310791016e-01
910 5.23925781250000e-01 2.74498224258423e-01
911 5.47851562500000e-01 3.00141334533691e-01
912 4.89257812500000e-01 2.39373207092285e-01
913 5.18554687500000e-01 2.68898963928223e-01
914 5.17089843750000e-01 2.67381906509399e-01
915 5.21972656250000e-01 2.72455453872681e-01
916 4.45312500000000e-01 1.98303222656250e-01
917 4.84863281250000e-01 2.35092401504517e-01
918 5.17578125000000e-01 2.67887115478516e-01
919 5.26855468750000e-01 2.77576684951782e-01
920 5.62500000000000e-01 3.16406250000000e-01
921 5.90332031250000e-01 3.48491907119751e-01
922 5.89355468750000e-01 3.47339868545532e-01
923 5.48828125000000e-01 3.01212310791016e-01
924 5.27832031250000e-01 2.78606653213501e-01
925 5.51269531250000e-01 3.03898096084595e-01
926 5.92285156250000e-01 3.50801706314087e-01
927 5.82031250000000e-01 3.38760375976562e-01
928 5.67382812500000e-01 3.21923255920410e-01
929 5.10742187500000e-01 2.60857582092285e-01
930 5.53222656250000e-01 3.06055307388306e-01
931 5.68847656250000e-01 3.23587656021118e-01
932 5.41015625000000e-01 2.92697906494141e-01
933 5.70800781250000e-01 3.25813531875610e-01
934 5.85449218750000e-01 3.42750787734985e-01
935 5.79589843750000e-01 3.35924386978149e-01
936 5.54687500000000e-01 3.07678222656250e-01
937 5.39062500000000e-01 2.90588378906250e-01
938 6.21582031250000e-01 3.86364221572876e-01
939 6.14257812500000e-01 3.77312660217285e-01
940 5.78125000000000e-01 3.34228515625000e-01
941 5.76660156250000e-01 3.32536935806274e-01
942 4.77050781250000e-01 2.27577447891235e-01
943 4.70214843750000e-01 2.21101999282837e-01
944 4.76562500000000e-01 2.27111816406250e-01
945 3.71093750000000e-01 1.37710571289062e-01
946 5.10742187500000e-01 2.60857582092285e-01
947 5.14160156250000e-01 2.64360666275024e-01
948 5.11718750000000e-01 2.61856079101562e-01
949 4.62890625000000e-01 2.14267730712891e-01
950 4.52636718750000e-01 2.04879999160767e-01
951 4.58984375000000e-01 2.10666656494141e-01
952 5.04882812500000e-01 2.54906654357910e-01
953 5.31738281250000e-01 2.82745599746704e-01
954 5.62988281250000e-01 3.16955804824829e-01
955 5.67382812500000e-01 3.21923255920410e-01
956 6.04492187500000e-01 3.65410804748535e-01
957 6.08398437500000e-01 3.70148658752441e-01
958 5.24902343750000e-01 2.75522470474243e-01
959 5.67871093750000e-01 3.22477579116821e-01
960 5.82519531250000e-01 3.39329004287720e-01
961 6.32812500000000e-01 4.00451660156250e-01
962 6.26464843750000e-01 3.92458200454712e-01
963 6.80664062500000e-01 4.63303565979004e-01
964 6.41113281250000e-01 4.11026239395142e-01
965 6.25488281250000e-01 3.91235589981079e-01
966 5.86425781250000e-01 3.43895196914673e-01
967 5.73730468750000e-01 3.29166650772095e-01
968 5.72265625000000e-01 3.27487945556641e-01
969 5.08300781250000e-01 2.58369684219360e-01
970 5.68847656250000e-01 3.23587656021118e-01
971 6.02539062500000e-01 3.63053321838379e-01
972 6.18652343750000e-01 3.82730722427368e-01
973 5.76660156250000e-01 3.32536935806274e-01
974 6.42578125000000e-01 4.12906646728516e-01
975 6.40136718750000e-01 4.09775018692017e-01
976 6.42578125000000e-01 4.12906646728516e-01
977 6.73339843750000e-01 4.53386545181274e-01
978 5.72753906250000e-01 3.28047037124634e-01
979 5.64453125000000e-01 3.18607330322266e-01
980 6.31347656250000e-01 3.98599863052368e-01
981 6.18164062500000e-01 3.82126808166504e-01
982 5.43945312500000e-01 2.95876502990723e-01
983 4.71679687500000e-01 2.22481727600098e-01
984 5.34667968750000e-01 2.85869836807251e-01
985 4.36523437500000e-01 1.90552711486816e-01
986 3.53515625000000e-01 1.24973297119141e-01
987 3.73046875000000e-01 1.39163970947266e-01
988 3.41796875000000e-01 1.16825103759766e-01
989 3.47167968750000e-01 1.20525598526001e-01
990 3.49121093750000e-01 1.21885538101196e-01
991 3.72070312500000e-01 1.38436317443848e-01
992 3.64257812500000e-01 1.32683753967285e-01
993 3.98925781250000e-01 1.59141778945923e-01
994 4.34570312500000e-01 1.88851356506348e-01
995 4.09179687500000e-01 1.67428016662598e-01
996 3.85742187500000e-01 1.48797035217285e-01
997 4.08691406250000e-01 1.67028665542603e-01
998 4.44335937500000e-01 1.97434425354004e-01
999 4.68261718750000e-01 2.19269037246704e-01
