0 5.88867187500000e-01 3.46764564514160e-01
1 6.17187500000000e-01 3.80920410156250e-01
2 6.22558593750000e-01 3.87579202651978e-01
3 6.83593750000000e-01 4.67300415039062e-01
4 6.61621093750000e-01 4.37742471694946e-01
5 6.29882812500000e-01 3.96752357482910e-01
6 5.83984375000000e-01 3.41037750244141e-01
7 6.03515625000000e-01 3.64231109619141e-01
8 6.30371093750000e-01 3.97367715835571e-01
9 6.54296875000000e-01 4.28104400634766e-01
10 6.72851562500000e-01 4.52729225158691e-01
11 6.78222656250000e-01 4.59985971450806e-01
12 5.89355468750000e-01 3.47339868545532e-01
13 5.62500000000000e-01 3.16406250000000e-01
14 5.79101562500000e-01 3.35358619689941e-01
15 6.01074218750000e-01 3.61290216445923e-01
16 6.04980468750000e-01 3.66001367568970e-01
17 6.17675781250000e-01 3.81523370742798e-01
18 5.50781250000000e-01 3.03359985351562e-01
19 5.74218750000000e-01 3.29727172851562e-01
20 4.86816406250000e-01 2.36990213394165e-01
21 5.24902343750000e-01 2.75522470474243e-01
22 4.17480468750000e-01 1.74289941787720e-01
23 3.95996093750000e-01 1.56812906265259e-01
24 4.46777343750000e-01 1.99609994888306e-01
25 3.84765625000000e-01 1.48044586181641e-01
26 3.39355468750000e-01 1.15162134170532e-01
27 2.77832031250000e-01 7.71906375885010e-02
28 3.12988281250000e-01 9.79616641998291e-02
29 2.90039062500000e-01 8.41226577758789e-02
30 3.09082031250000e-01 9.55317020416260e-02
31 3.37890625000000e-01 1.14170074462891e-01
32 3.88183593750000e-01 1.50686502456665e-01
33 2.88574218750000e-01 8.32750797271729e-02
34 2.90039062500000e-01 8.41226577758789e-02
35 3.09570312500000e-01 9.58337783813477e-02
36 2.85644531250000e-01 8.15927982330322e-02
37 2.77832031250000e-01 7.71906375885010e-02
38 2.26562500000000e-01 5.13305664062500e-02
39 2.26074218750000e-01 5.11095523834229e-02
40 2.16796875000000e-01 4.70008850097656e-02
41 2.58300781250000e-01 6.67192935943604e-02
42 2.20703125000000e-01 4.87098693847656e-02
43 2.57812500000000e-01 6.64672851562500e-02
44 2.26562500000000e-01 5.13305664062500e-02
45 1.58691406250000e-01 2.51829624176025e-02
46 1.39160156250000e-01 1.93655490875244e-02
47 9.27734375000000e-02 8.60691070556641e-03
48 8.20312500000000e-02 6.72912597656250e-03
49 5.66406250000000e-02 3.20816040039062e-03
50 9.96093750000000e-02 9.92202758789062e-03
51 4.73632812500000e-02 2.24328041076660e-03
52 7.32421875000000e-02 5.36441802978516e-03
53 1.26953125000000e-02 1.61170959472656e-04
54 1.90429687500000e-02 3.62634658813477e-04
55 3.46679687500000e-02 1.20186805725098e-03
56 2.05078125000000e-02 4.20570373535156e-04
57 2.88085937500000e-02 8.29935073852539e-04
58 4.63867187500000e-02 2.15172767639160e-03
59 3.85742187500000e-02 1.48797035217285e-03
60 3.51562500000000e-02 1.23596191406250e-03
61 5.66406250000000e-02 3.20816040039062e-03
62 2.19726562500000e-02 4.82797622680664e-04
63 1.85546875000000e-02 3.44276428222656e-04
64 3.71093750000000e-02 1.37710571289062e-03
65 5.66406250000000e-02 3.20816040039062e-03
66 3.95507812500000e-02 1.56426429748535e-03
67 5.66406250000000e-02 3.20816040039062e-03
68 5.22460937500000e-02 2.72965431213379e-03
69 4.34570312500000e-02 1.88851356506348e-03
70 5.85937500000000e-03 3.43322753906250e-05
71 6.83593750000000e-03 4.67300415039062e-05
72 3.46679687500000e-02 1.20186805725098e-03
73 3.41796875000000e-02 1.16825103759766e-03
74 5.81054687500000e-02 3.37624549865723e-03
75 5.02929687500000e-02 2.52938270568848e-03
76 5.07812500000000e-02 2.57873535156250e-03
77 8.00781250000000e-02 6.41250610351562e-03
78 8.25195312500000e-02 6.80947303771973e-03
79 1.44042968750000e-01 2.07483768463135e-02
80 2.05566406250000e-01 4.22575473785400e-02
81 1.66503906250000e-01 2.77235507965088e-02
82 1.64550781250000e-01 2.70769596099854e-02
83 1.31347656250000e-01 1.72522068023682e-02
84 1.05468750000000e-01 1.11236572265625e-02
85 1.35253906250000e-01 1.82936191558838e-02
86 1.74316406250000e-01 3.03862094879150e-02
87 2.14843750000000e-01 4.61578369140625e-02
88 2.05078125000000e-01 4.20570373535156e-02
89 2.37792968750000e-01 5.65454959869385e-02
90 2.36816406250000e-01 5.60820102691650e-02
91 2.66601562500000e-01 7.10763931274414e-02
92 2.20214843750000e-01 4.84945774078369e-02
93 2.43164062500000e-01 5.91287612915039e-02
94 2.40722656250000e-01 5.79473972320557e-02
95 2.29492187500000e-01 5.26666641235352e-02
96 3.12500000000000e-01 9.76562500000000e-02
97 2.99316406250000e-01 8.95903110504150e-02
98 2.99804687500000e-01 8.98828506469727e-02
99 2.84179687500000e-01 8.07580947875977e-02
100 2.74414062500000e-01 7.53030776977539e-02
101 2.67578125000000e-01 7.15980529785156e-02
102 2.09960937500000e-01 4.40835952758789e-02
103 2.43652343750000e-01 5.93664646148682e-02
104 2.66113281250000e-01 7.08162784576416e-02
105 2.36816406250000e-01 5.60820102691650e-02
106 1.55761718750000e-01 2.42617130279541e-02
107 1.60156250000000e-01 2.56500244140625e-02
108 1.84082031250000e-01 3.38861942291260e-02
109 2.04589843750000e-01 4.18570041656494e-02
110 2.45605468750000e-01 6.03220462799072e-02
111 2.61718750000000e-01 6.84967041015625e-02
112 2.52441406250000e-01 6.37266635894775e-02
113 3.06152343750000e-01 9.37292575836182e-02
114 2.92968750000000e-01 8.58306884765625e-02
115 3.13964843750000e-01 9.85739231109619e-02
116 2.75878906250000e-01 7.61091709136963e-02
117 3.07128906250000e-01 9.43281650543213e-02
118 3.98437500000000e-01 1.58752441406250e-01
119 4.52148437500000e-01 2.04438209533691e-01
120 4.92187500000000e-01 2.42248535156250e-01
121 5.03417968750000e-01 2.53429651260376e-01
122 4.99023437500000e-01 2.49024391174316e-01
123 4.80468750000000e-01 2.30850219726562e-01
124 4.09667968750000e-01 1.67827844619751e-01
125 3.48632812500000e-01 1.21544837951660e-01
126 3.26171875000000e-01 1.06388092041016e-01
127 3.35937500000000e-01 1.12854003906250e-01
128 4.03808593750000e-01 1.63061380386353e-01
129 3.90625000000000e-01 1.52587890625000e-01
130 3.07128906250000e-01 9.43281650543213e-02
131 2.94433593750000e-01 8.66911411285400e-02
132 2.83203125000000e-01 8.02040100097656e-02
133 3.24218750000000e-01 1.05117797851562e-01
134 3.22265625000000e-01 1.03855133056641e-01
135 3.57910156250000e-01 1.28099679946899e-01
136 3.12011718750000e-01 9.73513126373291e-02
137 2.77832031250000e-01 7.71906375885010e-02
138 2.15820312500000e-01 4.65784072875977e-02
139 1.76269531250000e-01 3.10709476470947e-02
140 2.08007812500000e-01 4.32672500610352e-02
141 2.04589843750000e-01 4.18570041656494e-02
142 2.37792968750000e-01 5.65454959869385e-02
143 2.89062500000000e-01 8.35571289062500e-02
144 3.04687500000000e-01 9.28344726562500e-02
145 2.75390625000000e-01 7.58399963378906e-02
146 3.66699218750000e-01 1.34468317031860e-01
147 3.78417968750000e-01 1.43200159072876e-01
148 3.45703125000000e-01 1.19510650634766e-01
149 3.80371093750000e-01 1.44682168960571e-01
150 3.97949218750000e-01 1.58363580703735e-01
151 3.70117187500000e-01 1.36986732482910e-01
152 3.57421875000000e-01 1.27750396728516e-01
153 3.24218750000000e-01 1.05117797851562e-01
154 3.39843750000000e-01 1.15493774414062e-01
155 2.94921875000000e-01 8.69789123535156e-02
156 3.20312500000000e-01 1.02600097656250e-01
157 4.03320312500000e-01 1.62667274475098e-01
158 3.23242187500000e-01 1.04485511779785e-01
159 2.93945312500000e-01 8.64038467407227e-02
160 3.65234375000000e-01 1.33396148681641e-01
161 3.03710937500000e-01 9.22403335571289e-02
162 3.07617187500000e-01 9.46283340454102e-02
163 3.22753906250000e-01 1.04170083999634e-01
164 2.88085937500000e-01 8.29935073852539e-02
165 2.93457031250000e-01 8.61170291900635e-02
166 2.52441406250000e-01 6.37266635894775e-02
167 3.10546875000000e-01 9.64393615722656e-02
168 3.18847656250000e-01 1.01663827896118e-01
169 3.43261718750000e-01 1.17828607559204e-01
170 3.14941406250000e-01 9.91880893707275e-02
171 3.32031250000000e-01 1.10244750976562e-01
172 3.00781250000000e-01 9.04693603515625e-02
173 2.83691406250000e-01 8.04808139801025e-02
174 3.12988281250000e-01 9.79616641998291e-02
175 3.20312500000000e-01 1.02600097656250e-01
176 3.35937500000000e-01 1.12854003906250e-01
177 2.84667968750000e-01 8.10358524322510e-02
178 3.00781250000000e-01 9.04693603515625e-02
179 2.66113281250000e-01 7.08162784576416e-02
180 2.31933593750000e-01 5.37931919097900e-02
181 2.20214843750000e-01 4.84945774078369e-02
182 2.69531250000000e-01 7.26470947265625e-02
183 2.83203125000000e-01 8.02040100097656e-02
184 2.76855468750000e-01 7.66489505767822e-02
185 2.67578125000000e-01 7.15980529785156e-02
186 2.45117187500000e-01 6.00824356079102e-02
187 2.62207031250000e-01 6.87525272369385e-02
188 2.15332031250000e-01 4.63678836822510e-02
189 2.57812500000000e-01 6.64672851562500e-02
190 2.18750000000000e-01 4.78515625000000e-02
191 2.02148437500000e-01 4.08639907836914e-02
192 2.12402343750000e-01 4.51147556304932e-02
193 2.47558593750000e-01 6.12852573394775e-02
194 3.86230468750000e-01 1.49173974990845e-01
195 3.09082031250000e-01 9.55317020416260e-02
196 2.95410156250000e-01 8.72671604156494e-02
197 2.27050781250000e-01 5.15520572662354e-02
198 2.48535156250000e-01 6.17697238922119e-02
199 3.26171875000000e-01 1.06388092041016e-01
200 3.34960937500000e-01 1.12198829650879e-01
201 3.62792968750000e-01 1.31618738174438e-01
202 3.71093750000000e-01 1.37710571289062e-01
203 4.08203125000000e-01 1.66629791259766e-01
204 3.76464843750000e-01 1.41725778579712e-01
205 3.80859375000000e-01 1.45053863525391e-01
206 3.61816406250000e-01 1.30911111831665e-01
207 2.73437500000000e-01 7.47680664062500e-02
208 3.45214843750000e-01 1.19173288345337e-01
209 3.85742187500000e-01 1.48797035217285e-01
210 3.86230468750000e-01 1.49173974990845e-01
211 3.27636718750000e-01 1.07345819473267e-01
212 3.61816406250000e-01 1.30911111831665e-01
213 3.07617187500000e-01 9.46283340454102e-02
214 3.14941406250000e-01 9.91880893707275e-02
215 2.85644531250000e-01 8.15927982330322e-02
216 3.10058593750000e-01 9.61363315582275e-02
217 4.20898437500000e-01 1.77155494689941e-01
218 3.61816406250000e-01 1.30911111831665e-01
219 4.40917968750000e-01 1.94408655166626e-01
220 4.16015625000000e-01 1.73069000244141e-01
221 4.26269531250000e-01 1.81705713272095e-01
222 4.19433593750000e-01 1.75924539566040e-01
223 4.44824218750000e-01 1.97868585586548e-01
224 4.25292968750000e-01 1.80874109268188e-01
225 4.16992187500000e-01 1.73882484436035e-01
226 3.92089843750000e-01 1.53734445571899e-01
227 4.00878906250000e-01 1.60703897476196e-01
228 3.93066406250000e-01 1.54501199722290e-01
229 3.94042968750000e-01 1.55269861221313e-01
230 3.64257812500000e-01 1.32683753967285e-01
231 3.05664062500000e-01 9.34305191040039e-02
232 2.62695312500000e-01 6.90088272094727e-02
233 3.04199218750000e-01 9.25371646881104e-02
234 3.24218750000000e-01 1.05117797851562e-01
235 2.72460937500000e-01 7.42349624633789e-02
236 2.96386718750000e-01 8.78450870513916e-02
237 3.17871093750000e-01 1.01042032241821e-01
238 3.31054687500000e-01 1.09597206115723e-01
239 3.55957031250000e-01 1.26705408096313e-01
240 2.92480468750000e-01 8.55448246002197e-02
241 3.32031250000000e-01 1.10244750976562e-01
242 3.62792968750000e-01 1.31618738174438e-01
243 3.21777343750000e-01 1.03540658950806e-01
244 2.45117187500000e-01 6.00824356079102e-02
245 1.95800781250000e-01 3.83379459381104e-02
246 1.65039062500000e-01 2.72378921508789e-02
247 7.27539062500000e-02 5.29313087463379e-03
248 9.47265625000000e-02 8.97312164306641e-03
249 9.27734375000000e-02 8.60691070556641e-03
250 6.39648437500000e-02 4.09150123596191e-03
251 7.71484375000000e-02 5.95188140869141e-03
252 3.07617187500000e-02 9.46283340454102e-04
253 7.32421875000000e-03 5.36441802978516e-05
254 3.41796875000000e-03 1.16825103759766e-05
255 2.63671875000000e-02 6.95228576660156e-04
256 7.47070312500000e-02 5.58114051818848e-03
257 4.88281250000000e-04 2.38418579101562e-07
258 7.95898437500000e-02 6.33454322814941e-03
259 2.09960937500000e-02 4.40835952758789e-04
260 6.83593750000000e-03 4.67300415039062e-05
261 1.85546875000000e-02 3.44276428222656e-04
262 7.51953125000000e-02 5.65433502197266e-03
263 3.36914062500000e-02 1.13511085510254e-03
264 2.44140625000000e-03 5.96046447753906e-06
265 3.41796875000000e-03 1.16825103759766e-05
266 2.92968750000000e-03 8.58306884765625e-06
267 3.36914062500000e-02 1.13511085510254e-03
268 7.61718750000000e-02 5.80215454101562e-03
269 7.81250000000000e-02 6.10351562500000e-03
270 1.80175781250000e-01 3.24633121490479e-02
271 1.43066406250000e-01 2.04679965972900e-02
272 1.63085937500000e-01 2.65970230102539e-02
273 1.52832031250000e-01 2.33576297760010e-02
274 6.00585937500000e-02 3.60703468322754e-03
275 6.83593750000000e-02 4.67300415039062e-03
276 4.15039062500000e-02 1.72257423400879e-03
277 3.41796875000000e-03 1.16825103759766e-05
278 5.41992187500000e-02 2.93755531311035e-03
279 4.00390625000000e-02 1.60312652587891e-03
280 2.09960937500000e-02 4.40835952758789e-04
281 7.03125000000000e-02 4.94384765625000e-03
282 7.71484375000000e-02 5.95188140869141e-03
283 8.78906250000000e-03 7.72476196289062e-05
284 2.19726562500000e-02 4.82797622680664e-04
285 2.53906250000000e-02 6.44683837890625e-04
286 5.46875000000000e-02 2.99072265625000e-03
287 8.15429687500000e-02 6.64925575256348e-03
288 9.22851562500000e-02 8.51655006408691e-03
289 1.08886718750000e-01 1.18563175201416e-02
290 1.04492187500000e-01 1.09186172485352e-02
291 1.77734375000000e-01 3.15895080566406e-02
292 2.28515625000000e-01 5.22193908691406e-02
293 1.83105468750000e-01 3.35276126861572e-02
294 1.15722656250000e-01 1.33917331695557e-02
295 1.03515625000000e-01 1.07154846191406e-02
296 8.59375000000000e-02 7.38525390625000e-03
297 1.00097656250000e-01 1.00195407867432e-02
298 9.03320312500000e-02 8.15987586975098e-03
299 5.27343750000000e-02 2.78091430664062e-03
300 9.76562500000000e-03 9.53674316406250e-05
301 2.49023437500000e-02 6.20126724243164e-04
302 1.66015625000000e-02 2.75611877441406e-04
303 2.05078125000000e-02 4.20570373535156e-04
304 3.90625000000000e-02 1.52587890625000e-03
305 4.54101562500000e-02 2.06208229064941e-03
306 5.66406250000000e-02 3.20816040039062e-03
307 6.64062500000000e-02 4.40979003906250e-03
308 3.85742187500000e-02 1.48797035217285e-03
309 2.88085937500000e-02 8.29935073852539e-04
310 3.61328125000000e-02 1.30558013916016e-03
311 1.46484375000000e-02 2.14576721191406e-04
312 3.51562500000000e-02 1.23596191406250e-03
313 5.37109375000000e-03 2.88486480712891e-05
314 3.07617187500000e-02 9.46283340454102e-04
315 8.59375000000000e-02 7.38525390625000e-03
316 1.26464843750000e-01 1.59933567047119e-02
317 9.32617187500000e-02 8.69774818420410e-03
318 1.23046875000000e-01 1.51405334472656e-02
319 9.32617187500000e-02 8.69774818420410e-03
320 4.63867187500000e-02 2.15172767639160e-03
321 1.85546875000000e-02 3.44276428222656e-04
322 6.20117187500000e-02 3.84545326232910e-03
323 1.11328125000000e-01 1.23939514160156e-02
324 1.77246093750000e-01 3.14161777496338e-02
325 1.78710937500000e-01 3.19375991821289e-02
326 2.43652343750000e-01 5.93664646148682e-02
327 2.48535156250000e-01 6.17697238922119e-02
328 2.28027343750000e-01 5.19964694976807e-02
329 2.02148437500000e-01 4.08639907836914e-02
330 1.86035156250000e-01 3.46090793609619e-02
331 1.85058593750000e-01 3.42466831207275e-02
332 9.86328125000000e-02 9.72843170166016e-03
333 5.90820312500000e-02 3.49068641662598e-03
334 5.17578125000000e-02 2.67887115478516e-03
335 2.53906250000000e-02 6.44683837890625e-04
336 1.85546875000000e-02 3.44276428222656e-04
337 3.41796875000000e-02 1.16825103759766e-03
338 3.90625000000000e-03 1.52587890625000e-05
339 6.59179687500000e-02 4.34517860412598e-03
340 6.29882812500000e-02 3.96752357482910e-03
341 1.23046875000000e-01 1.51405334472656e-02
342 9.22851562500000e-02 8.51655006408691e-03
343 1.28417968750000e-01 1.64911746978760e-02
344 7.76367187500000e-02 6.02746009826660e-03
345 3.46679687500000e-02 1.20186805725098e-03
346 3.56445312500000e-02 1.27053260803223e-03
347 3.85742187500000e-02 1.48797035217285e-03
348 1.17187500000000e-02 1.37329101562500e-04
349 3.32031250000000e-02 1.10244750976562e-03
350 3.12500000000000e-02 9.76562500000000e-04
351 6.25000000000000e-02 3.90625000000000e-03
352 1.41113281250000e-01 1.99129581451416e-02
353 1.53320312500000e-01 2.35071182250977e-02
354 9.91210937500000e-02 9.82499122619629e-03
355 1.35742187500000e-01 1.84259414672852e-02
356 6.68945312500000e-02 4.47487831115723e-03
357 3.90625000000000e-03 1.52587890625000e-05
358 8.44726562500000e-02 7.13562965393066e-03
359 1.01074218750000e-01 1.02159976959229e-02
360 1.21093750000000e-01 1.46636962890625e-02
361 1.04003906250000e-01 1.08168125152588e-02
362 1.86035156250000e-01 3.46090793609619e-02
363 1.63574218750000e-01 2.67565250396729e-02
364 1.54296875000000e-01 2.38075256347656e-02
365 2.19726562500000e-01 4.82797622680664e-02
366 2.05566406250000e-01 4.22575473785400e-02
367 1.82617187500000e-01 3.33490371704102e-02
368 1.96777343750000e-01 3.87213230133057e-02
369 1.93359375000000e-01 3.73878479003906e-02
370 2.37304687500000e-01 5.63135147094727e-02
371 2.00195312500000e-01 4.00781631469727e-02
372 2.11914062500000e-01 4.49075698852539e-02
373 1.86035156250000e-01 3.46090793609619e-02
374 1.52343750000000e-01 2.32086181640625e-02
375 1.48437500000000e-01 2.20336914062500e-02
376 1.86035156250000e-01 3.46090793609619e-02
377 1.35742187500000e-01 1.84259414672852e-02
378 4.19921875000000e-02 1.76334381103516e-03
379 6.83593750000000e-02 4.67300415039062e-03
380 1.51367187500000e-02 2.29120254516602e-04
381 8.10546875000000e-02 6.56986236572266e-03
382 1.07910156250000e-01 1.16446018218994e-02
383 7.81250000000000e-02 6.10351562500000e-03
384 1.25976562500000e-01 1.58700942993164e-02
385 2.00195312500000e-02 4.00781631469727e-04
386 4.05273437500000e-02 1.64246559143066e-03
387 6.20117187500000e-02 3.84545326232910e-03
388 3.02734375000000e-02 9.16481018066406e-04
389 4.24804687500000e-02 1.80459022521973e-03
390 7.32421875000000e-03 5.36441802978516e-05
391 1.95312500000000e-02 3.81469726562500e-04
392 4.39453125000000e-02 1.93119049072266e-03
393 3.90625000000000e-03 1.52587890625000e-05
394 2.49023437500000e-02 6.20126724243164e-04
395 5.41992187500000e-02 2.93755531311035e-03
396 1.95312500000000e-02 3.81469726562500e-04
397 5.02929687500000e-02 2.52938270568848e-03
398 7.47070312500000e-02 5.58114051818848e-03
399 1.12792968750000e-01 1.27222537994385e-02
400 1.06445312500000e-01 1.13306045532227e-02
401 1.00097656250000e-01 1.00195407867432e-02
402 1.00585937500000e-01 1.01175308227539e-02
403 1.06933593750000e-01 1.14347934722900e-02
404 9.27734375000000e-02 8.60691070556641e-03
405 1.33789062500000e-01 1.78995132446289e-02
406 1.27929687500000e-01 1.63660049438477e-02
407 1.45996093750000e-01 2.13148593902588e-02
408 1.39160156250000e-01 1.93655490875244e-02
409 1.63574218750000e-01 2.67565250396729e-02
410 2.44628906250000e-01 5.98433017730713e-02
411 1.79687500000000e-01 3.22875976562500e-02
412 2.48046875000000e-01 6.15272521972656e-02
413 2.24121093750000e-01 5.02302646636963e-02
414 2.07519531250000e-01 4.30643558502197e-02
415 2.34375000000000e-01 5.49316406250000e-02
416 3.11035156250000e-01 9.67428684234619e-02
417 3.13476562500000e-01 9.82675552368164e-02
418 3.31542968750000e-01 1.09920740127563e-01
419 3.55468750000000e-01 1.26358032226562e-01
420 3.16406250000000e-01 1.00112915039062e-01
421 2.89550781250000e-01 8.38396549224854e-02
422 2.49511718750000e-01 6.22560977935791e-02
423 1.84570312500000e-01 3.40662002563477e-02
424 1.00097656250000e-01 1.00195407867432e-02
425 8.05664062500000e-02 6.49094581604004e-03
426 7.71484375000000e-02 5.95188140869141e-03
427 1.44531250000000e-01 2.08892822265625e-02
428 1.25976562500000e-01 1.58700942993164e-02
429 9.61914062500000e-02 9.25278663635254e-03
430 1.21582031250000e-01 1.47821903228760e-02
431 1.70898437500000e-01 2.92062759399414e-02
432 1.33789062500000e-01 1.78995132446289e-02
433 1.16210937500000e-01 1.35049819946289e-02
434 6.73828125000000e-02 4.54044342041016e-03
435 1.40136718750000e-01 1.96382999420166e-02
436 1.69921875000000e-01 2.88734436035156e-02
437 1.23535156250000e-01 1.52609348297119e-02
438 2.03613281250000e-01 4.14583683013916e-02
439 1.91894531250000e-01 3.68235111236572e-02
440 2.18261718750000e-01 4.76381778717041e-02
441 2.78320312500000e-01 7.74621963500977e-02
442 3.71582031250000e-01 1.38073205947876e-01
443 3.46679687500000e-01 1.20186805725098e-01
444 2.84667968750000e-01 8.10358524322510e-02
445 3.54980468750000e-01 1.26011133193970e-01
446 3.02246093750000e-01 9.13527011871338e-02
447 2.79296875000000e-01 7.80067443847656e-02
448 2.70996093750000e-01 7.34388828277588e-02
449 2.81250000000000e-01 7.91015625000000e-02
450 3.14453125000000e-01 9.88807678222656e-02
451 2.86132812500000e-01 8.18719863891602e-02
452 1.83105468750000e-01 3.35276126861572e-02
453 2.07031250000000e-01 4.28619384765625e-02
454 1.69921875000000e-01 2.88734436035156e-02
455 1.53320312500000e-01 2.35071182250977e-02
456 1.89453125000000e-01 3.58924865722656e-02
457 2.46093750000000e-01 6.05621337890625e-02
458 2.61230468750000e-01 6.82413578033447e-02
459 2.54882812500000e-01 6.49652481079102e-02
460 2.47558593750000e-01 6.12852573394775e-02
461 3.06640625000000e-01 9.40284729003906e-02
462 2.88085937500000e-01 8.29935073852539e-02
463 3.04199218750000e-01 9.25371646881104e-02
464 2.97363281250000e-01 8.84249210357666e-02
465 2.81738281250000e-01 7.93764591217041e-02
466 2.26562500000000e-01 5.13305664062500e-02
467 1.54785156250000e-01 2.39584445953369e-02
468 9.32617187500000e-02 8.69774818420410e-03
469 1.78710937500000e-01 3.19375991821289e-02
470 1.27441406250000e-01 1.62413120269775e-02
471 1.78710937500000e-01 3.19375991821289e-02
472 2.18750000000000e-01 4.78515625000000e-02
473 1.76269531250000e-01 3.10709476470947e-02
474 2.49511718750000e-01 6.22560977935791e-02
475 2.12402343750000e-01 4.51147556304932e-02
476 2.33886718750000e-01 5.47029972076416e-02
477 2.11425781250000e-01 4.47008609771729e-02
478 2.04101562500000e-01 4.16574478149414e-02
479 1.68945312500000e-01 2.85425186157227e-02
480 1.25488281250000e-01 1.57473087310791e-02
481 1.66015625000000e-01 2.75611877441406e-02
482 1.90429687500000e-01 3.62634658813477e-02
483 3.17382812500000e-02 1.00731849670410e-03
484 4.98046875000000e-02 2.48050689697266e-03
485 3.41796875000000e-02 1.16825103759766e-03
486 2.88085937500000e-02 8.29935073852539e-04
487 1.95312500000000e-03 3.81469726562500e-06
488 6.00585937500000e-02 3.60703468322754e-03
489 1.90429687500000e-02 3.62634658813477e-04
490 3.46679687500000e-02 1.20186805725098e-03
491 5.46875000000000e-02 2.99072265625000e-03
492 5.37109375000000e-02 2.88486480712891e-03
493 6.64062500000000e-02 4.40979003906250e-03
494 3.02734375000000e-02 9.16481018066406e-04
495 9.76562500000000e-04 9.53674316406250e-07
496 2.44140625000000e-03 5.96046447753906e-06
497 4.00390625000000e-02 1.60312652587891e-03
498 4.49218750000000e-02 2.01797485351562e-03
499 7.12890625000000e-02 5.08213043212891e-03
500 1.02050781250000e-01 1.04143619537354e-02
501 1.26464843750000e-01 1.59933567047119e-02
502 1.65527343750000e-01 2.73993015289307e-02
503 1.37695312500000e-01 1.89599990844727e-02
504 1.29882812500000e-01 1.68695449829102e-02
505 1.52343750000000e-01 2.32086181640625e-02
506 1.39648437500000e-01 1.95016860961914e-02
507 1.13281250000000e-01 1.28326416015625e-02
508 9.32617187500000e-02 8.69774818420410e-03
509 9.57031250000000e-02 9.15908813476562e-03
510 1.81152343750000e-01 3.28161716461182e-02
511 2.27050781250000e-01 5.15520572662354e-02
512 3.17382812500000e-01 1.00731849670410e-01
513 2.89062500000000e-01 8.35571289062500e-02
514 3.72070312500000e-01 1.38436317443848e-01
515 3.57421875000000e-01 1.27750396728516e-01
516 4.22851562500000e-01 1.78803443908691e-01
517 4.34570312500000e-01 1.88851356506348e-01
518 4.18457031250000e-01 1.75106287002563e-01
519 3.80371093750000e-01 1.44682168960571e-01
520 4.01855468750000e-01 1.61487817764282e-01
521 4.05761718750000e-01 1.64642572402954e-01
522 3.76953125000000e-01 1.42093658447266e-01
523 4.19433593750000e-01 1.75924539566040e-01
524 4.13574218750000e-01 1.71043634414673e-01
525 4.56542968750000e-01 2.08431482315063e-01
526 3.99414062500000e-01 1.59531593322754e-01
527 4.03808593750000e-01 1.63061380386353e-01
528 3.78906250000000e-01 1.43569946289062e-01
529 4.51171875000000e-01 2.03556060791016e-01
530 4.36523437500000e-01 1.90552711486816e-01
531 4.47753906250000e-01 2.00483560562134e-01
532 3.47167968750000e-01 1.20525598526001e-01
533 3.30566406250000e-01 1.09274148941040e-01
534 3.43750000000000e-01 1.18164062500000e-01
535 3.34472656250000e-01 1.11871957778931e-01
536 3.03710937500000e-01 9.22403335571289e-02
537 2.84667968750000e-01 8.10358524322510e-02
538 2.92968750000000e-01 8.58306884765625e-02
539 3.38378906250000e-01 1.14500284194946e-01
540 4.07226562500000e-01 1.65833473205566e-01
541 4.54589843750000e-01 2.06651926040649e-01
542 4.66796875000000e-01 2.17899322509766e-01
543 4.73144531250000e-01 2.23865747451782e-01
544 4.29199218750000e-01 1.84211969375610e-01
545 4.75585937500000e-01 2.26181983947754e-01
546 4.74121093750000e-01 2.24790811538696e-01
547 5.00488281250000e-01 2.50488519668579e-01
548 5.33203125000000e-01 2.84305572509766e-01
549 5.40527343750000e-01 2.92169809341431e-01
550 4.97070312500000e-01 2.47078895568848e-01
551 5.52246093750000e-01 3.04975748062134e-01
552 5.66406250000000e-01 3.20816040039062e-01
553 5.70312500000000e-01 3.25256347656250e-01
554 5.17089843750000e-01 2.67381906509399e-01
555 5.76660156250000e-01 3.32536935806274e-01
556 5.55175781250000e-01 3.08220148086548e-01
557 5.56152343750000e-01 3.09305429458618e-01
558 6.17675781250000e-01 3.81523370742798e-01
559 6.80175781250000e-01 4.62639093399048e-01
560 6.68945312500000e-01 4.47487831115723e-01
561 6.52832031250000e-01 4.26189661026001e-01
562 6.01074218750000e-01 3.61290216445923e-01
563 5.78613281250000e-01 3.34793329238892e-01
564 5.34179687500000e-01 2.85347938537598e-01
565 5.84472656250000e-01 3.41608285903931e-01
566 5.84472656250000e-01 3.41608285903931e-01
567 6.02050781250000e-01 3.62465143203735e-01
568 6.15722656250000e-01 3.79114389419556e-01
569 5.73242187500000e-01 3.28606605529785e-01
570 6.55273437500000e-01 4.29383277893066e-01
571 6.34765625000000e-01 4.02927398681641e-01
572 6.42578125000000e-01 4.12906646728516e-01
573 6.61132812500000e-01 4.37096595764160e-01
574 6.68945312500000e-01 4.47487831115723e-01
575 6.93847656250000e-01 4.81424570083618e-01
576 6.89453125000000e-01 4.75345611572266e-01
577 6.68457031250000e-01 4.46834802627563e-01
578 6.75781250000000e-01 4.56680297851562e-01
579 7.03613281250000e-01 4.95071649551392e-01
580 7.17285156250000e-01 5.14497995376587e-01
581 7.33886718750000e-01 5.38589715957642e-01
582 7.09960937500000e-01 5.04044532775879e-01
583 7.07519531250000e-01 5.00583887100220e-01
584 6.91894531250000e-01 4.78718042373657e-01
585 7.01171875000000e-01 4.91641998291016e-01
586 6.54296875000000e-01 4.28104400634766e-01
587 6.18164062500000e-01 3.82126808166504e-01
588 5.59082031250000e-01 3.12572717666626e-01
589 5.40527343750000e-01 2.92169809341431e-01
590 5.67871093750000e-01 3.22477579116821e-01
591 5.19042968750000e-01 2.69405603408813e-01
592 6.25488281250000e-01 3.91235589981079e-01
593 5.85937500000000e-01 3.43322753906250e-01
594 6.24023437500000e-01 3.89405250549316e-01
595 6.40625000000000e-01 4.10400390625000e-01
596 6.70898437500000e-01 4.50104713439941e-01
597 5.75195312500000e-01 3.30849647521973e-01
598 5.03906250000000e-01 2.53921508789062e-01
599 4.59472656250000e-01 2.11115121841431e-01
600 5.14160156250000e-01 2.64360666275024e-01
601 5.13671875000000e-01 2.63858795166016e-01
602 4.92187500000000e-01 2.42248535156250e-01
603 5.07812500000000e-01 2.57873535156250e-01
604 5.34179687500000e-01 2.85347938537598e-01
605 5.08300781250000e-01 2.58369684219360e-01
606 5.89355468750000e-01 3.47339868545532e-01
607 5.51269531250000e-01 3.03898096084595e-01
608 5.37597656250000e-01 2.89011240005493e-01
609 4.97558593750000e-01 2.47564554214478e-01
610 5.59082031250000e-01 3.12572717666626e-01
611 5.49316406250000e-01 3.01748514175415e-01
612 5.02929687500000e-01 2.52938270568848e-01
613 4.67773437500000e-01 2.18811988830566e-01
614 5.04882812500000e-01 2.54906654357910e-01
615 5.23925781250000e-01 2.74498224258423e-01
616 5.85937500000000e-01 3.43322753906250e-01
617 6.19628906250000e-01 3.83939981460571e-01
618 6.96289062500000e-01 4.84818458557129e-01
619 6.14257812500000e-01 3.77312660217285e-01
620 6.02050781250000e-01 3.62465143203735e-01
621 6.03027343750000e-01 3.63641977310181e-01
622 5.69824218750000e-01 3.24699640274048e-01
623 5.94726562500000e-01 3.53699684143066e-01
624 5.58593750000000e-01 3.12026977539062e-01
625 6.36230468750000e-01 4.04789209365845e-01
626 6.79199218750000e-01 4.61311578750610e-01
627 6.81640625000000e-01 4.64633941650391e-01
628 6.84082031250000e-01 4.67968225479126e-01
629 7.17285156250000e-01 5.14497995376587e-01
630 7.69531250000000e-01 5.92178344726562e-01
631 7.04101562500000e-01 4.95759010314941e-01
632 6.62597656250000e-01 4.39035654067993e-01
633 6.20605468750000e-01 3.85151147842407e-01
634 6.87500000000000e-01 4.72656250000000e-01
635 6.34765625000000e-01 4.02927398681641e-01
636 6.30371093750000e-01 3.97367715835571e-01
637 7.09960937500000e-01 5.04044532775879e-01
638 7.52441406250000e-01 5.66168069839478e-01
639 7.30468750000000e-01 5.33584594726562e-01
640 6.89453125000000e-01 4.75345611572266e-01
641 6.80664062500000e-01 4.63303565979004e-01
642 6.78710937500000e-01 4.60648536682129e-01
643 6.70898437500000e-01 4.50104713439941e-01
644 7.32421875000000e-01 5.36441802978516e-01
645 7.70996093750000e-01 5.94434976577759e-01
646 7.19726562500000e-01 5.18006324768066e-01
647 7.33398437500000e-01 5.37873268127441e-01
648 7.50000000000000e-01 5.62500000000000e-01
649 8.05664062500000e-01 6.49094581604004e-01
650 7.63183593750000e-01 5.82449197769165e-01
651 7.29980468750000e-01 5.32871484756470e-01
652 7.40722656250000e-01 5.48670053482056e-01
653 6.92871093750000e-01 4.80070352554321e-01
654 6.81152343750000e-01 4.63968515396118e-01
655 6.71386718750000e-01 4.50760126113892e-01
656 6.07910156250000e-01 3.69554758071899e-01
657 6.01562500000000e-01 3.61877441406250e-01
658 5.72265625000000e-01 3.27487945556641e-01
659 5.50292968750000e-01 3.02822351455688e-01
660 6.07421875000000e-01 3.68961334228516e-01
661 6.40136718750000e-01 4.09775018692017e-01
662 5.28808593750000e-01 2.79638528823853e-01
663 4.88281250000000e-01 2.38418579101562e-01
664 5.18554687500000e-01 2.68898963928223e-01
665 4.93164062500000e-01 2.43210792541504e-01
666 5.12207031250000e-01 2.62356042861938e-01
667 5.36621093750000e-01 2.87962198257446e-01
668 5.05859375000000e-01 2.55893707275391e-01
669 5.08789062500000e-01 2.58866310119629e-01
670 4.79980468750000e-01 2.30381250381470e-01
671 5.61523437500000e-01 3.15308570861816e-01
672 4.98535156250000e-01 2.48537302017212e-01
673 5.23925781250000e-01 2.74498224258423e-01
674 4.98046875000000e-01 2.48050689697266e-01
675 4.37988281250000e-01 1.91833734512329e-01
676 4.45800781250000e-01 1.98738336563110e-01
677 4.06250000000000e-01 1.65039062500000e-01
678 4.06250000000000e-01 1.65039062500000e-01
679 3.68652343750000e-01 1.35904550552368e-01
680 3.77929687500000e-01 1.42830848693848e-01
681 4.22363281250000e-01 1.78390741348267e-01
682 4.20410156250000e-01 1.76744699478149e-01
683 3.79394531250000e-01 1.43940210342407e-01
684 4.53125000000000e-01 2.05322265625000e-01
685 4.32617187500000e-01 1.87157630920410e-01
686 4.06738281250000e-01 1.65436029434204e-01
687 3.48144531250000e-01 1.21204614639282e-01
688 3.09082031250000e-01 9.55317020416260e-02
689 3.65722656250000e-01 1.33753061294556e-01
690 3.11035156250000e-01 9.67428684234619e-02
691 3.26660156250000e-01 1.06706857681274e-01
692 2.33398437500000e-01 5.44748306274414e-02
693 2.34863281250000e-01 5.51607608795166e-02
694 1.77734375000000e-01 3.15895080566406e-02
695 1.78710937500000e-01 3.19375991821289e-02
696 2.75390625000000e-01 7.58399963378906e-02
697 2.59765625000000e-01 6.74781799316406e-02
698 3.00781250000000e-01 9.04693603515625e-02
699 2.82714843750000e-01 7.99276828765869e-02
700 2.15820312500000e-01 4.65784072875977e-02
701 2.76367187500000e-01 7.63788223266602e-02
702 2.80273437500000e-01 7.85531997680664e-02
703 3.72558593750000e-01 1.38799905776978e-01
704 3.87207031250000e-01 1.49929285049438e-01
705 3.95507812500000e-01 1.56426429748535e-01
706 4.16503906250000e-01 1.73475503921509e-01
707 3.95019531250000e-01 1.56040430068970e-01
708 4.29199218750000e-01 1.84211969375610e-01
709 4.05273437500000e-01 1.64246559143066e-01
710 4.38964843750000e-01 1.92690134048462e-01
711 5.27343750000000e-01 2.78091430664062e-01
712 4.74121093750000e-01 2.24790811538696e-01
713 5.11230468750000e-01 2.61356592178345e-01
714 4.96582031250000e-01 2.46593713760376e-01
715 5.26367187500000e-01 2.77062416076660e-01
716 5.31738281250000e-01 2.82745599746704e-01
717 5.34667968750000e-01 2.85869836807251e-01
718 5.59082031250000e-01 3.12572717666626e-01
719 5.43457031250000e-01 2.95345544815063e-01
720 5.34179687500000e-01 2.85347938537598e-01
721 5.10253906250000e-01 2.60359048843384e-01
722 5.35644531250000e-01 2.86915063858032e-01
723 6.08398437500000e-01 3.70148658752441e-01
724 5.83007812500000e-01 3.39898109436035e-01
725 5.44433593750000e-01 2.96407938003540e-01
726 4.87792968750000e-01 2.37941980361938e-01
727 5.35644531250000e-01 2.86915063858032e-01
728 5.11230468750000e-01 2.61356592178345e-01
729 4.54101562500000e-01 2.06208229064941e-01
730 4.90234375000000e-01 2.40329742431641e-01
731 4.40429687500000e-01 1.93978309631348e-01
732 4.13574218750000e-01 1.71043634414673e-01
733 4.12109375000000e-01 1.69834136962891e-01
734 3.95507812500000e-01 1.56426429748535e-01
735 3.94042968750000e-01 1.55269861221313e-01
736 2.98339843750000e-01 8.90066623687744e-02
737 3.43261718750000e-01 1.17828607559204e-01
738 3.19824218750000e-01 1.02287530899048e-01
739 3.66210937500000e-01 1.34110450744629e-01
740 3.93554687500000e-01 1.54885292053223e-01
741 3.81835937500000e-01 1.45798683166504e-01
742 4.58007812500000e-01 2.09771156311035e-01
743 4.58984375000000e-01 2.10666656494141e-01
744 4.70703125000000e-01 2.21561431884766e-01
745 5.33203125000000e-01 2.84305572509766e-01
746 4.98535156250000e-01 2.48537302017212e-01
747 4.57519531250000e-01 2.09324121475220e-01
748 4.74121093750000e-01 2.24790811538696e-01
749 4.16992187500000e-01 1.73882484436035e-01
750 4.80957031250000e-01 2.31319665908813e-01
751 5.13671875000000e-01 2.63858795166016e-01
752 4.59960937500000e-01 2.11564064025879e-01
753 4.63378906250000e-01 2.14720010757446e-01
754 4.82910156250000e-01 2.33202219009399e-01
755 4.25292968750000e-01 1.80874109268188e-01
756 4.72167968750000e-01 2.22942590713501e-01
757 4.90722656250000e-01 2.40808725357056e-01
758 4.75097656250000e-01 2.25717782974243e-01
759 4.38476562500000e-01 1.92261695861816e-01
760 3.67187500000000e-01 1.34826660156250e-01
761 2.70019531250000e-01 7.29105472564697e-02
762 3.34960937500000e-01 1.12198829650879e-01
763 4.03320312500000e-01 1.62667274475098e-01
764 3.37402343750000e-01 1.13840341567993e-01
765 3.49121093750000e-01 1.21885538101196e-01
766 3.75000000000000e-01 1.40625000000000e-01
767 3.49121093750000e-01 1.21885538101196e-01
768 3.52050781250000e-01 1.23939752578735e-01
769 3.58398437500000e-01 1.28449440002441e-01
770 3.54492187500000e-01 1.25664710998535e-01
771 3.55468750000000e-01 1.26358032226562e-01
772 3.22265625000000e-01 1.03855133056641e-01
773 3.65234375000000e-01 1.33396148681641e-01
774 3.81835937500000e-01 1.45798683166504e-01
775 3.68652343750000e-01 1.35904550552368e-01
776 3.87695312500000e-01 1.50307655334473e-01
777 4.24316406250000e-01 1.80044412612915e-01
778 4.15039062500000e-01 1.72257423400879e-01
779 4.16992187500000e-01 1.73882484436035e-01
780 4.21875000000000e-01 1.77978515625000e-01
781 4.57519531250000e-01 2.09324121475220e-01
782 4.46289062500000e-01 1.99173927307129e-01
783 4.17480468750000e-01 1.74289941787720e-01
784 3.60839843750000e-01 1.30205392837524e-01
785 3.95996093750000e-01 1.56812906265259e-01
786 3.88183593750000e-01 1.50686502456665e-01
787 3.07617187500000e-01 9.46283340454102e-02
788 2.91503906250000e-01 8.49745273590088e-02
789 2.99316406250000e-01 8.95903110504150e-02
790 2.94433593750000e-01 8.66911411285400e-02
791 3.23730468750000e-01 1.04801416397095e-01
792 3.83789062500000e-01 1.47294044494629e-01
793 4.17480468750000e-01 1.74289941787720e-01
794 4.68261718750000e-01 2.19269037246704e-01
795 5.14160156250000e-01 2.64360666275024e-01
796 4.78027343750000e-01 2.28510141372681e-01
797 4.23828125000000e-01 1.79630279541016e-01
798 3.91601562500000e-01 1.53351783752441e-01
799 3.93554687500000e-01 1.54885292053223e-01
800 3.63769531250000e-01 1.32328271865845e-01
801 4.08691406250000e-01 1.67028665542603e-01
802 3.97949218750000e-01 1.58363580703735e-01
803 4.43359375000000e-01 1.96567535400391e-01
804 4.63867187500000e-01 2.15172767639160e-01
805 4.13574218750000e-01 1.71043634414673e-01
806 3.86718750000000e-01 1.49551391601562e-01
807 3.46191406250000e-01 1.19848489761353e-01
808 3.00781250000000e-01 9.04693603515625e-02
809 2.91503906250000e-01 8.49745273590088e-02
810 3.34472656250000e-01 1.11871957778931e-01
811 3.72070312500000e-01 1.38436317443848e-01
812 3.25683593750000e-01 1.06069803237915e-01
813 3.91601562500000e-01 1.53351783752441e-01
814 4.00878906250000e-01 1.60703897476196e-01
815 3.72558593750000e-01 1.38799905776978e-01
816 4.10644531250000e-01 1.68628931045532e-01
817 3.97460937500000e-01 1.57975196838379e-01
818 3.92089843750000e-01 1.53734445571899e-01
819 3.59863281250000e-01 1.29501581192017e-01
820 3.01757812500000e-01 9.10577774047852e-02
821 3.20312500000000e-01 1.02600097656250e-01
822 3.60351562500000e-01 1.29853248596191e-01
823 3.55957031250000e-01 1.26705408096313e-01
824 3.81835937500000e-01 1.45798683166504e-01
825 3.80371093750000e-01 1.44682168960571e-01
826 3.95996093750000e-01 1.56812906265259e-01
827 4.21386718750000e-01 1.77566766738892e-01
828 3.49609375000000e-01 1.22226715087891e-01
829 4.11132812500000e-01 1.69030189514160e-01
830 3.86230468750000e-01 1.49173974990845e-01
831 3.34960937500000e-01 1.12198829650879e-01
832 3.12988281250000e-01 9.79616641998291e-02
833 3.82812500000000e-01 1.46545410156250e-01
834 4.07714843750000e-01 1.66231393814087e-01
835 3.99902343750000e-01 1.59921884536743e-01
836 4.36523437500000e-01 1.90552711486816e-01
837 4.26757812500000e-01 1.82122230529785e-01
838 3.65234375000000e-01 1.33396148681641e-01
839 3.64746093750000e-01 1.33039712905884e-01
840 4.66308593750000e-01 2.17443704605103e-01
841 3.60351562500000e-01 1.29853248596191e-01
842 3.56933593750000e-01 1.27401590347290e-01
843 4.06250000000000e-01 1.65039062500000e-01
844 3.95019531250000e-01 1.56040430068970e-01
845 3.71093750000000e-01 1.37710571289062e-01
846 3.59863281250000e-01 1.29501581192017e-01
847 4.06738281250000e-01 1.65436029434204e-01
848 4.37988281250000e-01 1.91833734512329e-01
849 5.21972656250000e-01 2.72455453872681e-01
850 5.58105468750000e-01 3.11481714248657e-01
851 5.47363281250000e-01 2.99606561660767e-01
852 4.60937500000000e-01 2.12463378906250e-01
853 5.00488281250000e-01 2.50488519668579e-01
854 4.56054687500000e-01 2.07985877990723e-01
855 4.09179687500000e-01 1.67428016662598e-01
856 4.01367187500000e-01 1.61095619201660e-01
857 4.07226562500000e-01 1.65833473205566e-01
858 3.58398437500000e-01 1.28449440002441e-01
859 3.36914062500000e-01 1.13511085510254e-01
860 3.43750000000000e-01 1.18164062500000e-01
861 3.87695312500000e-01 1.50307655334473e-01
862 3.58886718750000e-01 1.28799676895142e-01
863 3.46679687500000e-01 1.20186805725098e-01
864 3.12011718750000e-01 9.73513126373291e-02
865 3.08593750000000e-01 9.52301025390625e-02
866 2.59277343750000e-01 6.72247409820557e-02
867 1.90917968750000e-01 3.64496707916260e-02
868 2.29003906250000e-01 5.24427890777588e-02
869 2.69042968750000e-01 7.23841190338135e-02
870 2.70019531250000e-01 7.29105472564697e-02
871 3.40820312500000e-01 1.16158485412598e-01
872 3.76464843750000e-01 1.41725778579712e-01
873 3.28125000000000e-01 1.07666015625000e-01
874 3.24218750000000e-01 1.05117797851562e-01
875 3.11035156250000e-01 9.67428684234619e-02
876 2.17285156250000e-01 4.72128391265869e-02
877 2.35839843750000e-01 5.56204319000244e-02
878 3.22265625000000e-01 1.03855133056641e-01
879 3.95996093750000e-01 1.56812906265259e-01
880 3.76464843750000e-01 1.41725778579712e-01
881 3.51562500000000e-01 1.23596191406250e-01
882 3.55957031250000e-01 1.26705408096313e-01
883 3.62304687500000e-01 1.31264686584473e-01
884 4.16503906250000e-01 1.73475503921509e-01
885 4.37988281250000e-01 1.91833734512329e-01
886 5.13183593750000e-01 2.63357400894165e-01
887 4.79003906250000e-01 2.29444742202759e-01
888 4.87304687500000e-01 2.37465858459473e-01
889 4.56542968750000e-01 2.08431482315063e-01
890 4.78027343750000e-01 2.28510141372681e-01
891 5.56640625000000e-01 3.09848785400391e-01
892 5.75195312500000e-01 3.30849647521973e-01
893 5.10742187500000e-01 2.60857582092285e-01
894 4.79003906250000e-01 2.29444742202759e-01
895 4.75097656250000e-01 2.25717782974243e-01
896 4.48242187500000e-01 2.00921058654785e-01
897 5.30273437500000e-01 2.81189918518066e-01
898 5.19042968750000e-01 2.69405603408813e-01
899 4.43847656250000e-01 1.97000741958618e-01
900 4.54101562500000e-01 2.06208229064941e-01
901 4.57031250000000e-01 2.08877563476562e-01
902 4.05273437500000e-01 1.64246559143066e-01
903 4.37500000000000e-01 1.91406250000000e-01
904 4.23339843750000e-01 1.79216623306274e-01
905 4.52148437500000e-01 2.04438209533691e-01
906 4.04296875000000e-01 1.63455963134766e-01
907 3.80371093750000e-01 1.44682168960571e-01
908 3.47656250000000e-01 1.20864868164062e-01
909 3.44726562500000e-01 1.18836402893066e-01
910 3.00781250000000e-01 9.04693603515625e-02
911 3.32031250000000e-01 1.10244750976562e-01
912 3.41796875000000e-01 1.16825103759766e-01
913 3.70117187500000e-01 1.36986732482910e-01
914 3.88671875000000e-01 1.51065826416016e-01
915 3.80859375000000e-01 1.45053863525391e-01
916 4.65332031250000e-01 2.16533899307251e-01
917 3.57910156250000e-01 1.28099679946899e-01
918 2.81738281250000e-01 7.93764591217041e-02
919 2.15332031250000e-01 4.63678836822510e-02
920 2.17285156250000e-01 4.72128391265869e-02
921 2.74414062500000e-01 7.53030776977539e-02
922 3.58398437500000e-01 1.28449440002441e-01
923 3.59375000000000e-01 1.29150390625000e-01
924 4.26269531250000e-01 1.81705713272095e-01
925 4.35546875000000e-01 1.89701080322266e-01
926 3.90136718750000e-01 1.52206659317017e-01
927 3.71582031250000e-01 1.38073205947876e-01
928 3.45703125000000e-01 1.19510650634766e-01
929 3.33496093750000e-01 1.11219644546509e-01
930 3.48632812500000e-01 1.21544837951660e-01
931 4.02832031250000e-01 1.62273645401001e-01
932 3.88671875000000e-01 1.51065826416016e-01
933 3.33496093750000e-01 1.11219644546509e-01
934 3.70605468750000e-01 1.37348413467407e-01
935 4.54101562500000e-01 2.06208229064941e-01
936 4.26757812500000e-01 1.82122230529785e-01
937 3.45703125000000e-01 1.19510650634766e-01
938 3.01757812500000e-01 9.10577774047852e-02
939 2.61718750000000e-01 6.84967041015625e-02
940 2.52929687500000e-01 6.39734268188477e-02
941 2.97363281250000e-01 8.84249210357666e-02
942 2.25585937500000e-01 5.08890151977539e-02
943 1.98730468750000e-01 3.94937992095947e-02
944 2.60253906250000e-01 6.77320957183838e-02
945 2.65625000000000e-01 7.05566406250000e-02
946 2.68554687500000e-01 7.21216201782227e-02
947 3.02246093750000e-01 9.13527011871338e-02
948 2.33886718750000e-01 5.47029972076416e-02
949 1.88476562500000e-01 3.55234146118164e-02
950 1.83593750000000e-01 3.37066650390625e-02
951 2.22656250000000e-01 4.95758056640625e-02
952 2.01660156250000e-01 4.06668186187744e-02
953 2.27539062500000e-01 5.17740249633789e-02
954 2.79785156250000e-01 7.82797336578369e-02
955 1.93359375000000e-01 3.73878479003906e-02
956 2.18750000000000e-01 4.78515625000000e-02
957 2.34375000000000e-01 5.49316406250000e-02
958 2.06542968750000e-01 4.26599979400635e-02
959 1.78710937500000e-01 3.19375991821289e-02
960 1.12304687500000e-01 1.26123428344727e-02
961 1.08398437500000e-01 1.17502212524414e-02
962 6.83593750000000e-02 4.67300415039062e-03
963 5.27343750000000e-02 2.78091430664062e-03
964 1.07421875000000e-02 1.15394592285156e-04
965 9.76562500000000e-03 9.53674316406250e-05
966 9.76562500000000e-04 9.53674316406250e-07
967 4.83398437500000e-02 2.33674049377441e-03
968 4.78515625000000e-02 2.28977203369141e-03
969 1.85546875000000e-02 3.44276428222656e-04
970 1.95312500000000e-03 3.81469726562500e-06
971 7.81250000000000e-03 6.10351562500000e-05
972 1.26953125000000e-01 1.61170959472656e-02
973 1.37207031250000e-01 1.88257694244385e-02
974 2.33886718750000e-01 5.47029972076416e-02
975 2.62207031250000e-01 6.87525272369385e-02
976 3.10058593750000e-01 9.61363315582275e-02
977 2.98828125000000e-01 8.92982482910156e-02
978 3.20312500000000e-01 1.02600097656250e-01
979 3.25195312500000e-01 1.05751991271973e-01
980 3.81835937500000e-01 1.45798683166504e-01
981 3.69628906250000e-01 1.36625528335571e-01
982 3.00292968750000e-01 9.01758670806885e-02
983 2.78320312500000e-01 7.74621963500977e-02
984 2.08496093750000e-01 4.34706211090088e-02
985 2.28515625000000e-01 5.22193908691406e-02
986 2.07031250000000e-01 4.28619384765625e-02
987 2.73437500000000e-01 7.47680664062500e-02
988 2.72949218750000e-01 7.45012760162354e-02
989 3.03710937500000e-01 9.22403335571289e-02
990 3.16894531250000e-01 1.00422143936157e-01
991 3.36914062500000e-01 1.13511085510254e-01
992 3.59375000000000e-01 1.29150390625000e-01
993 3.47167968750000e-01 1.20525598526001e-01
994 2.89550781250000e-01 8.38396549224854e-02
995 2.82226562500000e-01 7.96518325805664e-02
996 2.56835937500000e-01 6.59646987915039e-02
997 3.28613281250000e-01 1.07986688613892e-01
998 3.06152343750000e-01 9.37292575836182e-02
999 2.73437500000000e-01 7.47680664062500e-02
