0 6.68945312500000e-01 4.47487831115723e-01
1 6.51367187500000e-01 4.24279212951660e-01
2 6.90917968750000e-01 4.77367639541626e-01
3 6.75292968750000e-01 4.56020593643188e-01
4 6.94824218750000e-01 4.82780694961548e-01
5 6.92382812500000e-01 4.79393959045410e-01
6 6.67968750000000e-01 4.46182250976562e-01
7 7.31933593750000e-01 5.35726785659790e-01
8 7.11425781250000e-01 5.06126642227173e-01
9 7.14355468750000e-01 5.10303735733032e-01
10 6.32812500000000e-01 4.00451660156250e-01
11 6.60644531250000e-01 4.36451196670532e-01
12 6.06933593750000e-01 3.68368387222290e-01
13 6.22558593750000e-01 3.87579202651978e-01
14 6.11816406250000e-01 3.74319314956665e-01
15 6.09863281250000e-01 3.71933221817017e-01
16 6.64062500000000e-01 4.40979003906250e-01
17 6.17187500000000e-01 3.80920410156250e-01
18 6.07421875000000e-01 3.68961334228516e-01
19 6.08886718750000e-01 3.70743036270142e-01
20 5.73242187500000e-01 3.28606605529785e-01
21 6.64550781250000e-01 4.41627740859985e-01
22 5.96679687500000e-01 3.56026649475098e-01
23 6.32324218750000e-01 3.99833917617798e-01
24 5.87890625000000e-01 3.45615386962891e-01
25 6.36230468750000e-01 4.04789209365845e-01
26 6.15234375000000e-01 3.78513336181641e-01
27 5.57128906250000e-01 3.10392618179321e-01
28 6.05957031250000e-01 3.67183923721313e-01
29 5.57617187500000e-01 3.10936927795410e-01
30 5.24902343750000e-01 2.75522470474243e-01
31 5.62988281250000e-01 3.16955804824829e-01
32 5.65429687500000e-01 3.19710731506348e-01
33 5.93750000000000e-01 3.52539062500000e-01
34 5.98144531250000e-01 3.57776880264282e-01
35 5.53222656250000e-01 3.06055307388306e-01
36 5.31738281250000e-01 2.82745599746704e-01
37 5.04882812500000e-01 2.54906654357910e-01
38 5.30273437500000e-01 2.81189918518066e-01
39 4.84863281250000e-01 2.35092401504517e-01
40 5.21972656250000e-01 2.72455453872681e-01
41 5.39550781250000e-01 2.91115045547485e-01
42 4.88769531250000e-01 2.38895654678345e-01
43 4.85839843750000e-01 2.36040353775024e-01
44 4.42382812500000e-01 1.95702552795410e-01
45 4.44824218750000e-01 1.97868585586548e-01
46 3.97460937500000e-01 1.57975196838379e-01
47 3.81835937500000e-01 1.45798683166504e-01
48 3.91601562500000e-01 1.53351783752441e-01
49 3.95996093750000e-01 1.56812906265259e-01
50 3.97949218750000e-01 1.58363580703735e-01
51 4.32617187500000e-01 1.87157630920410e-01
52 4.46777343750000e-01 1.99609994888306e-01
53 4.46289062500000e-01 1.99173927307129e-01
54 5.28808593750000e-01 2.79638528823853e-01
55 5.12207031250000e-01 2.62356042861938e-01
56 5.20507812500000e-01 2.70928382873535e-01
57 4.84375000000000e-01 2.34619140625000e-01
58 4.91210937500000e-01 2.41288185119629e-01
59 5.57128906250000e-01 3.10392618179321e-01
60 5.20507812500000e-01 2.70928382873535e-01
61 5.82519531250000e-01 3.39329004287720e-01
62 5.15625000000000e-01 2.65869140625000e-01
63 5.18066406250000e-01 2.68392801284790e-01
64 5.74218750000000e-01 3.29727172851562e-01
65 5.79589843750000e-01 3.35924386978149e-01
66 5.36621093750000e-01 2.87962198257446e-01
67 5.31738281250000e-01 2.82745599746704e-01
68 5.18066406250000e-01 2.68392801284790e-01
69 4.56542968750000e-01 2.08431482315063e-01
70 4.70703125000000e-01 2.21561431884766e-01
71 4.79492187500000e-01 2.29912757873535e-01
72 4.53613281250000e-01 2.05765008926392e-01
73 4.66796875000000e-01 2.17899322509766e-01
74 4.62402343750000e-01 2.13815927505493e-01
75 4.58496093750000e-01 2.10218667984009e-01
76 4.67773437500000e-01 2.18811988830566e-01
77 5.20507812500000e-01 2.70928382873535e-01
78 4.71191406250000e-01 2.22021341323853e-01
79 4.89257812500000e-01 2.39373207092285e-01
80 4.14550781250000e-01 1.71852350234985e-01
81 4.05761718750000e-01 1.64642572402954e-01
82 4.84863281250000e-01 2.35092401504517e-01
83 4.15039062500000e-01 1.72257423400879e-01
84 4.22851562500000e-01 1.78803443908691e-01
85 4.48730468750000e-01 2.01359033584595e-01
86 4.91210937500000e-01 2.41288185119629e-01
87 4.83886718750000e-01 2.34146356582642e-01
88 5.41015625000000e-01 2.92697906494141e-01
89 5.23437500000000e-01 2.73986816406250e-01
90 4.78515625000000e-01 2.28977203369141e-01
91 4.81445312500000e-01 2.31789588928223e-01
92 4.26269531250000e-01 1.81705713272095e-01
93 4.56542968750000e-01 2.08431482315063e-01
94 4.53125000000000e-01 2.05322265625000e-01
95 4.55078125000000e-01 2.07096099853516e-01
96 4.76562500000000e-01 2.27111816406250e-01
97 4.64355468750000e-01 2.15626001358032e-01
98 4.48730468750000e-01 2.01359033584595e-01
99 4.71191406250000e-01 2.22021341323853e-01
100 4.27734375000000e-01 1.82956695556641e-01
101 3.66699218750000e-01 1.34468317031860e-01
102 2.93457031250000e-01 8.61170291900635e-02
103 2.68066406250000e-01 7.18595981597900e-02
104 2.72949218750000e-01 7.45012760162354e-02
105 3.09570312500000e-01 9.58337783813477e-02
106 2.41699218750000e-01 5.84185123443604e-02
107 2.29492187500000e-01 5.26666641235352e-02
108 2.59277343750000e-01 6.72247409820557e-02
109 2.47070312500000e-01 6.10437393188477e-02
110 2.00195312500000e-01 4.00781631469727e-02
111 2.24121093750000e-01 5.02302646636963e-02
112 1.67968750000000e-01 2.82135009765625e-02
113 1.69921875000000e-01 2.88734436035156e-02
114 1.69921875000000e-01 2.88734436035156e-02
115 2.01660156250000e-01 4.06668186187744e-02
116 1.92382812500000e-01 3.70111465454102e-02
117 1.67480468750000e-01 2.80497074127197e-02
118 9.81445312500000e-02 9.63234901428223e-03
119 6.64062500000000e-02 4.40979003906250e-03
120 1.38183593750000e-01 1.90947055816650e-02
121 8.00781250000000e-02 6.41250610351562e-03
122 7.76367187500000e-02 6.02746009826660e-03
123 1.80664062500000e-01 3.26395034790039e-02
124 2.77832031250000e-01 7.71906375885010e-02
125 2.98828125000000e-01 8.92982482910156e-02
126 2.47070312500000e-01 6.10437393188477e-02
127 2.81738281250000e-01 7.93764591217041e-02
128 2.92480468750000e-01 8.55448246002197e-02
129 3.40332031250000e-01 1.15825891494751e-01
130 3.20312500000000e-01 1.02600097656250e-01
131 3.06152343750000e-01 9.37292575836182e-02
132 3.17871093750000e-01 1.01042032241821e-01
133 2.77343750000000e-01 7.69195556640625e-02
134 3.39355468750000e-01 1.15162134170532e-01
135 3.47167968750000e-01 1.20525598526001e-01
136 3.36914062500000e-01 1.13511085510254e-01
137 3.37402343750000e-01 1.13840341567993e-01
138 2.87597656250000e-01 8.27124118804932e-02
139 2.69531250000000e-01 7.26470947265625e-02
140 2.70507812500000e-01 7.31744766235352e-02
141 2.41699218750000e-01 5.84185123443604e-02
142 2.10449218750000e-01 4.42888736724854e-02
143 2.79296875000000e-01 7.80067443847656e-02
144 2.99804687500000e-01 8.98828506469727e-02
145 3.79882812500000e-01 1.44310951232910e-01
146 3.30566406250000e-01 1.09274148941040e-01
147 3.42285156250000e-01 1.17159128189087e-01
148 3.79394531250000e-01 1.43940210342407e-01
149 3.71582031250000e-01 1.38073205947876e-01
150 3.30078125000000e-01 1.08951568603516e-01
151 3.60839843750000e-01 1.30205392837524e-01
152 4.23339843750000e-01 1.79216623306274e-01
153 4.38964843750000e-01 1.92690134048462e-01
154 4.06250000000000e-01 1.65039062500000e-01
155 3.61328125000000e-01 1.30558013916016e-01
156 4.11621093750000e-01 1.69431924819946e-01
157 4.06738281250000e-01 1.65436029434204e-01
158 4.23828125000000e-01 1.79630279541016e-01
159 3.99414062500000e-01 1.59531593322754e-01
160 4.60937500000000e-01 2.12463378906250e-01
161 4.73632812500000e-01 2.24328041076660e-01
162 5.07812500000000e-01 2.57873535156250e-01
163 4.69726562500000e-01 2.20643043518066e-01
164 3.97460937500000e-01 1.57975196838379e-01
165 3.96972656250000e-01 1.57587289810181e-01
166 4.26757812500000e-01 1.82122230529785e-01
167 4.31640625000000e-01 1.86313629150391e-01
168 5.00488281250000e-01 2.50488519668579e-01
169 5.62011718750000e-01 3.15857172012329e-01
170 5.75683593750000e-01 3.31411600112915e-01
171 4.80468750000000e-01 2.30850219726562e-01
172 4.74121093750000e-01 2.24790811538696e-01
173 4.45800781250000e-01 1.98738336563110e-01
174 4.54101562500000e-01 2.06208229064941e-01
175 5.12695312500000e-01 2.62856483459473e-01
176 5.95214843750000e-01 3.54280710220337e-01
177 6.05468750000000e-01 3.66592407226562e-01
178 6.43066406250000e-01 4.13534402847290e-01
179 6.40625000000000e-01 4.10400390625000e-01
180 6.30371093750000e-01 3.97367715835571e-01
181 6.17187500000000e-01 3.80920410156250e-01
182 6.32324218750000e-01 3.99833917617798e-01
183 6.33789062500000e-01 4.01688575744629e-01
184 6.75292968750000e-01 4.56020593643188e-01
185 6.44531250000000e-01 4.15420532226562e-01
186 6.90917968750000e-01 4.77367639541626e-01
187 6.74316406250000e-01 4.54702615737915e-01
188 7.16308593750000e-01 5.13098001480103e-01
189 6.32812500000000e-01 4.00451660156250e-01
190 6.60644531250000e-01 4.36451196670532e-01
191 6.28417968750000e-01 3.94909143447876e-01
192 6.39648437500000e-01 4.09150123596191e-01
193 6.17187500000000e-01 3.80920410156250e-01
194 5.56640625000000e-01 3.09848785400391e-01
195 5.98144531250000e-01 3.57776880264282e-01
196 6.12304687500000e-01 3.74917030334473e-01
197 6.38671875000000e-01 4.07901763916016e-01
198 6.69921875000000e-01 4.48795318603516e-01
199 6.55273437500000e-01 4.29383277893066e-01
200 6.47949218750000e-01 4.19838190078735e-01
201 6.25976562500000e-01 3.91846656799316e-01
202 6.59179687500000e-01 4.34517860412598e-01
203 6.56250000000000e-01 4.30664062500000e-01
204 6.72363281250000e-01 4.52072381973267e-01
205 6.61132812500000e-01 4.37096595764160e-01
206 6.46972656250000e-01 4.18573617935181e-01
207 6.59667968750000e-01 4.35161828994751e-01
208 6.66503906250000e-01 4.44227457046509e-01
209 6.32324218750000e-01 3.99833917617798e-01
210 6.18652343750000e-01 3.82730722427368e-01
211 6.39648437500000e-01 4.09150123596191e-01
212 6.65039062500000e-01 4.42276954650879e-01
213 7.25097656250000e-01 5.25766611099243e-01
214 7.49023437500000e-01 5.61036109924316e-01
215 7.36328125000000e-01 5.42179107666016e-01
216 7.35839843750000e-01 5.41460275650024e-01
217 6.97265625000000e-01 4.86179351806641e-01
218 6.32324218750000e-01 3.99833917617798e-01
219 5.94238281250000e-01 3.53119134902954e-01
220 6.31347656250000e-01 3.98599863052368e-01
221 6.66015625000000e-01 4.43576812744141e-01
222 6.72363281250000e-01 4.52072381973267e-01
223 5.55664062500000e-01 3.08762550354004e-01
224 4.96582031250000e-01 2.46593713760376e-01
225 4.70703125000000e-01 2.21561431884766e-01
226 4.65820312500000e-01 2.16988563537598e-01
227 4.60449218750000e-01 2.12013483047485e-01
228 4.12597656250000e-01 1.70236825942993e-01
229 4.18945312500000e-01 1.75515174865723e-01
230 4.02832031250000e-01 1.62273645401001e-01
231 3.98437500000000e-01 1.58752441406250e-01
232 4.86328125000000e-01 2.36515045166016e-01
233 4.51171875000000e-01 2.03556060791016e-01
234 4.40917968750000e-01 1.94408655166626e-01
235 4.67773437500000e-01 2.18811988830566e-01
236 4.90722656250000e-01 2.40808725357056e-01
237 4.23339843750000e-01 1.79216623306274e-01
238 3.04199218750000e-01 9.25371646881104e-02
239 2.98339843750000e-01 8.90066623687744e-02
240 3.48632812500000e-01 1.21544837951660e-01
241 3.38378906250000e-01 1.14500284194946e-01
242 3.72070312500000e-01 1.38436317443848e-01
243 4.16015625000000e-01 1.73069000244141e-01
244 4.51171875000000e-01 2.03556060791016e-01
245 3.91601562500000e-01 1.53351783752441e-01
246 4.32617187500000e-01 1.87157630920410e-01
247 5.11718750000000e-01 2.61856079101562e-01
248 5.19042968750000e-01 2.69405603408813e-01
249 5.23437500000000e-01 2.73986816406250e-01
250 5.53222656250000e-01 3.06055307388306e-01
251 6.06445312500000e-01 3.67775917053223e-01
252 5.80566406250000e-01 3.37057352066040e-01
253 6.13281250000000e-01 3.76113891601562e-01
254 5.83496093750000e-01 3.40467691421509e-01
255 5.78613281250000e-01 3.34793329238892e-01
256 5.48339843750000e-01 3.00676584243774e-01
257 5.07324218750000e-01 2.57377862930298e-01
258 4.60937500000000e-01 2.12463378906250e-01
259 3.65234375000000e-01 1.33396148681641e-01
260 3.66210937500000e-01 1.34110450744629e-01
261 3.79882812500000e-01 1.44310951232910e-01
262 4.26757812500000e-01 1.82122230529785e-01
263 4.62890625000000e-01 2.14267730712891e-01
264 4.76074218750000e-01 2.26646661758423e-01
265 4.34570312500000e-01 1.88851356506348e-01
266 3.69628906250000e-01 1.36625528335571e-01
267 4.39941406250000e-01 1.93548440933228e-01
268 3.98437500000000e-01 1.58752441406250e-01
269 3.91601562500000e-01 1.53351783752441e-01
270 3.59863281250000e-01 1.29501581192017e-01
271 3.61816406250000e-01 1.30911111831665e-01
272 3.90136718750000e-01 1.52206659317017e-01
273 3.59863281250000e-01 1.29501581192017e-01
274 3.93554687500000e-01 1.54885292053223e-01
275 3.68164062500000e-01 1.35544776916504e-01
276 3.88671875000000e-01 1.51065826416016e-01
277 4.05761718750000e-01 1.64642572402954e-01
278 4.39941406250000e-01 1.93548440933228e-01
279 4.51171875000000e-01 2.03556060791016e-01
280 4.64843750000000e-01 2.16079711914062e-01
281 4.39941406250000e-01 1.93548440933228e-01
282 4.09667968750000e-01 1.67827844619751e-01
283 3.71582031250000e-01 1.38073205947876e-01
284 4.35546875000000e-01 1.89701080322266e-01
285 3.94531250000000e-01 1.55654907226562e-01
286 4.41894531250000e-01 1.95270776748657e-01
287 4.71191406250000e-01 2.22021341323853e-01
288 4.87304687500000e-01 2.37465858459473e-01
289 5.00000000000000e-01 2.50000000000000e-01
290 5.10253906250000e-01 2.60359048843384e-01
291 5.30273437500000e-01 2.81189918518066e-01
292 5.24902343750000e-01 2.75522470474243e-01
293 5.72753906250000e-01 3.28047037124634e-01
294 4.73144531250000e-01 2.23865747451782e-01
295 5.22949218750000e-01 2.73475885391235e-01
296 5.42968750000000e-01 2.94815063476562e-01
297 5.63476562500000e-01 3.17505836486816e-01
298 5.67382812500000e-01 3.21923255920410e-01
299 5.29785156250000e-01 2.80672311782837e-01
300 5.22460937500000e-01 2.72965431213379e-01
301 5.82519531250000e-01 3.39329004287720e-01
302 5.72265625000000e-01 3.27487945556641e-01
303 5.87890625000000e-01 3.45615386962891e-01
304 5.77636718750000e-01 3.33664178848267e-01
305 5.20507812500000e-01 2.70928382873535e-01
306 5.55175781250000e-01 3.08220148086548e-01
307 5.86914062500000e-01 3.44468116760254e-01
308 5.74707031250000e-01 3.30288171768188e-01
309 5.94238281250000e-01 3.53119134902954e-01
310 5.94726562500000e-01 3.53699684143066e-01
311 5.25390625000000e-01 2.76035308837891e-01
312 5.06835937500000e-01 2.56882667541504e-01
313 4.81933593750000e-01 2.32259988784790e-01
314 4.95605468750000e-01 2.45624780654907e-01
315 4.75097656250000e-01 2.25717782974243e-01
316 3.95996093750000e-01 1.56812906265259e-01
317 3.65234375000000e-01 1.33396148681641e-01
318 3.88671875000000e-01 1.51065826416016e-01
319 4.33593750000000e-01 1.88003540039062e-01
320 3.96484375000000e-01 1.57199859619141e-01
321 4.63378906250000e-01 2.14720010757446e-01
322 4.50195312500000e-01 2.02675819396973e-01
323 3.91601562500000e-01 1.53351783752441e-01
324 4.56054687500000e-01 2.07985877990723e-01
325 4.97070312500000e-01 2.47078895568848e-01
326 5.27343750000000e-01 2.78091430664062e-01
327 5.79101562500000e-01 3.35358619689941e-01
328 6.35742187500000e-01 4.04168128967285e-01
329 6.63574218750000e-01 4.40330743789673e-01
330 6.45019531250000e-01 4.16050195693970e-01
331 6.57714843750000e-01 4.32588815689087e-01
332 6.49414062500000e-01 4.21738624572754e-01
333 6.04980468750000e-01 3.66001367568970e-01
334 6.02050781250000e-01 3.62465143203735e-01
335 6.35742187500000e-01 4.04168128967285e-01
336 6.09863281250000e-01 3.71933221817017e-01
337 5.77636718750000e-01 3.33664178848267e-01
338 5.25878906250000e-01 2.76548624038696e-01
339 5.10253906250000e-01 2.60359048843384e-01
340 5.20507812500000e-01 2.70928382873535e-01
341 5.18066406250000e-01 2.68392801284790e-01
342 4.85351562500000e-01 2.35566139221191e-01
343 5.12207031250000e-01 2.62356042861938e-01
344 5.30761718750000e-01 2.81708002090454e-01
345 5.48339843750000e-01 3.00676584243774e-01
346 5.81542968750000e-01 3.38192224502563e-01
347 5.69824218750000e-01 3.24699640274048e-01
348 6.07421875000000e-01 3.68961334228516e-01
349 5.49316406250000e-01 3.01748514175415e-01
350 5.17089843750000e-01 2.67381906509399e-01
351 5.18066406250000e-01 2.68392801284790e-01
352 5.18554687500000e-01 2.68898963928223e-01
353 5.00976562500000e-01 2.50977516174316e-01
354 5.43457031250000e-01 2.95345544815063e-01
355 5.48828125000000e-01 3.01212310791016e-01
356 5.65917968750000e-01 3.20263147354126e-01
357 5.33691406250000e-01 2.84826517105103e-01
358 5.63964843750000e-01 3.18056344985962e-01
359 5.06347656250000e-01 2.56387948989868e-01
360 4.79003906250000e-01 2.29444742202759e-01
361 5.18066406250000e-01 2.68392801284790e-01
362 5.87890625000000e-01 3.45615386962891e-01
363 6.84082031250000e-01 4.67968225479126e-01
364 6.71386718750000e-01 4.50760126113892e-01
365 7.00195312500000e-01 4.90273475646973e-01
366 6.94824218750000e-01 4.82780694961548e-01
367 7.15332031250000e-01 5.11699914932251e-01
368 7.65136718750000e-01 5.85434198379517e-01
369 7.29980468750000e-01 5.32871484756470e-01
370 7.04589843750000e-01 4.96446847915649e-01
371 7.26562500000000e-01 5.27893066406250e-01
372 7.34863281250000e-01 5.40024042129517e-01
373 7.91503906250000e-01 6.26478433609009e-01
374 7.78320312500000e-01 6.05782508850098e-01
375 7.21191406250000e-01 5.20117044448853e-01
376 7.88085937500000e-01 6.21079444885254e-01
377 7.27539062500000e-01 5.29313087463379e-01
378 7.07519531250000e-01 5.00583887100220e-01
379 7.04589843750000e-01 4.96446847915649e-01
380 6.82617187500000e-01 4.65966224670410e-01
381 7.31445312500000e-01 5.35012245178223e-01
382 6.69921875000000e-01 4.48795318603516e-01
383 6.14257812500000e-01 3.77312660217285e-01
384 6.85546875000000e-01 4.69974517822266e-01
385 6.95312500000000e-01 4.83459472656250e-01
386 6.74316406250000e-01 4.54702615737915e-01
387 6.19628906250000e-01 3.83939981460571e-01
388 6.08886718750000e-01 3.70743036270142e-01
389 5.47363281250000e-01 2.99606561660767e-01
390 5.23925781250000e-01 2.74498224258423e-01
391 5.80078125000000e-01 3.36490631103516e-01
392 4.97070312500000e-01 2.47078895568848e-01
393 5.28808593750000e-01 2.79638528823853e-01
394 5.25390625000000e-01 2.76035308837891e-01
395 5.15136718750000e-01 2.65365839004517e-01
396 4.83398437500000e-01 2.33674049377441e-01
397 4.73632812500000e-01 2.24328041076660e-01
398 5.16601562500000e-01 2.66877174377441e-01
399 5.53222656250000e-01 3.06055307388306e-01
400 5.74218750000000e-01 3.29727172851562e-01
401 5.85937500000000e-01 3.43322753906250e-01
402 5.32714843750000e-01 2.83785104751587e-01
403 6.07910156250000e-01 3.69554758071899e-01
404 6.32812500000000e-01 4.00451660156250e-01
405 7.26562500000000e-01 5.27893066406250e-01
406 7.21191406250000e-01 5.20117044448853e-01
407 6.89941406250000e-01 4.76019144058228e-01
408 7.31445312500000e-01 5.35012245178223e-01
409 6.92382812500000e-01 4.79393959045410e-01
410 7.16796875000000e-01 5.13797760009766e-01
411 7.10449218750000e-01 5.04738092422485e-01
412 6.58203125000000e-01 4.33231353759766e-01
413 6.39160156250000e-01 4.08525705337524e-01
414 6.70898437500000e-01 4.50104713439941e-01
415 6.72851562500000e-01 4.52729225158691e-01
416 6.50878906250000e-01 4.23643350601196e-01
417 6.77734375000000e-01 4.59323883056641e-01
418 6.36718750000000e-01 4.05410766601562e-01
419 5.91308593750000e-01 3.49645853042603e-01
420 6.12304687500000e-01 3.74917030334473e-01
421 5.61523437500000e-01 3.15308570861816e-01
422 5.87402343750000e-01 3.45041513442993e-01
423 5.49804687500000e-01 3.02285194396973e-01
424 6.22558593750000e-01 3.87579202651978e-01
425 6.61132812500000e-01 4.37096595764160e-01
426 5.78613281250000e-01 3.34793329238892e-01
427 6.15234375000000e-01 3.78513336181641e-01
428 6.39160156250000e-01 4.08525705337524e-01
429 6.64062500000000e-01 4.40979003906250e-01
430 6.37695312500000e-01 4.06655311584473e-01
431 6.35742187500000e-01 4.04168128967285e-01
432 5.66894531250000e-01 3.21369409561157e-01
433 5.38085937500000e-01 2.89536476135254e-01
434 5.39062500000000e-01 2.90588378906250e-01
435 4.62890625000000e-01 2.14267730712891e-01
436 5.01464843750000e-01 2.51466989517212e-01
437 4.42382812500000e-01 1.95702552795410e-01
438 4.69238281250000e-01 2.20184564590454e-01
439 4.79003906250000e-01 2.29444742202759e-01
440 4.37500000000000e-01 1.91406250000000e-01
441 4.21875000000000e-01 1.77978515625000e-01
442 3.55957031250000e-01 1.26705408096313e-01
443 3.52539062500000e-01 1.24283790588379e-01
444 2.98828125000000e-01 8.92982482910156e-02
445 3.06152343750000e-01 9.37292575836182e-02
446 3.53027343750000e-01 1.24628305435181e-01
447 4.01367187500000e-01 1.61095619201660e-01
448 4.00878906250000e-01 1.60703897476196e-01
449 5.03906250000000e-01 2.53921508789062e-01
450 4.92675781250000e-01 2.42729425430298e-01
451 4.90722656250000e-01 2.40808725357056e-01
452 5.83007812500000e-01 3.39898109436035e-01
453 5.69824218750000e-01 3.24699640274048e-01
454 6.22558593750000e-01 3.87579202651978e-01
455 6.38183593750000e-01 4.07278299331665e-01
456 6.50390625000000e-01 4.23007965087891e-01
457 5.92773437500000e-01 3.51380348205566e-01
458 6.06445312500000e-01 3.67775917053223e-01
459 6.23046875000000e-01 3.88187408447266e-01
460 6.00097656250000e-01 3.60117197036743e-01
461 5.31738281250000e-01 2.82745599746704e-01
462 5.05859375000000e-01 2.55893707275391e-01
463 5.33203125000000e-01 2.84305572509766e-01
464 5.72265625000000e-01 3.27487945556641e-01
465 5.43457031250000e-01 2.95345544815063e-01
466 5.62988281250000e-01 3.16955804824829e-01
467 5.52246093750000e-01 3.04975748062134e-01
468 5.39550781250000e-01 2.91115045547485e-01
469 5.27343750000000e-01 2.78091430664062e-01
470 5.31738281250000e-01 2.82745599746704e-01
471 5.91308593750000e-01 3.49645853042603e-01
472 6.30371093750000e-01 3.97367715835571e-01
473 5.88378906250000e-01 3.46189737319946e-01
474 5.35644531250000e-01 2.86915063858032e-01
475 5.83496093750000e-01 3.40467691421509e-01
476 5.20019531250000e-01 2.70420312881470e-01
477 5.43457031250000e-01 2.95345544815063e-01
478 5.73242187500000e-01 3.28606605529785e-01
479 5.55175781250000e-01 3.08220148086548e-01
480 5.58593750000000e-01 3.12026977539062e-01
481 6.20605468750000e-01 3.85151147842407e-01
482 5.94238281250000e-01 3.53119134902954e-01
483 5.87890625000000e-01 3.45615386962891e-01
484 6.01074218750000e-01 3.61290216445923e-01
485 6.03027343750000e-01 3.63641977310181e-01
486 6.18164062500000e-01 3.82126808166504e-01
487 6.13769531250000e-01 3.76713037490845e-01
488 6.10839843750000e-01 3.73125314712524e-01
489 6.20605468750000e-01 3.85151147842407e-01
490 5.22460937500000e-01 2.72965431213379e-01
491 5.81542968750000e-01 3.38192224502563e-01
492 6.33789062500000e-01 4.01688575744629e-01
493 5.85449218750000e-01 3.42750787734985e-01
494 6.22558593750000e-01 3.87579202651978e-01
495 6.04492187500000e-01 3.65410804748535e-01
496 6.48437500000000e-01 4.20471191406250e-01
497 6.50878906250000e-01 4.23643350601196e-01
498 6.94824218750000e-01 4.82780694961548e-01
499 6.72363281250000e-01 4.52072381973267e-01
500 6.00097656250000e-01 3.60117197036743e-01
501 6.03515625000000e-01 3.64231109619141e-01
502 5.99609375000000e-01 3.59531402587891e-01
503 5.52734375000000e-01 3.05515289306641e-01
504 5.72753906250000e-01 3.28047037124634e-01
505 5.72753906250000e-01 3.28047037124634e-01
506 5.83984375000000e-01 3.41037750244141e-01
507 5.41503906250000e-01 2.93226480484009e-01
508 5.39062500000000e-01 2.90588378906250e-01
509 5.74707031250000e-01 3.30288171768188e-01
510 5.72265625000000e-01 3.27487945556641e-01
511 4.81933593750000e-01 2.32259988784790e-01
512 4.77050781250000e-01 2.27577447891235e-01
513 4.60449218750000e-01 2.12013483047485e-01
514 4.46289062500000e-01 1.99173927307129e-01
515 4.26757812500000e-01 1.82122230529785e-01
516 4.20898437500000e-01 1.77155494689941e-01
517 4.14062500000000e-01 1.71447753906250e-01
518 3.79394531250000e-01 1.43940210342407e-01
519 2.89062500000000e-01 8.35571289062500e-02
520 3.01757812500000e-01 9.10577774047852e-02
521 3.58398437500000e-01 1.28449440002441e-01
522 3.79882812500000e-01 1.44310951232910e-01
523 4.42382812500000e-01 1.95702552795410e-01
524 4.06738281250000e-01 1.65436029434204e-01
525 4.35058593750000e-01 1.89275979995728e-01
526 4.76562500000000e-01 2.27111816406250e-01
527 4.69726562500000e-01 2.20643043518066e-01
528 4.95117187500000e-01 2.45141029357910e-01
529 5.60058593750000e-01 3.13665628433228e-01
530 5.55664062500000e-01 3.08762550354004e-01
531 5.51269531250000e-01 3.03898096084595e-01
532 5.48339843750000e-01 3.00676584243774e-01
533 4.31152343750000e-01 1.85892343521118e-01
534 4.72656250000000e-01 2.23403930664062e-01
535 4.47753906250000e-01 2.00483560562134e-01
536 5.03906250000000e-01 2.53921508789062e-01
537 4.78027343750000e-01 2.28510141372681e-01
538 4.37500000000000e-01 1.91406250000000e-01
539 4.87304687500000e-01 2.37465858459473e-01
540 4.97070312500000e-01 2.47078895568848e-01
541 4.90722656250000e-01 2.40808725357056e-01
542 5.01464843750000e-01 2.51466989517212e-01
543 5.68847656250000e-01 3.23587656021118e-01
544 5.21484375000000e-01 2.71945953369141e-01
545 5.58593750000000e-01 3.12026977539062e-01
546 5.84472656250000e-01 3.41608285903931e-01
547 5.75683593750000e-01 3.31411600112915e-01
548 5.60058593750000e-01 3.13665628433228e-01
549 5.58593750000000e-01 3.12026977539062e-01
550 5.61035156250000e-01 3.14760446548462e-01
551 5.38574218750000e-01 2.90062189102173e-01
552 5.67382812500000e-01 3.21923255920410e-01
553 5.34667968750000e-01 2.85869836807251e-01
554 5.31250000000000e-01 2.82226562500000e-01
555 5.54687500000000e-01 3.07678222656250e-01
556 4.79003906250000e-01 2.29444742202759e-01
557 4.29199218750000e-01 1.84211969375610e-01
558 4.79492187500000e-01 2.29912757873535e-01
559 5.05371093750000e-01 2.55399942398071e-01
560 4.98535156250000e-01 2.48537302017212e-01
561 4.66308593750000e-01 2.17443704605103e-01
562 4.33105468750000e-01 1.87580347061157e-01
563 4.58496093750000e-01 2.10218667984009e-01
564 4.40917968750000e-01 1.94408655166626e-01
565 4.40917968750000e-01 1.94408655166626e-01
566 4.36035156250000e-01 1.90126657485962e-01
567 4.31152343750000e-01 1.85892343521118e-01
568 4.96093750000000e-01 2.46109008789062e-01
569 5.20019531250000e-01 2.70420312881470e-01
570 5.24414062500000e-01 2.75010108947754e-01
571 5.65429687500000e-01 3.19710731506348e-01
572 6.16210937500000e-01 3.79715919494629e-01
573 5.62011718750000e-01 3.15857172012329e-01
574 5.89355468750000e-01 3.47339868545532e-01
575 5.78125000000000e-01 3.34228515625000e-01
576 5.69335937500000e-01 3.24143409729004e-01
577 5.72753906250000e-01 3.28047037124634e-01
578 4.86328125000000e-01 2.36515045166016e-01
579 5.92773437500000e-01 3.51380348205566e-01
580 5.40527343750000e-01 2.92169809341431e-01
581 5.48339843750000e-01 3.00676584243774e-01
582 5.12695312500000e-01 2.62856483459473e-01
583 4.69726562500000e-01 2.20643043518066e-01
584 5.38085937500000e-01 2.89536476135254e-01
585 5.47851562500000e-01 3.00141334533691e-01
586 5.60546875000000e-01 3.14212799072266e-01
587 5.34179687500000e-01 2.85347938537598e-01
588 5.45898437500000e-01 2.98005104064941e-01
589 5.45410156250000e-01 2.97472238540649e-01
590 5.26367187500000e-01 2.77062416076660e-01
591 5.87402343750000e-01 3.45041513442993e-01
592 5.21484375000000e-01 2.71945953369141e-01
593 5.83984375000000e-01 3.41037750244141e-01
594 5.61035156250000e-01 3.14760446548462e-01
595 5.24902343750000e-01 2.75522470474243e-01
596 4.58984375000000e-01 2.10666656494141e-01
597 5.00000000000000e-01 2.50000000000000e-01
598 4.90722656250000e-01 2.40808725357056e-01
599 4.39941406250000e-01 1.93548440933228e-01
600 5.04394531250000e-01 2.54413843154907e-01
601 4.76562500000000e-01 2.27111816406250e-01
602 4.01367187500000e-01 1.61095619201660e-01
603 4.09179687500000e-01 1.67428016662598e-01
604 2.92968750000000e-01 8.58306884765625e-02
605 3.07128906250000e-01 9.43281650543213e-02
606 3.10058593750000e-01 9.61363315582275e-02
607 3.12988281250000e-01 9.79616641998291e-02
608 3.27148437500000e-01 1.07026100158691e-01
609 3.49609375000000e-01 1.22226715087891e-01
610 3.07617187500000e-01 9.46283340454102e-02
611 2.96386718750000e-01 8.78450870513916e-02
612 3.53515625000000e-01 1.24973297119141e-01
613 3.79394531250000e-01 1.43940210342407e-01
614 4.06250000000000e-01 1.65039062500000e-01
615 4.55078125000000e-01 2.07096099853516e-01
616 4.93652343750000e-01 2.43692636489868e-01
617 5.09765625000000e-01 2.59860992431641e-01
618 5.00000000000000e-01 2.50000000000000e-01
619 4.63378906250000e-01 2.14720010757446e-01
620 4.43359375000000e-01 1.96567535400391e-01
621 4.68261718750000e-01 2.19269037246704e-01
622 4.56542968750000e-01 2.08431482315063e-01
623 5.18066406250000e-01 2.68392801284790e-01
624 4.86328125000000e-01 2.36515045166016e-01
625 5.02929687500000e-01 2.52938270568848e-01
626 5.49316406250000e-01 3.01748514175415e-01
627 5.88378906250000e-01 3.46189737319946e-01
628 5.33691406250000e-01 2.84826517105103e-01
629 5.21972656250000e-01 2.72455453872681e-01
630 5.56640625000000e-01 3.09848785400391e-01
631 5.29296875000000e-01 2.80155181884766e-01
632 5.35156250000000e-01 2.86392211914062e-01
633 5.29296875000000e-01 2.80155181884766e-01
634 5.17089843750000e-01 2.67381906509399e-01
635 5.29296875000000e-01 2.80155181884766e-01
636 5.18066406250000e-01 2.68392801284790e-01
637 5.21484375000000e-01 2.71945953369141e-01
638 5.74707031250000e-01 3.30288171768188e-01
639 5.16113281250000e-01 2.66372919082642e-01
640 5.19042968750000e-01 2.69405603408813e-01
641 4.92675781250000e-01 2.42729425430298e-01
642 4.79003906250000e-01 2.29444742202759e-01
643 4.93652343750000e-01 2.43692636489868e-01
644 4.84863281250000e-01 2.35092401504517e-01
645 3.90625000000000e-01 1.52587890625000e-01
646 3.47167968750000e-01 1.20525598526001e-01
647 3.36425781250000e-01 1.13182306289673e-01
648 3.07128906250000e-01 9.43281650543213e-02
649 2.81250000000000e-01 7.91015625000000e-02
650 3.01269531250000e-01 9.07633304595947e-02
651 3.00292968750000e-01 9.01758670806885e-02
652 2.58300781250000e-01 6.67192935943604e-02
653 2.46582031250000e-01 6.08026981353760e-02
654 2.26562500000000e-01 5.13305664062500e-02
655 1.99218750000000e-01 3.96881103515625e-02
656 1.91406250000000e-01 3.66363525390625e-02
657 1.75292968750000e-01 3.07276248931885e-02
658 2.23144531250000e-01 4.97934818267822e-02
659 2.16308593750000e-01 4.67894077301025e-02
660 2.68554687500000e-01 7.21216201782227e-02
661 2.50976562500000e-01 6.29892349243164e-02
662 2.11425781250000e-01 4.47008609771729e-02
663 1.53808593750000e-01 2.36570835113525e-02
664 9.61914062500000e-02 9.25278663635254e-03
665 8.15429687500000e-02 6.64925575256348e-03
666 8.54492187500000e-02 7.30156898498535e-03
667 1.85058593750000e-01 3.42466831207275e-02
668 1.71875000000000e-01 2.95410156250000e-02
669 2.44140625000000e-01 5.96046447753906e-02
670 2.93457031250000e-01 8.61170291900635e-02
671 2.66113281250000e-01 7.08162784576416e-02
672 3.39355468750000e-01 1.15162134170532e-01
673 2.91503906250000e-01 8.49745273590088e-02
674 2.88574218750000e-01 8.32750797271729e-02
675 3.77441406250000e-01 1.42462015151978e-01
676 3.61816406250000e-01 1.30911111831665e-01
677 3.65722656250000e-01 1.33753061294556e-01
678 4.09667968750000e-01 1.67827844619751e-01
679 4.36035156250000e-01 1.90126657485962e-01
680 4.27246093750000e-01 1.82539224624634e-01
681 4.50195312500000e-01 2.02675819396973e-01
682 5.00488281250000e-01 2.50488519668579e-01
683 5.39550781250000e-01 2.91115045547485e-01
684 4.89746093750000e-01 2.39851236343384e-01
685 5.42968750000000e-01 2.94815063476562e-01
686 5.55664062500000e-01 3.08762550354004e-01
687 5.49804687500000e-01 3.02285194396973e-01
688 4.83398437500000e-01 2.33674049377441e-01
689 3.98437500000000e-01 1.58752441406250e-01
690 4.21875000000000e-01 1.77978515625000e-01
691 4.68261718750000e-01 2.19269037246704e-01
692 4.44824218750000e-01 1.97868585586548e-01
693 5.06835937500000e-01 2.56882667541504e-01
694 5.48828125000000e-01 3.01212310791016e-01
695 5.66894531250000e-01 3.21369409561157e-01
696 5.07812500000000e-01 2.57873535156250e-01
697 5.45898437500000e-01 2.98005104064941e-01
698 6.09863281250000e-01 3.71933221817017e-01
699 5.68847656250000e-01 3.23587656021118e-01
700 5.36621093750000e-01 2.87962198257446e-01
701 5.81542968750000e-01 3.38192224502563e-01
702 6.24511718750000e-01 3.90014886856079e-01
703 5.78125000000000e-01 3.34228515625000e-01
704 4.55078125000000e-01 2.07096099853516e-01
705 4.18945312500000e-01 1.75515174865723e-01
706 4.86816406250000e-01 2.36990213394165e-01
707 4.64355468750000e-01 2.15626001358032e-01
708 4.28710937500000e-01 1.83793067932129e-01
709 4.77539062500000e-01 2.28043556213379e-01
710 4.88769531250000e-01 2.38895654678345e-01
711 4.90722656250000e-01 2.40808725357056e-01
712 5.39550781250000e-01 2.91115045547485e-01
713 4.96582031250000e-01 2.46593713760376e-01
714 5.38574218750000e-01 2.90062189102173e-01
715 5.60058593750000e-01 3.13665628433228e-01
716 4.84375000000000e-01 2.34619140625000e-01
717 5.32714843750000e-01 2.83785104751587e-01
718 4.94140625000000e-01 2.44174957275391e-01
719 4.37988281250000e-01 1.91833734512329e-01
720 4.65820312500000e-01 2.16988563537598e-01
721 4.24316406250000e-01 1.80044412612915e-01
722 4.71191406250000e-01 2.22021341323853e-01
723 4.04785156250000e-01 1.63851022720337e-01
724 3.95019531250000e-01 1.56040430068970e-01
725 4.79980468750000e-01 2.30381250381470e-01
726 5.47851562500000e-01 3.00141334533691e-01
727 5.65917968750000e-01 3.20263147354126e-01
728 5.54199218750000e-01 3.07136774063110e-01
729 5.45898437500000e-01 2.98005104064941e-01
730 5.60546875000000e-01 3.14212799072266e-01
731 5.52734375000000e-01 3.05515289306641e-01
732 5.49316406250000e-01 3.01748514175415e-01
733 5.66406250000000e-01 3.20816040039062e-01
734 5.72753906250000e-01 3.28047037124634e-01
735 5.84472656250000e-01 3.41608285903931e-01
736 6.19140625000000e-01 3.83335113525391e-01
737 6.09375000000000e-01 3.71337890625000e-01
738 6.49414062500000e-01 4.21738624572754e-01
739 6.30371093750000e-01 3.97367715835571e-01
740 6.17187500000000e-01 3.80920410156250e-01
741 5.85449218750000e-01 3.42750787734985e-01
742 5.69824218750000e-01 3.24699640274048e-01
743 6.69433593750000e-01 4.48141336441040e-01
744 6.29882812500000e-01 3.96752357482910e-01
745 5.87402343750000e-01 3.45041513442993e-01
746 5.87402343750000e-01 3.45041513442993e-01
747 6.32324218750000e-01 3.99833917617798e-01
748 5.83496093750000e-01 3.40467691421509e-01
749 6.85058593750000e-01 4.69305276870728e-01
750 6.90429687500000e-01 4.76693153381348e-01
751 6.59179687500000e-01 4.34517860412598e-01
752 6.81640625000000e-01 4.64633941650391e-01
753 6.88964843750000e-01 4.74672555923462e-01
754 6.52343750000000e-01 4.25552368164062e-01
755 6.01562500000000e-01 3.61877441406250e-01
756 6.36230468750000e-01 4.04789209365845e-01
757 5.83496093750000e-01 3.40467691421509e-01
758 6.26464843750000e-01 3.92458200454712e-01
759 6.03027343750000e-01 3.63641977310181e-01
760 5.89355468750000e-01 3.47339868545532e-01
761 5.41503906250000e-01 2.93226480484009e-01
762 5.72753906250000e-01 3.28047037124634e-01
763 5.67382812500000e-01 3.21923255920410e-01
764 6.02539062500000e-01 3.63053321838379e-01
765 6.45019531250000e-01 4.16050195693970e-01
766 5.89355468750000e-01 3.47339868545532e-01
767 6.04980468750000e-01 3.66001367568970e-01
768 6.27441406250000e-01 3.93682718276978e-01
769 6.00097656250000e-01 3.60117197036743e-01
770 6.22558593750000e-01 3.87579202651978e-01
771 6.73828125000000e-01 4.54044342041016e-01
772 6.81152343750000e-01 4.63968515396118e-01
773 7.03125000000000e-01 4.94384765625000e-01
774 6.63574218750000e-01 4.40330743789673e-01
775 6.95800781250000e-01 4.84138727188110e-01
776 6.82128906250000e-01 4.65299844741821e-01
777 7.12890625000000e-01 5.08213043212891e-01
778 6.25488281250000e-01 3.91235589981079e-01
779 5.99121093750000e-01 3.58946084976196e-01
780 6.05468750000000e-01 3.66592407226562e-01
781 5.25878906250000e-01 2.76548624038696e-01
782 5.38574218750000e-01 2.90062189102173e-01
783 5.11230468750000e-01 2.61356592178345e-01
784 5.44921875000000e-01 2.96939849853516e-01
785 6.08886718750000e-01 3.70743036270142e-01
786 5.89355468750000e-01 3.47339868545532e-01
787 5.87890625000000e-01 3.45615386962891e-01
788 5.74707031250000e-01 3.30288171768188e-01
789 6.21093750000000e-01 3.85757446289062e-01
790 5.49804687500000e-01 3.02285194396973e-01
791 5.25390625000000e-01 2.76035308837891e-01
792 4.82910156250000e-01 2.33202219009399e-01
793 4.42382812500000e-01 1.95702552795410e-01
794 4.89746093750000e-01 2.39851236343384e-01
795 5.19042968750000e-01 2.69405603408813e-01
796 4.80468750000000e-01 2.30850219726562e-01
797 5.22949218750000e-01 2.73475885391235e-01
798 5.07812500000000e-01 2.57873535156250e-01
799 5.49316406250000e-01 3.01748514175415e-01
800 5.06347656250000e-01 2.56387948989868e-01
801 5.17578125000000e-01 2.67887115478516e-01
802 5.26367187500000e-01 2.77062416076660e-01
803 5.77148437500000e-01 3.33100318908691e-01
804 6.12792968750000e-01 3.75515222549438e-01
805 5.33691406250000e-01 2.84826517105103e-01
806 4.54101562500000e-01 2.06208229064941e-01
807 4.90722656250000e-01 2.40808725357056e-01
808 4.20410156250000e-01 1.76744699478149e-01
809 3.83789062500000e-01 1.47294044494629e-01
810 3.72070312500000e-01 1.38436317443848e-01
811 3.80859375000000e-01 1.45053863525391e-01
812 3.91113281250000e-01 1.52969598770142e-01
813 3.43750000000000e-01 1.18164062500000e-01
814 3.95996093750000e-01 1.56812906265259e-01
815 4.08691406250000e-01 1.67028665542603e-01
816 3.50097656250000e-01 1.22568368911743e-01
817 3.51562500000000e-01 1.23596191406250e-01
818 3.26660156250000e-01 1.06706857681274e-01
819 3.91601562500000e-01 1.53351783752441e-01
820 3.97460937500000e-01 1.57975196838379e-01
821 5.00488281250000e-01 2.50488519668579e-01
822 4.77539062500000e-01 2.28043556213379e-01
823 5.28320312500000e-01 2.79122352600098e-01
824 4.31640625000000e-01 1.86313629150391e-01
825 4.66796875000000e-01 2.17899322509766e-01
826 4.05273437500000e-01 1.64246559143066e-01
827 3.57421875000000e-01 1.27750396728516e-01
828 3.51562500000000e-01 1.23596191406250e-01
829 2.81250000000000e-01 7.91015625000000e-02
830 2.71484375000000e-01 7.37037658691406e-02
831 2.61230468750000e-01 6.82413578033447e-02
832 3.04199218750000e-01 9.25371646881104e-02
833 3.35937500000000e-01 1.12854003906250e-01
834 3.77441406250000e-01 1.42462015151978e-01
835 4.16015625000000e-01 1.73069000244141e-01
836 4.95605468750000e-01 2.45624780654907e-01
837 4.83398437500000e-01 2.33674049377441e-01
838 4.65332031250000e-01 2.16533899307251e-01
839 5.41015625000000e-01 2.92697906494141e-01
840 4.98535156250000e-01 2.48537302017212e-01
841 5.30761718750000e-01 2.81708002090454e-01
842 5.56640625000000e-01 3.09848785400391e-01
843 5.13183593750000e-01 2.63357400894165e-01
844 5.05859375000000e-01 2.55893707275391e-01
845 4.74609375000000e-01 2.25254058837891e-01
846 5.11718750000000e-01 2.61856079101562e-01
847 4.99511718750000e-01 2.49511957168579e-01
848 5.38085937500000e-01 2.89536476135254e-01
849 5.33203125000000e-01 2.84305572509766e-01
850 5.24902343750000e-01 2.75522470474243e-01
851 5.14648437500000e-01 2.64863014221191e-01
852 5.31250000000000e-01 2.82226562500000e-01
853 6.13281250000000e-01 3.76113891601562e-01
854 5.95214843750000e-01 3.54280710220337e-01
855 5.83496093750000e-01 3.40467691421509e-01
856 6.28906250000000e-01 3.95523071289062e-01
857 5.96191406250000e-01 3.55444192886353e-01
858 5.77636718750000e-01 3.33664178848267e-01
859 5.69335937500000e-01 3.24143409729004e-01
860 5.15136718750000e-01 2.65365839004517e-01
861 5.10742187500000e-01 2.60857582092285e-01
862 5.05859375000000e-01 2.55893707275391e-01
863 5.43457031250000e-01 2.95345544815063e-01
864 6.57714843750000e-01 4.32588815689087e-01
865 6.82617187500000e-01 4.65966224670410e-01
866 7.50000000000000e-01 5.62500000000000e-01
867 7.57324218750000e-01 5.73539972305298e-01
868 7.56347656250000e-01 5.72061777114868e-01
869 7.39746093750000e-01 5.47224283218384e-01
870 7.16308593750000e-01 5.13098001480103e-01
871 6.76757812500000e-01 4.58001136779785e-01
872 7.72460937500000e-01 5.96695899963379e-01
873 6.95800781250000e-01 4.84138727188110e-01
874 7.15332031250000e-01 5.11699914932251e-01
875 7.02636718750000e-01 4.93698358535767e-01
876 6.03027343750000e-01 3.63641977310181e-01
877 6.37695312500000e-01 4.06655311584473e-01
878 6.88476562500000e-01 4.73999977111816e-01
879 6.67480468750000e-01 4.45530176162720e-01
880 6.96289062500000e-01 4.84818458557129e-01
881 7.00195312500000e-01 4.90273475646973e-01
882 7.18261718750000e-01 5.15899896621704e-01
883 6.68945312500000e-01 4.47487831115723e-01
884 7.28515625000000e-01 5.30735015869141e-01
885 7.59765625000000e-01 5.77243804931641e-01
886 7.55371093750000e-01 5.70585489273071e-01
887 7.36816406250000e-01 5.42898416519165e-01
888 7.39257812500000e-01 5.46502113342285e-01
889 7.53906250000000e-01 5.68374633789062e-01
890 7.35839843750000e-01 5.41460275650024e-01
891 7.07519531250000e-01 5.00583887100220e-01
892 7.21191406250000e-01 5.20117044448853e-01
893 7.54882812500000e-01 5.69848060607910e-01
894 7.10937500000000e-01 5.05432128906250e-01
895 7.08007812500000e-01 5.01275062561035e-01
896 6.56738281250000e-01 4.31305170059204e-01
897 7.31933593750000e-01 5.35726785659790e-01
898 7.35839843750000e-01 5.41460275650024e-01
899 7.73437500000000e-01 5.98205566406250e-01
900 7.07519531250000e-01 5.00583887100220e-01
901 6.47949218750000e-01 4.19838190078735e-01
902 6.09863281250000e-01 3.71933221817017e-01
903 6.30859375000000e-01 3.97983551025391e-01
904 6.36718750000000e-01 4.05410766601562e-01
905 5.51269531250000e-01 3.03898096084595e-01
906 5.71289062500000e-01 3.26371192932129e-01
907 5.29296875000000e-01 2.80155181884766e-01
908 5.75683593750000e-01 3.31411600112915e-01
909 5.34667968750000e-01 2.85869836807251e-01
910 4.77539062500000e-01 2.28043556213379e-01
911 4.52636718750000e-01 2.04879999160767e-01
912 4.94140625000000e-01 2.44174957275391e-01
913 5.76660156250000e-01 3.32536935806274e-01
914 4.86328125000000e-01 2.36515045166016e-01
915 4.93164062500000e-01 2.43210792541504e-01
916 4.70703125000000e-01 2.21561431884766e-01
917 4.95605468750000e-01 2.45624780654907e-01
918 4.81933593750000e-01 2.32259988784790e-01
919 4.34570312500000e-01 1.88851356506348e-01
920 4.44335937500000e-01 1.97434425354004e-01
921 4.90234375000000e-01 2.40329742431641e-01
922 4.92675781250000e-01 2.42729425430298e-01
923 4.22363281250000e-01 1.78390741348267e-01
924 3.50097656250000e-01 1.22568368911743e-01
925 4.14062500000000e-01 1.71447753906250e-01
926 4.58496093750000e-01 2.10218667984009e-01
927 4.73632812500000e-01 2.24328041076660e-01
928 4.58984375000000e-01 2.10666656494141e-01
929 4.03320312500000e-01 1.62667274475098e-01
930 4.38476562500000e-01 1.92261695861816e-01
931 4.38476562500000e-01 1.92261695861816e-01
932 4.83886718750000e-01 2.34146356582642e-01
933 5.79101562500000e-01 3.35358619689941e-01
934 5.80566406250000e-01 3.37057352066040e-01
935 6.14746093750000e-01 3.77912759780884e-01
936 6.25488281250000e-01 3.91235589981079e-01
937 6.29882812500000e-01 3.96752357482910e-01
938 6.38671875000000e-01 4.07901763916016e-01
939 6.18652343750000e-01 3.82730722427368e-01
940 6.84570312500000e-01 4.68636512756348e-01
941 6.86035156250000e-01 4.70644235610962e-01
942 6.74316406250000e-01 4.54702615737915e-01
943 6.56250000000000e-01 4.30664062500000e-01
944 6.08398437500000e-01 3.70148658752441e-01
945 5.85937500000000e-01 3.43322753906250e-01
946 5.29785156250000e-01 2.80672311782837e-01
947 5.51757812500000e-01 3.04436683654785e-01
948 5.34667968750000e-01 2.85869836807251e-01
949 5.24414062500000e-01 2.75010108947754e-01
950 5.78125000000000e-01 3.34228515625000e-01
951 5.45410156250000e-01 2.97472238540649e-01
952 5.90332031250000e-01 3.48491907119751e-01
953 5.65429687500000e-01 3.19710731506348e-01
954 5.36132812500000e-01 2.87438392639160e-01
955 5.59082031250000e-01 3.12572717666626e-01
956 5.22460937500000e-01 2.72965431213379e-01
957 5.14648437500000e-01 2.64863014221191e-01
958 4.82910156250000e-01 2.33202219009399e-01
959 4.25292968750000e-01 1.80874109268188e-01
960 3.91113281250000e-01 1.52969598770142e-01
961 4.23339843750000e-01 1.79216623306274e-01
962 3.73046875000000e-01 1.39163970947266e-01
963 3.83789062500000e-01 1.47294044494629e-01
964 4.19433593750000e-01 1.75924539566040e-01
965 4.08203125000000e-01 1.66629791259766e-01
966 3.57910156250000e-01 1.28099679946899e-01
967 3.11035156250000e-01 9.67428684234619e-02
968 3.29589843750000e-01 1.08629465103149e-01
969 3.28613281250000e-01 1.07986688613892e-01
970 3.16894531250000e-01 1.00422143936157e-01
971 3.76464843750000e-01 1.41725778579712e-01
972 4.30664062500000e-01 1.85471534729004e-01
973 4.05761718750000e-01 1.64642572402954e-01
974 3.69140625000000e-01 1.36264801025391e-01
975 3.97460937500000e-01 1.57975196838379e-01
976 3.89648437500000e-01 1.51825904846191e-01
977 2.97363281250000e-01 8.84249210357666e-02
978 2.40234375000000e-01 5.77125549316406e-02
979 1.87988281250000e-01 3.53395938873291e-02
980 2.77343750000000e-01 7.69195556640625e-02
981 3.08593750000000e-01 9.52301025390625e-02
982 3.04199218750000e-01 9.25371646881104e-02
983 3.22753906250000e-01 1.04170083999634e-01
984 2.69042968750000e-01 7.23841190338135e-02
985 1.83593750000000e-01 3.37066650390625e-02
986 2.08007812500000e-01 4.32672500610352e-02
987 1.74316406250000e-01 3.03862094879150e-02
988 1.73828125000000e-01 3.02162170410156e-02
989 1.86035156250000e-01 3.46090793609619e-02
990 1.90429687500000e-01 3.62634658813477e-02
991 1.87500000000000e-01 3.51562500000000e-02
992 1.65527343750000e-01 2.73993015289307e-02
993 2.07519531250000e-01 4.30643558502197e-02
994 2.47558593750000e-01 6.12852573394775e-02
995 2.94921875000000e-01 8.69789123535156e-02
996 2.28027343750000e-01 5.19964694976807e-02
997 2.18261718750000e-01 4.76381778717041e-02
998 2.51953125000000e-01 6.34803771972656e-02
999 2.16796875000000e-01 4.70008850097656e-02
