0 6.83593750000000e-01 4.67300415039062e-01
1 6.49414062500000e-01 4.21738624572754e-01
2 7.07031250000000e-01 4.99893188476562e-01
3 6.96777343750000e-01 4.85498666763306e-01
4 6.75292968750000e-01 4.56020593643188e-01
5 6.36230468750000e-01 4.04789209365845e-01
6 6.47460937500000e-01 4.19205665588379e-01
7 6.23046875000000e-01 3.88187408447266e-01
8 5.97656250000000e-01 3.57192993164062e-01
9 5.65917968750000e-01 3.20263147354126e-01
10 5.49804687500000e-01 3.02285194396973e-01
11 5.58593750000000e-01 3.12026977539062e-01
12 5.85449218750000e-01 3.42750787734985e-01
13 5.51757812500000e-01 3.04436683654785e-01
14 5.11718750000000e-01 2.61856079101562e-01
15 5.83984375000000e-01 3.41037750244141e-01
16 6.04492187500000e-01 3.65410804748535e-01
17 6.11816406250000e-01 3.74319314956665e-01
18 6.43066406250000e-01 4.13534402847290e-01
19 6.55273437500000e-01 4.29383277893066e-01
20 5.98144531250000e-01 3.57776880264282e-01
21 6.99218750000000e-01 4.88906860351562e-01
22 7.36328125000000e-01 5.42179107666016e-01
23 7.22167968750000e-01 5.21526575088501e-01
24 6.93847656250000e-01 4.81424570083618e-01
25 6.44531250000000e-01 4.15420532226562e-01
26 6.53808593750000e-01 4.27465677261353e-01
27 6.55273437500000e-01 4.29383277893066e-01
28 6.29394531250000e-01 3.96137475967407e-01
29 6.65527343750000e-01 4.42926645278931e-01
30 6.23046875000000e-01 3.88187408447266e-01
31 6.14257812500000e-01 3.77312660217285e-01
32 5.89843750000000e-01 3.47915649414062e-01
33 5.98144531250000e-01 3.57776880264282e-01
34 6.05957031250000e-01 3.67183923721313e-01
35 6.12792968750000e-01 3.75515222549438e-01
36 6.56738281250000e-01 4.31305170059204e-01
37 6.54785156250000e-01 4.28743600845337e-01
38 6.75781250000000e-01 4.56680297851562e-01
39 6.61621093750000e-01 4.37742471694946e-01
40 6.14746093750000e-01 3.77912759780884e-01
41 6.53808593750000e-01 4.27465677261353e-01
42 6.07910156250000e-01 3.69554758071899e-01
43 5.94238281250000e-01 3.53119134902954e-01
44 6.33789062500000e-01 4.01688575744629e-01
45 6.80664062500000e-01 4.63303565979004e-01
46 6.67968750000000e-01 4.46182250976562e-01
47 6.51855468750000e-01 4.24915552139282e-01
48 5.87890625000000e-01 3.45615386962891e-01
49 6.12304687500000e-01 3.74917030334473e-01
50 5.54199218750000e-01 3.07136774063110e-01
51 5.14160156250000e-01 2.64360666275024e-01
52 5.31738281250000e-01 2.82745599746704e-01
53 4.91699218750000e-01 2.41768121719360e-01
54 5.21972656250000e-01 2.72455453872681e-01
55 5.71289062500000e-01 3.26371192932129e-01
56 5.42480468750000e-01 2.94285058975220e-01
57 5.15625000000000e-01 2.65869140625000e-01
58 5.22460937500000e-01 2.72965431213379e-01
59 4.69726562500000e-01 2.20643043518066e-01
60 3.79394531250000e-01 1.43940210342407e-01
61 4.00390625000000e-01 1.60312652587891e-01
62 4.14062500000000e-01 1.71447753906250e-01
63 4.23828125000000e-01 1.79630279541016e-01
64 3.75000000000000e-01 1.40625000000000e-01
65 3.73535156250000e-01 1.39528512954712e-01
66 3.44238281250000e-01 1.18499994277954e-01
67 3.51562500000000e-01 1.23596191406250e-01
68 3.81347656250000e-01 1.45426034927368e-01
69 3.66210937500000e-01 1.34110450744629e-01
70 3.40332031250000e-01 1.15825891494751e-01
71 2.96875000000000e-01 8.81347656250000e-02
72 2.80273437500000e-01 7.85531997680664e-02
73 3.21777343750000e-01 1.03540658950806e-01
74 2.60253906250000e-01 6.77320957183838e-02
75 2.55859375000000e-01 6.54640197753906e-02
76 1.82617187500000e-01 3.33490371704102e-02
77 1.03515625000000e-01 1.07154846191406e-02
78 1.04003906250000e-01 1.08168125152588e-02
79 1.52832031250000e-01 2.33576297760010e-02
80 8.20312500000000e-02 6.72912597656250e-03
81 6.88476562500000e-02 4.73999977111816e-03
82 2.63671875000000e-02 6.95228576660156e-04
83 1.90429687500000e-02 3.62634658813477e-04
84 6.34765625000000e-03 4.02927398681641e-05
85 3.02734375000000e-02 9.16481018066406e-04
86 3.17382812500000e-02 1.00731849670410e-03
87 3.36914062500000e-02 1.13511085510254e-03
88 1.17187500000000e-02 1.37329101562500e-04
89 4.00390625000000e-02 1.60312652587891e-03
90 2.29492187500000e-02 5.26666641235352e-04
91 5.71289062500000e-02 3.26371192932129e-03
92 8.39843750000000e-02 7.05337524414062e-03
93 1.07910156250000e-01 1.16446018218994e-02
94 1.34277343750000e-01 1.80304050445557e-02
95 1.40625000000000e-01 1.97753906250000e-02
96 2.71484375000000e-01 7.37037658691406e-02
97 1.64550781250000e-01 2.70769596099854e-02
98 1.37207031250000e-01 1.88257694244385e-02
99 5.95703125000000e-02 3.54862213134766e-03
100 2.09960937500000e-02 4.40835952758789e-04
101 4.88281250000000e-04 2.38418579101562e-07
102 2.49023437500000e-02 6.20126724243164e-04
103 5.37109375000000e-03 2.88486480712891e-05
104 3.27148437500000e-02 1.07026100158691e-03
105 4.98046875000000e-02 2.48050689697266e-03
106 5.85937500000000e-03 3.43322753906250e-05
107 3.27148437500000e-02 1.07026100158691e-03
108 4.15039062500000e-02 1.72257423400879e-03
109 3.41796875000000e-03 1.16825103759766e-05
110 8.30078125000000e-03 6.89029693603516e-05
111 1.51367187500000e-02 2.29120254516602e-04
112 5.12695312500000e-02 2.62856483459473e-03
113 6.10351562500000e-02 3.72529029846191e-03
114 4.68750000000000e-02 2.19726562500000e-03
115 1.66015625000000e-02 2.75611877441406e-04
116 4.88281250000000e-03 2.38418579101562e-05
117 4.00390625000000e-02 1.60312652587891e-03
118 3.51562500000000e-02 1.23596191406250e-03
119 1.95312500000000e-02 3.81469726562500e-04
120 1.75781250000000e-02 3.08990478515625e-04
121 7.37304687500000e-02 5.43618202209473e-03
122 1.04003906250000e-01 1.08168125152588e-02
123 9.47265625000000e-02 8.97312164306641e-03
124 8.30078125000000e-02 6.89029693603516e-03
125 5.46875000000000e-02 2.99072265625000e-03
126 3.85742187500000e-02 1.48797035217285e-03
127 9.76562500000000e-02 9.53674316406250e-03
128 4.88281250000000e-04 2.38418579101562e-07
129 2.49023437500000e-02 6.20126724243164e-04
130 4.39453125000000e-02 1.93119049072266e-03
131 2.05078125000000e-02 4.20570373535156e-04
132 4.98046875000000e-02 2.48050689697266e-03
133 2.34375000000000e-02 5.49316406250000e-04
134 9.76562500000000e-04 9.53674316406250e-07
135 3.75976562500000e-02 1.41358375549316e-03
136 3.12500000000000e-02 9.76562500000000e-04
137 7.42187500000000e-02 5.50842285156250e-03
138 1.75781250000000e-02 3.08990478515625e-04
139 1.46484375000000e-03 2.14576721191406e-06
140 5.12695312500000e-02 2.62856483459473e-03
141 7.08007812500000e-02 5.01275062561035e-03
142 1.15722656250000e-01 1.33917331695557e-02
143 1.83105468750000e-01 3.35276126861572e-02
144 1.30371093750000e-01 1.69966220855713e-02
145 1.46484375000000e-01 2.14576721191406e-02
146 6.98242187500000e-02 4.87542152404785e-03
147 1.24023437500000e-01 1.53818130493164e-02
148 1.62597656250000e-01 2.64379978179932e-02
149 1.36230468750000e-01 1.85587406158447e-02
150 1.74316406250000e-01 3.03862094879150e-02
151 1.26464843750000e-01 1.59933567047119e-02
152 1.51855468750000e-01 2.30600833892822e-02
153 9.13085937500000e-02 8.33725929260254e-03
154 6.00585937500000e-02 3.60703468322754e-03
155 1.02539062500000e-01 1.05142593383789e-02
156 1.08398437500000e-01 1.17502212524414e-02
157 1.29882812500000e-01 1.68695449829102e-02
158 6.10351562500000e-02 3.72529029846191e-03
159 8.44726562500000e-02 7.13562965393066e-03
160 1.13281250000000e-01 1.28326416015625e-02
161 1.59179687500000e-01 2.53381729125977e-02
162 1.43554687500000e-01 2.06079483032227e-02
163 1.27929687500000e-01 1.63660049438477e-02
164 7.71484375000000e-02 5.95188140869141e-03
165 1.24023437500000e-01 1.53818130493164e-02
166 6.05468750000000e-02 3.66592407226562e-03
167 6.78710937500000e-02 4.60648536682129e-03
168 7.32421875000000e-02 5.36441802978516e-03
169 8.49609375000000e-02 7.21836090087891e-03
170 6.20117187500000e-02 3.84545326232910e-03
171 1.30859375000000e-01 1.71241760253906e-02
172 5.12695312500000e-02 2.62856483459473e-03
173 2.44140625000000e-02 5.96046447753906e-04
174 3.51562500000000e-02 1.23596191406250e-03
175 4.58984375000000e-02 2.10666656494141e-03
176 3.80859375000000e-02 1.45053863525391e-03
177 9.76562500000000e-04 9.53674316406250e-07
178 3.36914062500000e-02 1.13511085510254e-03
179 4.34570312500000e-02 1.88851356506348e-03
180 9.08203125000000e-02 8.24832916259766e-03
181 1.83593750000000e-01 3.37066650390625e-02
182 1.51855468750000e-01 2.30600833892822e-02
183 2.54882812500000e-01 6.49652481079102e-02
184 3.15917968750000e-01 9.98041629791260e-02
185 3.04687500000000e-01 9.28344726562500e-02
186 3.41796875000000e-01 1.16825103759766e-01
187 3.16894531250000e-01 1.00422143936157e-01
188 2.59765625000000e-01 6.74781799316406e-02
189 2.34863281250000e-01 5.51607608795166e-02
190 2.85156250000000e-01 8.13140869140625e-02
191 2.89550781250000e-01 8.38396549224854e-02
192 2.49511718750000e-01 6.22560977935791e-02
193 1.96289062500000e-01 3.85293960571289e-02
194 2.78808593750000e-01 7.77342319488525e-02
195 3.19335937500000e-01 1.01975440979004e-01
196 3.20800781250000e-01 1.02913141250610e-01
197 2.95898437500000e-01 8.75558853149414e-02
198 3.44726562500000e-01 1.18836402893066e-01
199 3.33007812500000e-01 1.10894203186035e-01
200 2.96875000000000e-01 8.81347656250000e-02
201 3.38867187500000e-01 1.14830970764160e-01
202 3.83300781250000e-01 1.46919488906860e-01
203 3.73535156250000e-01 1.39528512954712e-01
204 3.58398437500000e-01 1.28449440002441e-01
205 3.81347656250000e-01 1.45426034927368e-01
206 3.57421875000000e-01 1.27750396728516e-01
207 3.71582031250000e-01 1.38073205947876e-01
208 3.97949218750000e-01 1.58363580703735e-01
209 4.27246093750000e-01 1.82539224624634e-01
210 4.15039062500000e-01 1.72257423400879e-01
211 3.67187500000000e-01 1.34826660156250e-01
212 3.26660156250000e-01 1.06706857681274e-01
213 3.29101562500000e-01 1.08307838439941e-01
214 3.11523437500000e-01 9.70468521118164e-02
215 3.52050781250000e-01 1.23939752578735e-01
216 3.90136718750000e-01 1.52206659317017e-01
217 3.95507812500000e-01 1.56426429748535e-01
218 4.04785156250000e-01 1.63851022720337e-01
219 3.49609375000000e-01 1.22226715087891e-01
220 3.28613281250000e-01 1.07986688613892e-01
221 3.82324218750000e-01 1.46171808242798e-01
222 3.44238281250000e-01 1.18499994277954e-01
223 3.02246093750000e-01 9.13527011871338e-02
224 3.16406250000000e-01 1.00112915039062e-01
225 3.36425781250000e-01 1.13182306289673e-01
226 4.30664062500000e-01 1.85471534729004e-01
227 4.79980468750000e-01 2.30381250381470e-01
228 3.68652343750000e-01 1.35904550552368e-01
229 3.15429687500000e-01 9.94958877563477e-02
230 3.48632812500000e-01 1.21544837951660e-01
231 3.36914062500000e-01 1.13511085510254e-01
232 3.86718750000000e-01 1.49551391601562e-01
233 3.73046875000000e-01 1.39163970947266e-01
234 2.83691406250000e-01 8.04808139801025e-02
235 3.42285156250000e-01 1.17159128189087e-01
236 3.30566406250000e-01 1.09274148941040e-01
237 3.70605468750000e-01 1.37348413467407e-01
238 4.27246093750000e-01 1.82539224624634e-01
239 4.22363281250000e-01 1.78390741348267e-01
240 4.14062500000000e-01 1.71447753906250e-01
241 4.49707031250000e-01 2.02236413955688e-01
242 3.62792968750000e-01 1.31618738174438e-01
243 4.11132812500000e-01 1.69030189514160e-01
244 3.96484375000000e-01 1.57199859619141e-01
245 3.43261718750000e-01 1.17828607559204e-01
246 3.49609375000000e-01 1.22226715087891e-01
247 3.56933593750000e-01 1.27401590347290e-01
248 3.70117187500000e-01 1.36986732482910e-01
249 3.87695312500000e-01 1.50307655334473e-01
250 4.47753906250000e-01 2.00483560562134e-01
251 4.63378906250000e-01 2.14720010757446e-01
252 4.48730468750000e-01 2.01359033584595e-01
253 3.54492187500000e-01 1.25664710998535e-01
254 3.61328125000000e-01 1.30558013916016e-01
255 3.08105468750000e-01 9.49289798736572e-02
256 3.49121093750000e-01 1.21885538101196e-01
257 3.54492187500000e-01 1.25664710998535e-01
258 3.27148437500000e-01 1.07026100158691e-01
259 3.03710937500000e-01 9.22403335571289e-02
260 3.07128906250000e-01 9.43281650543213e-02
261 3.58398437500000e-01 1.28449440002441e-01
262 3.79394531250000e-01 1.43940210342407e-01
263 4.60449218750000e-01 2.12013483047485e-01
264 4.43359375000000e-01 1.96567535400391e-01
265 3.74023437500000e-01 1.39893531799316e-01
266 2.96386718750000e-01 8.78450870513916e-02
267 2.83203125000000e-01 8.02040100097656e-02
268 3.31542968750000e-01 1.09920740127563e-01
269 3.46679687500000e-01 1.20186805725098e-01
270 3.15917968750000e-01 9.98041629791260e-02
271 3.26660156250000e-01 1.06706857681274e-01
272 4.46289062500000e-01 1.99173927307129e-01
273 4.30664062500000e-01 1.85471534729004e-01
274 4.41894531250000e-01 1.95270776748657e-01
275 4.08203125000000e-01 1.66629791259766e-01
276 4.09667968750000e-01 1.67827844619751e-01
277 3.72558593750000e-01 1.38799905776978e-01
278 3.88671875000000e-01 1.51065826416016e-01
279 3.68652343750000e-01 1.35904550552368e-01
280 3.48632812500000e-01 1.21544837951660e-01
281 3.24218750000000e-01 1.05117797851562e-01
282 3.76953125000000e-01 1.42093658447266e-01
283 4.08691406250000e-01 1.67028665542603e-01
284 4.20898437500000e-01 1.77155494689941e-01
285 4.86328125000000e-01 2.36515045166016e-01
286 4.96582031250000e-01 2.46593713760376e-01
287 4.43847656250000e-01 1.97000741958618e-01
288 3.94531250000000e-01 1.55654907226562e-01
289 4.15527343750000e-01 1.72662973403931e-01
290 4.43359375000000e-01 1.96567535400391e-01
291 4.21386718750000e-01 1.77566766738892e-01
292 4.30175781250000e-01 1.85051202774048e-01
293 4.18457031250000e-01 1.75106287002563e-01
294 4.15039062500000e-01 1.72257423400879e-01
295 4.36035156250000e-01 1.90126657485962e-01
296 4.25781250000000e-01 1.81289672851562e-01
297 4.28710937500000e-01 1.83793067932129e-01
298 4.49707031250000e-01 2.02236413955688e-01
299 4.44824218750000e-01 1.97868585586548e-01
300 4.03808593750000e-01 1.63061380386353e-01
301 4.05273437500000e-01 1.64246559143066e-01
302 4.42382812500000e-01 1.95702552795410e-01
303 4.35058593750000e-01 1.89275979995728e-01
304 4.48242187500000e-01 2.00921058654785e-01
305 4.77050781250000e-01 2.27577447891235e-01
306 4.35546875000000e-01 1.89701080322266e-01
307 4.28222656250000e-01 1.83374643325806e-01
308 4.64843750000000e-01 2.16079711914062e-01
309 4.83886718750000e-01 2.34146356582642e-01
310 4.30175781250000e-01 1.85051202774048e-01
311 4.16015625000000e-01 1.73069000244141e-01
312 3.78906250000000e-01 1.43569946289062e-01
313 3.81347656250000e-01 1.45426034927368e-01
314 3.12011718750000e-01 9.73513126373291e-02
315 2.92480468750000e-01 8.55448246002197e-02
316 2.66113281250000e-01 7.08162784576416e-02
317 2.49023437500000e-01 6.20126724243164e-02
318 2.41699218750000e-01 5.84185123443604e-02
319 2.53417968750000e-01 6.42206668853760e-02
320 2.47070312500000e-01 6.10437393188477e-02
321 3.00292968750000e-01 9.01758670806885e-02
322 2.96875000000000e-01 8.81347656250000e-02
323 3.32031250000000e-01 1.10244750976562e-01
324 2.79296875000000e-01 7.80067443847656e-02
325 2.30468750000000e-01 5.31158447265625e-02
326 1.62109375000000e-01 2.62794494628906e-02
327 2.75878906250000e-01 7.61091709136963e-02
328 2.29003906250000e-01 5.24427890777588e-02
329 1.83593750000000e-01 3.37066650390625e-02
330 1.90429687500000e-01 3.62634658813477e-02
331 1.82128906250000e-01 3.31709384918213e-02
332 2.00683593750000e-01 4.02739048004150e-02
333 2.23144531250000e-01 4.97934818267822e-02
334 2.95410156250000e-01 8.72671604156494e-02
335 2.25585937500000e-01 5.08890151977539e-02
336 2.47558593750000e-01 6.12852573394775e-02
337 2.16308593750000e-01 4.67894077301025e-02
338 1.13769531250000e-01 1.29435062408447e-02
339 9.91210937500000e-02 9.82499122619629e-03
340 1.59667968750000e-01 2.54938602447510e-02
341 1.47460937500000e-01 2.17447280883789e-02
342 1.82128906250000e-01 3.31709384918213e-02
343 1.36718750000000e-01 1.86920166015625e-02
344 1.96289062500000e-01 3.85293960571289e-02
345 9.52148437500000e-02 9.06586647033691e-03
346 7.86132812500000e-02 6.18004798889160e-03
347 1.07910156250000e-01 1.16446018218994e-02
348 4.54101562500000e-02 2.06208229064941e-03
349 5.85937500000000e-03 3.43322753906250e-05
350 9.71679687500000e-02 9.44161415100098e-03
351 1.21093750000000e-01 1.46636962890625e-02
352 1.69433593750000e-01 2.87077426910400e-02
353 1.49414062500000e-01 2.23245620727539e-02
354 1.85546875000000e-01 3.44276428222656e-02
355 2.26562500000000e-01 5.13305664062500e-02
356 2.04101562500000e-01 4.16574478149414e-02
357 2.02148437500000e-01 4.08639907836914e-02
358 2.33398437500000e-01 5.44748306274414e-02
359 2.35351562500000e-01 5.53903579711914e-02
360 2.56347656250000e-01 6.57141208648682e-02
361 2.51953125000000e-01 6.34803771972656e-02
362 2.18750000000000e-01 4.78515625000000e-02
363 1.62109375000000e-01 2.62794494628906e-02
364 1.32812500000000e-01 1.76391601562500e-02
365 1.09375000000000e-01 1.19628906250000e-02
366 1.23535156250000e-01 1.52609348297119e-02
367 7.61718750000000e-02 5.80215454101562e-03
368 8.10546875000000e-02 6.56986236572266e-03
369 7.51953125000000e-02 5.65433502197266e-03
370 2.97851562500000e-02 8.87155532836914e-04
371 6.83593750000000e-03 4.67300415039062e-05
372 1.04492187500000e-01 1.09186172485352e-02
373 9.76562500000000e-02 9.53674316406250e-03
374 1.13281250000000e-01 1.28326416015625e-02
375 1.30371093750000e-01 1.69966220855713e-02
376 1.21093750000000e-01 1.46636962890625e-02
377 2.21679687500000e-01 4.91418838500977e-02
378 1.95800781250000e-01 3.83379459381104e-02
379 1.41601562500000e-01 2.00510025024414e-02
380 1.35742187500000e-01 1.84259414672852e-02
381 1.64550781250000e-01 2.70769596099854e-02
382 1.34765625000000e-01 1.81617736816406e-02
383 4.98046875000000e-02 2.48050689697266e-03
384 6.64062500000000e-02 4.40979003906250e-03
385 5.71289062500000e-02 3.26371192932129e-03
386 1.14746093750000e-01 1.31666660308838e-02
387 1.90429687500000e-01 3.62634658813477e-02
388 1.49902343750000e-01 2.24707126617432e-02
389 1.95800781250000e-01 3.83379459381104e-02
390 2.99804687500000e-01 8.98828506469727e-02
391 2.12890625000000e-01 4.53224182128906e-02
392 2.85156250000000e-01 8.13140869140625e-02
393 3.89648437500000e-01 1.51825904846191e-01
394 3.04199218750000e-01 9.25371646881104e-02
395 2.22656250000000e-01 4.95758056640625e-02
396 2.54394531250000e-01 6.47165775299072e-02
397 2.49511718750000e-01 6.22560977935791e-02
398 3.27148437500000e-01 1.07026100158691e-01
399 3.72070312500000e-01 1.38436317443848e-01
400 3.68164062500000e-01 1.35544776916504e-01
401 3.76953125000000e-01 1.42093658447266e-01
402 3.29101562500000e-01 1.08307838439941e-01
403 3.82812500000000e-01 1.46545410156250e-01
404 4.20410156250000e-01 1.76744699478149e-01
405 4.58984375000000e-01 2.10666656494141e-01
406 4.12597656250000e-01 1.70236825942993e-01
407 4.05273437500000e-01 1.64246559143066e-01
408 4.35058593750000e-01 1.89275979995728e-01
409 4.14550781250000e-01 1.71852350234985e-01
410 4.07714843750000e-01 1.66231393814087e-01
411 4.41894531250000e-01 1.95270776748657e-01
412 5.11230468750000e-01 2.61356592178345e-01
413 4.49218750000000e-01 2.01797485351562e-01
414 4.76562500000000e-01 2.27111816406250e-01
415 4.28710937500000e-01 1.83793067932129e-01
416 4.11621093750000e-01 1.69431924819946e-01
417 4.31640625000000e-01 1.86313629150391e-01
418 5.11718750000000e-01 2.61856079101562e-01
419 5.00976562500000e-01 2.50977516174316e-01
420 4.79492187500000e-01 2.29912757873535e-01
421 5.08789062500000e-01 2.58866310119629e-01
422 5.81054687500000e-01 3.37624549865723e-01
423 5.69335937500000e-01 3.24143409729004e-01
424 6.13769531250000e-01 3.76713037490845e-01
425 5.90332031250000e-01 3.48491907119751e-01
426 5.53222656250000e-01 3.06055307388306e-01
427 6.00097656250000e-01 3.60117197036743e-01
428 4.66308593750000e-01 2.17443704605103e-01
429 4.50683593750000e-01 2.03115701675415e-01
430 5.66894531250000e-01 3.21369409561157e-01
431 5.44433593750000e-01 2.96407938003540e-01
432 6.11816406250000e-01 3.74319314956665e-01
433 5.81054687500000e-01 3.37624549865723e-01
434 6.31835937500000e-01 3.99216651916504e-01
435 6.35253906250000e-01 4.03547525405884e-01
436 6.26953125000000e-01 3.93070220947266e-01
437 6.15722656250000e-01 3.79114389419556e-01
438 5.85449218750000e-01 3.42750787734985e-01
439 5.60546875000000e-01 3.14212799072266e-01
440 6.91406250000000e-01 4.78042602539062e-01
441 6.46484375000000e-01 4.17942047119141e-01
442 6.73828125000000e-01 4.54044342041016e-01
443 6.30371093750000e-01 3.97367715835571e-01
444 6.31347656250000e-01 3.98599863052368e-01
445 6.46484375000000e-01 4.17942047119141e-01
446 6.63085937500000e-01 4.39682960510254e-01
447 6.09375000000000e-01 3.71337890625000e-01
448 6.21093750000000e-01 3.85757446289062e-01
449 6.52832031250000e-01 4.26189661026001e-01
450 7.07031250000000e-01 4.99893188476562e-01
451 6.95312500000000e-01 4.83459472656250e-01
452 6.63574218750000e-01 4.40330743789673e-01
453 6.05957031250000e-01 3.67183923721313e-01
454 5.85449218750000e-01 3.42750787734985e-01
455 6.90429687500000e-01 4.76693153381348e-01
456 6.85546875000000e-01 4.69974517822266e-01
457 6.82617187500000e-01 4.65966224670410e-01
458 7.09472656250000e-01 5.03351449966431e-01
459 7.42675781250000e-01 5.51567316055298e-01
460 7.36816406250000e-01 5.42898416519165e-01
461 7.54882812500000e-01 5.69848060607910e-01
462 7.62207031250000e-01 5.80959558486938e-01
463 7.87597656250000e-01 6.20310068130493e-01
464 6.82617187500000e-01 4.65966224670410e-01
465 6.32324218750000e-01 3.99833917617798e-01
466 6.69921875000000e-01 4.48795318603516e-01
467 6.79687500000000e-01 4.61975097656250e-01
468 6.34765625000000e-01 4.02927398681641e-01
469 5.98144531250000e-01 3.57776880264282e-01
470 6.14257812500000e-01 3.77312660217285e-01
471 5.52734375000000e-01 3.05515289306641e-01
472 5.95703125000000e-01 3.54862213134766e-01
473 5.83984375000000e-01 3.41037750244141e-01
474 6.12304687500000e-01 3.74917030334473e-01
475 6.19140625000000e-01 3.83335113525391e-01
476 5.93261718750000e-01 3.51959466934204e-01
477 6.14746093750000e-01 3.77912759780884e-01
478 6.54785156250000e-01 4.28743600845337e-01
479 6.18652343750000e-01 3.82730722427368e-01
480 6.41113281250000e-01 4.11026239395142e-01
481 6.24023437500000e-01 3.89405250549316e-01
482 5.63964843750000e-01 3.18056344985962e-01
483 5.72753906250000e-01 3.28047037124634e-01
484 5.72753906250000e-01 3.28047037124634e-01
485 5.83984375000000e-01 3.41037750244141e-01
486 5.89843750000000e-01 3.47915649414062e-01
487 5.92773437500000e-01 3.51380348205566e-01
488 5.83496093750000e-01 3.40467691421509e-01
489 6.33300781250000e-01 4.01069879531860e-01
490 6.50390625000000e-01 4.23007965087891e-01
491 7.05566406250000e-01 4.97823953628540e-01
492 7.09960937500000e-01 5.04044532775879e-01
493 7.01171875000000e-01 4.91641998291016e-01
494 7.23144531250000e-01 5.22938013076782e-01
495 6.64062500000000e-01 4.40979003906250e-01
496 6.89453125000000e-01 4.75345611572266e-01
497 6.66503906250000e-01 4.44227457046509e-01
498 6.69433593750000e-01 4.48141336441040e-01
499 6.48437500000000e-01 4.20471191406250e-01
500 5.95703125000000e-01 3.54862213134766e-01
501 6.41113281250000e-01 4.11026239395142e-01
502 5.77636718750000e-01 3.33664178848267e-01
503 6.04980468750000e-01 3.66001367568970e-01
504 6.38183593750000e-01 4.07278299331665e-01
505 5.90820312500000e-01 3.49068641662598e-01
506 6.18164062500000e-01 3.82126808166504e-01
507 5.41992187500000e-01 2.93755531311035e-01
508 6.05468750000000e-01 3.66592407226562e-01
509 6.79199218750000e-01 4.61311578750610e-01
510 6.94824218750000e-01 4.82780694961548e-01
511 7.07519531250000e-01 5.00583887100220e-01
512 6.40625000000000e-01 4.10400390625000e-01
513 6.25000000000000e-01 3.90625000000000e-01
514 6.03027343750000e-01 3.63641977310181e-01
515 6.11328125000000e-01 3.73722076416016e-01
516 6.13281250000000e-01 3.76113891601562e-01
517 5.92773437500000e-01 3.51380348205566e-01
518 5.42968750000000e-01 2.94815063476562e-01
519 6.13281250000000e-01 3.76113891601562e-01
520 6.04492187500000e-01 3.65410804748535e-01
521 5.97656250000000e-01 3.57192993164062e-01
522 6.11816406250000e-01 3.74319314956665e-01
523 5.93750000000000e-01 3.52539062500000e-01
524 6.22558593750000e-01 3.87579202651978e-01
525 5.62011718750000e-01 3.15857172012329e-01
526 5.23925781250000e-01 2.74498224258423e-01
527 5.13671875000000e-01 2.63858795166016e-01
528 5.39062500000000e-01 2.90588378906250e-01
529 5.66406250000000e-01 3.20816040039062e-01
530 5.73730468750000e-01 3.29166650772095e-01
531 5.85449218750000e-01 3.42750787734985e-01
532 5.93261718750000e-01 3.51959466934204e-01
533 6.26464843750000e-01 3.92458200454712e-01
534 7.21191406250000e-01 5.20117044448853e-01
535 7.00683593750000e-01 4.90957498550415e-01
536 7.30957031250000e-01 5.34298181533813e-01
537 6.58691406250000e-01 4.33874368667603e-01
538 6.69433593750000e-01 4.48141336441040e-01
539 7.21191406250000e-01 5.20117044448853e-01
540 7.33886718750000e-01 5.38589715957642e-01
541 7.10449218750000e-01 5.04738092422485e-01
542 6.79687500000000e-01 4.61975097656250e-01
543 6.87988281250000e-01 4.73327875137329e-01
544 6.21093750000000e-01 3.85757446289062e-01
545 6.36718750000000e-01 4.05410766601562e-01
546 5.87890625000000e-01 3.45615386962891e-01
547 6.26953125000000e-01 3.93070220947266e-01
548 6.69921875000000e-01 4.48795318603516e-01
549 6.79687500000000e-01 4.61975097656250e-01
550 7.14355468750000e-01 5.10303735733032e-01
551 6.46484375000000e-01 4.17942047119141e-01
552 6.31347656250000e-01 3.98599863052368e-01
553 6.49902343750000e-01 4.22373056411743e-01
554 5.99609375000000e-01 3.59531402587891e-01
555 5.72753906250000e-01 3.28047037124634e-01
556 4.75585937500000e-01 2.26181983947754e-01
557 4.22851562500000e-01 1.78803443908691e-01
558 4.50195312500000e-01 2.02675819396973e-01
559 4.88769531250000e-01 2.38895654678345e-01
560 5.03417968750000e-01 2.53429651260376e-01
561 4.54589843750000e-01 2.06651926040649e-01
562 4.21386718750000e-01 1.77566766738892e-01
563 3.91113281250000e-01 1.52969598770142e-01
564 2.94921875000000e-01 8.69789123535156e-02
565 3.51074218750000e-01 1.23253107070923e-01
566 3.33984375000000e-01 1.11545562744141e-01
567 3.53515625000000e-01 1.24973297119141e-01
568 2.65136718750000e-01 7.02974796295166e-02
569 2.07031250000000e-01 4.28619384765625e-02
570 2.08984375000000e-01 4.36744689941406e-02
571 2.52441406250000e-01 6.37266635894775e-02
572 2.73925781250000e-01 7.50353336334229e-02
573 3.06640625000000e-01 9.40284729003906e-02
574 2.79785156250000e-01 7.82797336578369e-02
575 2.60253906250000e-01 6.77320957183838e-02
576 2.37792968750000e-01 5.65454959869385e-02
577 2.85644531250000e-01 8.15927982330322e-02
578 3.27636718750000e-01 1.07345819473267e-01
579 2.70996093750000e-01 7.34388828277588e-02
580 2.68066406250000e-01 7.18595981597900e-02
581 2.53417968750000e-01 6.42206668853760e-02
582 1.74316406250000e-01 3.03862094879150e-02
583 2.92480468750000e-01 8.55448246002197e-02
584 3.51562500000000e-01 1.23596191406250e-01
585 3.67187500000000e-01 1.34826660156250e-01
586 3.39843750000000e-01 1.15493774414062e-01
587 3.36425781250000e-01 1.13182306289673e-01
588 4.51171875000000e-01 2.03556060791016e-01
589 4.16992187500000e-01 1.73882484436035e-01
590 5.00976562500000e-01 2.50977516174316e-01
591 5.38574218750000e-01 2.90062189102173e-01
592 5.90332031250000e-01 3.48491907119751e-01
593 5.86425781250000e-01 3.43895196914673e-01
594 6.13281250000000e-01 3.76113891601562e-01
595 6.37695312500000e-01 4.06655311584473e-01
596 6.61621093750000e-01 4.37742471694946e-01
597 6.47949218750000e-01 4.19838190078735e-01
598 6.44531250000000e-01 4.15420532226562e-01
599 7.01171875000000e-01 4.91641998291016e-01
600 6.37207031250000e-01 4.06032800674438e-01
601 6.66015625000000e-01 4.43576812744141e-01
602 6.51855468750000e-01 4.24915552139282e-01
603 6.70898437500000e-01 4.50104713439941e-01
604 6.54785156250000e-01 4.28743600845337e-01
605 6.39160156250000e-01 4.08525705337524e-01
606 6.78710937500000e-01 4.60648536682129e-01
607 6.65527343750000e-01 4.42926645278931e-01
608 6.69433593750000e-01 4.48141336441040e-01
609 7.08007812500000e-01 5.01275062561035e-01
610 7.12890625000000e-01 5.08213043212891e-01
611 6.49414062500000e-01 4.21738624572754e-01
612 6.11328125000000e-01 3.73722076416016e-01
613 6.85058593750000e-01 4.69305276870728e-01
614 7.06542968750000e-01 4.99202966690063e-01
615 7.34375000000000e-01 5.39306640625000e-01
616 6.70410156250000e-01 4.49449777603149e-01
617 6.60644531250000e-01 4.36451196670532e-01
618 6.97753906250000e-01 4.86860513687134e-01
619 7.81250000000000e-01 6.10351562500000e-01
620 7.76855468750000e-01 6.03504419326782e-01
621 7.43164062500000e-01 5.52292823791504e-01
622 7.04101562500000e-01 4.95759010314941e-01
623 6.59667968750000e-01 4.35161828994751e-01
624 6.12304687500000e-01 3.74917030334473e-01
625 6.61621093750000e-01 4.37742471694946e-01
626 6.51367187500000e-01 4.24279212951660e-01
627 6.76757812500000e-01 4.58001136779785e-01
628 7.23632812500000e-01 5.23644447326660e-01
629 6.59667968750000e-01 4.35161828994751e-01
630 5.78613281250000e-01 3.34793329238892e-01
631 6.15234375000000e-01 3.78513336181641e-01
632 5.65429687500000e-01 3.19710731506348e-01
633 5.74707031250000e-01 3.30288171768188e-01
634 5.35644531250000e-01 2.86915063858032e-01
635 5.08300781250000e-01 2.58369684219360e-01
636 5.08300781250000e-01 2.58369684219360e-01
637 5.25878906250000e-01 2.76548624038696e-01
638 5.61523437500000e-01 3.15308570861816e-01
639 5.29296875000000e-01 2.80155181884766e-01
640 5.77148437500000e-01 3.33100318908691e-01
641 6.10839843750000e-01 3.73125314712524e-01
642 5.83984375000000e-01 3.41037750244141e-01
643 6.32812500000000e-01 4.00451660156250e-01
644 5.85449218750000e-01 3.42750787734985e-01
645 6.41113281250000e-01 4.11026239395142e-01
646 5.47363281250000e-01 2.99606561660767e-01
647 5.55664062500000e-01 3.08762550354004e-01
648 5.91308593750000e-01 3.49645853042603e-01
649 5.98632812500000e-01 3.58361244201660e-01
650 5.69335937500000e-01 3.24143409729004e-01
651 5.42480468750000e-01 2.94285058975220e-01
652 5.67382812500000e-01 3.21923255920410e-01
653 5.19531250000000e-01 2.69912719726562e-01
654 5.44433593750000e-01 2.96407938003540e-01
655 6.18164062500000e-01 3.82126808166504e-01
656 6.30371093750000e-01 3.97367715835571e-01
657 6.67968750000000e-01 4.46182250976562e-01
658 6.88476562500000e-01 4.73999977111816e-01
659 6.53320312500000e-01 4.26827430725098e-01
660 6.47460937500000e-01 4.19205665588379e-01
661 7.01171875000000e-01 4.91641998291016e-01
662 6.88964843750000e-01 4.74672555923462e-01
663 6.78222656250000e-01 4.59985971450806e-01
664 6.38183593750000e-01 4.07278299331665e-01
665 7.12402343750000e-01 5.07517099380493e-01
666 6.88476562500000e-01 4.73999977111816e-01
667 6.64062500000000e-01 4.40979003906250e-01
668 6.71875000000000e-01 4.51416015625000e-01
669 6.67968750000000e-01 4.46182250976562e-01
670 6.70410156250000e-01 4.49449777603149e-01
671 6.63574218750000e-01 4.40330743789673e-01
672 6.52343750000000e-01 4.25552368164062e-01
673 6.33300781250000e-01 4.01069879531860e-01
674 6.46972656250000e-01 4.18573617935181e-01
675 6.20605468750000e-01 3.85151147842407e-01
676 6.44531250000000e-01 4.15420532226562e-01
677 6.02050781250000e-01 3.62465143203735e-01
678 5.88867187500000e-01 3.46764564514160e-01
679 5.75683593750000e-01 3.31411600112915e-01
680 5.90332031250000e-01 3.48491907119751e-01
681 5.84960937500000e-01 3.42179298400879e-01
682 5.55664062500000e-01 3.08762550354004e-01
683 5.02929687500000e-01 2.52938270568848e-01
684 5.07812500000000e-01 2.57873535156250e-01
685 5.98144531250000e-01 3.57776880264282e-01
686 6.02539062500000e-01 3.63053321838379e-01
687 6.04003906250000e-01 3.64820718765259e-01
688 6.11816406250000e-01 3.74319314956665e-01
689 6.23535156250000e-01 3.88796091079712e-01
690 6.44042968750000e-01 4.14791345596313e-01
691 6.03515625000000e-01 3.64231109619141e-01
692 6.00097656250000e-01 3.60117197036743e-01
693 6.18652343750000e-01 3.82730722427368e-01
694 6.71875000000000e-01 4.51416015625000e-01
695 6.30371093750000e-01 3.97367715835571e-01
696 6.52832031250000e-01 4.26189661026001e-01
697 6.21093750000000e-01 3.85757446289062e-01
698 6.10839843750000e-01 3.73125314712524e-01
699 6.33789062500000e-01 4.01688575744629e-01
700 6.16699218750000e-01 3.80317926406860e-01
701 6.04003906250000e-01 3.64820718765259e-01
702 6.16210937500000e-01 3.79715919494629e-01
703 5.97656250000000e-01 3.57192993164062e-01
704 6.59667968750000e-01 4.35161828994751e-01
705 6.67968750000000e-01 4.46182250976562e-01
706 6.86035156250000e-01 4.70644235610962e-01
707 6.89941406250000e-01 4.76019144058228e-01
708 7.04101562500000e-01 4.95759010314941e-01
709 6.63574218750000e-01 4.40330743789673e-01
710 6.81640625000000e-01 4.64633941650391e-01
711 7.63671875000000e-01 5.83194732666016e-01
712 7.91503906250000e-01 6.26478433609009e-01
713 7.72949218750000e-01 5.97450494766235e-01
714 7.57324218750000e-01 5.73539972305298e-01
715 6.89453125000000e-01 4.75345611572266e-01
716 6.94335937500000e-01 4.82102394104004e-01
717 6.80664062500000e-01 4.63303565979004e-01
718 6.87988281250000e-01 4.73327875137329e-01
719 6.98242187500000e-01 4.87542152404785e-01
720 6.60156250000000e-01 4.35806274414062e-01
721 7.13867187500000e-01 5.09606361389160e-01
722 7.08496093750000e-01 5.01966714859009e-01
723 6.79199218750000e-01 4.61311578750610e-01
724 6.60156250000000e-01 4.35806274414062e-01
725 6.20605468750000e-01 3.85151147842407e-01
726 6.58691406250000e-01 4.33874368667603e-01
727 6.36230468750000e-01 4.04789209365845e-01
728 6.71386718750000e-01 4.50760126113892e-01
729 6.52343750000000e-01 4.25552368164062e-01
730 6.42089843750000e-01 4.12279367446899e-01
731 5.88378906250000e-01 3.46189737319946e-01
732 5.99121093750000e-01 3.58946084976196e-01
733 5.10253906250000e-01 2.60359048843384e-01
734 5.55664062500000e-01 3.08762550354004e-01
735 5.31250000000000e-01 2.82226562500000e-01
736 4.95605468750000e-01 2.45624780654907e-01
737 5.22460937500000e-01 2.72965431213379e-01
738 5.95214843750000e-01 3.54280710220337e-01
739 5.76660156250000e-01 3.32536935806274e-01
740 5.39062500000000e-01 2.90588378906250e-01
741 5.66894531250000e-01 3.21369409561157e-01
742 6.19140625000000e-01 3.83335113525391e-01
743 5.66406250000000e-01 3.20816040039062e-01
744 5.93261718750000e-01 3.51959466934204e-01
745 5.42480468750000e-01 2.94285058975220e-01
746 5.30273437500000e-01 2.81189918518066e-01
747 4.93652343750000e-01 2.43692636489868e-01
748 5.21484375000000e-01 2.71945953369141e-01
749 4.93164062500000e-01 2.43210792541504e-01
750 4.81445312500000e-01 2.31789588928223e-01
751 4.88769531250000e-01 2.38895654678345e-01
752 5.14160156250000e-01 2.64360666275024e-01
753 5.10253906250000e-01 2.60359048843384e-01
754 5.47363281250000e-01 2.99606561660767e-01
755 5.41503906250000e-01 2.93226480484009e-01
756 5.46875000000000e-01 2.99072265625000e-01
757 5.68847656250000e-01 3.23587656021118e-01
758 5.93261718750000e-01 3.51959466934204e-01
759 5.80566406250000e-01 3.37057352066040e-01
760 5.62988281250000e-01 3.16955804824829e-01
761 5.90820312500000e-01 3.49068641662598e-01
762 6.20117187500000e-01 3.84545326232910e-01
763 6.11816406250000e-01 3.74319314956665e-01
764 5.88867187500000e-01 3.46764564514160e-01
765 5.68359375000000e-01 3.23032379150391e-01
766 5.18554687500000e-01 2.68898963928223e-01
767 4.40917968750000e-01 1.94408655166626e-01
768 4.56542968750000e-01 2.08431482315063e-01
769 4.75585937500000e-01 2.26181983947754e-01
770 4.16992187500000e-01 1.73882484436035e-01
771 3.84765625000000e-01 1.48044586181641e-01
772 4.12109375000000e-01 1.69834136962891e-01
773 3.99902343750000e-01 1.59921884536743e-01
774 3.84765625000000e-01 1.48044586181641e-01
775 3.14453125000000e-01 9.88807678222656e-02
776 3.38867187500000e-01 1.14830970764160e-01
777 2.70996093750000e-01 7.34388828277588e-02
778 2.50488281250000e-01 6.27443790435791e-02
779 2.73925781250000e-01 7.50353336334229e-02
780 2.29003906250000e-01 5.24427890777588e-02
781 2.05078125000000e-01 4.20570373535156e-02
782 2.05566406250000e-01 4.22575473785400e-02
783 2.33886718750000e-01 5.47029972076416e-02
784 1.84082031250000e-01 3.38861942291260e-02
785 1.80175781250000e-01 3.24633121490479e-02
786 2.21191406250000e-01 4.89256381988525e-02
787 1.49414062500000e-01 2.23245620727539e-02
788 1.42089843750000e-01 2.01895236968994e-02
789 2.01660156250000e-01 4.06668186187744e-02
790 1.89941406250000e-01 3.60777378082275e-02
791 1.68457031250000e-01 2.83777713775635e-02
792 1.78710937500000e-01 3.19375991821289e-02
793 1.70898437500000e-01 2.92062759399414e-02
794 1.40136718750000e-01 1.96382999420166e-02
795 1.10839843750000e-01 1.22854709625244e-02
796 1.19140625000000e-01 1.41944885253906e-02
797 1.25000000000000e-01 1.56250000000000e-02
798 7.32421875000000e-02 5.36441802978516e-03
799 3.90625000000000e-03 1.52587890625000e-05
800 6.83593750000000e-03 4.67300415039062e-05
801 1.51367187500000e-02 2.29120254516602e-04
802 2.63671875000000e-02 6.95228576660156e-04
803 8.30078125000000e-02 6.89029693603516e-03
804 9.17968750000000e-02 8.42666625976562e-03
805 1.18652343750000e-01 1.40783786773682e-02
806 6.64062500000000e-02 4.40979003906250e-03
807 9.08203125000000e-02 8.24832916259766e-03
808 1.09863281250000e-01 1.20699405670166e-02
809 2.15820312500000e-01 4.65784072875977e-02
810 2.74902343750000e-01 7.55712985992432e-02
811 2.56347656250000e-01 6.57141208648682e-02
812 2.08007812500000e-01 4.32672500610352e-02
813 1.54785156250000e-01 2.39584445953369e-02
814 1.32324218750000e-01 1.75096988677979e-02
815 1.43066406250000e-01 2.04679965972900e-02
816 1.38183593750000e-01 1.90947055816650e-02
817 9.42382812500000e-02 8.88085365295410e-03
818 6.29882812500000e-02 3.96752357482910e-03
819 5.51757812500000e-02 3.04436683654785e-03
820 1.19628906250000e-01 1.43110752105713e-02
821 3.71093750000000e-02 1.37710571289062e-03
822 7.03125000000000e-02 4.94384765625000e-03
823 1.17187500000000e-01 1.37329101562500e-02
824 8.83789062500000e-02 7.81083106994629e-03
825 5.51757812500000e-02 3.04436683654785e-03
826 9.47265625000000e-02 8.97312164306641e-03
827 1.38183593750000e-01 1.90947055816650e-02
828 1.45996093750000e-01 2.13148593902588e-02
829 1.27441406250000e-01 1.62413120269775e-02
830 9.42382812500000e-02 8.88085365295410e-03
831 9.13085937500000e-02 8.33725929260254e-03
832 1.51367187500000e-01 2.29120254516602e-02
833 1.54296875000000e-01 2.38075256347656e-02
834 1.20605468750000e-01 1.45456790924072e-02
835 7.42187500000000e-02 5.50842285156250e-03
836 1.24511718750000e-01 1.55031681060791e-02
837 1.51855468750000e-01 2.30600833892822e-02
838 1.44042968750000e-01 2.07483768463135e-02
839 1.25488281250000e-01 1.57473087310791e-02
840 1.56250000000000e-01 2.44140625000000e-02
841 1.29394531250000e-01 1.67429447174072e-02
842 9.13085937500000e-02 8.33725929260254e-03
843 1.40625000000000e-01 1.97753906250000e-02
844 1.34765625000000e-01 1.81617736816406e-02
845 1.14257812500000e-01 1.30548477172852e-02
846 1.02539062500000e-01 1.05142593383789e-02
847 4.88281250000000e-02 2.38418579101562e-03
848 4.98046875000000e-02 2.48050689697266e-03
849 2.97851562500000e-02 8.87155532836914e-04
850 1.07421875000000e-02 1.15394592285156e-04
851 1.17187500000000e-02 1.37329101562500e-04
852 1.12304687500000e-02 1.26123428344727e-04
853 5.37109375000000e-03 2.88486480712891e-05
854 1.16210937500000e-01 1.35049819946289e-02
855 6.88476562500000e-02 4.73999977111816e-03
856 1.75781250000000e-02 3.08990478515625e-04
857 1.95312500000000e-02 3.81469726562500e-04
858 9.76562500000000e-04 9.53674316406250e-07
859 4.44335937500000e-02 1.97434425354004e-03
860 6.15234375000000e-02 3.78513336181641e-03
861 4.63867187500000e-02 2.15172767639160e-03
862 1.27929687500000e-01 1.63660049438477e-02
863 4.93164062500000e-02 2.43210792541504e-03
864 1.10839843750000e-01 1.22854709625244e-02
865 1.37207031250000e-01 1.88257694244385e-02
866 1.81152343750000e-01 3.28161716461182e-02
867 1.32812500000000e-01 1.76391601562500e-02
868 8.34960937500000e-02 6.97159767150879e-03
869 1.12304687500000e-02 1.26123428344727e-04
870 1.30859375000000e-01 1.71241760253906e-02
871 1.36230468750000e-01 1.85587406158447e-02
872 1.62109375000000e-01 2.62794494628906e-02
873 1.63574218750000e-01 2.67565250396729e-02
874 1.74316406250000e-01 3.03862094879150e-02
875 1.04003906250000e-01 1.08168125152588e-02
876 1.17187500000000e-01 1.37329101562500e-02
877 1.35742187500000e-01 1.84259414672852e-02
878 1.02050781250000e-01 1.04143619537354e-02
879 9.22851562500000e-02 8.51655006408691e-03
880 9.66796875000000e-02 9.34696197509766e-03
881 8.15429687500000e-02 6.64925575256348e-03
882 6.29882812500000e-02 3.96752357482910e-03
883 5.76171875000000e-02 3.31974029541016e-03
884 2.92968750000000e-03 8.58306884765625e-06
885 5.22460937500000e-02 2.72965431213379e-03
886 8.88671875000000e-02 7.89737701416016e-03
887 7.08007812500000e-02 5.01275062561035e-03
888 2.78320312500000e-02 7.74621963500977e-04
889 2.63671875000000e-02 6.95228576660156e-04
890 2.49023437500000e-02 6.20126724243164e-04
891 5.27343750000000e-02 2.78091430664062e-03
892 1.06445312500000e-01 1.13306045532227e-02
893 1.40625000000000e-01 1.97753906250000e-02
894 1.29394531250000e-01 1.67429447174072e-02
895 1.04003906250000e-01 1.08168125152588e-02
896 7.03125000000000e-02 4.94384765625000e-03
897 7.03125000000000e-02 4.94384765625000e-03
898 7.22656250000000e-02 5.22232055664062e-03
899 1.61132812500000e-02 2.59637832641602e-04
900 3.12500000000000e-02 9.76562500000000e-04
901 2.58789062500000e-02 6.69717788696289e-04
902 2.88085937500000e-02 8.29935073852539e-04
903 1.10351562500000e-01 1.21774673461914e-02
904 1.01562500000000e-01 1.03149414062500e-02
905 1.07421875000000e-01 1.15394592285156e-02
906 1.38183593750000e-01 1.90947055816650e-02
907 1.59179687500000e-01 2.53381729125977e-02
908 1.50878906250000e-01 2.27644443511963e-02
909 9.81445312500000e-02 9.63234901428223e-03
910 1.08886718750000e-01 1.18563175201416e-02
911 8.64257812500000e-02 7.46941566467285e-03
912 8.49609375000000e-02 7.21836090087891e-03
913 2.44140625000000e-03 5.96046447753906e-06
914 2.00195312500000e-02 4.00781631469727e-04
915 5.85937500000000e-03 3.43322753906250e-05
916 4.44335937500000e-02 1.97434425354004e-03
917 2.44140625000000e-02 5.96046447753906e-04
918 1.95312500000000e-02 3.81469726562500e-04
919 9.76562500000000e-03 9.53674316406250e-05
920 8.20312500000000e-02 6.72912597656250e-03
921 1.07421875000000e-02 1.15394592285156e-04
922 7.81250000000000e-03 6.10351562500000e-05
923 4.98046875000000e-02 2.48050689697266e-03
924 1.22070312500000e-02 1.49011611938477e-04
925 2.05078125000000e-02 4.20570373535156e-04
926 2.63671875000000e-02 6.95228576660156e-04
927 6.54296875000000e-02 4.28104400634766e-03
928 7.95898437500000e-02 6.33454322814941e-03
929 6.73828125000000e-02 4.54044342041016e-03
930 1.56738281250000e-01 2.45668888092041e-02
931 2.06542968750000e-01 4.26599979400635e-02
932 2.29492187500000e-01 5.26666641235352e-02
933 2.66113281250000e-01 7.08162784576416e-02
934 2.72949218750000e-01 7.45012760162354e-02
935 2.85156250000000e-01 8.13140869140625e-02
936 2.01171875000000e-01 4.04701232910156e-02
937 1.89453125000000e-01 3.58924865722656e-02
938 2.15332031250000e-01 4.63678836822510e-02
939 2.51464843750000e-01 6.32345676422119e-02
940 2.56835937500000e-01 6.59646987915039e-02
941 3.01269531250000e-01 9.07633304595947e-02
942 2.34375000000000e-01 5.49316406250000e-02
943 2.02148437500000e-01 4.08639907836914e-02
944 2.31445312500000e-01 5.35669326782227e-02
945 2.10449218750000e-01 4.42888736724854e-02
946 1.26464843750000e-01 1.59933567047119e-02
947 1.30859375000000e-01 1.71241760253906e-02
948 7.03125000000000e-02 4.94384765625000e-03
949 2.39257812500000e-02 5.72443008422852e-04
950 3.46679687500000e-02 1.20186805725098e-03
951 5.12695312500000e-02 2.62856483459473e-03
952 7.08007812500000e-02 5.01275062561035e-03
953 7.27539062500000e-02 5.29313087463379e-03
954 8.34960937500000e-02 6.97159767150879e-03
955 7.27539062500000e-02 5.29313087463379e-03
956 8.44726562500000e-02 7.13562965393066e-03
957 9.57031250000000e-02 9.15908813476562e-03
958 1.41113281250000e-01 1.99129581451416e-02
959 8.83789062500000e-02 7.81083106994629e-03
960 1.35253906250000e-01 1.82936191558838e-02
961 1.66503906250000e-01 2.77235507965088e-02
962 2.17285156250000e-01 4.72128391265869e-02
963 2.34863281250000e-01 5.51607608795166e-02
964 2.19726562500000e-01 4.82797622680664e-02
965 1.73339843750000e-01 3.00467014312744e-02
966 2.07519531250000e-01 4.30643558502197e-02
967 2.38281250000000e-01 5.67779541015625e-02
968 2.19726562500000e-01 4.82797622680664e-02
969 1.81640625000000e-01 3.29933166503906e-02
970 1.78710937500000e-01 3.19375991821289e-02
971 1.55761718750000e-01 2.42617130279541e-02
972 2.09472656250000e-01 4.38787937164307e-02
973 1.92382812500000e-01 3.70111465454102e-02
974 1.65527343750000e-01 2.73993015289307e-02
975 1.33300781250000e-01 1.77690982818604e-02
976 1.88476562500000e-01 3.55234146118164e-02
977 1.98730468750000e-01 3.94937992095947e-02
978 2.15820312500000e-01 4.65784072875977e-02
979 2.08984375000000e-01 4.36744689941406e-02
980 1.64062500000000e-01 2.69165039062500e-02
981 1.90917968750000e-01 3.64496707916260e-02
982 1.20117187500000e-01 1.44281387329102e-02
983 1.55273437500000e-01 2.41098403930664e-02
984 2.72460937500000e-01 7.42349624633789e-02
985 3.08105468750000e-01 9.49289798736572e-02
986 2.85156250000000e-01 8.13140869140625e-02
987 2.63183593750000e-01 6.92656040191650e-02
988 2.54394531250000e-01 6.47165775299072e-02
989 3.31542968750000e-01 1.09920740127563e-01
990 3.27148437500000e-01 1.07026100158691e-01
991 3.19335937500000e-01 1.01975440979004e-01
992 2.59277343750000e-01 6.72247409820557e-02
993 2.76367187500000e-01 7.63788223266602e-02
994 2.25097656250000e-01 5.06689548492432e-02
995 2.21191406250000e-01 4.89256381988525e-02
996 2.62695312500000e-01 6.90088272094727e-02
997 2.67089843750000e-01 7.13369846343994e-02
998 2.27539062500000e-01 5.17740249633789e-02
999 3.08593750000000e-01 9.52301025390625e-02
