0 7.09472656250000e-01 5.03351449966431e-01
1 7.15820312500000e-01 5.12398719787598e-01
2 6.74316406250000e-01 4.54702615737915e-01
3 6.36718750000000e-01 4.05410766601562e-01
4 6.01074218750000e-01 3.61290216445923e-01
5 5.90820312500000e-01 3.49068641662598e-01
6 6.08886718750000e-01 3.70743036270142e-01
7 6.25976562500000e-01 3.91846656799316e-01
8 6.11328125000000e-01 3.73722076416016e-01
9 6.23535156250000e-01 3.88796091079712e-01
10 6.31835937500000e-01 3.99216651916504e-01
11 6.42089843750000e-01 4.12279367446899e-01
12 5.86914062500000e-01 3.44468116760254e-01
13 5.70312500000000e-01 3.25256347656250e-01
14 5.26367187500000e-01 2.77062416076660e-01
15 5.67871093750000e-01 3.22477579116821e-01
16 5.68359375000000e-01 3.23032379150391e-01
17 6.41601562500000e-01 4.11652565002441e-01
18 5.92285156250000e-01 3.50801706314087e-01
19 6.36230468750000e-01 4.04789209365845e-01
20 6.01074218750000e-01 3.61290216445923e-01
21 6.46972656250000e-01 4.18573617935181e-01
22 6.45019531250000e-01 4.16050195693970e-01
23 6.12792968750000e-01 3.75515222549438e-01
24 6.23535156250000e-01 3.88796091079712e-01
25 6.33300781250000e-01 4.01069879531860e-01
26 5.85449218750000e-01 3.42750787734985e-01
27 6.45996093750000e-01 4.17310953140259e-01
28 6.33300781250000e-01 4.01069879531860e-01
29 7.27050781250000e-01 5.28602838516235e-01
30 7.36328125000000e-01 5.42179107666016e-01
31 6.96289062500000e-01 4.84818458557129e-01
32 6.43066406250000e-01 4.13534402847290e-01
33 6.50878906250000e-01 4.23643350601196e-01
34 6.09375000000000e-01 3.71337890625000e-01
35 6.20117187500000e-01 3.84545326232910e-01
36 5.92773437500000e-01 3.51380348205566e-01
37 6.38183593750000e-01 4.07278299331665e-01
38 6.18164062500000e-01 3.82126808166504e-01
39 6.71875000000000e-01 4.51416015625000e-01
40 6.73339843750000e-01 4.53386545181274e-01
41 7.17285156250000e-01 5.14497995376587e-01
42 7.14355468750000e-01 5.10303735733032e-01
43 6.57714843750000e-01 4.32588815689087e-01
44 7.07031250000000e-01 4.99893188476562e-01
45 6.52343750000000e-01 4.25552368164062e-01
46 7.01171875000000e-01 4.91641998291016e-01
47 6.83593750000000e-01 4.67300415039062e-01
48 6.65039062500000e-01 4.42276954650879e-01
49 6.67968750000000e-01 4.46182250976562e-01
50 6.30859375000000e-01 3.97983551025391e-01
51 6.27929687500000e-01 3.94295692443848e-01
52 6.17187500000000e-01 3.80920410156250e-01
53 6.01074218750000e-01 3.61290216445923e-01
54 5.42968750000000e-01 2.94815063476562e-01
55 5.38574218750000e-01 2.90062189102173e-01
56 5.70312500000000e-01 3.25256347656250e-01
57 5.67382812500000e-01 3.21923255920410e-01
58 5.56640625000000e-01 3.09848785400391e-01
59 5.46875000000000e-01 2.99072265625000e-01
60 4.38476562500000e-01 1.92261695861816e-01
61 4.68261718750000e-01 2.19269037246704e-01
62 4.85839843750000e-01 2.36040353775024e-01
63 4.48730468750000e-01 2.01359033584595e-01
64 3.20800781250000e-01 1.02913141250610e-01
65 3.33007812500000e-01 1.10894203186035e-01
66 2.99316406250000e-01 8.95903110504150e-02
67 3.84277343750000e-01 1.47669076919556e-01
68 3.38867187500000e-01 1.14830970764160e-01
69 3.81347656250000e-01 1.45426034927368e-01
70 4.22363281250000e-01 1.78390741348267e-01
71 3.48144531250000e-01 1.21204614639282e-01
72 3.32031250000000e-01 1.10244750976562e-01
73 2.80761718750000e-01 7.88271427154541e-02
74 2.08984375000000e-01 4.36744689941406e-02
75 2.39746093750000e-01 5.74781894683838e-02
76 2.40722656250000e-01 5.79473972320557e-02
77 2.76855468750000e-01 7.66489505767822e-02
78 2.34375000000000e-01 5.49316406250000e-02
79 3.04687500000000e-01 9.28344726562500e-02
80 3.17382812500000e-01 1.00731849670410e-01
81 3.73046875000000e-01 1.39163970947266e-01
82 3.69140625000000e-01 1.36264801025391e-01
83 3.34960937500000e-01 1.12198829650879e-01
84 3.61328125000000e-01 1.30558013916016e-01
85 3.70605468750000e-01 1.37348413467407e-01
86 3.58886718750000e-01 1.28799676895142e-01
87 4.08203125000000e-01 1.66629791259766e-01
88 4.56542968750000e-01 2.08431482315063e-01
89 3.84277343750000e-01 1.47669076919556e-01
90 4.22851562500000e-01 1.78803443908691e-01
91 4.31152343750000e-01 1.85892343521118e-01
92 4.08203125000000e-01 1.66629791259766e-01
93 3.05664062500000e-01 9.34305191040039e-02
94 3.52539062500000e-01 1.24283790588379e-01
95 3.33496093750000e-01 1.11219644546509e-01
96 3.76464843750000e-01 1.41725778579712e-01
97 3.33984375000000e-01 1.11545562744141e-01
98 3.03222656250000e-01 9.19439792633057e-02
99 2.87597656250000e-01 8.27124118804932e-02
100 2.40722656250000e-01 5.79473972320557e-02
101 3.17871093750000e-01 1.01042032241821e-01
102 3.43261718750000e-01 1.17828607559204e-01
103 3.33496093750000e-01 1.11219644546509e-01
104 3.66699218750000e-01 1.34468317031860e-01
105 3.66210937500000e-01 1.34110450744629e-01
106 3.64746093750000e-01 1.33039712905884e-01
107 3.98437500000000e-01 1.58752441406250e-01
108 4.72167968750000e-01 2.22942590713501e-01
109 4.61914062500000e-01 2.13364601135254e-01
110 4.85351562500000e-01 2.35566139221191e-01
111 5.83496093750000e-01 3.40467691421509e-01
112 5.80078125000000e-01 3.36490631103516e-01
113 5.87890625000000e-01 3.45615386962891e-01
114 5.51269531250000e-01 3.03898096084595e-01
115 5.96191406250000e-01 3.55444192886353e-01
116 5.82519531250000e-01 3.39329004287720e-01
117 5.61523437500000e-01 3.15308570861816e-01
118 5.77148437500000e-01 3.33100318908691e-01
119 5.57617187500000e-01 3.10936927795410e-01
120 5.14648437500000e-01 2.64863014221191e-01
121 5.89843750000000e-01 3.47915649414062e-01
122 5.59570312500000e-01 3.13118934631348e-01
123 5.22460937500000e-01 2.72965431213379e-01
124 5.26855468750000e-01 2.77576684951782e-01
125 5.42480468750000e-01 2.94285058975220e-01
126 5.38085937500000e-01 2.89536476135254e-01
127 4.69726562500000e-01 2.20643043518066e-01
128 4.89257812500000e-01 2.39373207092285e-01
129 4.35546875000000e-01 1.89701080322266e-01
130 4.25292968750000e-01 1.80874109268188e-01
131 3.97460937500000e-01 1.57975196838379e-01
132 4.78515625000000e-01 2.28977203369141e-01
133 4.37011718750000e-01 1.90979242324829e-01
134 4.35546875000000e-01 1.89701080322266e-01
135 4.04785156250000e-01 1.63851022720337e-01
136 4.64843750000000e-01 2.16079711914062e-01
137 4.31640625000000e-01 1.86313629150391e-01
138 4.82421875000000e-01 2.32730865478516e-01
139 4.79003906250000e-01 2.29444742202759e-01
140 5.08300781250000e-01 2.58369684219360e-01
141 5.17089843750000e-01 2.67381906509399e-01
142 4.82421875000000e-01 2.32730865478516e-01
143 4.85351562500000e-01 2.35566139221191e-01
144 4.35058593750000e-01 1.89275979995728e-01
145 4.72167968750000e-01 2.22942590713501e-01
146 4.25292968750000e-01 1.80874109268188e-01
147 3.15917968750000e-01 9.98041629791260e-02
148 3.11523437500000e-01 9.70468521118164e-02
149 3.07617187500000e-01 9.46283340454102e-02
150 3.21777343750000e-01 1.03540658950806e-01
151 2.84667968750000e-01 8.10358524322510e-02
152 2.80273437500000e-01 7.85531997680664e-02
153 3.36914062500000e-01 1.13511085510254e-01
154 3.52539062500000e-01 1.24283790588379e-01
155 3.56445312500000e-01 1.27053260803223e-01
156 3.33007812500000e-01 1.10894203186035e-01
157 3.23242187500000e-01 1.04485511779785e-01
158 4.00878906250000e-01 1.60703897476196e-01
159 3.58398437500000e-01 1.28449440002441e-01
160 3.71093750000000e-01 1.37710571289062e-01
161 3.36425781250000e-01 1.13182306289673e-01
162 2.83691406250000e-01 8.04808139801025e-02
163 2.61230468750000e-01 6.82413578033447e-02
164 2.36328125000000e-01 5.58509826660156e-02
165 2.38281250000000e-01 5.67779541015625e-02
166 2.69042968750000e-01 7.23841190338135e-02
167 2.33398437500000e-01 5.44748306274414e-02
168 3.30078125000000e-01 1.08951568603516e-01
169 2.41699218750000e-01 5.84185123443604e-02
170 2.71484375000000e-01 7.37037658691406e-02
171 1.90429687500000e-01 3.62634658813477e-02
172 2.16796875000000e-01 4.70008850097656e-02
173 1.47949218750000e-01 2.18889713287354e-02
174 1.17675781250000e-01 1.38475894927979e-02
175 1.51855468750000e-01 2.30600833892822e-02
176 1.50878906250000e-01 2.27644443511963e-02
177 9.86328125000000e-02 9.72843170166016e-03
178 1.03027343750000e-01 1.06146335601807e-02
179 9.71679687500000e-02 9.44161415100098e-03
180 8.64257812500000e-02 7.46941566467285e-03
181 1.46484375000000e-02 2.14576721191406e-04
182 2.14843750000000e-02 4.61578369140625e-04
183 7.81250000000000e-03 6.10351562500000e-05
184 1.90429687500000e-02 3.62634658813477e-04
185 6.83593750000000e-03 4.67300415039062e-05
186 5.95703125000000e-02 3.54862213134766e-03
187 3.02734375000000e-02 9.16481018066406e-04
188 8.15429687500000e-02 6.64925575256348e-03
189 1.46972656250000e-01 2.16009616851807e-02
190 7.66601562500000e-02 5.87677955627441e-03
191 5.27343750000000e-02 2.78091430664062e-03
192 1.19140625000000e-01 1.41944885253906e-02
193 1.62597656250000e-01 2.64379978179932e-02
194 6.68945312500000e-02 4.47487831115723e-03
195 1.34277343750000e-01 1.80304050445557e-02
196 1.01074218750000e-01 1.02159976959229e-02
197 2.44140625000000e-03 5.96046447753906e-06
198 8.30078125000000e-02 6.89029693603516e-03
199 9.57031250000000e-02 9.15908813476562e-03
200 1.34277343750000e-01 1.80304050445557e-02
201 1.17675781250000e-01 1.38475894927979e-02
202 1.81640625000000e-01 3.29933166503906e-02
203 2.02636718750000e-01 4.10616397857666e-02
204 2.68066406250000e-01 7.18595981597900e-02
205 2.41210937500000e-01 5.81827163696289e-02
206 2.26562500000000e-01 5.13305664062500e-02
207 2.59277343750000e-01 6.72247409820557e-02
208 2.47558593750000e-01 6.12852573394775e-02
209 2.48535156250000e-01 6.17697238922119e-02
210 2.12402343750000e-01 4.51147556304932e-02
211 2.75878906250000e-01 7.61091709136963e-02
212 3.21777343750000e-01 1.03540658950806e-01
213 3.10058593750000e-01 9.61363315582275e-02
214 3.56445312500000e-01 1.27053260803223e-01
215 3.53027343750000e-01 1.24628305435181e-01
216 2.83691406250000e-01 8.04808139801025e-02
217 3.16406250000000e-01 1.00112915039062e-01
218 2.73437500000000e-01 7.47680664062500e-02
219 2.56835937500000e-01 6.59646987915039e-02
220 2.89062500000000e-01 8.35571289062500e-02
221 2.87109375000000e-01 8.24317932128906e-02
222 2.88085937500000e-01 8.29935073852539e-02
223 2.38769531250000e-01 5.70108890533447e-02
224 1.83105468750000e-01 3.35276126861572e-02
225 2.50488281250000e-01 6.27443790435791e-02
226 2.16308593750000e-01 4.67894077301025e-02
227 1.74804687500000e-01 3.05566787719727e-02
228 1.72851562500000e-01 2.98776626586914e-02
229 1.55761718750000e-01 2.42617130279541e-02
230 2.48535156250000e-01 6.17697238922119e-02
231 2.86132812500000e-01 8.18719863891602e-02
232 2.90527343750000e-01 8.44061374664307e-02
233 2.84179687500000e-01 8.07580947875977e-02
234 3.05175781250000e-01 9.31322574615479e-02
235 2.92480468750000e-01 8.55448246002197e-02
236 3.53027343750000e-01 1.24628305435181e-01
237 3.67187500000000e-01 1.34826660156250e-01
238 3.80371093750000e-01 1.44682168960571e-01
239 3.92578125000000e-01 1.54117584228516e-01
240 4.07714843750000e-01 1.66231393814087e-01
241 3.89648437500000e-01 1.51825904846191e-01
242 3.99902343750000e-01 1.59921884536743e-01
243 3.52050781250000e-01 1.23939752578735e-01
244 3.66699218750000e-01 1.34468317031860e-01
245 4.01367187500000e-01 1.61095619201660e-01
246 3.79394531250000e-01 1.43940210342407e-01
247 3.97460937500000e-01 1.57975196838379e-01
248 3.52050781250000e-01 1.23939752578735e-01
249 3.65722656250000e-01 1.33753061294556e-01
250 3.88671875000000e-01 1.51065826416016e-01
251 3.35449218750000e-01 1.12526178359985e-01
252 3.71093750000000e-01 1.37710571289062e-01
253 3.93066406250000e-01 1.54501199722290e-01
254 3.47167968750000e-01 1.20525598526001e-01
255 3.27636718750000e-01 1.07345819473267e-01
256 2.60742187500000e-01 6.79864883422852e-02
257 2.24121093750000e-01 5.02302646636963e-02
258 2.49023437500000e-01 6.20126724243164e-02
259 1.87011718750000e-01 3.49733829498291e-02
260 2.33398437500000e-01 5.44748306274414e-02
261 2.50000000000000e-01 6.25000000000000e-02
262 2.84667968750000e-01 8.10358524322510e-02
263 2.62207031250000e-01 6.87525272369385e-02
264 2.03613281250000e-01 4.14583683013916e-02
265 2.71972656250000e-01 7.39691257476807e-02
266 3.03710937500000e-01 9.22403335571289e-02
267 2.87597656250000e-01 8.27124118804932e-02
268 3.58398437500000e-01 1.28449440002441e-01
269 3.49121093750000e-01 1.21885538101196e-01
270 3.39843750000000e-01 1.15493774414062e-01
271 3.05664062500000e-01 9.34305191040039e-02
272 2.63183593750000e-01 6.92656040191650e-02
273 2.92968750000000e-01 8.58306884765625e-02
274 2.70019531250000e-01 7.29105472564697e-02
275 2.40722656250000e-01 5.79473972320557e-02
276 2.48046875000000e-01 6.15272521972656e-02
277 1.94824218750000e-01 3.79564762115479e-02
278 2.33398437500000e-01 5.44748306274414e-02
279 2.37792968750000e-01 5.65454959869385e-02
280 2.73437500000000e-01 7.47680664062500e-02
281 3.05664062500000e-01 9.34305191040039e-02
282 3.26171875000000e-01 1.06388092041016e-01
283 3.68652343750000e-01 1.35904550552368e-01
284 3.94042968750000e-01 1.55269861221313e-01
285 4.22851562500000e-01 1.78803443908691e-01
286 3.54003906250000e-01 1.25318765640259e-01
287 3.91113281250000e-01 1.52969598770142e-01
288 3.67675781250000e-01 1.35185480117798e-01
289 3.31054687500000e-01 1.09597206115723e-01
290 3.46191406250000e-01 1.19848489761353e-01
291 3.26660156250000e-01 1.06706857681274e-01
292 2.36328125000000e-01 5.58509826660156e-02
293 2.92968750000000e-01 8.58306884765625e-02
294 3.19335937500000e-01 1.01975440979004e-01
295 3.81347656250000e-01 1.45426034927368e-01
296 4.74121093750000e-01 2.24790811538696e-01
297 4.32128906250000e-01 1.86735391616821e-01
298 4.22363281250000e-01 1.78390741348267e-01
299 4.28222656250000e-01 1.83374643325806e-01
300 4.55078125000000e-01 2.07096099853516e-01
301 4.97070312500000e-01 2.47078895568848e-01
302 4.75097656250000e-01 2.25717782974243e-01
303 4.71679687500000e-01 2.22481727600098e-01
304 5.21972656250000e-01 2.72455453872681e-01
305 5.32226562500000e-01 2.83265113830566e-01
306 5.86914062500000e-01 3.44468116760254e-01
307 5.69824218750000e-01 3.24699640274048e-01
308 5.55664062500000e-01 3.08762550354004e-01
309 5.95703125000000e-01 3.54862213134766e-01
310 5.96191406250000e-01 3.55444192886353e-01
311 5.38574218750000e-01 2.90062189102173e-01
312 5.48828125000000e-01 3.01212310791016e-01
313 5.93750000000000e-01 3.52539062500000e-01
314 5.88867187500000e-01 3.46764564514160e-01
315 5.85449218750000e-01 3.42750787734985e-01
316 6.04492187500000e-01 3.65410804748535e-01
317 5.99121093750000e-01 3.58946084976196e-01
318 6.45507812500000e-01 4.16680335998535e-01
319 6.65527343750000e-01 4.42926645278931e-01
320 6.46972656250000e-01 4.18573617935181e-01
321 6.59179687500000e-01 4.34517860412598e-01
322 6.31347656250000e-01 3.98599863052368e-01
323 6.26464843750000e-01 3.92458200454712e-01
324 6.37207031250000e-01 4.06032800674438e-01
325 5.98144531250000e-01 3.57776880264282e-01
326 5.80078125000000e-01 3.36490631103516e-01
327 5.93750000000000e-01 3.52539062500000e-01
328 6.26953125000000e-01 3.93070220947266e-01
329 6.31835937500000e-01 3.99216651916504e-01
330 5.70312500000000e-01 3.25256347656250e-01
331 6.52832031250000e-01 4.26189661026001e-01
332 6.62109375000000e-01 4.38388824462891e-01
333 6.32812500000000e-01 4.00451660156250e-01
334 7.01660156250000e-01 4.92326974868774e-01
335 6.47949218750000e-01 4.19838190078735e-01
336 6.28906250000000e-01 3.95523071289062e-01
337 6.42089843750000e-01 4.12279367446899e-01
338 5.95214843750000e-01 3.54280710220337e-01
339 5.74707031250000e-01 3.30288171768188e-01
340 5.75683593750000e-01 3.31411600112915e-01
341 6.04980468750000e-01 3.66001367568970e-01
342 6.05957031250000e-01 3.67183923721313e-01
343 5.99121093750000e-01 3.58946084976196e-01
344 6.60156250000000e-01 4.35806274414062e-01
345 6.77734375000000e-01 4.59323883056641e-01
346 6.53808593750000e-01 4.27465677261353e-01
347 6.53320312500000e-01 4.26827430725098e-01
348 6.71875000000000e-01 4.51416015625000e-01
349 7.14355468750000e-01 5.10303735733032e-01
350 7.18750000000000e-01 5.16601562500000e-01
351 7.31445312500000e-01 5.35012245178223e-01
352 6.76269531250000e-01 4.57340478897095e-01
353 6.96289062500000e-01 4.84818458557129e-01
354 7.40722656250000e-01 5.48670053482056e-01
355 7.45605468750000e-01 5.55927515029907e-01
356 7.58789062500000e-01 5.75760841369629e-01
357 7.43164062500000e-01 5.52292823791504e-01
358 7.56835937500000e-01 5.72800636291504e-01
359 7.12890625000000e-01 5.08213043212891e-01
360 6.66503906250000e-01 4.44227457046509e-01
361 6.38671875000000e-01 4.07901763916016e-01
362 6.24023437500000e-01 3.89405250549316e-01
363 5.69335937500000e-01 3.24143409729004e-01
364 6.05957031250000e-01 3.67183923721313e-01
365 5.15625000000000e-01 2.65869140625000e-01
366 4.59472656250000e-01 2.11115121841431e-01
367 4.28222656250000e-01 1.83374643325806e-01
368 4.47265625000000e-01 2.00046539306641e-01
369 4.15039062500000e-01 1.72257423400879e-01
370 3.57910156250000e-01 1.28099679946899e-01
371 3.21289062500000e-01 1.03226661682129e-01
372 3.38867187500000e-01 1.14830970764160e-01
373 3.08105468750000e-01 9.49289798736572e-02
374 3.66210937500000e-01 1.34110450744629e-01
375 3.15429687500000e-01 9.94958877563477e-02
376 2.92968750000000e-01 8.58306884765625e-02
377 2.35839843750000e-01 5.56204319000244e-02
378 2.44628906250000e-01 5.98433017730713e-02
379 3.26171875000000e-01 1.06388092041016e-01
380 3.97460937500000e-01 1.57975196838379e-01
381 3.49121093750000e-01 1.21885538101196e-01
382 3.35449218750000e-01 1.12526178359985e-01
383 3.08105468750000e-01 9.49289798736572e-02
384 3.10058593750000e-01 9.61363315582275e-02
385 2.90039062500000e-01 8.41226577758789e-02
386 3.21289062500000e-01 1.03226661682129e-01
387 2.99316406250000e-01 8.95903110504150e-02
388 2.45605468750000e-01 6.03220462799072e-02
389 2.46093750000000e-01 6.05621337890625e-02
390 2.06054687500000e-01 4.24585342407227e-02
391 2.52929687500000e-01 6.39734268188477e-02
392 2.02148437500000e-01 4.08639907836914e-02
393 2.59277343750000e-01 6.72247409820557e-02
394 2.86132812500000e-01 8.18719863891602e-02
395 3.01757812500000e-01 9.10577774047852e-02
396 3.27636718750000e-01 1.07345819473267e-01
397 3.55468750000000e-01 1.26358032226562e-01
398 3.57910156250000e-01 1.28099679946899e-01
399 3.50097656250000e-01 1.22568368911743e-01
400 3.62304687500000e-01 1.31264686584473e-01
401 3.36425781250000e-01 1.13182306289673e-01
402 2.97851562500000e-01 8.87155532836914e-02
403 2.39257812500000e-01 5.72443008422852e-02
404 2.67578125000000e-01 7.15980529785156e-02
405 3.05664062500000e-01 9.34305191040039e-02
406 3.09082031250000e-01 9.55317020416260e-02
407 3.53027343750000e-01 1.24628305435181e-01
408 4.16015625000000e-01 1.73069000244141e-01
409 4.22363281250000e-01 1.78390741348267e-01
410 3.87695312500000e-01 1.50307655334473e-01
411 4.09179687500000e-01 1.67428016662598e-01
412 4.64843750000000e-01 2.16079711914062e-01
413 5.22949218750000e-01 2.73475885391235e-01
414 5.27343750000000e-01 2.78091430664062e-01
415 5.17578125000000e-01 2.67887115478516e-01
416 5.77148437500000e-01 3.33100318908691e-01
417 6.01562500000000e-01 3.61877441406250e-01
418 5.64941406250000e-01 3.19158792495728e-01
419 6.21582031250000e-01 3.86364221572876e-01
420 6.09375000000000e-01 3.71337890625000e-01
421 5.84960937500000e-01 3.42179298400879e-01
422 6.27929687500000e-01 3.94295692443848e-01
423 6.22558593750000e-01 3.87579202651978e-01
424 6.30371093750000e-01 3.97367715835571e-01
425 6.57226562500000e-01 4.31946754455566e-01
426 6.39648437500000e-01 4.09150123596191e-01
427 6.34765625000000e-01 4.02927398681641e-01
428 6.24511718750000e-01 3.90014886856079e-01
429 6.13769531250000e-01 3.76713037490845e-01
430 6.05957031250000e-01 3.67183923721313e-01
431 5.88378906250000e-01 3.46189737319946e-01
432 5.87402343750000e-01 3.45041513442993e-01
433 5.75683593750000e-01 3.31411600112915e-01
434 5.92773437500000e-01 3.51380348205566e-01
435 5.72265625000000e-01 3.27487945556641e-01
436 5.32226562500000e-01 2.83265113830566e-01
437 5.01953125000000e-01 2.51956939697266e-01
438 4.68261718750000e-01 2.19269037246704e-01
439 5.31738281250000e-01 2.82745599746704e-01
440 5.73730468750000e-01 3.29166650772095e-01
441 5.32714843750000e-01 2.83785104751587e-01
442 6.06445312500000e-01 3.67775917053223e-01
443 5.51757812500000e-01 3.04436683654785e-01
444 5.88867187500000e-01 3.46764564514160e-01
445 5.62011718750000e-01 3.15857172012329e-01
446 5.58593750000000e-01 3.12026977539062e-01
447 5.24902343750000e-01 2.75522470474243e-01
448 5.23437500000000e-01 2.73986816406250e-01
449 5.16113281250000e-01 2.66372919082642e-01
450 4.54101562500000e-01 2.06208229064941e-01
451 4.03808593750000e-01 1.63061380386353e-01
452 4.60449218750000e-01 2.12013483047485e-01
453 4.54101562500000e-01 2.06208229064941e-01
454 4.81445312500000e-01 2.31789588928223e-01
455 4.42382812500000e-01 1.95702552795410e-01
456 4.40917968750000e-01 1.94408655166626e-01
457 4.68261718750000e-01 2.19269037246704e-01
458 4.24804687500000e-01 1.80459022521973e-01
459 4.36035156250000e-01 1.90126657485962e-01
460 4.16992187500000e-01 1.73882484436035e-01
461 3.97460937500000e-01 1.57975196838379e-01
462 4.24804687500000e-01 1.80459022521973e-01
463 3.96972656250000e-01 1.57587289810181e-01
464 3.96484375000000e-01 1.57199859619141e-01
465 2.99804687500000e-01 8.98828506469727e-02
466 3.56445312500000e-01 1.27053260803223e-01
467 2.64648437500000e-01 7.00387954711914e-02
468 3.06640625000000e-01 9.40284729003906e-02
469 3.32519531250000e-01 1.10569238662720e-01
470 3.56933593750000e-01 1.27401590347290e-01
471 3.52539062500000e-01 1.24283790588379e-01
472 3.72070312500000e-01 1.38436317443848e-01
473 4.42871093750000e-01 1.96134805679321e-01
474 4.27734375000000e-01 1.82956695556641e-01
475 3.96484375000000e-01 1.57199859619141e-01
476 3.46679687500000e-01 1.20186805725098e-01
477 3.76464843750000e-01 1.41725778579712e-01
478 3.48144531250000e-01 1.21204614639282e-01
479 3.38867187500000e-01 1.14830970764160e-01
480 4.04296875000000e-01 1.63455963134766e-01
481 3.21289062500000e-01 1.03226661682129e-01
482 3.16894531250000e-01 1.00422143936157e-01
483 2.34375000000000e-01 5.49316406250000e-02
484 1.59667968750000e-01 2.54938602447510e-02
485 2.06542968750000e-01 4.26599979400635e-02
486 1.92871093750000e-01 3.71992588043213e-02
487 1.59667968750000e-01 2.54938602447510e-02
488 1.04980468750000e-01 1.10208988189697e-02
489 1.12792968750000e-01 1.27222537994385e-02
490 1.84570312500000e-01 3.40662002563477e-02
491 1.10839843750000e-01 1.22854709625244e-02
492 6.88476562500000e-02 4.73999977111816e-03
493 1.29882812500000e-01 1.68695449829102e-02
494 1.51367187500000e-01 2.29120254516602e-02
495 2.02636718750000e-01 4.10616397857666e-02
496 2.97851562500000e-01 8.87155532836914e-02
497 2.69042968750000e-01 7.23841190338135e-02
498 2.44140625000000e-01 5.96046447753906e-02
499 2.86132812500000e-01 8.18719863891602e-02
500 2.18261718750000e-01 4.76381778717041e-02
501 2.47070312500000e-01 6.10437393188477e-02
502 2.66601562500000e-01 7.10763931274414e-02
503 2.81250000000000e-01 7.91015625000000e-02
504 2.73437500000000e-01 7.47680664062500e-02
505 2.70996093750000e-01 7.34388828277588e-02
506 3.67187500000000e-01 1.34826660156250e-01
507 3.50585937500000e-01 1.22910499572754e-01
508 3.03222656250000e-01 9.19439792633057e-02
509 2.44140625000000e-01 5.96046447753906e-02
510 2.79785156250000e-01 7.82797336578369e-02
511 2.18261718750000e-01 4.76381778717041e-02
512 2.02148437500000e-01 4.08639907836914e-02
513 2.50976562500000e-01 6.29892349243164e-02
514 2.62207031250000e-01 6.87525272369385e-02
515 2.24609375000000e-01 5.04493713378906e-02
516 2.22656250000000e-01 4.95758056640625e-02
517 2.24121093750000e-01 5.02302646636963e-02
518 2.27050781250000e-01 5.15520572662354e-02
519 1.04980468750000e-01 1.10208988189697e-02
520 7.71484375000000e-02 5.95188140869141e-03
521 6.83593750000000e-02 4.67300415039062e-03
522 2.19726562500000e-02 4.82797622680664e-04
523 1.26953125000000e-02 1.61170959472656e-04
524 1.12304687500000e-02 1.26123428344727e-04
525 5.85937500000000e-03 3.43322753906250e-05
526 3.07617187500000e-02 9.46283340454102e-04
527 5.56640625000000e-02 3.09848785400391e-03
528 4.44335937500000e-02 1.97434425354004e-03
529 4.29687500000000e-02 1.84631347656250e-03
530 7.56835937500000e-02 5.72800636291504e-03
531 2.63671875000000e-02 6.95228576660156e-04
532 1.14257812500000e-01 1.30548477172852e-02
533 1.15234375000000e-01 1.32789611816406e-02
534 8.83789062500000e-02 7.81083106994629e-03
535 1.17187500000000e-01 1.37329101562500e-02
536 1.81640625000000e-01 3.29933166503906e-02
537 1.99218750000000e-01 3.96881103515625e-02
538 2.01660156250000e-01 4.06668186187744e-02
539 1.10839843750000e-01 1.22854709625244e-02
540 1.66992187500000e-01 2.78863906860352e-02
541 1.45996093750000e-01 2.13148593902588e-02
542 1.66015625000000e-01 2.75611877441406e-02
543 1.68457031250000e-01 2.83777713775635e-02
544 1.62597656250000e-01 2.64379978179932e-02
545 1.72363281250000e-01 2.97091007232666e-02
546 1.53808593750000e-01 2.36570835113525e-02
547 1.44042968750000e-01 2.07483768463135e-02
548 1.66503906250000e-01 2.77235507965088e-02
549 1.03027343750000e-01 1.06146335601807e-02
550 1.38183593750000e-01 1.90947055816650e-02
551 1.56250000000000e-01 2.44140625000000e-02
552 1.12304687500000e-01 1.26123428344727e-02
553 1.55273437500000e-01 2.41098403930664e-02
554 1.89453125000000e-01 3.58924865722656e-02
555 2.36816406250000e-01 5.60820102691650e-02
556 2.54882812500000e-01 6.49652481079102e-02
557 2.96386718750000e-01 8.78450870513916e-02
558 3.55468750000000e-01 1.26358032226562e-01
559 3.10058593750000e-01 9.61363315582275e-02
560 3.30566406250000e-01 1.09274148941040e-01
561 3.64746093750000e-01 1.33039712905884e-01
562 3.20312500000000e-01 1.02600097656250e-01
563 3.29589843750000e-01 1.08629465103149e-01
564 3.46191406250000e-01 1.19848489761353e-01
565 2.93945312500000e-01 8.64038467407227e-02
566 2.79785156250000e-01 7.82797336578369e-02
567 2.36816406250000e-01 5.60820102691650e-02
568 2.20214843750000e-01 4.84945774078369e-02
569 1.27441406250000e-01 1.62413120269775e-02
570 1.88964843750000e-01 3.57077121734619e-02
571 2.15332031250000e-01 4.63678836822510e-02
572 2.34375000000000e-01 5.49316406250000e-02
573 2.03613281250000e-01 4.14583683013916e-02
574 2.11914062500000e-01 4.49075698852539e-02
575 2.22656250000000e-01 4.95758056640625e-02
576 2.15332031250000e-01 4.63678836822510e-02
577 1.72851562500000e-01 2.98776626586914e-02
578 8.74023437500000e-02 7.63916969299316e-03
579 1.21582031250000e-01 1.47821903228760e-02
580 4.54101562500000e-02 2.06208229064941e-03
581 4.58984375000000e-02 2.10666656494141e-03
582 5.61523437500000e-02 3.15308570861816e-03
583 6.59179687500000e-02 4.34517860412598e-03
584 6.10351562500000e-02 3.72529029846191e-03
585 3.61328125000000e-02 1.30558013916016e-03
586 1.16210937500000e-01 1.35049819946289e-02
587 6.00585937500000e-02 3.60703468322754e-03
588 8.15429687500000e-02 6.64925575256348e-03
589 3.41796875000000e-03 1.16825103759766e-05
590 9.76562500000000e-03 9.53674316406250e-05
591 2.05078125000000e-02 4.20570373535156e-04
592 7.81250000000000e-02 6.10351562500000e-03
593 1.02050781250000e-01 1.04143619537354e-02
594 1.95312500000000e-02 3.81469726562500e-04
595 3.46679687500000e-02 1.20186805725098e-03
596 1.05468750000000e-01 1.11236572265625e-02
597 1.14746093750000e-01 1.31666660308838e-02
598 1.23046875000000e-01 1.51405334472656e-02
599 1.23535156250000e-01 1.52609348297119e-02
600 9.61914062500000e-02 9.25278663635254e-03
601 8.20312500000000e-02 6.72912597656250e-03
602 7.17773437500000e-02 5.15198707580566e-03
603 9.27734375000000e-02 8.60691070556641e-03
604 4.73632812500000e-02 2.24328041076660e-03
605 5.76171875000000e-02 3.31974029541016e-03
606 1.85546875000000e-02 3.44276428222656e-04
607 6.29882812500000e-02 3.96752357482910e-03
608 5.07812500000000e-02 2.57873535156250e-03
609 6.10351562500000e-02 3.72529029846191e-03
610 7.81250000000000e-03 6.10351562500000e-05
611 6.64062500000000e-02 4.40979003906250e-03
612 6.64062500000000e-02 4.40979003906250e-03
613 4.58984375000000e-02 2.10666656494141e-03
614 1.26953125000000e-01 1.61170959472656e-02
615 1.29394531250000e-01 1.67429447174072e-02
616 1.03027343750000e-01 1.06146335601807e-02
617 1.22558593750000e-01 1.50206089019775e-02
618 9.86328125000000e-02 9.72843170166016e-03
619 5.32226562500000e-02 2.83265113830566e-03
620 7.32421875000000e-02 5.36441802978516e-03
621 1.12792968750000e-01 1.27222537994385e-02
622 1.23046875000000e-01 1.51405334472656e-02
623 1.22070312500000e-01 1.49011611938477e-02
624 8.00781250000000e-02 6.41250610351562e-03
625 4.39453125000000e-02 1.93119049072266e-03
626 4.00390625000000e-02 1.60312652587891e-03
627 8.05664062500000e-02 6.49094581604004e-03
628 3.66210937500000e-02 1.34110450744629e-03
629 9.42382812500000e-02 8.88085365295410e-03
630 1.07910156250000e-01 1.16446018218994e-02
631 7.32421875000000e-02 5.36441802978516e-03
632 1.00097656250000e-01 1.00195407867432e-02
633 1.45019531250000e-01 2.10306644439697e-02
634 1.89453125000000e-01 3.58924865722656e-02
635 2.66113281250000e-01 7.08162784576416e-02
636 2.29003906250000e-01 5.24427890777588e-02
637 3.44726562500000e-01 1.18836402893066e-01
638 3.09570312500000e-01 9.58337783813477e-02
639 3.02734375000000e-01 9.16481018066406e-02
640 2.79785156250000e-01 7.82797336578369e-02
641 1.95800781250000e-01 3.83379459381104e-02
642 2.72949218750000e-01 7.45012760162354e-02
643 2.39257812500000e-01 5.72443008422852e-02
644 1.37207031250000e-01 1.88257694244385e-02
645 1.63574218750000e-01 2.67565250396729e-02
646 1.70898437500000e-01 2.92062759399414e-02
647 2.54882812500000e-01 6.49652481079102e-02
648 2.32910156250000e-01 5.42471408843994e-02
649 1.76757812500000e-01 3.12433242797852e-02
650 1.60156250000000e-01 2.56500244140625e-02
651 2.15332031250000e-01 4.63678836822510e-02
652 1.26464843750000e-01 1.59933567047119e-02
653 1.66503906250000e-01 2.77235507965088e-02
654 1.21582031250000e-01 1.47821903228760e-02
655 1.13769531250000e-01 1.29435062408447e-02
656 1.50390625000000e-01 2.26173400878906e-02
657 1.35742187500000e-01 1.84259414672852e-02
658 1.12792968750000e-01 1.27222537994385e-02
659 3.41796875000000e-02 1.16825103759766e-03
660 4.78515625000000e-02 2.28977203369141e-03
661 6.73828125000000e-02 4.54044342041016e-03
662 5.61523437500000e-02 3.15308570861816e-03
663 6.49414062500000e-02 4.21738624572754e-03
664 4.15039062500000e-02 1.72257423400879e-03
665 5.17578125000000e-02 2.67887115478516e-03
666 5.17578125000000e-02 2.67887115478516e-03
667 6.34765625000000e-03 4.02927398681641e-05
668 6.98242187500000e-02 4.87542152404785e-03
669 5.51757812500000e-02 3.04436683654785e-03
670 5.12695312500000e-02 2.62856483459473e-03
671 3.36914062500000e-02 1.13511085510254e-03
672 7.03125000000000e-02 4.94384765625000e-03
673 1.12792968750000e-01 1.27222537994385e-02
674 2.05566406250000e-01 4.22575473785400e-02
675 1.65527343750000e-01 2.73993015289307e-02
676 1.34765625000000e-01 1.81617736816406e-02
677 1.43066406250000e-01 2.04679965972900e-02
678 1.36230468750000e-01 1.85587406158447e-02
679 1.74316406250000e-01 3.03862094879150e-02
680 1.54785156250000e-01 2.39584445953369e-02
681 1.00097656250000e-01 1.00195407867432e-02
682 1.93359375000000e-01 3.73878479003906e-02
683 1.10351562500000e-01 1.21774673461914e-02
684 5.66406250000000e-02 3.20816040039062e-03
685 1.26953125000000e-01 1.61170959472656e-02
686 1.00097656250000e-01 1.00195407867432e-02
687 1.63085937500000e-01 2.65970230102539e-02
688 2.04589843750000e-01 4.18570041656494e-02
689 2.20214843750000e-01 4.84945774078369e-02
690 2.40722656250000e-01 5.79473972320557e-02
691 3.22753906250000e-01 1.04170083999634e-01
692 3.85742187500000e-01 1.48797035217285e-01
693 3.65722656250000e-01 1.33753061294556e-01
694 2.92480468750000e-01 8.55448246002197e-02
695 3.46679687500000e-01 1.20186805725098e-01
696 4.04296875000000e-01 1.63455963134766e-01
697 4.35546875000000e-01 1.89701080322266e-01
698 3.81835937500000e-01 1.45798683166504e-01
699 3.99414062500000e-01 1.59531593322754e-01
700 3.94531250000000e-01 1.55654907226562e-01
701 4.22363281250000e-01 1.78390741348267e-01
702 3.67187500000000e-01 1.34826660156250e-01
703 3.21777343750000e-01 1.03540658950806e-01
704 3.47167968750000e-01 1.20525598526001e-01
705 4.41406250000000e-01 1.94839477539062e-01
706 3.95507812500000e-01 1.56426429748535e-01
707 3.77929687500000e-01 1.42830848693848e-01
708 3.99414062500000e-01 1.59531593322754e-01
709 4.13085937500000e-01 1.70639991760254e-01
710 4.53125000000000e-01 2.05322265625000e-01
711 3.88671875000000e-01 1.51065826416016e-01
712 4.93652343750000e-01 2.43692636489868e-01
713 4.83886718750000e-01 2.34146356582642e-01
714 5.11718750000000e-01 2.61856079101562e-01
715 4.87792968750000e-01 2.37941980361938e-01
716 4.79492187500000e-01 2.29912757873535e-01
717 5.08300781250000e-01 2.58369684219360e-01
718 5.38085937500000e-01 2.89536476135254e-01
719 5.18066406250000e-01 2.68392801284790e-01
720 5.26855468750000e-01 2.77576684951782e-01
721 5.01464843750000e-01 2.51466989517212e-01
722 4.63867187500000e-01 2.15172767639160e-01
723 5.06835937500000e-01 2.56882667541504e-01
724 5.46875000000000e-01 2.99072265625000e-01
725 5.15136718750000e-01 2.65365839004517e-01
726 4.29687500000000e-01 1.84631347656250e-01
727 5.14648437500000e-01 2.64863014221191e-01
728 5.19042968750000e-01 2.69405603408813e-01
729 5.69824218750000e-01 3.24699640274048e-01
730 6.06933593750000e-01 3.68368387222290e-01
731 6.04980468750000e-01 3.66001367568970e-01
732 5.94726562500000e-01 3.53699684143066e-01
733 6.00585937500000e-01 3.60703468322754e-01
734 6.17675781250000e-01 3.81523370742798e-01
735 6.07910156250000e-01 3.69554758071899e-01
736 5.72265625000000e-01 3.27487945556641e-01
737 5.72265625000000e-01 3.27487945556641e-01
738 5.35156250000000e-01 2.86392211914062e-01
739 5.53222656250000e-01 3.06055307388306e-01
740 5.58105468750000e-01 3.11481714248657e-01
741 5.30761718750000e-01 2.81708002090454e-01
742 5.39062500000000e-01 2.90588378906250e-01
743 5.05859375000000e-01 2.55893707275391e-01
744 4.72656250000000e-01 2.23403930664062e-01
745 5.23437500000000e-01 2.73986816406250e-01
746 5.58105468750000e-01 3.11481714248657e-01
747 5.29785156250000e-01 2.80672311782837e-01
748 4.95117187500000e-01 2.45141029357910e-01
749 4.66308593750000e-01 2.17443704605103e-01
750 3.80371093750000e-01 1.44682168960571e-01
751 3.91113281250000e-01 1.52969598770142e-01
752 3.49609375000000e-01 1.22226715087891e-01
753 4.10644531250000e-01 1.68628931045532e-01
754 4.31640625000000e-01 1.86313629150391e-01
755 4.52636718750000e-01 2.04879999160767e-01
756 4.70214843750000e-01 2.21101999282837e-01
757 5.08300781250000e-01 2.58369684219360e-01
758 4.59960937500000e-01 2.11564064025879e-01
759 3.80859375000000e-01 1.45053863525391e-01
760 3.47167968750000e-01 1.20525598526001e-01
761 4.01367187500000e-01 1.61095619201660e-01
762 4.45800781250000e-01 1.98738336563110e-01
763 4.25292968750000e-01 1.80874109268188e-01
764 4.39941406250000e-01 1.93548440933228e-01
765 3.99902343750000e-01 1.59921884536743e-01
766 4.42382812500000e-01 1.95702552795410e-01
767 4.71191406250000e-01 2.22021341323853e-01
768 4.88769531250000e-01 2.38895654678345e-01
769 5.11230468750000e-01 2.61356592178345e-01
770 4.38476562500000e-01 1.92261695861816e-01
771 4.35058593750000e-01 1.89275979995728e-01
772 5.05371093750000e-01 2.55399942398071e-01
773 4.20898437500000e-01 1.77155494689941e-01
774 4.87792968750000e-01 2.37941980361938e-01
775 5.08300781250000e-01 2.58369684219360e-01
776 4.81933593750000e-01 2.32259988784790e-01
777 5.04394531250000e-01 2.54413843154907e-01
778 4.91210937500000e-01 2.41288185119629e-01
779 5.11230468750000e-01 2.61356592178345e-01
780 5.79589843750000e-01 3.35924386978149e-01
781 5.85937500000000e-01 3.43322753906250e-01
782 5.44433593750000e-01 2.96407938003540e-01
783 4.98535156250000e-01 2.48537302017212e-01
784 5.14160156250000e-01 2.64360666275024e-01
785 5.60058593750000e-01 3.13665628433228e-01
786 5.55664062500000e-01 3.08762550354004e-01
787 5.83984375000000e-01 3.41037750244141e-01
788 5.79101562500000e-01 3.35358619689941e-01
789 5.13183593750000e-01 2.63357400894165e-01
790 5.26367187500000e-01 2.77062416076660e-01
791 5.34667968750000e-01 2.85869836807251e-01
792 5.04882812500000e-01 2.54906654357910e-01
793 5.19042968750000e-01 2.69405603408813e-01
794 5.44433593750000e-01 2.96407938003540e-01
795 5.42968750000000e-01 2.94815063476562e-01
796 5.11230468750000e-01 2.61356592178345e-01
797 5.17089843750000e-01 2.67381906509399e-01
798 5.27343750000000e-01 2.78091430664062e-01
799 5.33203125000000e-01 2.84305572509766e-01
800 5.38085937500000e-01 2.89536476135254e-01
801 5.45410156250000e-01 2.97472238540649e-01
802 4.88281250000000e-01 2.38418579101562e-01
803 5.23925781250000e-01 2.74498224258423e-01
804 4.81933593750000e-01 2.32259988784790e-01
805 4.28222656250000e-01 1.83374643325806e-01
806 4.37500000000000e-01 1.91406250000000e-01
807 4.07714843750000e-01 1.66231393814087e-01
808 3.90625000000000e-01 1.52587890625000e-01
809 3.91113281250000e-01 1.52969598770142e-01
810 3.84765625000000e-01 1.48044586181641e-01
811 3.60351562500000e-01 1.29853248596191e-01
812 3.77441406250000e-01 1.42462015151978e-01
813 3.74511718750000e-01 1.40259027481079e-01
814 4.00878906250000e-01 1.60703897476196e-01
815 3.39843750000000e-01 1.15493774414062e-01
816 3.30078125000000e-01 1.08951568603516e-01
817 3.43261718750000e-01 1.17828607559204e-01
818 2.80761718750000e-01 7.88271427154541e-02
819 2.58789062500000e-01 6.69717788696289e-02
820 2.54882812500000e-01 6.49652481079102e-02
821 1.83105468750000e-01 3.35276126861572e-02
822 1.91406250000000e-01 3.66363525390625e-02
823 1.66503906250000e-01 2.77235507965088e-02
824 9.32617187500000e-02 8.69774818420410e-03
825 1.23535156250000e-01 1.52609348297119e-02
826 1.44042968750000e-01 2.07483768463135e-02
827 1.30859375000000e-01 1.71241760253906e-02
828 2.01171875000000e-01 4.04701232910156e-02
829 2.80273437500000e-01 7.85531997680664e-02
830 2.70996093750000e-01 7.34388828277588e-02
831 2.43652343750000e-01 5.93664646148682e-02
832 2.75878906250000e-01 7.61091709136963e-02
833 2.76367187500000e-01 7.63788223266602e-02
834 2.43164062500000e-01 5.91287612915039e-02
835 1.93359375000000e-01 3.73878479003906e-02
836 2.12890625000000e-01 4.53224182128906e-02
837 1.80175781250000e-01 3.24633121490479e-02
838 1.32324218750000e-01 1.75096988677979e-02
839 1.65039062500000e-01 2.72378921508789e-02
840 2.50976562500000e-01 6.29892349243164e-02
841 3.03710937500000e-01 9.22403335571289e-02
842 2.95898437500000e-01 8.75558853149414e-02
843 3.38867187500000e-01 1.14830970764160e-01
844 3.32519531250000e-01 1.10569238662720e-01
845 3.40820312500000e-01 1.16158485412598e-01
846 3.38867187500000e-01 1.14830970764160e-01
847 2.91503906250000e-01 8.49745273590088e-02
848 2.66601562500000e-01 7.10763931274414e-02
849 2.66113281250000e-01 7.08162784576416e-02
850 2.89062500000000e-01 8.35571289062500e-02
851 2.87597656250000e-01 8.27124118804932e-02
852 2.39257812500000e-01 5.72443008422852e-02
853 1.91406250000000e-01 3.66363525390625e-02
854 2.00195312500000e-01 4.00781631469727e-02
855 2.70507812500000e-01 7.31744766235352e-02
856 2.91015625000000e-01 8.46900939941406e-02
857 3.78417968750000e-01 1.43200159072876e-01
858 3.65722656250000e-01 1.33753061294556e-01
859 3.50097656250000e-01 1.22568368911743e-01
860 3.36914062500000e-01 1.13511085510254e-01
861 3.83789062500000e-01 1.47294044494629e-01
862 4.57031250000000e-01 2.08877563476562e-01
863 3.68164062500000e-01 1.35544776916504e-01
864 5.35156250000000e-01 2.86392211914062e-01
865 5.51269531250000e-01 3.03898096084595e-01
866 5.42480468750000e-01 2.94285058975220e-01
867 5.68847656250000e-01 3.23587656021118e-01
868 6.29882812500000e-01 3.96752357482910e-01
869 5.64453125000000e-01 3.18607330322266e-01
870 5.76171875000000e-01 3.31974029541016e-01
871 6.32812500000000e-01 4.00451660156250e-01
872 6.34277343750000e-01 4.02307748794556e-01
873 6.41601562500000e-01 4.11652565002441e-01
874 5.61523437500000e-01 3.15308570861816e-01
875 6.05957031250000e-01 3.67183923721313e-01
876 5.96191406250000e-01 3.55444192886353e-01
877 5.83984375000000e-01 3.41037750244141e-01
878 5.52734375000000e-01 3.05515289306641e-01
879 5.33203125000000e-01 2.84305572509766e-01
880 5.73242187500000e-01 3.28606605529785e-01
881 6.12792968750000e-01 3.75515222549438e-01
882 5.54687500000000e-01 3.07678222656250e-01
883 5.54199218750000e-01 3.07136774063110e-01
884 4.46777343750000e-01 1.99609994888306e-01
885 4.42871093750000e-01 1.96134805679321e-01
886 4.84863281250000e-01 2.35092401504517e-01
887 5.52246093750000e-01 3.04975748062134e-01
888 5.20019531250000e-01 2.70420312881470e-01
889 5.88867187500000e-01 3.46764564514160e-01
890 5.71289062500000e-01 3.26371192932129e-01
891 5.99609375000000e-01 3.59531402587891e-01
892 5.56152343750000e-01 3.09305429458618e-01
893 5.75683593750000e-01 3.31411600112915e-01
894 6.47460937500000e-01 4.19205665588379e-01
895 6.41601562500000e-01 4.11652565002441e-01
896 6.06933593750000e-01 3.68368387222290e-01
897 5.95214843750000e-01 3.54280710220337e-01
898 6.08886718750000e-01 3.70743036270142e-01
899 5.64941406250000e-01 3.19158792495728e-01
900 5.62011718750000e-01 3.15857172012329e-01
901 6.33789062500000e-01 4.01688575744629e-01
902 6.27441406250000e-01 3.93682718276978e-01
903 5.76171875000000e-01 3.31974029541016e-01
904 6.41113281250000e-01 4.11026239395142e-01
905 6.49414062500000e-01 4.21738624572754e-01
906 6.06445312500000e-01 3.67775917053223e-01
907 6.01562500000000e-01 3.61877441406250e-01
908 5.23437500000000e-01 2.73986816406250e-01
909 4.87792968750000e-01 2.37941980361938e-01
910 5.42480468750000e-01 2.94285058975220e-01
911 5.08789062500000e-01 2.58866310119629e-01
912 5.74218750000000e-01 3.29727172851562e-01
913 4.66308593750000e-01 2.17443704605103e-01
914 3.97949218750000e-01 1.58363580703735e-01
915 4.04296875000000e-01 1.63455963134766e-01
916 4.42382812500000e-01 1.95702552795410e-01
917 4.72656250000000e-01 2.23403930664062e-01
918 5.41503906250000e-01 2.93226480484009e-01
919 5.36621093750000e-01 2.87962198257446e-01
920 4.65332031250000e-01 2.16533899307251e-01
921 4.30664062500000e-01 1.85471534729004e-01
922 4.99511718750000e-01 2.49511957168579e-01
923 5.20996093750000e-01 2.71436929702759e-01
924 5.44433593750000e-01 2.96407938003540e-01
925 5.46875000000000e-01 2.99072265625000e-01
926 5.28808593750000e-01 2.79638528823853e-01
927 5.26855468750000e-01 2.77576684951782e-01
928 5.67382812500000e-01 3.21923255920410e-01
929 6.79687500000000e-01 4.61975097656250e-01
930 6.10839843750000e-01 3.73125314712524e-01
931 6.69921875000000e-01 4.48795318603516e-01
932 6.10839843750000e-01 3.73125314712524e-01
933 5.92285156250000e-01 3.50801706314087e-01
934 6.80664062500000e-01 4.63303565979004e-01
935 6.94824218750000e-01 4.82780694961548e-01
936 5.99609375000000e-01 3.59531402587891e-01
937 6.25488281250000e-01 3.91235589981079e-01
938 5.96679687500000e-01 3.56026649475098e-01
939 6.17675781250000e-01 3.81523370742798e-01
940 6.40136718750000e-01 4.09775018692017e-01
941 6.44531250000000e-01 4.15420532226562e-01
942 6.69921875000000e-01 4.48795318603516e-01
943 6.88476562500000e-01 4.73999977111816e-01
944 5.91796875000000e-01 3.50223541259766e-01
945 5.40039062500000e-01 2.91642189025879e-01
946 4.47265625000000e-01 2.00046539306641e-01
947 4.79980468750000e-01 2.30381250381470e-01
948 5.33203125000000e-01 2.84305572509766e-01
949 4.91699218750000e-01 2.41768121719360e-01
950 5.14648437500000e-01 2.64863014221191e-01
951 4.41894531250000e-01 1.95270776748657e-01
952 3.59863281250000e-01 1.29501581192017e-01
953 3.20312500000000e-01 1.02600097656250e-01
954 2.91503906250000e-01 8.49745273590088e-02
955 2.52441406250000e-01 6.37266635894775e-02
956 2.94433593750000e-01 8.66911411285400e-02
957 3.55957031250000e-01 1.26705408096313e-01
958 3.30566406250000e-01 1.09274148941040e-01
959 2.52441406250000e-01 6.37266635894775e-02
960 2.69531250000000e-01 7.26470947265625e-02
961 2.77343750000000e-01 7.69195556640625e-02
962 2.57324218750000e-01 6.62157535552979e-02
963 2.11914062500000e-01 4.49075698852539e-02
964 1.77246093750000e-01 3.14161777496338e-02
965 1.18652343750000e-01 1.40783786773682e-02
966 1.39160156250000e-01 1.93655490875244e-02
967 1.53320312500000e-01 2.35071182250977e-02
968 1.97753906250000e-01 3.91066074371338e-02
969 1.33300781250000e-01 1.77690982818604e-02
970 1.49414062500000e-01 2.23245620727539e-02
971 1.08886718750000e-01 1.18563175201416e-02
972 1.46484375000000e-01 2.14576721191406e-02
973 1.44531250000000e-01 2.08892822265625e-02
974 1.36718750000000e-01 1.86920166015625e-02
975 2.23632812500000e-01 5.00116348266602e-02
976 1.91894531250000e-01 3.68235111236572e-02
977 2.15820312500000e-01 4.65784072875977e-02
978 2.01171875000000e-01 4.04701232910156e-02
979 1.79199218750000e-01 3.21123600006104e-02
980 2.02636718750000e-01 4.10616397857666e-02
981 1.60644531250000e-01 2.58066654205322e-02
982 1.59667968750000e-01 2.54938602447510e-02
983 2.13867187500000e-01 4.57391738891602e-02
984 1.42578125000000e-01 2.03285217285156e-02
985 2.34863281250000e-01 5.51607608795166e-02
986 2.11425781250000e-01 4.47008609771729e-02
987 2.31445312500000e-01 5.35669326782227e-02
988 2.29492187500000e-01 5.26666641235352e-02
989 1.95800781250000e-01 3.83379459381104e-02
990 2.26562500000000e-01 5.13305664062500e-02
991 2.27539062500000e-01 5.17740249633789e-02
992 1.72363281250000e-01 2.97091007232666e-02
993 1.33789062500000e-01 1.78995132446289e-02
994 1.36230468750000e-01 1.85587406158447e-02
995 7.17773437500000e-02 5.15198707580566e-03
996 6.39648437500000e-02 4.09150123596191e-03
997 1.12792968750000e-01 1.27222537994385e-02
998 5.32226562500000e-02 2.83265113830566e-03
999 1.19140625000000e-01 1.41944885253906e-02
