0 6.33300781250000e-01 4.01069879531860e-01
1 5.90820312500000e-01 3.49068641662598e-01
2 5.57128906250000e-01 3.10392618179321e-01
3 5.67871093750000e-01 3.22477579116821e-01
4 6.01074218750000e-01 3.61290216445923e-01
5 5.82519531250000e-01 3.39329004287720e-01
6 5.67382812500000e-01 3.21923255920410e-01
7 5.89843750000000e-01 3.47915649414062e-01
8 5.75195312500000e-01 3.30849647521973e-01
9 6.55761718750000e-01 4.30023431777954e-01
10 6.20117187500000e-01 3.84545326232910e-01
11 5.79101562500000e-01 3.35358619689941e-01
12 5.69335937500000e-01 3.24143409729004e-01
13 6.56738281250000e-01 4.31305170059204e-01
14 6.58691406250000e-01 4.33874368667603e-01
15 6.63085937500000e-01 4.39682960510254e-01
16 6.25488281250000e-01 3.91235589981079e-01
17 6.37207031250000e-01 4.06032800674438e-01
18 5.94726562500000e-01 3.53699684143066e-01
19 6.44042968750000e-01 4.14791345596313e-01
20 5.89843750000000e-01 3.47915649414062e-01
21 5.29296875000000e-01 2.80155181884766e-01
22 4.72167968750000e-01 2.22942590713501e-01
23 5.22949218750000e-01 2.73475885391235e-01
24 4.96582031250000e-01 2.46593713760376e-01
25 4.58496093750000e-01 2.10218667984009e-01
26 4.20410156250000e-01 1.76744699478149e-01
27 4.11132812500000e-01 1.69030189514160e-01
28 4.00390625000000e-01 1.60312652587891e-01
29 4.46777343750000e-01 1.99609994888306e-01
30 4.82910156250000e-01 2.33202219009399e-01
31 5.03417968750000e-01 2.53429651260376e-01
32 5.94726562500000e-01 3.53699684143066e-01
33 6.54785156250000e-01 4.28743600845337e-01
34 7.30468750000000e-01 5.33584594726562e-01
35 7.10449218750000e-01 5.04738092422485e-01
36 6.51855468750000e-01 4.24915552139282e-01
37 6.69921875000000e-01 4.48795318603516e-01
38 6.86035156250000e-01 4.70644235610962e-01
39 6.33300781250000e-01 4.01069879531860e-01
40 6.21582031250000e-01 3.86364221572876e-01
41 6.88964843750000e-01 4.74672555923462e-01
42 6.35742187500000e-01 4.04168128967285e-01
43 6.32812500000000e-01 4.00451660156250e-01
44 6.42089843750000e-01 4.12279367446899e-01
45 6.12304687500000e-01 3.74917030334473e-01
46 5.76660156250000e-01 3.32536935806274e-01
47 5.90332031250000e-01 3.48491907119751e-01
48 5.75195312500000e-01 3.30849647521973e-01
49 6.20605468750000e-01 3.85151147842407e-01
50 6.01074218750000e-01 3.61290216445923e-01
51 6.50878906250000e-01 4.23643350601196e-01
52 6.17675781250000e-01 3.81523370742798e-01
53 6.48437500000000e-01 4.20471191406250e-01
54 6.48925781250000e-01 4.21104669570923e-01
55 6.45507812500000e-01 4.16680335998535e-01
56 6.44042968750000e-01 4.14791345596313e-01
57 6.39160156250000e-01 4.08525705337524e-01
58 6.46484375000000e-01 4.17942047119141e-01
59 6.65527343750000e-01 4.42926645278931e-01
60 6.39648437500000e-01 4.09150123596191e-01
61 7.01660156250000e-01 4.92326974868774e-01
62 6.70898437500000e-01 4.50104713439941e-01
63 6.67480468750000e-01 4.45530176162720e-01
64 5.98632812500000e-01 3.58361244201660e-01
65 6.33789062500000e-01 4.01688575744629e-01
66 6.58691406250000e-01 4.33874368667603e-01
67 6.31835937500000e-01 3.99216651916504e-01
68 6.62597656250000e-01 4.39035654067993e-01
69 6.51367187500000e-01 4.24279212951660e-01
70 6.29394531250000e-01 3.96137475967407e-01
71 7.27050781250000e-01 5.28602838516235e-01
72 7.10449218750000e-01 5.04738092422485e-01
73 7.06542968750000e-01 4.99202966690063e-01
74 6.88964843750000e-01 4.74672555923462e-01
75 6.44531250000000e-01 4.15420532226562e-01
76 5.91796875000000e-01 3.50223541259766e-01
77 6.04003906250000e-01 3.64820718765259e-01
78 6.27441406250000e-01 3.93682718276978e-01
79 5.68847656250000e-01 3.23587656021118e-01
80 6.13281250000000e-01 3.76113891601562e-01
81 5.25878906250000e-01 2.76548624038696e-01
82 5.48339843750000e-01 3.00676584243774e-01
83 5.62988281250000e-01 3.16955804824829e-01
84 4.96093750000000e-01 2.46109008789062e-01
85 5.09277343750000e-01 2.59363412857056e-01
86 4.47753906250000e-01 2.00483560562134e-01
87 4.86816406250000e-01 2.36990213394165e-01
88 5.76660156250000e-01 3.32536935806274e-01
89 5.75195312500000e-01 3.30849647521973e-01
90 5.90332031250000e-01 3.48491907119751e-01
91 6.06445312500000e-01 3.67775917053223e-01
92 5.71289062500000e-01 3.26371192932129e-01
93 5.43945312500000e-01 2.95876502990723e-01
94 5.76171875000000e-01 3.31974029541016e-01
95 6.06933593750000e-01 3.68368387222290e-01
96 5.82031250000000e-01 3.38760375976562e-01
97 4.94140625000000e-01 2.44174957275391e-01
98 5.46386718750000e-01 2.98538446426392e-01
99 4.81933593750000e-01 2.32259988784790e-01
100 5.94726562500000e-01 3.53699684143066e-01
101 5.36621093750000e-01 2.87962198257446e-01
102 4.89746093750000e-01 2.39851236343384e-01
103 5.39062500000000e-01 2.90588378906250e-01
104 4.66308593750000e-01 2.17443704605103e-01
105 4.29199218750000e-01 1.84211969375610e-01
106 4.71679687500000e-01 2.22481727600098e-01
107 5.28320312500000e-01 2.79122352600098e-01
108 5.59570312500000e-01 3.13118934631348e-01
109 5.86914062500000e-01 3.44468116760254e-01
110 6.00097656250000e-01 3.60117197036743e-01
111 6.63085937500000e-01 4.39682960510254e-01
112 6.66015625000000e-01 4.43576812744141e-01
113 6.50390625000000e-01 4.23007965087891e-01
114 6.02539062500000e-01 3.63053321838379e-01
115 5.56640625000000e-01 3.09848785400391e-01
116 5.75683593750000e-01 3.31411600112915e-01
117 5.53222656250000e-01 3.06055307388306e-01
118 5.11718750000000e-01 2.61856079101562e-01
119 5.41992187500000e-01 2.93755531311035e-01
120 5.34179687500000e-01 2.85347938537598e-01
121 5.14648437500000e-01 2.64863014221191e-01
122 5.56640625000000e-01 3.09848785400391e-01
123 5.21972656250000e-01 2.72455453872681e-01
124 5.13671875000000e-01 2.63858795166016e-01
125 5.36621093750000e-01 2.87962198257446e-01
126 5.58593750000000e-01 3.12026977539062e-01
127 5.40527343750000e-01 2.92169809341431e-01
128 4.77539062500000e-01 2.28043556213379e-01
129 5.32714843750000e-01 2.83785104751587e-01
130 5.37597656250000e-01 2.89011240005493e-01
131 5.12695312500000e-01 2.62856483459473e-01
132 5.70312500000000e-01 3.25256347656250e-01
133 5.19531250000000e-01 2.69912719726562e-01
134 5.36132812500000e-01 2.87438392639160e-01
135 5.04882812500000e-01 2.54906654357910e-01
136 5.68847656250000e-01 3.23587656021118e-01
137 5.41992187500000e-01 2.93755531311035e-01
138 5.78613281250000e-01 3.34793329238892e-01
139 5.61035156250000e-01 3.14760446548462e-01
140 5.94238281250000e-01 3.53119134902954e-01
141 6.02050781250000e-01 3.62465143203735e-01
142 5.76171875000000e-01 3.31974029541016e-01
143 6.14746093750000e-01 3.77912759780884e-01
144 5.96679687500000e-01 3.56026649475098e-01
145 5.73730468750000e-01 3.29166650772095e-01
146 5.10253906250000e-01 2.60359048843384e-01
147 4.97558593750000e-01 2.47564554214478e-01
148 5.04882812500000e-01 2.54906654357910e-01
149 5.39062500000000e-01 2.90588378906250e-01
150 5.31250000000000e-01 2.82226562500000e-01
151 5.80566406250000e-01 3.37057352066040e-01
152 5.74218750000000e-01 3.29727172851562e-01
153 5.87890625000000e-01 3.45615386962891e-01
154 5.55175781250000e-01 3.08220148086548e-01
155 5.64453125000000e-01 3.18607330322266e-01
156 5.98632812500000e-01 3.58361244201660e-01
157 6.20117187500000e-01 3.84545326232910e-01
158 5.87890625000000e-01 3.45615386962891e-01
159 5.96191406250000e-01 3.55444192886353e-01
160 5.63476562500000e-01 3.17505836486816e-01
161 5.98144531250000e-01 3.57776880264282e-01
162 5.53222656250000e-01 3.06055307388306e-01
163 5.39550781250000e-01 2.91115045547485e-01
164 5.58105468750000e-01 3.11481714248657e-01
165 5.63964843750000e-01 3.18056344985962e-01
166 5.35644531250000e-01 2.86915063858032e-01
167 5.35644531250000e-01 2.86915063858032e-01
168 5.92285156250000e-01 3.50801706314087e-01
169 6.20605468750000e-01 3.85151147842407e-01
170 6.33789062500000e-01 4.01688575744629e-01
171 5.94238281250000e-01 3.53119134902954e-01
172 5.51757812500000e-01 3.04436683654785e-01
173 5.76660156250000e-01 3.32536935806274e-01
174 5.40039062500000e-01 2.91642189025879e-01
175 5.57128906250000e-01 3.10392618179321e-01
176 5.89843750000000e-01 3.47915649414062e-01
177 5.42968750000000e-01 2.94815063476562e-01
178 5.27832031250000e-01 2.78606653213501e-01
179 6.16210937500000e-01 3.79715919494629e-01
180 6.39648437500000e-01 4.09150123596191e-01
181 5.80078125000000e-01 3.36490631103516e-01
182 6.02050781250000e-01 3.62465143203735e-01
183 5.97656250000000e-01 3.57192993164062e-01
184 5.27343750000000e-01 2.78091430664062e-01
185 5.53222656250000e-01 3.06055307388306e-01
186 5.60058593750000e-01 3.13665628433228e-01
187 5.10253906250000e-01 2.60359048843384e-01
188 5.20019531250000e-01 2.70420312881470e-01
189 4.53613281250000e-01 2.05765008926392e-01
190 4.12597656250000e-01 1.70236825942993e-01
191 3.99902343750000e-01 1.59921884536743e-01
192 3.20312500000000e-01 1.02600097656250e-01
193 3.66699218750000e-01 1.34468317031860e-01
194 3.29589843750000e-01 1.08629465103149e-01
195 2.76367187500000e-01 7.63788223266602e-02
196 2.85644531250000e-01 8.15927982330322e-02
197 3.67675781250000e-01 1.35185480117798e-01
198 3.96484375000000e-01 1.57199859619141e-01
199 4.25781250000000e-01 1.81289672851562e-01
200 4.10644531250000e-01 1.68628931045532e-01
201 4.15039062500000e-01 1.72257423400879e-01
202 4.22851562500000e-01 1.78803443908691e-01
203 5.10742187500000e-01 2.60857582092285e-01
204 4.84863281250000e-01 2.35092401504517e-01
205 5.44433593750000e-01 2.96407938003540e-01
206 5.90820312500000e-01 3.49068641662598e-01
207 5.74218750000000e-01 3.29727172851562e-01
208 5.37597656250000e-01 2.89011240005493e-01
209 4.75097656250000e-01 2.25717782974243e-01
210 4.50683593750000e-01 2.03115701675415e-01
211 4.72656250000000e-01 2.23403930664062e-01
212 5.18066406250000e-01 2.68392801284790e-01
213 5.02441406250000e-01 2.52447366714478e-01
214 4.75585937500000e-01 2.26181983947754e-01
215 4.84863281250000e-01 2.35092401504517e-01
216 5.12207031250000e-01 2.62356042861938e-01
217 5.30273437500000e-01 2.81189918518066e-01
218 5.72265625000000e-01 3.27487945556641e-01
219 6.13281250000000e-01 3.76113891601562e-01
220 6.46484375000000e-01 4.17942047119141e-01
221 5.85449218750000e-01 3.42750787734985e-01
222 5.86425781250000e-01 3.43895196914673e-01
223 5.37597656250000e-01 2.89011240005493e-01
224 4.61914062500000e-01 2.13364601135254e-01
225 4.72167968750000e-01 2.22942590713501e-01
226 4.88769531250000e-01 2.38895654678345e-01
227 4.50195312500000e-01 2.02675819396973e-01
228 4.50683593750000e-01 2.03115701675415e-01
229 4.52148437500000e-01 2.04438209533691e-01
230 4.56054687500000e-01 2.07985877990723e-01
231 4.24316406250000e-01 1.80044412612915e-01
232 4.09179687500000e-01 1.67428016662598e-01
233 3.73535156250000e-01 1.39528512954712e-01
234 4.44335937500000e-01 1.97434425354004e-01
235 5.05371093750000e-01 2.55399942398071e-01
236 4.74609375000000e-01 2.25254058837891e-01
237 5.15625000000000e-01 2.65869140625000e-01
238 5.29785156250000e-01 2.80672311782837e-01
239 5.16113281250000e-01 2.66372919082642e-01
240 5.30761718750000e-01 2.81708002090454e-01
241 5.01464843750000e-01 2.51466989517212e-01
242 4.14550781250000e-01 1.71852350234985e-01
243 4.23339843750000e-01 1.79216623306274e-01
244 4.65820312500000e-01 2.16988563537598e-01
245 4.77050781250000e-01 2.27577447891235e-01
246 5.72753906250000e-01 3.28047037124634e-01
247 5.37109375000000e-01 2.88486480712891e-01
248 5.51757812500000e-01 3.04436683654785e-01
249 5.25390625000000e-01 2.76035308837891e-01
250 5.26367187500000e-01 2.77062416076660e-01
251 4.58496093750000e-01 2.10218667984009e-01
252 5.25390625000000e-01 2.76035308837891e-01
253 5.21484375000000e-01 2.71945953369141e-01
254 5.47851562500000e-01 3.00141334533691e-01
255 6.03027343750000e-01 3.63641977310181e-01
256 5.18554687500000e-01 2.68898963928223e-01
257 4.52148437500000e-01 2.04438209533691e-01
258 4.96093750000000e-01 2.46109008789062e-01
259 5.75683593750000e-01 3.31411600112915e-01
260 5.66894531250000e-01 3.21369409561157e-01
261 5.31738281250000e-01 2.82745599746704e-01
262 5.55175781250000e-01 3.08220148086548e-01
263 5.38574218750000e-01 2.90062189102173e-01
264 5.65429687500000e-01 3.19710731506348e-01
265 5.03906250000000e-01 2.53921508789062e-01
266 5.57128906250000e-01 3.10392618179321e-01
267 6.16210937500000e-01 3.79715919494629e-01
268 5.88867187500000e-01 3.46764564514160e-01
269 5.91308593750000e-01 3.49645853042603e-01
270 5.48828125000000e-01 3.01212310791016e-01
271 5.64453125000000e-01 3.18607330322266e-01
272 5.63964843750000e-01 3.18056344985962e-01
273 5.54687500000000e-01 3.07678222656250e-01
274 4.74121093750000e-01 2.24790811538696e-01
275 4.26269531250000e-01 1.81705713272095e-01
276 4.09667968750000e-01 1.67827844619751e-01
277 4.61914062500000e-01 2.13364601135254e-01
278 5.07812500000000e-01 2.57873535156250e-01
279 5.42968750000000e-01 2.94815063476562e-01
280 5.46386718750000e-01 2.98538446426392e-01
281 5.47851562500000e-01 3.00141334533691e-01
282 5.29296875000000e-01 2.80155181884766e-01
283 4.99511718750000e-01 2.49511957168579e-01
284 5.14160156250000e-01 2.64360666275024e-01
285 4.77050781250000e-01 2.27577447891235e-01
286 4.12597656250000e-01 1.70236825942993e-01
287 4.66308593750000e-01 2.17443704605103e-01
288 5.05859375000000e-01 2.55893707275391e-01
289 5.66894531250000e-01 3.21369409561157e-01
290 5.15136718750000e-01 2.65365839004517e-01
291 5.04394531250000e-01 2.54413843154907e-01
292 4.30664062500000e-01 1.85471534729004e-01
293 3.90136718750000e-01 1.52206659317017e-01
294 4.14550781250000e-01 1.71852350234985e-01
295 4.10156250000000e-01 1.68228149414062e-01
296 4.36523437500000e-01 1.90552711486816e-01
297 4.47265625000000e-01 2.00046539306641e-01
298 4.40429687500000e-01 1.93978309631348e-01
299 4.71679687500000e-01 2.22481727600098e-01
300 4.45800781250000e-01 1.98738336563110e-01
301 3.96972656250000e-01 1.57587289810181e-01
302 4.87304687500000e-01 2.37465858459473e-01
303 4.18945312500000e-01 1.75515174865723e-01
304 5.08789062500000e-01 2.58866310119629e-01
305 5.21972656250000e-01 2.72455453872681e-01
306 5.27343750000000e-01 2.78091430664062e-01
307 4.64843750000000e-01 2.16079711914062e-01
308 5.10742187500000e-01 2.60857582092285e-01
309 5.34667968750000e-01 2.85869836807251e-01
310 5.36132812500000e-01 2.87438392639160e-01
311 5.05371093750000e-01 2.55399942398071e-01
312 5.26855468750000e-01 2.77576684951782e-01
313 5.57128906250000e-01 3.10392618179321e-01
314 5.97656250000000e-01 3.57192993164062e-01
315 6.06933593750000e-01 3.68368387222290e-01
316 5.91796875000000e-01 3.50223541259766e-01
317 6.33789062500000e-01 4.01688575744629e-01
318 5.67382812500000e-01 3.21923255920410e-01
319 5.83984375000000e-01 3.41037750244141e-01
320 5.48339843750000e-01 3.00676584243774e-01
321 5.15136718750000e-01 2.65365839004517e-01
322 5.01953125000000e-01 2.51956939697266e-01
323 5.42968750000000e-01 2.94815063476562e-01
324 5.34667968750000e-01 2.85869836807251e-01
325 4.70214843750000e-01 2.21101999282837e-01
326 4.92187500000000e-01 2.42248535156250e-01
327 5.48339843750000e-01 3.00676584243774e-01
328 5.41015625000000e-01 2.92697906494141e-01
329 5.31250000000000e-01 2.82226562500000e-01
330 5.52246093750000e-01 3.04975748062134e-01
331 5.31738281250000e-01 2.82745599746704e-01
332 5.06835937500000e-01 2.56882667541504e-01
333 5.16601562500000e-01 2.66877174377441e-01
334 5.03906250000000e-01 2.53921508789062e-01
335 4.35058593750000e-01 1.89275979995728e-01
336 4.39453125000000e-01 1.93119049072266e-01
337 3.46191406250000e-01 1.19848489761353e-01
338 3.56445312500000e-01 1.27053260803223e-01
339 3.91601562500000e-01 1.53351783752441e-01
340 4.40917968750000e-01 1.94408655166626e-01
341 3.77441406250000e-01 1.42462015151978e-01
342 4.32128906250000e-01 1.86735391616821e-01
343 4.54589843750000e-01 2.06651926040649e-01
344 5.32714843750000e-01 2.83785104751587e-01
345 5.11718750000000e-01 2.61856079101562e-01
346 5.04394531250000e-01 2.54413843154907e-01
347 5.66894531250000e-01 3.21369409561157e-01
348 5.75683593750000e-01 3.31411600112915e-01
349 5.27832031250000e-01 2.78606653213501e-01
350 5.40527343750000e-01 2.92169809341431e-01
351 4.86816406250000e-01 2.36990213394165e-01
352 4.95117187500000e-01 2.45141029357910e-01
353 4.75097656250000e-01 2.25717782974243e-01
354 4.33105468750000e-01 1.87580347061157e-01
355 4.42871093750000e-01 1.96134805679321e-01
356 5.43457031250000e-01 2.95345544815063e-01
357 6.18164062500000e-01 3.82126808166504e-01
358 6.10351562500000e-01 3.72529029846191e-01
359 5.76171875000000e-01 3.31974029541016e-01
360 4.95117187500000e-01 2.45141029357910e-01
361 5.51269531250000e-01 3.03898096084595e-01
362 6.02539062500000e-01 3.63053321838379e-01
363 5.95703125000000e-01 3.54862213134766e-01
364 5.50292968750000e-01 3.02822351455688e-01
365 5.13671875000000e-01 2.63858795166016e-01
366 5.64941406250000e-01 3.19158792495728e-01
367 6.29882812500000e-01 3.96752357482910e-01
368 6.81640625000000e-01 4.64633941650391e-01
369 7.02148437500000e-01 4.93012428283691e-01
370 7.32910156250000e-01 5.37157297134399e-01
371 7.29492187500000e-01 5.32158851623535e-01
372 7.70019531250000e-01 5.92930078506470e-01
373 7.74414062500000e-01 5.99717140197754e-01
374 7.65136718750000e-01 5.85434198379517e-01
375 7.08496093750000e-01 5.01966714859009e-01
376 7.20703125000000e-01 5.19412994384766e-01
377 7.45117187500000e-01 5.55199623107910e-01
378 6.51367187500000e-01 4.24279212951660e-01
379 6.54296875000000e-01 4.28104400634766e-01
380 6.92382812500000e-01 4.79393959045410e-01
381 6.88476562500000e-01 4.73999977111816e-01
382 6.38671875000000e-01 4.07901763916016e-01
383 6.14746093750000e-01 3.77912759780884e-01
384 5.23925781250000e-01 2.74498224258423e-01
385 5.43945312500000e-01 2.95876502990723e-01
386 5.33203125000000e-01 2.84305572509766e-01
387 5.47363281250000e-01 2.99606561660767e-01
388 5.87890625000000e-01 3.45615386962891e-01
389 5.29296875000000e-01 2.80155181884766e-01
390 5.44921875000000e-01 2.96939849853516e-01
391 5.52734375000000e-01 3.05515289306641e-01
392 4.83398437500000e-01 2.33674049377441e-01
393 4.50683593750000e-01 2.03115701675415e-01
394 4.35546875000000e-01 1.89701080322266e-01
395 5.10742187500000e-01 2.60857582092285e-01
396 5.18554687500000e-01 2.68898963928223e-01
397 5.18554687500000e-01 2.68898963928223e-01
398 5.85937500000000e-01 3.43322753906250e-01
399 4.99511718750000e-01 2.49511957168579e-01
400 5.53222656250000e-01 3.06055307388306e-01
401 6.24023437500000e-01 3.89405250549316e-01
402 6.10839843750000e-01 3.73125314712524e-01
403 6.08886718750000e-01 3.70743036270142e-01
404 5.78125000000000e-01 3.34228515625000e-01
405 5.92285156250000e-01 3.50801706314087e-01
406 6.08886718750000e-01 3.70743036270142e-01
407 5.47363281250000e-01 2.99606561660767e-01
408 4.79003906250000e-01 2.29444742202759e-01
409 4.78027343750000e-01 2.28510141372681e-01
410 5.13183593750000e-01 2.63357400894165e-01
411 5.00488281250000e-01 2.50488519668579e-01
412 5.32226562500000e-01 2.83265113830566e-01
413 5.73242187500000e-01 3.28606605529785e-01
414 6.19140625000000e-01 3.83335113525391e-01
415 6.12304687500000e-01 3.74917030334473e-01
416 6.43066406250000e-01 4.13534402847290e-01
417 5.86914062500000e-01 3.44468116760254e-01
418 5.78125000000000e-01 3.34228515625000e-01
419 5.96191406250000e-01 3.55444192886353e-01
420 5.33203125000000e-01 2.84305572509766e-01
421 5.37597656250000e-01 2.89011240005493e-01
422 5.72265625000000e-01 3.27487945556641e-01
423 5.43945312500000e-01 2.95876502990723e-01
424 4.80957031250000e-01 2.31319665908813e-01
425 5.40527343750000e-01 2.92169809341431e-01
426 5.51757812500000e-01 3.04436683654785e-01
427 6.02050781250000e-01 3.62465143203735e-01
428 5.34179687500000e-01 2.85347938537598e-01
429 4.87304687500000e-01 2.37465858459473e-01
430 5.22460937500000e-01 2.72965431213379e-01
431 4.98046875000000e-01 2.48050689697266e-01
432 5.40039062500000e-01 2.91642189025879e-01
433 5.91308593750000e-01 3.49645853042603e-01
434 5.88378906250000e-01 3.46189737319946e-01
435 5.20996093750000e-01 2.71436929702759e-01
436 5.48828125000000e-01 3.01212310791016e-01
437 5.04394531250000e-01 2.54413843154907e-01
438 5.00488281250000e-01 2.50488519668579e-01
439 5.15625000000000e-01 2.65869140625000e-01
440 5.38574218750000e-01 2.90062189102173e-01
441 5.64453125000000e-01 3.18607330322266e-01
442 5.41503906250000e-01 2.93226480484009e-01
443 5.13183593750000e-01 2.63357400894165e-01
444 5.04394531250000e-01 2.54413843154907e-01
445 4.97558593750000e-01 2.47564554214478e-01
446 4.78515625000000e-01 2.28977203369141e-01
447 4.97070312500000e-01 2.47078895568848e-01
448 4.89257812500000e-01 2.39373207092285e-01
449 4.72167968750000e-01 2.22942590713501e-01
450 4.46777343750000e-01 1.99609994888306e-01
451 4.60449218750000e-01 2.12013483047485e-01
452 4.83886718750000e-01 2.34146356582642e-01
453 5.31738281250000e-01 2.82745599746704e-01
454 5.04882812500000e-01 2.54906654357910e-01
455 5.75683593750000e-01 3.31411600112915e-01
456 5.88867187500000e-01 3.46764564514160e-01
457 5.93750000000000e-01 3.52539062500000e-01
458 5.35644531250000e-01 2.86915063858032e-01
459 4.65820312500000e-01 2.16988563537598e-01
460 4.35058593750000e-01 1.89275979995728e-01
461 4.93164062500000e-01 2.43210792541504e-01
462 4.84863281250000e-01 2.35092401504517e-01
463 5.00488281250000e-01 2.50488519668579e-01
464 5.04882812500000e-01 2.54906654357910e-01
465 4.70703125000000e-01 2.21561431884766e-01
466 4.90722656250000e-01 2.40808725357056e-01
467 4.98046875000000e-01 2.48050689697266e-01
468 5.51757812500000e-01 3.04436683654785e-01
469 5.34667968750000e-01 2.85869836807251e-01
470 5.96191406250000e-01 3.55444192886353e-01
471 6.32324218750000e-01 3.99833917617798e-01
472 5.53222656250000e-01 3.06055307388306e-01
473 6.52832031250000e-01 4.26189661026001e-01
474 6.13769531250000e-01 3.76713037490845e-01
475 6.42089843750000e-01 4.12279367446899e-01
476 6.24511718750000e-01 3.90014886856079e-01
477 6.10839843750000e-01 3.73125314712524e-01
478 6.62597656250000e-01 4.39035654067993e-01
479 6.06445312500000e-01 3.67775917053223e-01
480 5.53710937500000e-01 3.06595802307129e-01
481 5.42480468750000e-01 2.94285058975220e-01
482 5.02929687500000e-01 2.52938270568848e-01
483 5.32714843750000e-01 2.83785104751587e-01
484 5.59570312500000e-01 3.13118934631348e-01
485 5.33691406250000e-01 2.84826517105103e-01
486 5.28320312500000e-01 2.79122352600098e-01
487 5.53710937500000e-01 3.06595802307129e-01
488 5.13671875000000e-01 2.63858795166016e-01
489 5.34667968750000e-01 2.85869836807251e-01
490 5.44921875000000e-01 2.96939849853516e-01
491 5.33691406250000e-01 2.84826517105103e-01
492 5.61523437500000e-01 3.15308570861816e-01
493 5.90332031250000e-01 3.48491907119751e-01
494 5.62988281250000e-01 3.16955804824829e-01
495 5.45898437500000e-01 2.98005104064941e-01
496 4.94628906250000e-01 2.44657754898071e-01
497 5.15136718750000e-01 2.65365839004517e-01
498 5.09765625000000e-01 2.59860992431641e-01
499 5.14648437500000e-01 2.64863014221191e-01
500 4.39941406250000e-01 1.93548440933228e-01
501 4.96093750000000e-01 2.46109008789062e-01
502 5.45410156250000e-01 2.97472238540649e-01
503 5.69824218750000e-01 3.24699640274048e-01
504 5.68847656250000e-01 3.23587656021118e-01
505 5.77148437500000e-01 3.33100318908691e-01
506 5.83007812500000e-01 3.39898109436035e-01
507 5.11718750000000e-01 2.61856079101562e-01
508 5.67382812500000e-01 3.21923255920410e-01
509 5.75195312500000e-01 3.30849647521973e-01
510 5.20996093750000e-01 2.71436929702759e-01
511 5.11230468750000e-01 2.61356592178345e-01
512 4.86328125000000e-01 2.36515045166016e-01
513 4.60937500000000e-01 2.12463378906250e-01
514 4.40429687500000e-01 1.93978309631348e-01
515 4.51171875000000e-01 2.03556060791016e-01
516 4.58984375000000e-01 2.10666656494141e-01
517 4.96093750000000e-01 2.46109008789062e-01
518 5.04882812500000e-01 2.54906654357910e-01
519 5.02441406250000e-01 2.52447366714478e-01
520 4.95117187500000e-01 2.45141029357910e-01
521 4.51171875000000e-01 2.03556060791016e-01
522 4.71191406250000e-01 2.22021341323853e-01
523 4.58496093750000e-01 2.10218667984009e-01
524 4.62402343750000e-01 2.13815927505493e-01
525 5.01953125000000e-01 2.51956939697266e-01
526 5.63476562500000e-01 3.17505836486816e-01
527 5.63476562500000e-01 3.17505836486816e-01
528 5.26367187500000e-01 2.77062416076660e-01
529 5.46386718750000e-01 2.98538446426392e-01
530 5.25878906250000e-01 2.76548624038696e-01
531 4.86816406250000e-01 2.36990213394165e-01
532 4.28222656250000e-01 1.83374643325806e-01
533 4.05761718750000e-01 1.64642572402954e-01
534 3.78417968750000e-01 1.43200159072876e-01
535 3.41308593750000e-01 1.16491556167603e-01
536 2.75878906250000e-01 7.61091709136963e-02
537 3.15429687500000e-01 9.94958877563477e-02
538 3.04199218750000e-01 9.25371646881104e-02
539 2.59277343750000e-01 6.72247409820557e-02
540 2.96386718750000e-01 8.78450870513916e-02
541 3.05664062500000e-01 9.34305191040039e-02
542 3.33007812500000e-01 1.10894203186035e-01
543 3.05175781250000e-01 9.31322574615479e-02
544 3.67187500000000e-01 1.34826660156250e-01
545 3.68652343750000e-01 1.35904550552368e-01
546 3.54980468750000e-01 1.26011133193970e-01
547 3.68652343750000e-01 1.35904550552368e-01
548 3.49609375000000e-01 1.22226715087891e-01
549 3.31542968750000e-01 1.09920740127563e-01
550 3.26660156250000e-01 1.06706857681274e-01
551 3.28613281250000e-01 1.07986688613892e-01
552 3.20800781250000e-01 1.02913141250610e-01
553 2.83203125000000e-01 8.02040100097656e-02
554 2.88574218750000e-01 8.32750797271729e-02
555 2.56347656250000e-01 6.57141208648682e-02
556 2.60253906250000e-01 6.77320957183838e-02
557 2.16308593750000e-01 4.67894077301025e-02
558 1.73339843750000e-01 3.00467014312744e-02
559 1.46972656250000e-01 2.16009616851807e-02
560 9.57031250000000e-02 9.15908813476562e-03
561 6.49414062500000e-02 4.21738624572754e-03
562 1.21093750000000e-01 1.46636962890625e-02
563 1.21582031250000e-01 1.47821903228760e-02
564 1.14257812500000e-01 1.30548477172852e-02
565 1.11328125000000e-01 1.23939514160156e-02
566 8.83789062500000e-02 7.81083106994629e-03
567 6.10351562500000e-02 3.72529029846191e-03
568 4.88281250000000e-04 2.38418579101562e-07
569 2.39257812500000e-02 5.72443008422852e-04
570 2.92968750000000e-03 8.58306884765625e-06
571 1.17187500000000e-02 1.37329101562500e-04
572 1.80664062500000e-02 3.26395034790039e-04
573 1.22070312500000e-02 1.49011611938477e-04
574 6.00585937500000e-02 3.60703468322754e-03
575 6.98242187500000e-02 4.87542152404785e-03
576 1.95312500000000e-03 3.81469726562500e-06
577 5.41992187500000e-02 2.93755531311035e-03
578 1.39648437500000e-01 1.95016860961914e-02
579 9.61914062500000e-02 9.25278663635254e-03
580 1.23535156250000e-01 1.52609348297119e-02
581 4.88281250000000e-04 2.38418579101562e-07
582 1.56250000000000e-02 2.44140625000000e-04
583 2.09960937500000e-02 4.40835952758789e-04
584 6.64062500000000e-02 4.40979003906250e-03
585 2.34375000000000e-02 5.49316406250000e-04
586 8.05664062500000e-02 6.49094581604004e-03
587 6.59179687500000e-02 4.34517860412598e-03
588 1.45507812500000e-01 2.11725234985352e-02
589 1.43554687500000e-01 2.06079483032227e-02
590 1.87988281250000e-01 3.53395938873291e-02
591 1.75781250000000e-01 3.08990478515625e-02
592 2.04101562500000e-01 4.16574478149414e-02
593 1.90429687500000e-01 3.62634658813477e-02
594 2.81738281250000e-01 7.93764591217041e-02
595 2.46093750000000e-01 6.05621337890625e-02
596 2.97363281250000e-01 8.84249210357666e-02
597 2.96386718750000e-01 8.78450870513916e-02
598 3.55468750000000e-01 1.26358032226562e-01
599 3.24707031250000e-01 1.05434656143188e-01
600 3.06640625000000e-01 9.40284729003906e-02
601 3.22753906250000e-01 1.04170083999634e-01
602 3.22753906250000e-01 1.04170083999634e-01
603 3.94531250000000e-01 1.55654907226562e-01
604 3.46191406250000e-01 1.19848489761353e-01
605 3.16894531250000e-01 1.00422143936157e-01
606 3.10058593750000e-01 9.61363315582275e-02
607 2.72949218750000e-01 7.45012760162354e-02
608 2.93457031250000e-01 8.61170291900635e-02
609 2.50000000000000e-01 6.25000000000000e-02
610 2.41210937500000e-01 5.81827163696289e-02
611 3.20800781250000e-01 1.02913141250610e-01
612 2.85644531250000e-01 8.15927982330322e-02
613 2.61230468750000e-01 6.82413578033447e-02
614 3.06152343750000e-01 9.37292575836182e-02
615 2.74414062500000e-01 7.53030776977539e-02
616 1.91894531250000e-01 3.68235111236572e-02
617 1.83105468750000e-01 3.35276126861572e-02
618 1.30371093750000e-01 1.69966220855713e-02
619 1.48925781250000e-01 2.21788883209229e-02
620 1.20117187500000e-01 1.44281387329102e-02
621 1.12792968750000e-01 1.27222537994385e-02
622 1.61132812500000e-01 2.59637832641602e-02
623 1.55761718750000e-01 2.42617130279541e-02
624 1.83105468750000e-01 3.35276126861572e-02
625 1.78222656250000e-01 3.17633152008057e-02
626 2.03613281250000e-01 4.14583683013916e-02
627 1.79199218750000e-01 3.21123600006104e-02
628 1.56738281250000e-01 2.45668888092041e-02
629 2.12890625000000e-01 4.53224182128906e-02
630 2.22656250000000e-01 4.95758056640625e-02
631 2.98828125000000e-01 8.92982482910156e-02
632 2.87109375000000e-01 8.24317932128906e-02
633 2.39746093750000e-01 5.74781894683838e-02
634 1.49902343750000e-01 2.24707126617432e-02
635 1.70410156250000e-01 2.90396213531494e-02
636 1.99707031250000e-01 3.98828983306885e-02
637 1.70898437500000e-01 2.92062759399414e-02
638 1.53320312500000e-01 2.35071182250977e-02
639 2.46582031250000e-01 6.08026981353760e-02
640 1.79687500000000e-01 3.22875976562500e-02
641 1.62597656250000e-01 2.64379978179932e-02
642 1.92382812500000e-01 3.70111465454102e-02
643 1.98242187500000e-01 3.92999649047852e-02
644 1.78222656250000e-01 3.17633152008057e-02
645 1.87011718750000e-01 3.49733829498291e-02
646 2.17773437500000e-01 4.74252700805664e-02
647 2.19726562500000e-01 4.82797622680664e-02
648 2.37792968750000e-01 5.65454959869385e-02
649 2.56347656250000e-01 6.57141208648682e-02
650 3.17871093750000e-01 1.01042032241821e-01
651 3.61328125000000e-01 1.30558013916016e-01
652 2.46093750000000e-01 6.05621337890625e-02
653 3.15429687500000e-01 9.94958877563477e-02
654 3.08593750000000e-01 9.52301025390625e-02
655 3.63281250000000e-01 1.31973266601562e-01
656 3.66210937500000e-01 1.34110450744629e-01
657 3.37890625000000e-01 1.14170074462891e-01
658 2.57324218750000e-01 6.62157535552979e-02
659 2.43164062500000e-01 5.91287612915039e-02
660 2.97363281250000e-01 8.84249210357666e-02
661 3.41796875000000e-01 1.16825103759766e-01
662 3.76953125000000e-01 1.42093658447266e-01
663 3.77441406250000e-01 1.42462015151978e-01
664 3.29101562500000e-01 1.08307838439941e-01
665 3.57421875000000e-01 1.27750396728516e-01
666 4.07714843750000e-01 1.66231393814087e-01
667 4.26269531250000e-01 1.81705713272095e-01
668 4.28710937500000e-01 1.83793067932129e-01
669 4.17480468750000e-01 1.74289941787720e-01
670 4.41894531250000e-01 1.95270776748657e-01
671 4.78515625000000e-01 2.28977203369141e-01
672 5.52246093750000e-01 3.04975748062134e-01
673 5.27343750000000e-01 2.78091430664062e-01
674 5.40039062500000e-01 2.91642189025879e-01
675 6.64550781250000e-01 4.41627740859985e-01
676 6.89453125000000e-01 4.75345611572266e-01
677 6.80664062500000e-01 4.63303565979004e-01
678 5.99609375000000e-01 3.59531402587891e-01
679 6.47949218750000e-01 4.19838190078735e-01
680 6.30371093750000e-01 3.97367715835571e-01
681 6.79199218750000e-01 4.61311578750610e-01
682 7.41699218750000e-01 5.50117731094360e-01
683 7.23632812500000e-01 5.23644447326660e-01
684 6.69921875000000e-01 4.48795318603516e-01
685 7.07519531250000e-01 5.00583887100220e-01
686 7.08007812500000e-01 5.01275062561035e-01
687 7.23632812500000e-01 5.23644447326660e-01
688 6.79687500000000e-01 4.61975097656250e-01
689 6.34277343750000e-01 4.02307748794556e-01
690 6.67968750000000e-01 4.46182250976562e-01
691 6.98242187500000e-01 4.87542152404785e-01
692 7.16308593750000e-01 5.13098001480103e-01
693 6.66503906250000e-01 4.44227457046509e-01
694 6.55761718750000e-01 4.30023431777954e-01
695 6.36230468750000e-01 4.04789209365845e-01
696 6.24511718750000e-01 3.90014886856079e-01
697 6.33300781250000e-01 4.01069879531860e-01
698 5.85937500000000e-01 3.43322753906250e-01
699 4.98046875000000e-01 2.48050689697266e-01
700 5.68847656250000e-01 3.23587656021118e-01
701 5.85449218750000e-01 3.42750787734985e-01
702 5.95214843750000e-01 3.54280710220337e-01
703 5.28320312500000e-01 2.79122352600098e-01
704 4.81445312500000e-01 2.31789588928223e-01
705 4.58496093750000e-01 2.10218667984009e-01
706 4.33105468750000e-01 1.87580347061157e-01
707 4.38476562500000e-01 1.92261695861816e-01
708 4.55078125000000e-01 2.07096099853516e-01
709 4.82910156250000e-01 2.33202219009399e-01
710 5.51269531250000e-01 3.03898096084595e-01
711 4.80957031250000e-01 2.31319665908813e-01
712 4.51660156250000e-01 2.03996896743774e-01
713 4.72167968750000e-01 2.22942590713501e-01
714 4.75585937500000e-01 2.26181983947754e-01
715 4.55078125000000e-01 2.07096099853516e-01
716 4.68261718750000e-01 2.19269037246704e-01
717 4.65820312500000e-01 2.16988563537598e-01
718 4.69726562500000e-01 2.20643043518066e-01
719 5.24902343750000e-01 2.75522470474243e-01
720 4.89257812500000e-01 2.39373207092285e-01
721 5.24902343750000e-01 2.75522470474243e-01
722 5.18066406250000e-01 2.68392801284790e-01
723 5.67382812500000e-01 3.21923255920410e-01
724 5.62011718750000e-01 3.15857172012329e-01
725 5.55175781250000e-01 3.08220148086548e-01
726 4.87304687500000e-01 2.37465858459473e-01
727 4.61425781250000e-01 2.12913751602173e-01
728 5.14648437500000e-01 2.64863014221191e-01
729 4.97558593750000e-01 2.47564554214478e-01
730 5.01953125000000e-01 2.51956939697266e-01
731 4.95605468750000e-01 2.45624780654907e-01
732 4.79980468750000e-01 2.30381250381470e-01
733 4.94140625000000e-01 2.44174957275391e-01
734 4.89746093750000e-01 2.39851236343384e-01
735 4.65332031250000e-01 2.16533899307251e-01
736 4.06250000000000e-01 1.65039062500000e-01
737 4.34570312500000e-01 1.88851356506348e-01
738 3.97949218750000e-01 1.58363580703735e-01
739 4.50683593750000e-01 2.03115701675415e-01
740 4.34570312500000e-01 1.88851356506348e-01
741 4.27734375000000e-01 1.82956695556641e-01
742 4.83398437500000e-01 2.33674049377441e-01
743 4.78027343750000e-01 2.28510141372681e-01
744 4.53613281250000e-01 2.05765008926392e-01
745 4.08203125000000e-01 1.66629791259766e-01
746 3.80859375000000e-01 1.45053863525391e-01
747 3.94042968750000e-01 1.55269861221313e-01
748 3.99902343750000e-01 1.59921884536743e-01
749 3.53027343750000e-01 1.24628305435181e-01
750 3.42285156250000e-01 1.17159128189087e-01
751 4.02832031250000e-01 1.62273645401001e-01
752 4.25781250000000e-01 1.81289672851562e-01
753 4.12597656250000e-01 1.70236825942993e-01
754 4.43359375000000e-01 1.96567535400391e-01
755 4.81933593750000e-01 2.32259988784790e-01
756 5.56640625000000e-01 3.09848785400391e-01
757 5.17089843750000e-01 2.67381906509399e-01
758 5.81054687500000e-01 3.37624549865723e-01
759 5.31250000000000e-01 2.82226562500000e-01
760 5.42968750000000e-01 2.94815063476562e-01
761 5.50292968750000e-01 3.02822351455688e-01
762 5.26855468750000e-01 2.77576684951782e-01
763 5.52246093750000e-01 3.04975748062134e-01
764 5.78613281250000e-01 3.34793329238892e-01
765 6.16699218750000e-01 3.80317926406860e-01
766 6.04492187500000e-01 3.65410804748535e-01
767 5.60058593750000e-01 3.13665628433228e-01
768 6.19140625000000e-01 3.83335113525391e-01
769 5.68359375000000e-01 3.23032379150391e-01
770 5.61523437500000e-01 3.15308570861816e-01
771 5.68359375000000e-01 3.23032379150391e-01
772 5.60546875000000e-01 3.14212799072266e-01
773 6.10839843750000e-01 3.73125314712524e-01
774 5.51757812500000e-01 3.04436683654785e-01
775 5.46386718750000e-01 2.98538446426392e-01
776 6.04492187500000e-01 3.65410804748535e-01
777 6.37695312500000e-01 4.06655311584473e-01
778 6.85546875000000e-01 4.69974517822266e-01
779 6.45507812500000e-01 4.16680335998535e-01
780 5.87402343750000e-01 3.45041513442993e-01
781 5.88378906250000e-01 3.46189737319946e-01
782 6.48925781250000e-01 4.21104669570923e-01
783 6.08398437500000e-01 3.70148658752441e-01
784 5.78613281250000e-01 3.34793329238892e-01
785 6.31835937500000e-01 3.99216651916504e-01
786 6.05957031250000e-01 3.67183923721313e-01
787 6.15722656250000e-01 3.79114389419556e-01
788 5.91796875000000e-01 3.50223541259766e-01
789 6.47949218750000e-01 4.19838190078735e-01
790 6.55273437500000e-01 4.29383277893066e-01
791 6.80175781250000e-01 4.62639093399048e-01
792 6.31347656250000e-01 3.98599863052368e-01
793 6.59667968750000e-01 4.35161828994751e-01
794 6.83105468750000e-01 4.66633081436157e-01
795 6.55761718750000e-01 4.30023431777954e-01
796 6.41601562500000e-01 4.11652565002441e-01
797 7.19238281250000e-01 5.17303705215454e-01
798 6.58691406250000e-01 4.33874368667603e-01
799 6.80664062500000e-01 4.63303565979004e-01
800 7.08496093750000e-01 5.01966714859009e-01
801 7.31445312500000e-01 5.35012245178223e-01
802 7.36328125000000e-01 5.42179107666016e-01
803 7.09472656250000e-01 5.03351449966431e-01
804 6.95312500000000e-01 4.83459472656250e-01
805 6.55273437500000e-01 4.29383277893066e-01
806 6.18652343750000e-01 3.82730722427368e-01
807 6.53808593750000e-01 4.27465677261353e-01
808 6.83105468750000e-01 4.66633081436157e-01
809 6.66015625000000e-01 4.43576812744141e-01
810 6.13769531250000e-01 3.76713037490845e-01
811 6.54296875000000e-01 4.28104400634766e-01
812 6.98730468750000e-01 4.88224267959595e-01
813 6.74316406250000e-01 4.54702615737915e-01
814 6.59179687500000e-01 4.34517860412598e-01
815 6.88964843750000e-01 4.74672555923462e-01
816 6.86523437500000e-01 4.71314430236816e-01
817 6.22070312500000e-01 3.86971473693848e-01
818 5.85449218750000e-01 3.42750787734985e-01
819 6.12792968750000e-01 3.75515222549438e-01
820 6.16210937500000e-01 3.79715919494629e-01
821 5.60058593750000e-01 3.13665628433228e-01
822 6.24023437500000e-01 3.89405250549316e-01
823 6.41113281250000e-01 4.11026239395142e-01
824 6.64062500000000e-01 4.40979003906250e-01
825 7.09472656250000e-01 5.03351449966431e-01
826 6.91894531250000e-01 4.78718042373657e-01
827 6.83593750000000e-01 4.67300415039062e-01
828 6.30859375000000e-01 3.97983551025391e-01
829 6.46484375000000e-01 4.17942047119141e-01
830 6.43554687500000e-01 4.14162635803223e-01
831 6.72363281250000e-01 4.52072381973267e-01
832 7.22167968750000e-01 5.21526575088501e-01
833 7.05078125000000e-01 4.97135162353516e-01
834 6.64550781250000e-01 4.41627740859985e-01
835 7.34375000000000e-01 5.39306640625000e-01
836 7.68554687500000e-01 5.90676307678223e-01
837 7.63183593750000e-01 5.82449197769165e-01
838 7.18750000000000e-01 5.16601562500000e-01
839 7.09960937500000e-01 5.04044532775879e-01
840 7.29980468750000e-01 5.32871484756470e-01
841 7.03613281250000e-01 4.95071649551392e-01
842 6.92382812500000e-01 4.79393959045410e-01
843 7.25585937500000e-01 5.26474952697754e-01
844 7.11914062500000e-01 5.06821632385254e-01
845 6.90917968750000e-01 4.77367639541626e-01
846 6.49902343750000e-01 4.22373056411743e-01
847 6.48437500000000e-01 4.20471191406250e-01
848 7.09472656250000e-01 5.03351449966431e-01
849 6.48925781250000e-01 4.21104669570923e-01
850 6.84570312500000e-01 4.68636512756348e-01
851 6.68945312500000e-01 4.47487831115723e-01
852 6.72363281250000e-01 4.52072381973267e-01
853 6.91406250000000e-01 4.78042602539062e-01
854 6.60156250000000e-01 4.35806274414062e-01
855 6.75292968750000e-01 4.56020593643188e-01
856 6.83105468750000e-01 4.66633081436157e-01
857 6.58691406250000e-01 4.33874368667603e-01
858 6.72851562500000e-01 4.52729225158691e-01
859 7.02636718750000e-01 4.93698358535767e-01
860 7.00195312500000e-01 4.90273475646973e-01
861 7.02148437500000e-01 4.93012428283691e-01
862 7.00195312500000e-01 4.90273475646973e-01
863 7.21191406250000e-01 5.20117044448853e-01
864 6.79687500000000e-01 4.61975097656250e-01
865 6.80175781250000e-01 4.62639093399048e-01
866 6.68457031250000e-01 4.46834802627563e-01
867 6.31347656250000e-01 3.98599863052368e-01
868 7.35839843750000e-01 5.41460275650024e-01
869 7.25585937500000e-01 5.26474952697754e-01
870 7.05078125000000e-01 4.97135162353516e-01
871 6.99707031250000e-01 4.89589929580688e-01
872 6.88964843750000e-01 4.74672555923462e-01
873 7.12890625000000e-01 5.08213043212891e-01
874 7.16308593750000e-01 5.13098001480103e-01
875 7.16796875000000e-01 5.13797760009766e-01
876 7.02148437500000e-01 4.93012428283691e-01
877 6.97265625000000e-01 4.86179351806641e-01
878 7.12890625000000e-01 5.08213043212891e-01
879 6.99707031250000e-01 4.89589929580688e-01
880 7.03613281250000e-01 4.95071649551392e-01
881 6.83593750000000e-01 4.67300415039062e-01
882 6.53808593750000e-01 4.27465677261353e-01
883 5.93261718750000e-01 3.51959466934204e-01
884 6.06445312500000e-01 3.67775917053223e-01
885 5.67382812500000e-01 3.21923255920410e-01
886 5.54687500000000e-01 3.07678222656250e-01
887 5.41015625000000e-01 2.92697906494141e-01
888 5.28808593750000e-01 2.79638528823853e-01
889 5.08789062500000e-01 2.58866310119629e-01
890 5.18066406250000e-01 2.68392801284790e-01
891 4.80957031250000e-01 2.31319665908813e-01
892 5.06347656250000e-01 2.56387948989868e-01
893 4.46289062500000e-01 1.99173927307129e-01
894 3.71093750000000e-01 1.37710571289062e-01
895 4.12109375000000e-01 1.69834136962891e-01
896 4.32617187500000e-01 1.87157630920410e-01
897 4.25781250000000e-01 1.81289672851562e-01
898 4.01855468750000e-01 1.61487817764282e-01
899 4.33105468750000e-01 1.87580347061157e-01
900 4.02343750000000e-01 1.61880493164062e-01
901 4.24316406250000e-01 1.80044412612915e-01
902 4.28222656250000e-01 1.83374643325806e-01
903 4.62890625000000e-01 2.14267730712891e-01
904 4.13085937500000e-01 1.70639991760254e-01
905 3.86718750000000e-01 1.49551391601562e-01
906 4.49218750000000e-01 2.01797485351562e-01
907 4.47753906250000e-01 2.00483560562134e-01
908 4.41894531250000e-01 1.95270776748657e-01
909 4.34082031250000e-01 1.88427209854126e-01
910 4.99023437500000e-01 2.49024391174316e-01
911 4.57519531250000e-01 2.09324121475220e-01
912 4.43847656250000e-01 1.97000741958618e-01
913 4.34082031250000e-01 1.88427209854126e-01
914 4.93652343750000e-01 2.43692636489868e-01
915 4.71191406250000e-01 2.22021341323853e-01
916 4.21875000000000e-01 1.77978515625000e-01
917 4.45800781250000e-01 1.98738336563110e-01
918 4.08691406250000e-01 1.67028665542603e-01
919 4.49218750000000e-01 2.01797485351562e-01
920 4.30664062500000e-01 1.85471534729004e-01
921 3.87695312500000e-01 1.50307655334473e-01
922 4.02343750000000e-01 1.61880493164062e-01
923 3.80371093750000e-01 1.44682168960571e-01
924 3.98925781250000e-01 1.59141778945923e-01
925 4.56054687500000e-01 2.07985877990723e-01
926 4.55078125000000e-01 2.07096099853516e-01
927 4.01855468750000e-01 1.61487817764282e-01
928 3.78417968750000e-01 1.43200159072876e-01
929 3.56933593750000e-01 1.27401590347290e-01
930 3.64257812500000e-01 1.32683753967285e-01
931 3.21777343750000e-01 1.03540658950806e-01
932 3.09082031250000e-01 9.55317020416260e-02
933 3.74511718750000e-01 1.40259027481079e-01
934 3.75976562500000e-01 1.41358375549316e-01
935 4.18945312500000e-01 1.75515174865723e-01
936 4.75585937500000e-01 2.26181983947754e-01
937 4.70703125000000e-01 2.21561431884766e-01
938 4.66308593750000e-01 2.17443704605103e-01
939 4.38964843750000e-01 1.92690134048462e-01
940 4.07714843750000e-01 1.66231393814087e-01
941 4.24316406250000e-01 1.80044412612915e-01
942 4.51171875000000e-01 2.03556060791016e-01
943 4.84863281250000e-01 2.35092401504517e-01
944 4.98046875000000e-01 2.48050689697266e-01
945 4.99511718750000e-01 2.49511957168579e-01
946 4.60449218750000e-01 2.12013483047485e-01
947 4.56054687500000e-01 2.07985877990723e-01
948 4.12597656250000e-01 1.70236825942993e-01
949 3.27636718750000e-01 1.07345819473267e-01
950 4.03320312500000e-01 1.62667274475098e-01
951 4.34570312500000e-01 1.88851356506348e-01
952 4.40917968750000e-01 1.94408655166626e-01
953 4.45312500000000e-01 1.98303222656250e-01
954 4.88769531250000e-01 2.38895654678345e-01
955 4.82421875000000e-01 2.32730865478516e-01
956 5.05371093750000e-01 2.55399942398071e-01
957 5.29785156250000e-01 2.80672311782837e-01
958 5.07324218750000e-01 2.57377862930298e-01
959 5.42480468750000e-01 2.94285058975220e-01
960 5.18066406250000e-01 2.68392801284790e-01
961 5.15136718750000e-01 2.65365839004517e-01
962 5.28320312500000e-01 2.79122352600098e-01
963 4.72167968750000e-01 2.22942590713501e-01
964 4.54101562500000e-01 2.06208229064941e-01
965 4.15527343750000e-01 1.72662973403931e-01
966 4.34570312500000e-01 1.88851356506348e-01
967 4.33105468750000e-01 1.87580347061157e-01
968 4.67773437500000e-01 2.18811988830566e-01
969 4.28710937500000e-01 1.83793067932129e-01
970 4.24804687500000e-01 1.80459022521973e-01
971 4.04785156250000e-01 1.63851022720337e-01
972 4.44824218750000e-01 1.97868585586548e-01
973 4.92187500000000e-01 2.42248535156250e-01
974 4.56542968750000e-01 2.08431482315063e-01
975 4.68261718750000e-01 2.19269037246704e-01
976 4.80957031250000e-01 2.31319665908813e-01
977 5.20019531250000e-01 2.70420312881470e-01
978 4.62402343750000e-01 2.13815927505493e-01
979 4.21875000000000e-01 1.77978515625000e-01
980 4.35058593750000e-01 1.89275979995728e-01
981 4.39941406250000e-01 1.93548440933228e-01
982 4.62890625000000e-01 2.14267730712891e-01
983 5.18066406250000e-01 2.68392801284790e-01
984 4.97558593750000e-01 2.47564554214478e-01
985 4.61425781250000e-01 2.12913751602173e-01
986 4.12109375000000e-01 1.69834136962891e-01
987 4.05273437500000e-01 1.64246559143066e-01
988 4.70703125000000e-01 2.21561431884766e-01
989 4.46289062500000e-01 1.99173927307129e-01
990 3.30566406250000e-01 1.09274148941040e-01
991 2.25585937500000e-01 5.08890151977539e-02
992 2.08007812500000e-01 4.32672500610352e-02
993 2.56835937500000e-01 6.59646987915039e-02
994 1.99707031250000e-01 3.98828983306885e-02
995 2.56347656250000e-01 6.57141208648682e-02
996 3.61816406250000e-01 1.30911111831665e-01
997 3.33007812500000e-01 1.10894203186035e-01
998 2.68554687500000e-01 7.21216201782227e-02
999 1.92871093750000e-01 3.71992588043213e-02
