0 5.55664062500000e-01 3.08762550354004e-01
1 5.23925781250000e-01 2.74498224258423e-01
2 5.72265625000000e-01 3.27487945556641e-01
3 6.12792968750000e-01 3.75515222549438e-01
4 5.61523437500000e-01 3.15308570861816e-01
5 5.83984375000000e-01 3.41037750244141e-01
6 5.74707031250000e-01 3.30288171768188e-01
7 5.26367187500000e-01 2.77062416076660e-01
8 6.37207031250000e-01 4.06032800674438e-01
9 5.84960937500000e-01 3.42179298400879e-01
10 5.24414062500000e-01 2.75010108947754e-01
11 5.29785156250000e-01 2.80672311782837e-01
12 5.09765625000000e-01 2.59860992431641e-01
13 4.77539062500000e-01 2.28043556213379e-01
14 5.74707031250000e-01 3.30288171768188e-01
15 5.32226562500000e-01 2.83265113830566e-01
16 4.82421875000000e-01 2.32730865478516e-01
17 4.54101562500000e-01 2.06208229064941e-01
18 4.42871093750000e-01 1.96134805679321e-01
19 4.17968750000000e-01 1.74697875976562e-01
20 4.41894531250000e-01 1.95270776748657e-01
21 4.18945312500000e-01 1.75515174865723e-01
22 4.10156250000000e-01 1.68228149414062e-01
23 3.82812500000000e-01 1.46545410156250e-01
24 3.56933593750000e-01 1.27401590347290e-01
25 3.52050781250000e-01 1.23939752578735e-01
26 4.30175781250000e-01 1.85051202774048e-01
27 4.76074218750000e-01 2.26646661758423e-01
28 4.85351562500000e-01 2.35566139221191e-01
29 4.62890625000000e-01 2.14267730712891e-01
30 4.61425781250000e-01 2.12913751602173e-01
31 5.20996093750000e-01 2.71436929702759e-01
32 5.27343750000000e-01 2.78091430664062e-01
33 4.73632812500000e-01 2.24328041076660e-01
34 4.69726562500000e-01 2.20643043518066e-01
35 4.73144531250000e-01 2.23865747451782e-01
36 5.59570312500000e-01 3.13118934631348e-01
37 5.45410156250000e-01 2.97472238540649e-01
38 5.48828125000000e-01 3.01212310791016e-01
39 5.84960937500000e-01 3.42179298400879e-01
40 5.73242187500000e-01 3.28606605529785e-01
41 5.90332031250000e-01 3.48491907119751e-01
42 6.12304687500000e-01 3.74917030334473e-01
43 6.32812500000000e-01 4.00451660156250e-01
44 5.62500000000000e-01 3.16406250000000e-01
45 5.48339843750000e-01 3.00676584243774e-01
46 5.22949218750000e-01 2.73475885391235e-01
47 5.29296875000000e-01 2.80155181884766e-01
48 5.23437500000000e-01 2.73986816406250e-01
49 5.31250000000000e-01 2.82226562500000e-01
50 5.46875000000000e-01 2.99072265625000e-01
51 5.57128906250000e-01 3.10392618179321e-01
52 5.28808593750000e-01 2.79638528823853e-01
53 5.19042968750000e-01 2.69405603408813e-01
54 5.70312500000000e-01 3.25256347656250e-01
55 5.42480468750000e-01 2.94285058975220e-01
56 5.46386718750000e-01 2.98538446426392e-01
57 5.50292968750000e-01 3.02822351455688e-01
58 5.95214843750000e-01 3.54280710220337e-01
59 6.57226562500000e-01 4.31946754455566e-01
60 6.34765625000000e-01 4.02927398681641e-01
61 6.24023437500000e-01 3.89405250549316e-01
62 6.24023437500000e-01 3.89405250549316e-01
63 5.61035156250000e-01 3.14760446548462e-01
64 6.13769531250000e-01 3.76713037490845e-01
65 6.16699218750000e-01 3.80317926406860e-01
66 6.25976562500000e-01 3.91846656799316e-01
67 6.53320312500000e-01 4.26827430725098e-01
68 6.93359375000000e-01 4.80747222900391e-01
69 6.97265625000000e-01 4.86179351806641e-01
70 6.71386718750000e-01 4.50760126113892e-01
71 6.05957031250000e-01 3.67183923721313e-01
72 5.67382812500000e-01 3.21923255920410e-01
73 6.09863281250000e-01 3.71933221817017e-01
74 6.07910156250000e-01 3.69554758071899e-01
75 5.82519531250000e-01 3.39329004287720e-01
76 5.84472656250000e-01 3.41608285903931e-01
77 5.18066406250000e-01 2.68392801284790e-01
78 5.84960937500000e-01 3.42179298400879e-01
79 5.66894531250000e-01 3.21369409561157e-01
80 5.69824218750000e-01 3.24699640274048e-01
81 5.13183593750000e-01 2.63357400894165e-01
82 5.58593750000000e-01 3.12026977539062e-01
83 5.86914062500000e-01 3.44468116760254e-01
84 6.10351562500000e-01 3.72529029846191e-01
85 6.85058593750000e-01 4.69305276870728e-01
86 6.75292968750000e-01 4.56020593643188e-01
87 6.83105468750000e-01 4.66633081436157e-01
88 6.61621093750000e-01 4.37742471694946e-01
89 6.68945312500000e-01 4.47487831115723e-01
90 6.01562500000000e-01 3.61877441406250e-01
91 5.60546875000000e-01 3.14212799072266e-01
92 6.00585937500000e-01 3.60703468322754e-01
93 6.31835937500000e-01 3.99216651916504e-01
94 5.84472656250000e-01 3.41608285903931e-01
95 5.87402343750000e-01 3.45041513442993e-01
96 5.94238281250000e-01 3.53119134902954e-01
97 5.67382812500000e-01 3.21923255920410e-01
98 5.06347656250000e-01 2.56387948989868e-01
99 5.05859375000000e-01 2.55893707275391e-01
100 5.13183593750000e-01 2.63357400894165e-01
101 4.78515625000000e-01 2.28977203369141e-01
102 4.75585937500000e-01 2.26181983947754e-01
103 4.68261718750000e-01 2.19269037246704e-01
104 4.97558593750000e-01 2.47564554214478e-01
105 5.23437500000000e-01 2.73986816406250e-01
106 5.01953125000000e-01 2.51956939697266e-01
107 5.36621093750000e-01 2.87962198257446e-01
108 5.58105468750000e-01 3.11481714248657e-01
109 5.64453125000000e-01 3.18607330322266e-01
110 5.52246093750000e-01 3.04975748062134e-01
111 5.41015625000000e-01 2.92697906494141e-01
112 5.13183593750000e-01 2.63357400894165e-01
113 5.72265625000000e-01 3.27487945556641e-01
114 6.20117187500000e-01 3.84545326232910e-01
115 6.39648437500000e-01 4.09150123596191e-01
116 6.43066406250000e-01 4.13534402847290e-01
117 5.99609375000000e-01 3.59531402587891e-01
118 5.67382812500000e-01 3.21923255920410e-01
119 5.55175781250000e-01 3.08220148086548e-01
120 5.73242187500000e-01 3.28606605529785e-01
121 6.28906250000000e-01 3.95523071289062e-01
122 5.65917968750000e-01 3.20263147354126e-01
123 5.83496093750000e-01 3.40467691421509e-01
124 6.01562500000000e-01 3.61877441406250e-01
125 6.44042968750000e-01 4.14791345596313e-01
126 6.70410156250000e-01 4.49449777603149e-01
127 6.65039062500000e-01 4.42276954650879e-01
128 6.90917968750000e-01 4.77367639541626e-01
129 7.29980468750000e-01 5.32871484756470e-01
130 7.38769531250000e-01 5.45780420303345e-01
131 7.36328125000000e-01 5.42179107666016e-01
132 7.08984375000000e-01 5.02658843994141e-01
133 6.99218750000000e-01 4.88906860351562e-01
134 7.01660156250000e-01 4.92326974868774e-01
135 7.29003906250000e-01 5.31446695327759e-01
136 6.57226562500000e-01 4.31946754455566e-01
137 6.45019531250000e-01 4.16050195693970e-01
138 6.56738281250000e-01 4.31305170059204e-01
139 6.18164062500000e-01 3.82126808166504e-01
140 6.30371093750000e-01 3.97367715835571e-01
141 6.23535156250000e-01 3.88796091079712e-01
142 6.50390625000000e-01 4.23007965087891e-01
143 6.26953125000000e-01 3.93070220947266e-01
144 5.87402343750000e-01 3.45041513442993e-01
145 6.10839843750000e-01 3.73125314712524e-01
146 6.33789062500000e-01 4.01688575744629e-01
147 7.19238281250000e-01 5.17303705215454e-01
148 6.66992187500000e-01 4.44878578186035e-01
149 6.58203125000000e-01 4.33231353759766e-01
150 6.32812500000000e-01 4.00451660156250e-01
151 5.76171875000000e-01 3.31974029541016e-01
152 6.57226562500000e-01 4.31946754455566e-01
153 6.44531250000000e-01 4.15420532226562e-01
154 6.54785156250000e-01 4.28743600845337e-01
155 6.07421875000000e-01 3.68961334228516e-01
156 6.52832031250000e-01 4.26189661026001e-01
157 6.52343750000000e-01 4.25552368164062e-01
158 6.83593750000000e-01 4.67300415039062e-01
159 6.98242187500000e-01 4.87542152404785e-01
160 6.54785156250000e-01 4.28743600845337e-01
161 5.99121093750000e-01 3.58946084976196e-01
162 6.31347656250000e-01 3.98599863052368e-01
163 6.42578125000000e-01 4.12906646728516e-01
164 6.66015625000000e-01 4.43576812744141e-01
165 6.60644531250000e-01 4.36451196670532e-01
166 7.17285156250000e-01 5.14497995376587e-01
167 6.14746093750000e-01 3.77912759780884e-01
168 6.49902343750000e-01 4.22373056411743e-01
169 6.39648437500000e-01 4.09150123596191e-01
170 6.80664062500000e-01 4.63303565979004e-01
171 6.22558593750000e-01 3.87579202651978e-01
172 6.49902343750000e-01 4.22373056411743e-01
173 6.61132812500000e-01 4.37096595764160e-01
174 5.99121093750000e-01 3.58946084976196e-01
175 6.15234375000000e-01 3.78513336181641e-01
176 6.24023437500000e-01 3.89405250549316e-01
177 5.52734375000000e-01 3.05515289306641e-01
178 5.48828125000000e-01 3.01212310791016e-01
179 5.53710937500000e-01 3.06595802307129e-01
180 5.92773437500000e-01 3.51380348205566e-01
181 6.36230468750000e-01 4.04789209365845e-01
182 6.43554687500000e-01 4.14162635803223e-01
183 5.92285156250000e-01 3.50801706314087e-01
184 5.56152343750000e-01 3.09305429458618e-01
185 5.30761718750000e-01 2.81708002090454e-01
186 5.33203125000000e-01 2.84305572509766e-01
187 5.28808593750000e-01 2.79638528823853e-01
188 4.69238281250000e-01 2.20184564590454e-01
189 5.55664062500000e-01 3.08762550354004e-01
190 5.46386718750000e-01 2.98538446426392e-01
191 5.94726562500000e-01 3.53699684143066e-01
192 6.05957031250000e-01 3.67183923721313e-01
193 5.58593750000000e-01 3.12026977539062e-01
194 5.31738281250000e-01 2.82745599746704e-01
195 4.87792968750000e-01 2.37941980361938e-01
196 4.83886718750000e-01 2.34146356582642e-01
197 4.84375000000000e-01 2.34619140625000e-01
198 5.19531250000000e-01 2.69912719726562e-01
199 4.51660156250000e-01 2.03996896743774e-01
200 4.79980468750000e-01 2.30381250381470e-01
201 4.30175781250000e-01 1.85051202774048e-01
202 4.46777343750000e-01 1.99609994888306e-01
203 4.58496093750000e-01 2.10218667984009e-01
204 3.85742187500000e-01 1.48797035217285e-01
205 3.64746093750000e-01 1.33039712905884e-01
206 3.82812500000000e-01 1.46545410156250e-01
207 4.22851562500000e-01 1.78803443908691e-01
208 3.79394531250000e-01 1.43940210342407e-01
209 3.26171875000000e-01 1.06388092041016e-01
210 3.77441406250000e-01 1.42462015151978e-01
211 4.45312500000000e-01 1.98303222656250e-01
212 3.73046875000000e-01 1.39163970947266e-01
213 3.33496093750000e-01 1.11219644546509e-01
214 3.78417968750000e-01 1.43200159072876e-01
215 3.53027343750000e-01 1.24628305435181e-01
216 3.26660156250000e-01 1.06706857681274e-01
217 3.15917968750000e-01 9.98041629791260e-02
218 2.68554687500000e-01 7.21216201782227e-02
219 3.31054687500000e-01 1.09597206115723e-01
220 2.80761718750000e-01 7.88271427154541e-02
221 2.77832031250000e-01 7.71906375885010e-02
222 3.62792968750000e-01 1.31618738174438e-01
223 3.49609375000000e-01 1.22226715087891e-01
224 3.75000000000000e-01 1.40625000000000e-01
225 4.31152343750000e-01 1.85892343521118e-01
226 4.30175781250000e-01 1.85051202774048e-01
227 3.91601562500000e-01 1.53351783752441e-01
228 4.17968750000000e-01 1.74697875976562e-01
229 4.07714843750000e-01 1.66231393814087e-01
230 4.50683593750000e-01 2.03115701675415e-01
231 4.35058593750000e-01 1.89275979995728e-01
232 4.51660156250000e-01 2.03996896743774e-01
233 5.12695312500000e-01 2.62856483459473e-01
234 5.22949218750000e-01 2.73475885391235e-01
235 5.41992187500000e-01 2.93755531311035e-01
236 5.16601562500000e-01 2.66877174377441e-01
237 4.51660156250000e-01 2.03996896743774e-01
238 3.78906250000000e-01 1.43569946289062e-01
239 4.62402343750000e-01 2.13815927505493e-01
240 4.79003906250000e-01 2.29444742202759e-01
241 5.61523437500000e-01 3.15308570861816e-01
242 5.09765625000000e-01 2.59860992431641e-01
243 5.20507812500000e-01 2.70928382873535e-01
244 5.34179687500000e-01 2.85347938537598e-01
245 4.88281250000000e-01 2.38418579101562e-01
246 4.44824218750000e-01 1.97868585586548e-01
247 4.46777343750000e-01 1.99609994888306e-01
248 4.20898437500000e-01 1.77155494689941e-01
249 4.61425781250000e-01 2.12913751602173e-01
250 4.32128906250000e-01 1.86735391616821e-01
251 4.16992187500000e-01 1.73882484436035e-01
252 3.86230468750000e-01 1.49173974990845e-01
253 3.72070312500000e-01 1.38436317443848e-01
254 3.95996093750000e-01 1.56812906265259e-01
255 4.12109375000000e-01 1.69834136962891e-01
256 3.56445312500000e-01 1.27053260803223e-01
257 2.83203125000000e-01 8.02040100097656e-02
258 2.97363281250000e-01 8.84249210357666e-02
259 3.12011718750000e-01 9.73513126373291e-02
260 3.49609375000000e-01 1.22226715087891e-01
261 4.09179687500000e-01 1.67428016662598e-01
262 3.99414062500000e-01 1.59531593322754e-01
263 4.00878906250000e-01 1.60703897476196e-01
264 4.21875000000000e-01 1.77978515625000e-01
265 4.09667968750000e-01 1.67827844619751e-01
266 4.63378906250000e-01 2.14720010757446e-01
267 4.48242187500000e-01 2.00921058654785e-01
268 4.75097656250000e-01 2.25717782974243e-01
269 4.85839843750000e-01 2.36040353775024e-01
270 5.00488281250000e-01 2.50488519668579e-01
271 5.31738281250000e-01 2.82745599746704e-01
272 5.53710937500000e-01 3.06595802307129e-01
273 5.37109375000000e-01 2.88486480712891e-01
274 5.43457031250000e-01 2.95345544815063e-01
275 5.22460937500000e-01 2.72965431213379e-01
276 5.61523437500000e-01 3.15308570861816e-01
277 5.13671875000000e-01 2.63858795166016e-01
278 5.20996093750000e-01 2.71436929702759e-01
279 4.87304687500000e-01 2.37465858459473e-01
280 4.56054687500000e-01 2.07985877990723e-01
281 4.96582031250000e-01 2.46593713760376e-01
282 4.95605468750000e-01 2.45624780654907e-01
283 4.83886718750000e-01 2.34146356582642e-01
284 4.48730468750000e-01 2.01359033584595e-01
285 4.51171875000000e-01 2.03556060791016e-01
286 4.66308593750000e-01 2.17443704605103e-01
287 4.93652343750000e-01 2.43692636489868e-01
288 4.62890625000000e-01 2.14267730712891e-01
289 5.12207031250000e-01 2.62356042861938e-01
290 4.70703125000000e-01 2.21561431884766e-01
291 5.25390625000000e-01 2.76035308837891e-01
292 5.10253906250000e-01 2.60359048843384e-01
293 5.48339843750000e-01 3.00676584243774e-01
294 5.16601562500000e-01 2.66877174377441e-01
295 4.73632812500000e-01 2.24328041076660e-01
296 4.92187500000000e-01 2.42248535156250e-01
297 3.98925781250000e-01 1.59141778945923e-01
298 3.72558593750000e-01 1.38799905776978e-01
299 3.60839843750000e-01 1.30205392837524e-01
300 3.30078125000000e-01 1.08951568603516e-01
301 3.95996093750000e-01 1.56812906265259e-01
302 3.86718750000000e-01 1.49551391601562e-01
303 4.42382812500000e-01 1.95702552795410e-01
304 4.54589843750000e-01 2.06651926040649e-01
305 5.04394531250000e-01 2.54413843154907e-01
306 4.99023437500000e-01 2.49024391174316e-01
307 4.63378906250000e-01 2.14720010757446e-01
308 4.42871093750000e-01 1.96134805679321e-01
309 3.77929687500000e-01 1.42830848693848e-01
310 3.75976562500000e-01 1.41358375549316e-01
311 2.71484375000000e-01 7.37037658691406e-02
312 2.91503906250000e-01 8.49745273590088e-02
313 3.06640625000000e-01 9.40284729003906e-02
314 4.01855468750000e-01 1.61487817764282e-01
315 3.75976562500000e-01 1.41358375549316e-01
316 3.54003906250000e-01 1.25318765640259e-01
317 4.04296875000000e-01 1.63455963134766e-01
318 4.59472656250000e-01 2.11115121841431e-01
319 3.79394531250000e-01 1.43940210342407e-01
320 4.30664062500000e-01 1.85471534729004e-01
321 3.52050781250000e-01 1.23939752578735e-01
322 4.04296875000000e-01 1.63455963134766e-01
323 4.02832031250000e-01 1.62273645401001e-01
324 3.78906250000000e-01 1.43569946289062e-01
325 3.69140625000000e-01 1.36264801025391e-01
326 3.51074218750000e-01 1.23253107070923e-01
327 3.52539062500000e-01 1.24283790588379e-01
328 3.88183593750000e-01 1.50686502456665e-01
329 3.88671875000000e-01 1.51065826416016e-01
330 3.54980468750000e-01 1.26011133193970e-01
331 3.81347656250000e-01 1.45426034927368e-01
332 3.61816406250000e-01 1.30911111831665e-01
333 3.47656250000000e-01 1.20864868164062e-01
334 2.53906250000000e-01 6.44683837890625e-02
335 1.93847656250000e-01 3.75769138336182e-02
336 1.43066406250000e-01 2.04679965972900e-02
337 1.38183593750000e-01 1.90947055816650e-02
338 2.32910156250000e-01 5.42471408843994e-02
339 1.72851562500000e-01 2.98776626586914e-02
340 1.50878906250000e-01 2.27644443511963e-02
341 2.45605468750000e-01 6.03220462799072e-02
342 2.90039062500000e-01 8.41226577758789e-02
343 2.95898437500000e-01 8.75558853149414e-02
344 3.46191406250000e-01 1.19848489761353e-01
345 3.88183593750000e-01 1.50686502456665e-01
346 3.90625000000000e-01 1.52587890625000e-01
347 3.87207031250000e-01 1.49929285049438e-01
348 3.19824218750000e-01 1.02287530899048e-01
349 2.99804687500000e-01 8.98828506469727e-02
350 2.79785156250000e-01 7.82797336578369e-02
351 2.58789062500000e-01 6.69717788696289e-02
352 3.15429687500000e-01 9.94958877563477e-02
353 3.14941406250000e-01 9.91880893707275e-02
354 3.40332031250000e-01 1.15825891494751e-01
355 2.91992187500000e-01 8.52594375610352e-02
356 3.30566406250000e-01 1.09274148941040e-01
357 2.38769531250000e-01 5.70108890533447e-02
358 1.94335937500000e-01 3.77664566040039e-02
359 1.91406250000000e-01 3.66363525390625e-02
360 2.11914062500000e-01 4.49075698852539e-02
361 2.41210937500000e-01 5.81827163696289e-02
362 2.75390625000000e-01 7.58399963378906e-02
363 2.81250000000000e-01 7.91015625000000e-02
364 2.53417968750000e-01 6.42206668853760e-02
365 2.38769531250000e-01 5.70108890533447e-02
366 2.36328125000000e-01 5.58509826660156e-02
367 3.01757812500000e-01 9.10577774047852e-02
368 3.54980468750000e-01 1.26011133193970e-01
369 3.35449218750000e-01 1.12526178359985e-01
370 3.99902343750000e-01 1.59921884536743e-01
371 3.06152343750000e-01 9.37292575836182e-02
372 3.11035156250000e-01 9.67428684234619e-02
373 2.96386718750000e-01 8.78450870513916e-02
374 2.68554687500000e-01 7.21216201782227e-02
375 2.80761718750000e-01 7.88271427154541e-02
376 2.70019531250000e-01 7.29105472564697e-02
377 3.08105468750000e-01 9.49289798736572e-02
378 2.27539062500000e-01 5.17740249633789e-02
379 3.05175781250000e-01 9.31322574615479e-02
380 2.60742187500000e-01 6.79864883422852e-02
381 2.34863281250000e-01 5.51607608795166e-02
382 2.40722656250000e-01 5.79473972320557e-02
383 2.67089843750000e-01 7.13369846343994e-02
384 2.75390625000000e-01 7.58399963378906e-02
385 2.78808593750000e-01 7.77342319488525e-02
386 2.65136718750000e-01 7.02974796295166e-02
387 2.75878906250000e-01 7.61091709136963e-02
388 2.63671875000000e-01 6.95228576660156e-02
389 2.47558593750000e-01 6.12852573394775e-02
390 2.01660156250000e-01 4.06668186187744e-02
391 2.33886718750000e-01 5.47029972076416e-02
392 2.09472656250000e-01 4.38787937164307e-02
393 1.43554687500000e-01 2.06079483032227e-02
394 8.54492187500000e-02 7.30156898498535e-03
395 8.30078125000000e-02 6.89029693603516e-03
396 5.95703125000000e-02 3.54862213134766e-03
397 7.86132812500000e-02 6.18004798889160e-03
398 8.83789062500000e-02 7.81083106994629e-03
399 4.73632812500000e-02 2.24328041076660e-03
400 1.09375000000000e-01 1.19628906250000e-02
401 5.22460937500000e-02 2.72965431213379e-03
402 5.27343750000000e-02 2.78091430664062e-03
403 1.20117187500000e-01 1.44281387329102e-02
404 1.32812500000000e-01 1.76391601562500e-02
405 1.97265625000000e-01 3.89137268066406e-02
406 1.50878906250000e-01 2.27644443511963e-02
407 1.22558593750000e-01 1.50206089019775e-02
408 1.46484375000000e-01 2.14576721191406e-02
409 1.47460937500000e-01 2.17447280883789e-02
410 1.29394531250000e-01 1.67429447174072e-02
411 1.38183593750000e-01 1.90947055816650e-02
412 1.08886718750000e-01 1.18563175201416e-02
413 1.26464843750000e-01 1.59933567047119e-02
414 1.09863281250000e-01 1.20699405670166e-02
415 1.29882812500000e-01 1.68695449829102e-02
416 1.57714843750000e-01 2.48739719390869e-02
417 1.61132812500000e-01 2.59637832641602e-02
418 9.13085937500000e-02 8.33725929260254e-03
419 1.58691406250000e-01 2.51829624176025e-02
420 2.02148437500000e-01 4.08639907836914e-02
421 2.07519531250000e-01 4.30643558502197e-02
422 1.57226562500000e-01 2.47201919555664e-02
423 1.16699218750000e-01 1.36187076568604e-02
424 6.78710937500000e-02 4.60648536682129e-03
425 7.37304687500000e-02 5.43618202209473e-03
426 9.66796875000000e-02 9.34696197509766e-03
427 1.51367187500000e-02 2.29120254516602e-04
428 4.88281250000000e-03 2.38418579101562e-05
429 1.80664062500000e-02 3.26395034790039e-04
430 1.46484375000000e-02 2.14576721191406e-04
431 6.93359375000000e-02 4.80747222900391e-03
432 2.63671875000000e-02 6.95228576660156e-04
433 4.58984375000000e-02 2.10666656494141e-03
434 1.17187500000000e-01 1.37329101562500e-02
435 6.54296875000000e-02 4.28104400634766e-03
436 7.12890625000000e-02 5.08213043212891e-03
437 8.44726562500000e-02 7.13562965393066e-03
438 6.59179687500000e-02 4.34517860412598e-03
439 7.91015625000000e-02 6.25705718994141e-03
440 1.12304687500000e-02 1.26123428344727e-04
441 1.36718750000000e-02 1.86920166015625e-04
442 3.17382812500000e-02 1.00731849670410e-03
443 2.58789062500000e-02 6.69717788696289e-04
444 3.71093750000000e-02 1.37710571289062e-03
445 5.85937500000000e-03 3.43322753906250e-05
446 7.12890625000000e-02 5.08213043212891e-03
447 5.46875000000000e-02 2.99072265625000e-03
448 2.00195312500000e-02 4.00781631469727e-04
449 8.30078125000000e-02 6.89029693603516e-03
450 1.91894531250000e-01 3.68235111236572e-02
451 2.94921875000000e-01 8.69789123535156e-02
452 3.28613281250000e-01 1.07986688613892e-01
453 2.85644531250000e-01 8.15927982330322e-02
454 2.13867187500000e-01 4.57391738891602e-02
455 1.43554687500000e-01 2.06079483032227e-02
456 9.27734375000000e-02 8.60691070556641e-03
457 1.34277343750000e-01 1.80304050445557e-02
458 1.43066406250000e-01 2.04679965972900e-02
459 8.78906250000000e-02 7.72476196289062e-03
460 7.95898437500000e-02 6.33454322814941e-03
461 6.00585937500000e-02 3.60703468322754e-03
462 1.06933593750000e-01 1.14347934722900e-02
463 1.20605468750000e-01 1.45456790924072e-02
464 1.22070312500000e-01 1.49011611938477e-02
465 1.42578125000000e-01 2.03285217285156e-02
466 1.56250000000000e-01 2.44140625000000e-02
467 2.80761718750000e-01 7.88271427154541e-02
468 2.90039062500000e-01 8.41226577758789e-02
469 3.33496093750000e-01 1.11219644546509e-01
470 4.07714843750000e-01 1.66231393814087e-01
471 4.83398437500000e-01 2.33674049377441e-01
472 4.55566406250000e-01 2.07540750503540e-01
473 4.59960937500000e-01 2.11564064025879e-01
474 4.55566406250000e-01 2.07540750503540e-01
475 4.83886718750000e-01 2.34146356582642e-01
476 5.00000000000000e-01 2.50000000000000e-01
477 4.87792968750000e-01 2.37941980361938e-01
478 4.86328125000000e-01 2.36515045166016e-01
479 5.07812500000000e-01 2.57873535156250e-01
480 5.34179687500000e-01 2.85347938537598e-01
481 4.29199218750000e-01 1.84211969375610e-01
482 3.51562500000000e-01 1.23596191406250e-01
483 3.44238281250000e-01 1.18499994277954e-01
484 4.21875000000000e-01 1.77978515625000e-01
485 4.40917968750000e-01 1.94408655166626e-01
486 4.63378906250000e-01 2.14720010757446e-01
487 4.85351562500000e-01 2.35566139221191e-01
488 4.79980468750000e-01 2.30381250381470e-01
489 5.11230468750000e-01 2.61356592178345e-01
490 5.35156250000000e-01 2.86392211914062e-01
491 4.79492187500000e-01 2.29912757873535e-01
492 4.55566406250000e-01 2.07540750503540e-01
493 3.95019531250000e-01 1.56040430068970e-01
494 3.83789062500000e-01 1.47294044494629e-01
495 4.02832031250000e-01 1.62273645401001e-01
496 4.19921875000000e-01 1.76334381103516e-01
497 4.43847656250000e-01 1.97000741958618e-01
498 4.57031250000000e-01 2.08877563476562e-01
499 4.78515625000000e-01 2.28977203369141e-01
500 4.49707031250000e-01 2.02236413955688e-01
501 4.12109375000000e-01 1.69834136962891e-01
502 4.03808593750000e-01 1.63061380386353e-01
503 4.52636718750000e-01 2.04879999160767e-01
504 4.53613281250000e-01 2.05765008926392e-01
505 4.73632812500000e-01 2.24328041076660e-01
506 5.28320312500000e-01 2.79122352600098e-01
507 5.67382812500000e-01 3.21923255920410e-01
508 5.93261718750000e-01 3.51959466934204e-01
509 6.04492187500000e-01 3.65410804748535e-01
510 5.52734375000000e-01 3.05515289306641e-01
511 5.13671875000000e-01 2.63858795166016e-01
512 5.43457031250000e-01 2.95345544815063e-01
513 5.26855468750000e-01 2.77576684951782e-01
514 4.84375000000000e-01 2.34619140625000e-01
515 5.13183593750000e-01 2.63357400894165e-01
516 5.10253906250000e-01 2.60359048843384e-01
517 5.45898437500000e-01 2.98005104064941e-01
518 5.21484375000000e-01 2.71945953369141e-01
519 3.92578125000000e-01 1.54117584228516e-01
520 4.53125000000000e-01 2.05322265625000e-01
521 4.86816406250000e-01 2.36990213394165e-01
522 5.87890625000000e-01 3.45615386962891e-01
523 5.81054687500000e-01 3.37624549865723e-01
524 5.60058593750000e-01 3.13665628433228e-01
525 5.33691406250000e-01 2.84826517105103e-01
526 5.41992187500000e-01 2.93755531311035e-01
527 5.58593750000000e-01 3.12026977539062e-01
528 5.86914062500000e-01 3.44468116760254e-01
529 6.02050781250000e-01 3.62465143203735e-01
530 6.39648437500000e-01 4.09150123596191e-01
531 7.03613281250000e-01 4.95071649551392e-01
532 7.13867187500000e-01 5.09606361389160e-01
533 7.13867187500000e-01 5.09606361389160e-01
534 7.22167968750000e-01 5.21526575088501e-01
535 7.37304687500000e-01 5.43618202209473e-01
536 7.33886718750000e-01 5.38589715957642e-01
537 7.19726562500000e-01 5.18006324768066e-01
538 7.38769531250000e-01 5.45780420303345e-01
539 7.76367187500000e-01 6.02746009826660e-01
540 7.65136718750000e-01 5.85434198379517e-01
541 7.64160156250000e-01 5.83940744400024e-01
542 7.43164062500000e-01 5.52292823791504e-01
543 6.14257812500000e-01 3.77312660217285e-01
544 6.28906250000000e-01 3.95523071289062e-01
545 6.96289062500000e-01 4.84818458557129e-01
546 6.56738281250000e-01 4.31305170059204e-01
547 6.72851562500000e-01 4.52729225158691e-01
548 7.03125000000000e-01 4.94384765625000e-01
549 6.87011718750000e-01 4.71985101699829e-01
550 7.17773437500000e-01 5.15198707580566e-01
551 7.16308593750000e-01 5.13098001480103e-01
552 7.09472656250000e-01 5.03351449966431e-01
553 7.03125000000000e-01 4.94384765625000e-01
554 6.90917968750000e-01 4.77367639541626e-01
555 7.38281250000000e-01 5.45059204101562e-01
556 7.51464843750000e-01 5.64699411392212e-01
557 7.03613281250000e-01 4.95071649551392e-01
558 7.50488281250000e-01 5.63232660293579e-01
559 7.52441406250000e-01 5.66168069839478e-01
560 7.45117187500000e-01 5.55199623107910e-01
561 7.33398437500000e-01 5.37873268127441e-01
562 7.29492187500000e-01 5.32158851623535e-01
563 7.36816406250000e-01 5.42898416519165e-01
564 7.17773437500000e-01 5.15198707580566e-01
565 7.18261718750000e-01 5.15899896621704e-01
566 6.97265625000000e-01 4.86179351806641e-01
567 6.23046875000000e-01 3.88187408447266e-01
568 6.77246093750000e-01 4.58662271499634e-01
569 7.15332031250000e-01 5.11699914932251e-01
570 6.49902343750000e-01 4.22373056411743e-01
571 7.23144531250000e-01 5.22938013076782e-01
572 7.52441406250000e-01 5.66168069839478e-01
573 7.63671875000000e-01 5.83194732666016e-01
574 7.51953125000000e-01 5.65433502197266e-01
575 6.99707031250000e-01 4.89589929580688e-01
576 7.19238281250000e-01 5.17303705215454e-01
577 6.36230468750000e-01 4.04789209365845e-01
578 6.66503906250000e-01 4.44227457046509e-01
579 6.93847656250000e-01 4.81424570083618e-01
580 6.84570312500000e-01 4.68636512756348e-01
581 7.01660156250000e-01 4.92326974868774e-01
582 7.54882812500000e-01 5.69848060607910e-01
583 7.21191406250000e-01 5.20117044448853e-01
584 7.59277343750000e-01 5.76502084732056e-01
585 6.84570312500000e-01 4.68636512756348e-01
586 7.18750000000000e-01 5.16601562500000e-01
587 7.02148437500000e-01 4.93012428283691e-01
588 7.00195312500000e-01 4.90273475646973e-01
589 6.97265625000000e-01 4.86179351806641e-01
590 6.75292968750000e-01 4.56020593643188e-01
591 6.40625000000000e-01 4.10400390625000e-01
592 7.04589843750000e-01 4.96446847915649e-01
593 7.22167968750000e-01 5.21526575088501e-01
594 6.65527343750000e-01 4.42926645278931e-01
595 6.38183593750000e-01 4.07278299331665e-01
596 6.04003906250000e-01 3.64820718765259e-01
597 5.99121093750000e-01 3.58946084976196e-01
598 5.56152343750000e-01 3.09305429458618e-01
599 5.68847656250000e-01 3.23587656021118e-01
600 6.37207031250000e-01 4.06032800674438e-01
601 6.69921875000000e-01 4.48795318603516e-01
602 6.79199218750000e-01 4.61311578750610e-01
603 6.76757812500000e-01 4.58001136779785e-01
604 6.75781250000000e-01 4.56680297851562e-01
605 7.22656250000000e-01 5.22232055664062e-01
606 7.40722656250000e-01 5.48670053482056e-01
607 7.25585937500000e-01 5.26474952697754e-01
608 7.20703125000000e-01 5.19412994384766e-01
609 6.78710937500000e-01 4.60648536682129e-01
610 7.18750000000000e-01 5.16601562500000e-01
611 7.61230468750000e-01 5.79471826553345e-01
612 7.51464843750000e-01 5.64699411392212e-01
613 6.87988281250000e-01 4.73327875137329e-01
614 7.17773437500000e-01 5.15198707580566e-01
615 7.28515625000000e-01 5.30735015869141e-01
616 7.00195312500000e-01 4.90273475646973e-01
617 6.75292968750000e-01 4.56020593643188e-01
618 6.40136718750000e-01 4.09775018692017e-01
619 6.53320312500000e-01 4.26827430725098e-01
620 6.25976562500000e-01 3.91846656799316e-01
621 6.42578125000000e-01 4.12906646728516e-01
622 6.12792968750000e-01 3.75515222549438e-01
623 6.15722656250000e-01 3.79114389419556e-01
624 6.17675781250000e-01 3.81523370742798e-01
625 6.33789062500000e-01 4.01688575744629e-01
626 5.77148437500000e-01 3.33100318908691e-01
627 5.42968750000000e-01 2.94815063476562e-01
628 5.31250000000000e-01 2.82226562500000e-01
629 5.28808593750000e-01 2.79638528823853e-01
630 5.31738281250000e-01 2.82745599746704e-01
631 5.51269531250000e-01 3.03898096084595e-01
632 6.39648437500000e-01 4.09150123596191e-01
633 6.52832031250000e-01 4.26189661026001e-01
634 6.27441406250000e-01 3.93682718276978e-01
635 5.86914062500000e-01 3.44468116760254e-01
636 5.98144531250000e-01 3.57776880264282e-01
637 5.93750000000000e-01 3.52539062500000e-01
638 5.55664062500000e-01 3.08762550354004e-01
639 5.11718750000000e-01 2.61856079101562e-01
640 5.90332031250000e-01 3.48491907119751e-01
641 6.66503906250000e-01 4.44227457046509e-01
642 6.91406250000000e-01 4.78042602539062e-01
643 6.70410156250000e-01 4.49449777603149e-01
644 6.46484375000000e-01 4.17942047119141e-01
645 6.66015625000000e-01 4.43576812744141e-01
646 6.25488281250000e-01 3.91235589981079e-01
647 6.55761718750000e-01 4.30023431777954e-01
648 6.31347656250000e-01 3.98599863052368e-01
649 6.46484375000000e-01 4.17942047119141e-01
650 6.58203125000000e-01 4.33231353759766e-01
651 5.83007812500000e-01 3.39898109436035e-01
652 6.57226562500000e-01 4.31946754455566e-01
653 6.63574218750000e-01 4.40330743789673e-01
654 6.83593750000000e-01 4.67300415039062e-01
655 6.51367187500000e-01 4.24279212951660e-01
656 6.29882812500000e-01 3.96752357482910e-01
657 5.88867187500000e-01 3.46764564514160e-01
658 5.53222656250000e-01 3.06055307388306e-01
659 5.11230468750000e-01 2.61356592178345e-01
660 5.32226562500000e-01 2.83265113830566e-01
661 5.48828125000000e-01 3.01212310791016e-01
662 4.84375000000000e-01 2.34619140625000e-01
663 5.16601562500000e-01 2.66877174377441e-01
664 6.05957031250000e-01 3.67183923721313e-01
665 6.53808593750000e-01 4.27465677261353e-01
666 6.97753906250000e-01 4.86860513687134e-01
667 6.19628906250000e-01 3.83939981460571e-01
668 6.20605468750000e-01 3.85151147842407e-01
669 6.47460937500000e-01 4.19205665588379e-01
670 6.24511718750000e-01 3.90014886856079e-01
671 5.48828125000000e-01 3.01212310791016e-01
672 5.87402343750000e-01 3.45041513442993e-01
673 6.54785156250000e-01 4.28743600845337e-01
674 6.54785156250000e-01 4.28743600845337e-01
675 6.33300781250000e-01 4.01069879531860e-01
676 6.39648437500000e-01 4.09150123596191e-01
677 6.04003906250000e-01 3.64820718765259e-01
678 5.66894531250000e-01 3.21369409561157e-01
679 5.53710937500000e-01 3.06595802307129e-01
680 5.29296875000000e-01 2.80155181884766e-01
681 5.52246093750000e-01 3.04975748062134e-01
682 5.89843750000000e-01 3.47915649414062e-01
683 5.33691406250000e-01 2.84826517105103e-01
684 5.23925781250000e-01 2.74498224258423e-01
685 6.04980468750000e-01 3.66001367568970e-01
686 5.92285156250000e-01 3.50801706314087e-01
687 5.73730468750000e-01 3.29166650772095e-01
688 6.16699218750000e-01 3.80317926406860e-01
689 6.15234375000000e-01 3.78513336181641e-01
690 6.15722656250000e-01 3.79114389419556e-01
691 6.43066406250000e-01 4.13534402847290e-01
692 6.55273437500000e-01 4.29383277893066e-01
693 6.30371093750000e-01 3.97367715835571e-01
694 6.07421875000000e-01 3.68961334228516e-01
695 6.64550781250000e-01 4.41627740859985e-01
696 6.86523437500000e-01 4.71314430236816e-01
697 6.57714843750000e-01 4.32588815689087e-01
698 6.51367187500000e-01 4.24279212951660e-01
699 6.57226562500000e-01 4.31946754455566e-01
700 6.29394531250000e-01 3.96137475967407e-01
701 5.99609375000000e-01 3.59531402587891e-01
702 5.90820312500000e-01 3.49068641662598e-01
703 5.57128906250000e-01 3.10392618179321e-01
704 5.57128906250000e-01 3.10392618179321e-01
705 5.02929687500000e-01 2.52938270568848e-01
706 5.41015625000000e-01 2.92697906494141e-01
707 5.00976562500000e-01 2.50977516174316e-01
708 4.77539062500000e-01 2.28043556213379e-01
709 5.00976562500000e-01 2.50977516174316e-01
710 4.93652343750000e-01 2.43692636489868e-01
711 4.31640625000000e-01 1.86313629150391e-01
712 4.93164062500000e-01 2.43210792541504e-01
713 5.00488281250000e-01 2.50488519668579e-01
714 4.62890625000000e-01 2.14267730712891e-01
715 4.82421875000000e-01 2.32730865478516e-01
716 3.56933593750000e-01 1.27401590347290e-01
717 4.23828125000000e-01 1.79630279541016e-01
718 4.22851562500000e-01 1.78803443908691e-01
719 4.56054687500000e-01 2.07985877990723e-01
720 4.33593750000000e-01 1.88003540039062e-01
721 5.27832031250000e-01 2.78606653213501e-01
722 5.67382812500000e-01 3.21923255920410e-01
723 6.07421875000000e-01 3.68961334228516e-01
724 6.17187500000000e-01 3.80920410156250e-01
725 5.95703125000000e-01 3.54862213134766e-01
726 6.80664062500000e-01 4.63303565979004e-01
727 5.99609375000000e-01 3.59531402587891e-01
728 6.53808593750000e-01 4.27465677261353e-01
729 6.65039062500000e-01 4.42276954650879e-01
730 6.67968750000000e-01 4.46182250976562e-01
731 6.73339843750000e-01 4.53386545181274e-01
732 6.45996093750000e-01 4.17310953140259e-01
733 6.86523437500000e-01 4.71314430236816e-01
734 6.56738281250000e-01 4.31305170059204e-01
735 5.93261718750000e-01 3.51959466934204e-01
736 5.97656250000000e-01 3.57192993164062e-01
737 5.68847656250000e-01 3.23587656021118e-01
738 5.86425781250000e-01 3.43895196914673e-01
739 5.52246093750000e-01 3.04975748062134e-01
740 5.42480468750000e-01 2.94285058975220e-01
741 4.61914062500000e-01 2.13364601135254e-01
742 4.48242187500000e-01 2.00921058654785e-01
743 4.33105468750000e-01 1.87580347061157e-01
744 4.88281250000000e-01 2.38418579101562e-01
745 4.96582031250000e-01 2.46593713760376e-01
746 4.85351562500000e-01 2.35566139221191e-01
747 4.87792968750000e-01 2.37941980361938e-01
748 4.83886718750000e-01 2.34146356582642e-01
749 4.75585937500000e-01 2.26181983947754e-01
750 4.59472656250000e-01 2.11115121841431e-01
751 4.38964843750000e-01 1.92690134048462e-01
752 4.63867187500000e-01 2.15172767639160e-01
753 4.23828125000000e-01 1.79630279541016e-01
754 4.10156250000000e-01 1.68228149414062e-01
755 4.13574218750000e-01 1.71043634414673e-01
756 4.63867187500000e-01 2.15172767639160e-01
757 4.90234375000000e-01 2.40329742431641e-01
758 4.72167968750000e-01 2.22942590713501e-01
759 3.91601562500000e-01 1.53351783752441e-01
760 3.87207031250000e-01 1.49929285049438e-01
761 3.07617187500000e-01 9.46283340454102e-02
762 3.80371093750000e-01 1.44682168960571e-01
763 3.50585937500000e-01 1.22910499572754e-01
764 2.85156250000000e-01 8.13140869140625e-02
765 3.24218750000000e-01 1.05117797851562e-01
766 2.73925781250000e-01 7.50353336334229e-02
767 2.84667968750000e-01 8.10358524322510e-02
768 2.11914062500000e-01 4.49075698852539e-02
769 2.32910156250000e-01 5.42471408843994e-02
770 1.95800781250000e-01 3.83379459381104e-02
771 2.91503906250000e-01 8.49745273590088e-02
772 2.65136718750000e-01 7.02974796295166e-02
773 1.92382812500000e-01 3.70111465454102e-02
774 1.39648437500000e-01 1.95016860961914e-02
775 1.62597656250000e-01 2.64379978179932e-02
776 2.47558593750000e-01 6.12852573394775e-02
777 1.85546875000000e-01 3.44276428222656e-02
778 1.29394531250000e-01 1.67429447174072e-02
779 5.56640625000000e-02 3.09848785400391e-03
780 2.24609375000000e-02 5.04493713378906e-04
781 7.86132812500000e-02 6.18004798889160e-03
782 6.49414062500000e-02 4.21738624572754e-03
783 9.47265625000000e-02 8.97312164306641e-03
784 9.32617187500000e-02 8.69774818420410e-03
785 7.08007812500000e-02 5.01275062561035e-03
786 1.17187500000000e-01 1.37329101562500e-02
787 1.06933593750000e-01 1.14347934722900e-02
788 1.23535156250000e-01 1.52609348297119e-02
789 1.10351562500000e-01 1.21774673461914e-02
790 2.06054687500000e-01 4.24585342407227e-02
791 1.27929687500000e-01 1.63660049438477e-02
792 1.39160156250000e-01 1.93655490875244e-02
793 1.05957031250000e-01 1.12268924713135e-02
794 2.00195312500000e-01 4.00781631469727e-02
795 2.08984375000000e-01 4.36744689941406e-02
796 1.42578125000000e-01 2.03285217285156e-02
797 1.48437500000000e-01 2.20336914062500e-02
798 1.42578125000000e-01 2.03285217285156e-02
799 1.22070312500000e-01 1.49011611938477e-02
800 1.45996093750000e-01 2.13148593902588e-02
801 1.34765625000000e-01 1.81617736816406e-02
802 1.23535156250000e-01 1.52609348297119e-02
803 4.15039062500000e-02 1.72257423400879e-03
804 5.46875000000000e-02 2.99072265625000e-03
805 5.81054687500000e-02 3.37624549865723e-03
806 8.25195312500000e-02 6.80947303771973e-03
807 5.51757812500000e-02 3.04436683654785e-03
808 5.27343750000000e-02 2.78091430664062e-03
809 1.61132812500000e-02 2.59637832641602e-04
810 4.05273437500000e-02 1.64246559143066e-03
811 7.81250000000000e-03 6.10351562500000e-05
812 2.24609375000000e-02 5.04493713378906e-04
813 4.58984375000000e-02 2.10666656494141e-03
814 3.32031250000000e-02 1.10244750976562e-03
815 1.36718750000000e-01 1.86920166015625e-02
816 7.22656250000000e-02 5.22232055664062e-03
817 1.16699218750000e-01 1.36187076568604e-02
818 5.90820312500000e-02 3.49068641662598e-03
819 5.85937500000000e-02 3.43322753906250e-03
820 1.34765625000000e-01 1.81617736816406e-02
821 1.27929687500000e-01 1.63660049438477e-02
822 1.25976562500000e-01 1.58700942993164e-02
823 1.74316406250000e-01 3.03862094879150e-02
824 1.65039062500000e-01 2.72378921508789e-02
825 1.25000000000000e-01 1.56250000000000e-02
826 2.00683593750000e-01 4.02739048004150e-02
827 2.03125000000000e-01 4.12597656250000e-02
828 2.01171875000000e-01 4.04701232910156e-02
829 2.11914062500000e-01 4.49075698852539e-02
830 1.69433593750000e-01 2.87077426910400e-02
831 2.26562500000000e-01 5.13305664062500e-02
832 2.31445312500000e-01 5.35669326782227e-02
833 2.63183593750000e-01 6.92656040191650e-02
834 2.12402343750000e-01 4.51147556304932e-02
835 1.93847656250000e-01 3.75769138336182e-02
836 2.05078125000000e-01 4.20570373535156e-02
837 2.26074218750000e-01 5.11095523834229e-02
838 2.50976562500000e-01 6.29892349243164e-02
839 2.67089843750000e-01 7.13369846343994e-02
840 2.34863281250000e-01 5.51607608795166e-02
841 2.45605468750000e-01 6.03220462799072e-02
842 2.26074218750000e-01 5.11095523834229e-02
843 2.26562500000000e-01 5.13305664062500e-02
844 1.34765625000000e-01 1.81617736816406e-02
845 5.85937500000000e-02 3.43322753906250e-03
846 2.19726562500000e-02 4.82797622680664e-04
847 2.63671875000000e-02 6.95228576660156e-04
848 8.30078125000000e-02 6.89029693603516e-03
849 1.46484375000000e-03 2.14576721191406e-06
850 1.56250000000000e-02 2.44140625000000e-04
851 1.01074218750000e-01 1.02159976959229e-02
852 1.60156250000000e-01 2.56500244140625e-02
853 1.48437500000000e-01 2.20336914062500e-02
854 1.40625000000000e-01 1.97753906250000e-02
855 2.18750000000000e-01 4.78515625000000e-02
856 1.66015625000000e-01 2.75611877441406e-02
857 1.60644531250000e-01 2.58066654205322e-02
858 2.05566406250000e-01 4.22575473785400e-02
859 2.12890625000000e-01 4.53224182128906e-02
860 2.39746093750000e-01 5.74781894683838e-02
861 2.50488281250000e-01 6.27443790435791e-02
862 2.35839843750000e-01 5.56204319000244e-02
863 2.26562500000000e-01 5.13305664062500e-02
864 2.74902343750000e-01 7.55712985992432e-02
865 3.01757812500000e-01 9.10577774047852e-02
866 3.35937500000000e-01 1.12854003906250e-01
867 3.68164062500000e-01 1.35544776916504e-01
868 3.49121093750000e-01 1.21885538101196e-01
869 3.84277343750000e-01 1.47669076919556e-01
870 4.08691406250000e-01 1.67028665542603e-01
871 3.76953125000000e-01 1.42093658447266e-01
872 3.09082031250000e-01 9.55317020416260e-02
873 2.95410156250000e-01 8.72671604156494e-02
874 3.03710937500000e-01 9.22403335571289e-02
875 1.86035156250000e-01 3.46090793609619e-02
876 2.37792968750000e-01 5.65454959869385e-02
877 2.27539062500000e-01 5.17740249633789e-02
878 2.01171875000000e-01 4.04701232910156e-02
879 1.47949218750000e-01 2.18889713287354e-02
880 2.08007812500000e-01 4.32672500610352e-02
881 2.05566406250000e-01 4.22575473785400e-02
882 1.23046875000000e-01 1.51405334472656e-02
883 8.98437500000000e-02 8.07189941406250e-03
884 1.51367187500000e-01 2.29120254516602e-02
885 2.15820312500000e-01 4.65784072875977e-02
886 1.37695312500000e-01 1.89599990844727e-02
887 9.66796875000000e-02 9.34696197509766e-03
888 8.78906250000000e-02 7.72476196289062e-03
889 6.68945312500000e-02 4.47487831115723e-03
890 4.44335937500000e-02 1.97434425354004e-03
891 8.25195312500000e-02 6.80947303771973e-03
892 1.01074218750000e-01 1.02159976959229e-02
893 1.09863281250000e-01 1.20699405670166e-02
894 1.36230468750000e-01 1.85587406158447e-02
895 8.00781250000000e-02 6.41250610351562e-03
896 1.24023437500000e-01 1.53818130493164e-02
897 1.16210937500000e-01 1.35049819946289e-02
898 1.18164062500000e-01 1.39627456665039e-02
899 8.44726562500000e-02 7.13562965393066e-03
900 7.51953125000000e-02 5.65433502197266e-03
901 3.51562500000000e-02 1.23596191406250e-03
902 4.00390625000000e-02 1.60312652587891e-03
903 1.15722656250000e-01 1.33917331695557e-02
904 1.12792968750000e-01 1.27222537994385e-02
905 1.19628906250000e-01 1.43110752105713e-02
906 7.08007812500000e-02 5.01275062561035e-03
907 1.27441406250000e-01 1.62413120269775e-02
908 1.35742187500000e-01 1.84259414672852e-02
909 7.42187500000000e-02 5.50842285156250e-03
910 8.78906250000000e-02 7.72476196289062e-03
911 9.66796875000000e-02 9.34696197509766e-03
912 1.27441406250000e-01 1.62413120269775e-02
913 1.41601562500000e-01 2.00510025024414e-02
914 1.98242187500000e-01 3.92999649047852e-02
915 2.83691406250000e-01 8.04808139801025e-02
916 3.14453125000000e-01 9.88807678222656e-02
917 3.21777343750000e-01 1.03540658950806e-01
918 3.07617187500000e-01 9.46283340454102e-02
919 3.27636718750000e-01 1.07345819473267e-01
920 2.82714843750000e-01 7.99276828765869e-02
921 2.73925781250000e-01 7.50353336334229e-02
922 2.44628906250000e-01 5.98433017730713e-02
923 2.37792968750000e-01 5.65454959869385e-02
924 2.07519531250000e-01 4.30643558502197e-02
925 1.67480468750000e-01 2.80497074127197e-02
926 1.92871093750000e-01 3.71992588043213e-02
927 2.41210937500000e-01 5.81827163696289e-02
928 2.44140625000000e-01 5.96046447753906e-02
929 1.81152343750000e-01 3.28161716461182e-02
930 1.74804687500000e-01 3.05566787719727e-02
931 1.86035156250000e-01 3.46090793609619e-02
932 2.08007812500000e-01 4.32672500610352e-02
933 2.05078125000000e-01 4.20570373535156e-02
934 1.16699218750000e-01 1.36187076568604e-02
935 1.70410156250000e-01 2.90396213531494e-02
936 2.04589843750000e-01 4.18570041656494e-02
937 2.18750000000000e-01 4.78515625000000e-02
938 2.48046875000000e-01 6.15272521972656e-02
939 2.29980468750000e-01 5.28910160064697e-02
940 1.62597656250000e-01 2.64379978179932e-02
941 1.60644531250000e-01 2.58066654205322e-02
942 7.12890625000000e-02 5.08213043212891e-03
943 4.05273437500000e-02 1.64246559143066e-03
944 9.27734375000000e-03 8.60691070556641e-05
945 6.93359375000000e-02 4.80747222900391e-03
946 1.83593750000000e-01 3.37066650390625e-02
947 2.35351562500000e-01 5.53903579711914e-02
948 2.56347656250000e-01 6.57141208648682e-02
949 1.91894531250000e-01 3.68235111236572e-02
950 1.91894531250000e-01 3.68235111236572e-02
951 1.32812500000000e-01 1.76391601562500e-02
952 1.39160156250000e-01 1.93655490875244e-02
953 1.36230468750000e-01 1.85587406158447e-02
954 1.26464843750000e-01 1.59933567047119e-02
955 9.96093750000000e-02 9.92202758789062e-03
956 1.12792968750000e-01 1.27222537994385e-02
957 1.94335937500000e-01 3.77664566040039e-02
958 2.48535156250000e-01 6.17697238922119e-02
959 3.01269531250000e-01 9.07633304595947e-02
960 3.03222656250000e-01 9.19439792633057e-02
961 3.44238281250000e-01 1.18499994277954e-01
962 3.25195312500000e-01 1.05751991271973e-01
963 2.95410156250000e-01 8.72671604156494e-02
964 2.65136718750000e-01 7.02974796295166e-02
965 2.72949218750000e-01 7.45012760162354e-02
966 2.82226562500000e-01 7.96518325805664e-02
967 2.72460937500000e-01 7.42349624633789e-02
968 3.78906250000000e-01 1.43569946289062e-01
969 3.94042968750000e-01 1.55269861221313e-01
970 3.98437500000000e-01 1.58752441406250e-01
971 4.36035156250000e-01 1.90126657485962e-01
972 5.01953125000000e-01 2.51956939697266e-01
973 4.91699218750000e-01 2.41768121719360e-01
974 4.93164062500000e-01 2.43210792541504e-01
975 5.27832031250000e-01 2.78606653213501e-01
976 4.57519531250000e-01 2.09324121475220e-01
977 5.10742187500000e-01 2.60857582092285e-01
978 5.69335937500000e-01 3.24143409729004e-01
979 6.40136718750000e-01 4.09775018692017e-01
980 5.81054687500000e-01 3.37624549865723e-01
981 6.03027343750000e-01 3.63641977310181e-01
982 5.68847656250000e-01 3.23587656021118e-01
983 6.27441406250000e-01 3.93682718276978e-01
984 6.55761718750000e-01 4.30023431777954e-01
985 5.62011718750000e-01 3.15857172012329e-01
986 5.56640625000000e-01 3.09848785400391e-01
987 4.94628906250000e-01 2.44657754898071e-01
988 4.62402343750000e-01 2.13815927505493e-01
989 5.03417968750000e-01 2.53429651260376e-01
990 4.39941406250000e-01 1.93548440933228e-01
991 4.58007812500000e-01 2.09771156311035e-01
992 5.12695312500000e-01 2.62856483459473e-01
993 5.07324218750000e-01 2.57377862930298e-01
994 4.88769531250000e-01 2.38895654678345e-01
995 4.99511718750000e-01 2.49511957168579e-01
996 4.54589843750000e-01 2.06651926040649e-01
997 3.83789062500000e-01 1.47294044494629e-01
998 3.53515625000000e-01 1.24973297119141e-01
999 3.33496093750000e-01 1.11219644546509e-01
