0 5.91796875000000e-01 3.50223541259766e-01
1 6.06445312500000e-01 3.67775917053223e-01
2 5.99121093750000e-01 3.58946084976196e-01
3 6.07421875000000e-01 3.68961334228516e-01
4 6.52832031250000e-01 4.26189661026001e-01
5 5.33203125000000e-01 2.84305572509766e-01
6 5.44433593750000e-01 2.96407938003540e-01
7 6.04003906250000e-01 3.64820718765259e-01
8 6.14746093750000e-01 3.77912759780884e-01
9 6.07910156250000e-01 3.69554758071899e-01
10 6.25488281250000e-01 3.91235589981079e-01
11 6.19140625000000e-01 3.83335113525391e-01
12 6.35742187500000e-01 4.04168128967285e-01
13 6.69433593750000e-01 4.48141336441040e-01
14 6.47949218750000e-01 4.19838190078735e-01
15 7.27050781250000e-01 5.28602838516235e-01
16 7.12890625000000e-01 5.08213043212891e-01
17 6.41113281250000e-01 4.11026239395142e-01
18 6.26953125000000e-01 3.93070220947266e-01
19 5.85449218750000e-01 3.42750787734985e-01
20 6.12792968750000e-01 3.75515222549438e-01
21 6.46484375000000e-01 4.17942047119141e-01
22 6.01074218750000e-01 3.61290216445923e-01
23 6.35253906250000e-01 4.03547525405884e-01
24 6.17675781250000e-01 3.81523370742798e-01
25 6.15234375000000e-01 3.78513336181641e-01
26 5.18066406250000e-01 2.68392801284790e-01
27 5.70312500000000e-01 3.25256347656250e-01
28 5.39550781250000e-01 2.91115045547485e-01
29 6.38183593750000e-01 4.07278299331665e-01
30 6.10351562500000e-01 3.72529029846191e-01
31 5.53222656250000e-01 3.06055307388306e-01
32 5.93750000000000e-01 3.52539062500000e-01
33 5.75683593750000e-01 3.31411600112915e-01
34 5.21484375000000e-01 2.71945953369141e-01
35 5.14160156250000e-01 2.64360666275024e-01
36 4.91210937500000e-01 2.41288185119629e-01
37 5.61035156250000e-01 3.14760446548462e-01
38 5.60058593750000e-01 3.13665628433228e-01
39 5.55664062500000e-01 3.08762550354004e-01
40 5.43457031250000e-01 2.95345544815063e-01
41 6.28906250000000e-01 3.95523071289062e-01
42 5.68847656250000e-01 3.23587656021118e-01
43 6.06933593750000e-01 3.68368387222290e-01
44 5.87890625000000e-01 3.45615386962891e-01
45 5.36621093750000e-01 2.87962198257446e-01
46 5.06835937500000e-01 2.56882667541504e-01
47 5.43457031250000e-01 2.95345544815063e-01
48 5.34667968750000e-01 2.85869836807251e-01
49 4.64843750000000e-01 2.16079711914062e-01
50 4.31152343750000e-01 1.85892343521118e-01
51 3.77929687500000e-01 1.42830848693848e-01
52 3.24707031250000e-01 1.05434656143188e-01
53 2.89550781250000e-01 8.38396549224854e-02
54 2.72949218750000e-01 7.45012760162354e-02
55 2.06054687500000e-01 4.24585342407227e-02
56 1.93847656250000e-01 3.75769138336182e-02
57 8.49609375000000e-02 7.21836090087891e-03
58 1.51367187500000e-01 2.29120254516602e-02
59 2.60742187500000e-01 6.79864883422852e-02
60 3.05664062500000e-01 9.34305191040039e-02
61 2.79785156250000e-01 7.82797336578369e-02
62 4.01367187500000e-01 1.61095619201660e-01
63 3.46679687500000e-01 1.20186805725098e-01
64 3.75000000000000e-01 1.40625000000000e-01
65 4.35058593750000e-01 1.89275979995728e-01
66 3.61816406250000e-01 1.30911111831665e-01
67 3.49121093750000e-01 1.21885538101196e-01
68 3.03710937500000e-01 9.22403335571289e-02
69 3.13964843750000e-01 9.85739231109619e-02
70 3.31054687500000e-01 1.09597206115723e-01
71 2.66601562500000e-01 7.10763931274414e-02
72 3.17871093750000e-01 1.01042032241821e-01
73 3.29101562500000e-01 1.08307838439941e-01
74 3.33007812500000e-01 1.10894203186035e-01
75 3.01269531250000e-01 9.07633304595947e-02
76 2.52929687500000e-01 6.39734268188477e-02
77 3.19824218750000e-01 1.02287530899048e-01
78 3.35449218750000e-01 1.12526178359985e-01
79 3.90136718750000e-01 1.52206659317017e-01
80 3.75000000000000e-01 1.40625000000000e-01
81 4.44335937500000e-01 1.97434425354004e-01
82 4.98046875000000e-01 2.48050689697266e-01
83 4.91699218750000e-01 2.41768121719360e-01
84 5.28320312500000e-01 2.79122352600098e-01
85 5.26855468750000e-01 2.77576684951782e-01
86 5.55664062500000e-01 3.08762550354004e-01
87 5.35644531250000e-01 2.86915063858032e-01
88 5.26367187500000e-01 2.77062416076660e-01
89 5.96191406250000e-01 3.55444192886353e-01
90 5.98632812500000e-01 3.58361244201660e-01
91 5.82519531250000e-01 3.39329004287720e-01
92 5.88867187500000e-01 3.46764564514160e-01
93 6.33789062500000e-01 4.01688575744629e-01
94 6.15722656250000e-01 3.79114389419556e-01
95 6.15722656250000e-01 3.79114389419556e-01
96 6.08886718750000e-01 3.70743036270142e-01
97 5.76171875000000e-01 3.31974029541016e-01
98 5.65429687500000e-01 3.19710731506348e-01
99 5.65429687500000e-01 3.19710731506348e-01
100 5.62011718750000e-01 3.15857172012329e-01
101 5.20019531250000e-01 2.70420312881470e-01
102 5.50781250000000e-01 3.03359985351562e-01
103 4.41894531250000e-01 1.95270776748657e-01
104 4.74609375000000e-01 2.25254058837891e-01
105 4.62890625000000e-01 2.14267730712891e-01
106 5.08789062500000e-01 2.58866310119629e-01
107 5.14160156250000e-01 2.64360666275024e-01
108 5.43457031250000e-01 2.95345544815063e-01
109 5.13183593750000e-01 2.63357400894165e-01
110 4.85839843750000e-01 2.36040353775024e-01
111 4.68261718750000e-01 2.19269037246704e-01
112 4.15527343750000e-01 1.72662973403931e-01
113 3.94531250000000e-01 1.55654907226562e-01
114 4.25292968750000e-01 1.80874109268188e-01
115 4.31640625000000e-01 1.86313629150391e-01
116 4.03320312500000e-01 1.62667274475098e-01
117 4.56542968750000e-01 2.08431482315063e-01
118 4.71191406250000e-01 2.22021341323853e-01
119 4.98535156250000e-01 2.48537302017212e-01
120 5.05859375000000e-01 2.55893707275391e-01
121 5.00976562500000e-01 2.50977516174316e-01
122 4.72167968750000e-01 2.22942590713501e-01
123 5.06347656250000e-01 2.56387948989868e-01
124 4.67773437500000e-01 2.18811988830566e-01
125 4.84375000000000e-01 2.34619140625000e-01
126 5.70312500000000e-01 3.25256347656250e-01
127 5.15136718750000e-01 2.65365839004517e-01
128 5.49804687500000e-01 3.02285194396973e-01
129 5.68847656250000e-01 3.23587656021118e-01
130 6.06933593750000e-01 3.68368387222290e-01
131 6.32324218750000e-01 3.99833917617798e-01
132 5.96679687500000e-01 3.56026649475098e-01
133 7.03613281250000e-01 4.95071649551392e-01
134 6.66015625000000e-01 4.43576812744141e-01
135 6.77734375000000e-01 4.59323883056641e-01
136 6.03027343750000e-01 3.63641977310181e-01
137 6.23535156250000e-01 3.88796091079712e-01
138 7.13867187500000e-01 5.09606361389160e-01
139 6.81152343750000e-01 4.63968515396118e-01
140 7.00683593750000e-01 4.90957498550415e-01
141 6.93359375000000e-01 4.80747222900391e-01
142 7.31445312500000e-01 5.35012245178223e-01
143 7.28027343750000e-01 5.30023813247681e-01
144 7.49023437500000e-01 5.61036109924316e-01
145 7.53417968750000e-01 5.67638635635376e-01
146 7.26562500000000e-01 5.27893066406250e-01
147 7.40234375000000e-01 5.47946929931641e-01
148 7.42187500000000e-01 5.50842285156250e-01
149 7.22656250000000e-01 5.22232055664062e-01
150 6.96777343750000e-01 4.85498666763306e-01
151 6.96289062500000e-01 4.84818458557129e-01
152 6.96777343750000e-01 4.85498666763306e-01
153 6.53808593750000e-01 4.27465677261353e-01
154 6.87988281250000e-01 4.73327875137329e-01
155 6.45019531250000e-01 4.16050195693970e-01
156 6.31347656250000e-01 3.98599863052368e-01
157 6.00585937500000e-01 3.60703468322754e-01
158 5.64941406250000e-01 3.19158792495728e-01
159 6.00097656250000e-01 3.60117197036743e-01
160 5.32714843750000e-01 2.83785104751587e-01
161 4.85351562500000e-01 2.35566139221191e-01
162 4.88281250000000e-01 2.38418579101562e-01
163 5.25878906250000e-01 2.76548624038696e-01
164 4.96093750000000e-01 2.46109008789062e-01
165 5.77636718750000e-01 3.33664178848267e-01
166 5.57128906250000e-01 3.10392618179321e-01
167 5.26367187500000e-01 2.77062416076660e-01
168 5.99609375000000e-01 3.59531402587891e-01
169 6.37695312500000e-01 4.06655311584473e-01
170 6.56738281250000e-01 4.31305170059204e-01
171 6.79199218750000e-01 4.61311578750610e-01
172 6.32812500000000e-01 4.00451660156250e-01
173 5.84472656250000e-01 3.41608285903931e-01
174 5.29296875000000e-01 2.80155181884766e-01
175 5.71777343750000e-01 3.26929330825806e-01
176 5.10253906250000e-01 2.60359048843384e-01
177 5.35156250000000e-01 2.86392211914062e-01
178 5.91308593750000e-01 3.49645853042603e-01
179 6.04980468750000e-01 3.66001367568970e-01
180 5.45410156250000e-01 2.97472238540649e-01
181 5.91308593750000e-01 3.49645853042603e-01
182 5.75195312500000e-01 3.30849647521973e-01
183 5.85937500000000e-01 3.43322753906250e-01
184 5.82031250000000e-01 3.38760375976562e-01
185 5.38574218750000e-01 2.90062189102173e-01
186 5.25878906250000e-01 2.76548624038696e-01
187 5.74218750000000e-01 3.29727172851562e-01
188 5.21972656250000e-01 2.72455453872681e-01
189 5.35156250000000e-01 2.86392211914062e-01
190 5.45410156250000e-01 2.97472238540649e-01
191 5.25878906250000e-01 2.76548624038696e-01
192 4.95117187500000e-01 2.45141029357910e-01
193 4.93652343750000e-01 2.43692636489868e-01
194 5.01464843750000e-01 2.51466989517212e-01
195 4.63867187500000e-01 2.15172767639160e-01
196 4.31640625000000e-01 1.86313629150391e-01
197 4.04785156250000e-01 1.63851022720337e-01
198 3.98437500000000e-01 1.58752441406250e-01
199 3.77441406250000e-01 1.42462015151978e-01
200 3.90625000000000e-01 1.52587890625000e-01
201 4.46289062500000e-01 1.99173927307129e-01
202 4.39941406250000e-01 1.93548440933228e-01
203 4.42382812500000e-01 1.95702552795410e-01
204 4.39941406250000e-01 1.93548440933228e-01
205 3.82812500000000e-01 1.46545410156250e-01
206 3.25195312500000e-01 1.05751991271973e-01
207 3.15917968750000e-01 9.98041629791260e-02
208 3.55957031250000e-01 1.26705408096313e-01
209 2.98339843750000e-01 8.90066623687744e-02
210 2.60742187500000e-01 6.79864883422852e-02
211 2.94921875000000e-01 8.69789123535156e-02
212 3.09082031250000e-01 9.55317020416260e-02
213 3.19824218750000e-01 1.02287530899048e-01
214 3.34472656250000e-01 1.11871957778931e-01
215 3.22265625000000e-01 1.03855133056641e-01
216 3.00781250000000e-01 9.04693603515625e-02
217 2.91992187500000e-01 8.52594375610352e-02
218 3.09570312500000e-01 9.58337783813477e-02
219 3.39355468750000e-01 1.15162134170532e-01
220 3.22753906250000e-01 1.04170083999634e-01
221 2.81738281250000e-01 7.93764591217041e-02
222 3.01757812500000e-01 9.10577774047852e-02
223 2.66601562500000e-01 7.10763931274414e-02
224 2.80761718750000e-01 7.88271427154541e-02
225 2.59277343750000e-01 6.72247409820557e-02
226 2.42187500000000e-01 5.86547851562500e-02
227 2.68066406250000e-01 7.18595981597900e-02
228 2.37304687500000e-01 5.63135147094727e-02
229 2.16308593750000e-01 4.67894077301025e-02
230 1.71386718750000e-01 2.93734073638916e-02
231 1.53808593750000e-01 2.36570835113525e-02
232 2.36328125000000e-01 5.58509826660156e-02
233 2.81250000000000e-01 7.91015625000000e-02
234 2.57812500000000e-01 6.64672851562500e-02
235 2.80761718750000e-01 7.88271427154541e-02
236 1.90917968750000e-01 3.64496707916260e-02
237 2.90039062500000e-01 8.41226577758789e-02
238 2.75878906250000e-01 7.61091709136963e-02
239 2.92968750000000e-01 8.58306884765625e-02
240 2.66113281250000e-01 7.08162784576416e-02
241 2.83203125000000e-01 8.02040100097656e-02
242 2.88085937500000e-01 8.29935073852539e-02
243 3.71093750000000e-01 1.37710571289062e-01
244 4.02343750000000e-01 1.61880493164062e-01
245 3.33496093750000e-01 1.11219644546509e-01
246 2.79296875000000e-01 7.80067443847656e-02
247 2.22167968750000e-01 4.93586063385010e-02
248 2.77832031250000e-01 7.71906375885010e-02
249 3.16894531250000e-01 1.00422143936157e-01
250 3.56445312500000e-01 1.27053260803223e-01
251 3.21289062500000e-01 1.03226661682129e-01
252 3.39355468750000e-01 1.15162134170532e-01
253 3.29101562500000e-01 1.08307838439941e-01
254 3.15917968750000e-01 9.98041629791260e-02
255 2.55371093750000e-01 6.52143955230713e-02
256 4.04785156250000e-01 1.63851022720337e-01
257 4.67285156250000e-01 2.18355417251587e-01
258 4.88281250000000e-01 2.38418579101562e-01
259 4.98046875000000e-01 2.48050689697266e-01
260 5.26367187500000e-01 2.77062416076660e-01
261 5.41503906250000e-01 2.93226480484009e-01
262 5.96679687500000e-01 3.56026649475098e-01
263 5.87890625000000e-01 3.45615386962891e-01
264 6.04980468750000e-01 3.66001367568970e-01
265 6.15722656250000e-01 3.79114389419556e-01
266 6.22558593750000e-01 3.87579202651978e-01
267 6.45019531250000e-01 4.16050195693970e-01
268 6.74804687500000e-01 4.55361366271973e-01
269 6.37207031250000e-01 4.06032800674438e-01
270 5.93261718750000e-01 3.51959466934204e-01
271 5.85449218750000e-01 3.42750787734985e-01
272 5.96679687500000e-01 3.56026649475098e-01
273 5.55175781250000e-01 3.08220148086548e-01
274 5.76660156250000e-01 3.32536935806274e-01
275 6.05468750000000e-01 3.66592407226562e-01
276 6.73339843750000e-01 4.53386545181274e-01
277 7.12402343750000e-01 5.07517099380493e-01
278 6.43066406250000e-01 4.13534402847290e-01
279 6.40625000000000e-01 4.10400390625000e-01
280 6.04003906250000e-01 3.64820718765259e-01
281 5.84960937500000e-01 3.42179298400879e-01
282 5.32226562500000e-01 2.83265113830566e-01
283 5.89355468750000e-01 3.47339868545532e-01
284 5.93261718750000e-01 3.51959466934204e-01
285 5.96679687500000e-01 3.56026649475098e-01
286 5.56640625000000e-01 3.09848785400391e-01
287 5.96679687500000e-01 3.56026649475098e-01
288 5.94726562500000e-01 3.53699684143066e-01
289 5.35156250000000e-01 2.86392211914062e-01
290 5.26367187500000e-01 2.77062416076660e-01
291 5.37109375000000e-01 2.88486480712891e-01
292 5.07324218750000e-01 2.57377862930298e-01
293 4.73632812500000e-01 2.24328041076660e-01
294 4.73632812500000e-01 2.24328041076660e-01
295 5.09765625000000e-01 2.59860992431641e-01
296 5.24414062500000e-01 2.75010108947754e-01
297 5.71289062500000e-01 3.26371192932129e-01
298 5.63476562500000e-01 3.17505836486816e-01
299 6.02050781250000e-01 3.62465143203735e-01
300 6.18652343750000e-01 3.82730722427368e-01
301 6.78222656250000e-01 4.59985971450806e-01
302 6.76269531250000e-01 4.57340478897095e-01
303 7.00683593750000e-01 4.90957498550415e-01
304 6.52832031250000e-01 4.26189661026001e-01
305 6.35742187500000e-01 4.04168128967285e-01
306 6.31835937500000e-01 3.99216651916504e-01
307 5.87402343750000e-01 3.45041513442993e-01
308 5.51269531250000e-01 3.03898096084595e-01
309 5.68359375000000e-01 3.23032379150391e-01
310 5.40039062500000e-01 2.91642189025879e-01
311 5.32226562500000e-01 2.83265113830566e-01
312 5.22949218750000e-01 2.73475885391235e-01
313 5.93750000000000e-01 3.52539062500000e-01
314 5.99609375000000e-01 3.59531402587891e-01
315 6.19628906250000e-01 3.83939981460571e-01
316 6.33789062500000e-01 4.01688575744629e-01
317 6.13769531250000e-01 3.76713037490845e-01
318 7.02148437500000e-01 4.93012428283691e-01
319 6.28417968750000e-01 3.94909143447876e-01
320 6.08886718750000e-01 3.70743036270142e-01
321 5.68359375000000e-01 3.23032379150391e-01
322 6.08398437500000e-01 3.70148658752441e-01
323 6.13769531250000e-01 3.76713037490845e-01
324 5.61523437500000e-01 3.15308570861816e-01
325 5.77148437500000e-01 3.33100318908691e-01
326 5.82031250000000e-01 3.38760375976562e-01
327 6.08398437500000e-01 3.70148658752441e-01
328 5.71289062500000e-01 3.26371192932129e-01
329 6.29394531250000e-01 3.96137475967407e-01
330 6.05957031250000e-01 3.67183923721313e-01
331 5.69335937500000e-01 3.24143409729004e-01
332 5.87890625000000e-01 3.45615386962891e-01
333 5.89843750000000e-01 3.47915649414062e-01
334 6.13281250000000e-01 3.76113891601562e-01
335 5.38085937500000e-01 2.89536476135254e-01
336 5.37109375000000e-01 2.88486480712891e-01
337 5.25878906250000e-01 2.76548624038696e-01
338 5.62500000000000e-01 3.16406250000000e-01
339 6.19628906250000e-01 3.83939981460571e-01
340 5.93261718750000e-01 3.51959466934204e-01
341 5.58105468750000e-01 3.11481714248657e-01
342 5.38574218750000e-01 2.90062189102173e-01
343 4.73632812500000e-01 2.24328041076660e-01
344 5.25390625000000e-01 2.76035308837891e-01
345 5.62500000000000e-01 3.16406250000000e-01
346 6.36718750000000e-01 4.05410766601562e-01
347 6.24023437500000e-01 3.89405250549316e-01
348 5.99121093750000e-01 3.58946084976196e-01
349 5.98144531250000e-01 3.57776880264282e-01
350 5.37597656250000e-01 2.89011240005493e-01
351 5.45898437500000e-01 2.98005104064941e-01
352 5.98144531250000e-01 3.57776880264282e-01
353 5.74218750000000e-01 3.29727172851562e-01
354 5.11230468750000e-01 2.61356592178345e-01
355 4.57031250000000e-01 2.08877563476562e-01
356 4.92187500000000e-01 2.42248535156250e-01
357 4.79492187500000e-01 2.29912757873535e-01
358 5.08789062500000e-01 2.58866310119629e-01
359 5.39550781250000e-01 2.91115045547485e-01
360 5.70800781250000e-01 3.25813531875610e-01
361 5.88867187500000e-01 3.46764564514160e-01
362 6.29394531250000e-01 3.96137475967407e-01
363 5.93750000000000e-01 3.52539062500000e-01
364 6.08398437500000e-01 3.70148658752441e-01
365 6.42089843750000e-01 4.12279367446899e-01
366 5.94726562500000e-01 3.53699684143066e-01
367 5.77148437500000e-01 3.33100318908691e-01
368 6.06933593750000e-01 3.68368387222290e-01
369 6.25488281250000e-01 3.91235589981079e-01
370 6.14746093750000e-01 3.77912759780884e-01
371 6.44042968750000e-01 4.14791345596313e-01
372 6.23046875000000e-01 3.88187408447266e-01
373 5.92773437500000e-01 3.51380348205566e-01
374 5.59570312500000e-01 3.13118934631348e-01
375 5.64453125000000e-01 3.18607330322266e-01
376 5.09765625000000e-01 2.59860992431641e-01
377 5.64941406250000e-01 3.19158792495728e-01
378 4.96093750000000e-01 2.46109008789062e-01
379 5.31738281250000e-01 2.82745599746704e-01
380 4.99023437500000e-01 2.49024391174316e-01
381 5.06835937500000e-01 2.56882667541504e-01
382 5.34179687500000e-01 2.85347938537598e-01
383 5.23437500000000e-01 2.73986816406250e-01
384 4.74609375000000e-01 2.25254058837891e-01
385 4.61914062500000e-01 2.13364601135254e-01
386 4.52148437500000e-01 2.04438209533691e-01
387 4.52148437500000e-01 2.04438209533691e-01
388 4.51660156250000e-01 2.03996896743774e-01
389 4.54589843750000e-01 2.06651926040649e-01
390 4.38476562500000e-01 1.92261695861816e-01
391 4.47265625000000e-01 2.00046539306641e-01
392 4.50683593750000e-01 2.03115701675415e-01
393 4.18945312500000e-01 1.75515174865723e-01
394 3.79394531250000e-01 1.43940210342407e-01
395 3.64746093750000e-01 1.33039712905884e-01
396 3.21289062500000e-01 1.03226661682129e-01
397 2.99804687500000e-01 8.98828506469727e-02
398 2.57324218750000e-01 6.62157535552979e-02
399 2.84179687500000e-01 8.07580947875977e-02
400 3.13476562500000e-01 9.82675552368164e-02
401 2.91015625000000e-01 8.46900939941406e-02
402 3.28613281250000e-01 1.07986688613892e-01
403 3.38867187500000e-01 1.14830970764160e-01
404 3.40332031250000e-01 1.15825891494751e-01
405 2.87109375000000e-01 8.24317932128906e-02
406 2.94433593750000e-01 8.66911411285400e-02
407 2.48046875000000e-01 6.15272521972656e-02
408 2.20703125000000e-01 4.87098693847656e-02
409 1.99218750000000e-01 3.96881103515625e-02
410 1.16699218750000e-01 1.36187076568604e-02
411 1.13769531250000e-01 1.29435062408447e-02
412 1.21582031250000e-01 1.47821903228760e-02
413 9.66796875000000e-02 9.34696197509766e-03
414 6.39648437500000e-02 4.09150123596191e-03
415 1.46484375000000e-02 2.14576721191406e-04
416 2.00195312500000e-02 4.00781631469727e-04
417 2.14843750000000e-02 4.61578369140625e-04
418 6.78710937500000e-02 4.60648536682129e-03
419 8.59375000000000e-02 7.38525390625000e-03
420 1.06933593750000e-01 1.14347934722900e-02
421 1.25976562500000e-01 1.58700942993164e-02
422 1.16210937500000e-01 1.35049819946289e-02
423 1.45507812500000e-01 2.11725234985352e-02
424 1.27929687500000e-01 1.63660049438477e-02
425 8.34960937500000e-02 6.97159767150879e-03
426 3.75976562500000e-02 1.41358375549316e-03
427 8.15429687500000e-02 6.64925575256348e-03
428 1.13281250000000e-01 1.28326416015625e-02
429 1.06933593750000e-01 1.14347934722900e-02
430 6.88476562500000e-02 4.73999977111816e-03
431 1.01074218750000e-01 1.02159976959229e-02
432 3.66210937500000e-02 1.34110450744629e-03
433 1.46484375000000e-03 2.14576721191406e-06
434 2.73437500000000e-02 7.47680664062500e-04
435 2.92968750000000e-03 8.58306884765625e-06
436 6.34765625000000e-02 4.02927398681641e-03
437 7.81250000000000e-02 6.10351562500000e-03
438 1.35253906250000e-01 1.82936191558838e-02
439 9.52148437500000e-02 9.06586647033691e-03
440 1.00585937500000e-01 1.01175308227539e-02
441 1.17675781250000e-01 1.38475894927979e-02
442 8.83789062500000e-02 7.81083106994629e-03
443 1.09863281250000e-01 1.20699405670166e-02
444 1.20117187500000e-01 1.44281387329102e-02
445 1.30371093750000e-01 1.69966220855713e-02
446 1.14746093750000e-01 1.31666660308838e-02
447 7.37304687500000e-02 5.43618202209473e-03
448 7.47070312500000e-02 5.58114051818848e-03
449 1.07421875000000e-01 1.15394592285156e-02
450 4.34570312500000e-02 1.88851356506348e-03
451 9.61914062500000e-02 9.25278663635254e-03
452 1.23535156250000e-01 1.52609348297119e-02
453 3.12500000000000e-02 9.76562500000000e-04
454 7.27539062500000e-02 5.29313087463379e-03
455 6.68945312500000e-02 4.47487831115723e-03
456 1.24023437500000e-01 1.53818130493164e-02
457 1.97753906250000e-01 3.91066074371338e-02
458 2.45117187500000e-01 6.00824356079102e-02
459 2.44140625000000e-01 5.96046447753906e-02
460 2.96875000000000e-01 8.81347656250000e-02
461 2.43164062500000e-01 5.91287612915039e-02
462 2.71484375000000e-01 7.37037658691406e-02
463 2.83203125000000e-01 8.02040100097656e-02
464 3.65722656250000e-01 1.33753061294556e-01
465 3.67187500000000e-01 1.34826660156250e-01
466 3.09570312500000e-01 9.58337783813477e-02
467 3.34472656250000e-01 1.11871957778931e-01
468 4.28222656250000e-01 1.83374643325806e-01
469 4.33105468750000e-01 1.87580347061157e-01
470 5.20996093750000e-01 2.71436929702759e-01
471 5.36621093750000e-01 2.87962198257446e-01
472 5.32226562500000e-01 2.83265113830566e-01
473 4.55566406250000e-01 2.07540750503540e-01
474 4.56542968750000e-01 2.08431482315063e-01
475 4.07714843750000e-01 1.66231393814087e-01
476 3.74511718750000e-01 1.40259027481079e-01
477 3.89648437500000e-01 1.51825904846191e-01
478 4.39941406250000e-01 1.93548440933228e-01
479 5.40527343750000e-01 2.92169809341431e-01
480 5.00000000000000e-01 2.50000000000000e-01
481 5.06835937500000e-01 2.56882667541504e-01
482 5.41015625000000e-01 2.92697906494141e-01
483 5.72265625000000e-01 3.27487945556641e-01
484 6.24511718750000e-01 3.90014886856079e-01
485 6.11328125000000e-01 3.73722076416016e-01
486 5.73730468750000e-01 3.29166650772095e-01
487 5.77148437500000e-01 3.33100318908691e-01
488 6.12304687500000e-01 3.74917030334473e-01
489 6.65039062500000e-01 4.42276954650879e-01
490 6.64062500000000e-01 4.40979003906250e-01
491 6.63085937500000e-01 4.39682960510254e-01
492 6.58203125000000e-01 4.33231353759766e-01
493 6.80664062500000e-01 4.63303565979004e-01
494 6.23046875000000e-01 3.88187408447266e-01
495 6.92871093750000e-01 4.80070352554321e-01
496 6.69921875000000e-01 4.48795318603516e-01
497 6.44531250000000e-01 4.15420532226562e-01
498 6.26464843750000e-01 3.92458200454712e-01
499 6.52343750000000e-01 4.25552368164062e-01
500 6.28417968750000e-01 3.94909143447876e-01
501 6.06933593750000e-01 3.68368387222290e-01
502 5.53222656250000e-01 3.06055307388306e-01
503 5.50292968750000e-01 3.02822351455688e-01
504 5.39062500000000e-01 2.90588378906250e-01
505 5.62500000000000e-01 3.16406250000000e-01
506 5.48339843750000e-01 3.00676584243774e-01
507 4.99023437500000e-01 2.49024391174316e-01
508 4.82910156250000e-01 2.33202219009399e-01
509 4.99511718750000e-01 2.49511957168579e-01
510 4.11132812500000e-01 1.69030189514160e-01
511 4.21875000000000e-01 1.77978515625000e-01
512 4.10644531250000e-01 1.68628931045532e-01
513 4.41406250000000e-01 1.94839477539062e-01
514 4.78027343750000e-01 2.28510141372681e-01
515 3.95996093750000e-01 1.56812906265259e-01
516 3.85742187500000e-01 1.48797035217285e-01
517 3.91113281250000e-01 1.52969598770142e-01
518 3.38378906250000e-01 1.14500284194946e-01
519 2.74902343750000e-01 7.55712985992432e-02
520 2.86621093750000e-01 8.21516513824463e-02
521 1.90917968750000e-01 3.64496707916260e-02
522 1.93847656250000e-01 3.75769138336182e-02
523 1.34277343750000e-01 1.80304050445557e-02
524 2.08984375000000e-01 4.36744689941406e-02
525 2.18750000000000e-01 4.78515625000000e-02
526 2.28515625000000e-01 5.22193908691406e-02
527 2.29003906250000e-01 5.24427890777588e-02
528 1.76757812500000e-01 3.12433242797852e-02
529 1.89941406250000e-01 3.60777378082275e-02
530 2.49511718750000e-01 6.22560977935791e-02
531 2.61718750000000e-01 6.84967041015625e-02
532 2.67089843750000e-01 7.13369846343994e-02
533 2.23632812500000e-01 5.00116348266602e-02
534 2.36816406250000e-01 5.60820102691650e-02
535 1.87011718750000e-01 3.49733829498291e-02
536 1.86523437500000e-01 3.47909927368164e-02
537 1.45996093750000e-01 2.13148593902588e-02
538 1.80664062500000e-01 3.26395034790039e-02
539 2.18261718750000e-01 4.76381778717041e-02
540 1.86523437500000e-01 3.47909927368164e-02
541 2.03125000000000e-01 4.12597656250000e-02
542 2.27050781250000e-01 5.15520572662354e-02
543 2.58789062500000e-01 6.69717788696289e-02
544 2.30957031250000e-01 5.33411502838135e-02
545 1.73339843750000e-01 3.00467014312744e-02
546 1.16210937500000e-01 1.35049819946289e-02
547 9.96093750000000e-02 9.92202758789062e-03
548 1.19140625000000e-01 1.41944885253906e-02
549 9.66796875000000e-02 9.34696197509766e-03
550 1.31835937500000e-01 1.73807144165039e-02
551 1.27441406250000e-01 1.62413120269775e-02
552 1.06933593750000e-01 1.14347934722900e-02
553 1.21582031250000e-01 1.47821903228760e-02
554 1.52343750000000e-01 2.32086181640625e-02
555 9.96093750000000e-02 9.92202758789062e-03
556 7.81250000000000e-02 6.10351562500000e-03
557 1.01074218750000e-01 1.02159976959229e-02
558 1.04492187500000e-01 1.09186172485352e-02
559 7.51953125000000e-02 5.65433502197266e-03
560 6.20117187500000e-02 3.84545326232910e-03
561 2.63671875000000e-02 6.95228576660156e-04
562 6.98242187500000e-02 4.87542152404785e-03
563 1.00097656250000e-01 1.00195407867432e-02
564 8.44726562500000e-02 7.13562965393066e-03
565 9.86328125000000e-02 9.72843170166016e-03
566 8.59375000000000e-02 7.38525390625000e-03
567 3.51562500000000e-02 1.23596191406250e-03
568 8.83789062500000e-02 7.81083106994629e-03
569 7.22656250000000e-02 5.22232055664062e-03
570 2.92968750000000e-03 8.58306884765625e-06
571 1.12304687500000e-02 1.26123428344727e-04
572 4.98046875000000e-02 2.48050689697266e-03
573 1.07910156250000e-01 1.16446018218994e-02
574 1.55273437500000e-01 2.41098403930664e-02
575 1.38671875000000e-01 1.92298889160156e-02
576 1.25976562500000e-01 1.58700942993164e-02
577 1.41601562500000e-01 2.00510025024414e-02
578 8.78906250000000e-02 7.72476196289062e-03
579 8.10546875000000e-02 6.56986236572266e-03
580 7.22656250000000e-02 5.22232055664062e-03
581 9.57031250000000e-02 9.15908813476562e-03
582 5.07812500000000e-02 2.57873535156250e-03
583 9.91210937500000e-02 9.82499122619629e-03
584 8.00781250000000e-02 6.41250610351562e-03
585 1.39160156250000e-01 1.93655490875244e-02
586 2.08984375000000e-01 4.36744689941406e-02
587 1.45019531250000e-01 2.10306644439697e-02
588 1.48437500000000e-01 2.20336914062500e-02
589 1.71875000000000e-01 2.95410156250000e-02
590 1.75781250000000e-01 3.08990478515625e-02
591 2.22167968750000e-01 4.93586063385010e-02
592 2.34375000000000e-01 5.49316406250000e-02
593 1.72851562500000e-01 2.98776626586914e-02
594 1.58691406250000e-01 2.51829624176025e-02
595 2.23632812500000e-01 5.00116348266602e-02
596 2.27050781250000e-01 5.15520572662354e-02
597 2.80761718750000e-01 7.88271427154541e-02
598 2.53417968750000e-01 6.42206668853760e-02
599 2.29003906250000e-01 5.24427890777588e-02
600 3.24218750000000e-01 1.05117797851562e-01
601 3.31054687500000e-01 1.09597206115723e-01
602 3.59863281250000e-01 1.29501581192017e-01
603 3.27148437500000e-01 1.07026100158691e-01
604 3.55468750000000e-01 1.26358032226562e-01
605 3.79882812500000e-01 1.44310951232910e-01
606 4.19433593750000e-01 1.75924539566040e-01
607 4.58984375000000e-01 2.10666656494141e-01
608 4.61425781250000e-01 2.12913751602173e-01
609 4.72167968750000e-01 2.22942590713501e-01
610 4.85839843750000e-01 2.36040353775024e-01
611 5.19042968750000e-01 2.69405603408813e-01
612 5.17089843750000e-01 2.67381906509399e-01
613 4.83886718750000e-01 2.34146356582642e-01
614 4.76562500000000e-01 2.27111816406250e-01
615 4.80468750000000e-01 2.30850219726562e-01
616 4.67285156250000e-01 2.18355417251587e-01
617 4.24316406250000e-01 1.80044412612915e-01
618 4.71679687500000e-01 2.22481727600098e-01
619 4.37011718750000e-01 1.90979242324829e-01
620 5.13671875000000e-01 2.63858795166016e-01
621 5.46386718750000e-01 2.98538446426392e-01
622 5.96679687500000e-01 3.56026649475098e-01
623 5.59570312500000e-01 3.13118934631348e-01
624 6.25488281250000e-01 3.91235589981079e-01
625 5.33203125000000e-01 2.84305572509766e-01
626 4.91210937500000e-01 2.41288185119629e-01
627 4.34082031250000e-01 1.88427209854126e-01
628 4.53613281250000e-01 2.05765008926392e-01
629 4.32128906250000e-01 1.86735391616821e-01
630 4.12109375000000e-01 1.69834136962891e-01
631 4.09179687500000e-01 1.67428016662598e-01
632 3.63281250000000e-01 1.31973266601562e-01
633 2.96386718750000e-01 8.78450870513916e-02
634 4.00878906250000e-01 1.60703897476196e-01
635 3.66210937500000e-01 1.34110450744629e-01
636 4.31152343750000e-01 1.85892343521118e-01
637 4.97070312500000e-01 2.47078895568848e-01
638 3.66699218750000e-01 1.34468317031860e-01
639 3.91601562500000e-01 1.53351783752441e-01
640 3.75000000000000e-01 1.40625000000000e-01
641 4.11132812500000e-01 1.69030189514160e-01
642 3.67187500000000e-01 1.34826660156250e-01
643 3.95019531250000e-01 1.56040430068970e-01
644 4.13574218750000e-01 1.71043634414673e-01
645 4.97070312500000e-01 2.47078895568848e-01
646 5.94726562500000e-01 3.53699684143066e-01
647 5.67871093750000e-01 3.22477579116821e-01
648 5.35156250000000e-01 2.86392211914062e-01
649 5.52246093750000e-01 3.04975748062134e-01
650 5.44433593750000e-01 2.96407938003540e-01
651 5.53710937500000e-01 3.06595802307129e-01
652 5.82031250000000e-01 3.38760375976562e-01
653 6.07910156250000e-01 3.69554758071899e-01
654 5.81542968750000e-01 3.38192224502563e-01
655 5.99121093750000e-01 3.58946084976196e-01
656 5.87402343750000e-01 3.45041513442993e-01
657 5.58105468750000e-01 3.11481714248657e-01
658 6.07421875000000e-01 3.68961334228516e-01
659 5.67871093750000e-01 3.22477579116821e-01
660 5.51269531250000e-01 3.03898096084595e-01
661 5.87402343750000e-01 3.45041513442993e-01
662 6.04003906250000e-01 3.64820718765259e-01
663 6.03515625000000e-01 3.64231109619141e-01
664 5.70312500000000e-01 3.25256347656250e-01
665 5.78613281250000e-01 3.34793329238892e-01
666 5.78125000000000e-01 3.34228515625000e-01
667 5.69824218750000e-01 3.24699640274048e-01
668 5.33691406250000e-01 2.84826517105103e-01
669 5.22460937500000e-01 2.72965431213379e-01
670 4.35058593750000e-01 1.89275979995728e-01
671 4.39941406250000e-01 1.93548440933228e-01
672 4.53125000000000e-01 2.05322265625000e-01
673 4.27734375000000e-01 1.82956695556641e-01
674 4.85839843750000e-01 2.36040353775024e-01
675 5.32226562500000e-01 2.83265113830566e-01
676 4.80957031250000e-01 2.31319665908813e-01
677 5.06835937500000e-01 2.56882667541504e-01
678 4.92187500000000e-01 2.42248535156250e-01
679 5.34667968750000e-01 2.85869836807251e-01
680 5.36132812500000e-01 2.87438392639160e-01
681 5.80078125000000e-01 3.36490631103516e-01
682 6.04003906250000e-01 3.64820718765259e-01
683 6.41113281250000e-01 4.11026239395142e-01
684 6.60644531250000e-01 4.36451196670532e-01
685 5.73730468750000e-01 3.29166650772095e-01
686 5.63964843750000e-01 3.18056344985962e-01
687 6.34277343750000e-01 4.02307748794556e-01
688 6.47460937500000e-01 4.19205665588379e-01
689 7.09472656250000e-01 5.03351449966431e-01
690 6.81152343750000e-01 4.63968515396118e-01
691 6.87988281250000e-01 4.73327875137329e-01
692 6.24023437500000e-01 3.89405250549316e-01
693 6.06933593750000e-01 3.68368387222290e-01
694 6.77734375000000e-01 4.59323883056641e-01
695 6.40625000000000e-01 4.10400390625000e-01
696 5.85449218750000e-01 3.42750787734985e-01
697 6.16699218750000e-01 3.80317926406860e-01
698 5.82031250000000e-01 3.38760375976562e-01
699 5.71777343750000e-01 3.26929330825806e-01
700 6.24511718750000e-01 3.90014886856079e-01
701 6.10351562500000e-01 3.72529029846191e-01
702 5.94726562500000e-01 3.53699684143066e-01
703 5.42480468750000e-01 2.94285058975220e-01
704 5.24902343750000e-01 2.75522470474243e-01
705 5.92773437500000e-01 3.51380348205566e-01
706 6.11816406250000e-01 3.74319314956665e-01
707 5.49804687500000e-01 3.02285194396973e-01
708 6.72363281250000e-01 4.52072381973267e-01
709 7.06542968750000e-01 4.99202966690063e-01
710 7.08496093750000e-01 5.01966714859009e-01
711 6.94335937500000e-01 4.82102394104004e-01
712 6.45996093750000e-01 4.17310953140259e-01
713 6.07910156250000e-01 3.69554758071899e-01
714 5.24902343750000e-01 2.75522470474243e-01
715 5.58105468750000e-01 3.11481714248657e-01
716 5.94238281250000e-01 3.53119134902954e-01
717 6.13769531250000e-01 3.76713037490845e-01
718 5.61035156250000e-01 3.14760446548462e-01
719 5.67871093750000e-01 3.22477579116821e-01
720 5.94726562500000e-01 3.53699684143066e-01
721 5.93750000000000e-01 3.52539062500000e-01
722 5.58593750000000e-01 3.12026977539062e-01
723 4.89746093750000e-01 2.39851236343384e-01
724 5.20507812500000e-01 2.70928382873535e-01
725 5.81054687500000e-01 3.37624549865723e-01
726 6.05468750000000e-01 3.66592407226562e-01
727 6.69921875000000e-01 4.48795318603516e-01
728 6.37207031250000e-01 4.06032800674438e-01
729 6.41601562500000e-01 4.11652565002441e-01
730 6.57226562500000e-01 4.31946754455566e-01
731 7.03125000000000e-01 4.94384765625000e-01
732 7.13867187500000e-01 5.09606361389160e-01
733 7.21191406250000e-01 5.20117044448853e-01
734 6.92382812500000e-01 4.79393959045410e-01
735 7.27050781250000e-01 5.28602838516235e-01
736 6.96777343750000e-01 4.85498666763306e-01
737 6.58203125000000e-01 4.33231353759766e-01
738 6.62109375000000e-01 4.38388824462891e-01
739 6.99218750000000e-01 4.88906860351562e-01
740 7.04589843750000e-01 4.96446847915649e-01
741 7.15820312500000e-01 5.12398719787598e-01
742 6.32812500000000e-01 4.00451660156250e-01
743 5.76660156250000e-01 3.32536935806274e-01
744 5.63476562500000e-01 3.17505836486816e-01
745 5.69824218750000e-01 3.24699640274048e-01
746 5.25390625000000e-01 2.76035308837891e-01
747 5.72265625000000e-01 3.27487945556641e-01
748 5.92285156250000e-01 3.50801706314087e-01
749 5.93261718750000e-01 3.51959466934204e-01
750 5.79589843750000e-01 3.35924386978149e-01
751 5.55175781250000e-01 3.08220148086548e-01
752 5.10742187500000e-01 2.60857582092285e-01
753 5.22460937500000e-01 2.72965431213379e-01
754 5.50781250000000e-01 3.03359985351562e-01
755 5.68359375000000e-01 3.23032379150391e-01
756 5.41992187500000e-01 2.93755531311035e-01
757 4.92675781250000e-01 2.42729425430298e-01
758 4.66796875000000e-01 2.17899322509766e-01
759 5.05371093750000e-01 2.55399942398071e-01
760 4.13574218750000e-01 1.71043634414673e-01
761 4.39453125000000e-01 1.93119049072266e-01
762 3.42285156250000e-01 1.17159128189087e-01
763 3.16406250000000e-01 1.00112915039062e-01
764 3.08593750000000e-01 9.52301025390625e-02
765 2.64160156250000e-01 6.97805881500244e-02
766 3.20312500000000e-01 1.02600097656250e-01
767 3.60839843750000e-01 1.30205392837524e-01
768 3.71582031250000e-01 1.38073205947876e-01
769 3.72558593750000e-01 1.38799905776978e-01
770 3.38378906250000e-01 1.14500284194946e-01
771 3.79394531250000e-01 1.43940210342407e-01
772 3.29101562500000e-01 1.08307838439941e-01
773 3.62304687500000e-01 1.31264686584473e-01
774 3.61816406250000e-01 1.30911111831665e-01
775 3.91113281250000e-01 1.52969598770142e-01
776 4.04296875000000e-01 1.63455963134766e-01
777 3.74511718750000e-01 1.40259027481079e-01
778 3.57421875000000e-01 1.27750396728516e-01
779 3.55468750000000e-01 1.26358032226562e-01
780 3.37890625000000e-01 1.14170074462891e-01
781 3.45703125000000e-01 1.19510650634766e-01
782 3.33496093750000e-01 1.11219644546509e-01
783 3.27636718750000e-01 1.07345819473267e-01
784 2.17285156250000e-01 4.72128391265869e-02
785 1.97753906250000e-01 3.91066074371338e-02
786 2.00683593750000e-01 4.02739048004150e-02
787 1.96289062500000e-01 3.85293960571289e-02
788 1.92382812500000e-01 3.70111465454102e-02
789 2.29492187500000e-01 5.26666641235352e-02
790 1.87500000000000e-01 3.51562500000000e-02
791 2.68554687500000e-01 7.21216201782227e-02
792 2.83691406250000e-01 8.04808139801025e-02
793 3.11035156250000e-01 9.67428684234619e-02
794 3.33984375000000e-01 1.11545562744141e-01
795 3.60839843750000e-01 1.30205392837524e-01
796 4.10644531250000e-01 1.68628931045532e-01
797 4.16503906250000e-01 1.73475503921509e-01
798 5.13671875000000e-01 2.63858795166016e-01
799 5.55175781250000e-01 3.08220148086548e-01
800 4.80957031250000e-01 2.31319665908813e-01
801 4.84375000000000e-01 2.34619140625000e-01
802 5.14648437500000e-01 2.64863014221191e-01
803 5.32226562500000e-01 2.83265113830566e-01
804 5.20996093750000e-01 2.71436929702759e-01
805 5.08789062500000e-01 2.58866310119629e-01
806 4.78515625000000e-01 2.28977203369141e-01
807 4.77050781250000e-01 2.27577447891235e-01
808 5.09277343750000e-01 2.59363412857056e-01
809 5.00976562500000e-01 2.50977516174316e-01
810 5.32226562500000e-01 2.83265113830566e-01
811 5.34667968750000e-01 2.85869836807251e-01
812 4.59960937500000e-01 2.11564064025879e-01
813 4.58496093750000e-01 2.10218667984009e-01
814 4.28710937500000e-01 1.83793067932129e-01
815 4.35546875000000e-01 1.89701080322266e-01
816 4.17968750000000e-01 1.74697875976562e-01
817 4.26269531250000e-01 1.81705713272095e-01
818 4.49218750000000e-01 2.01797485351562e-01
819 4.45312500000000e-01 1.98303222656250e-01
820 4.62402343750000e-01 2.13815927505493e-01
821 4.51171875000000e-01 2.03556060791016e-01
822 4.39941406250000e-01 1.93548440933228e-01
823 4.66308593750000e-01 2.17443704605103e-01
824 4.81445312500000e-01 2.31789588928223e-01
825 5.71777343750000e-01 3.26929330825806e-01
826 5.32226562500000e-01 2.83265113830566e-01
827 5.38085937500000e-01 2.89536476135254e-01
828 5.17089843750000e-01 2.67381906509399e-01
829 4.92187500000000e-01 2.42248535156250e-01
830 5.13671875000000e-01 2.63858795166016e-01
831 5.66406250000000e-01 3.20816040039062e-01
832 5.45898437500000e-01 2.98005104064941e-01
833 5.65917968750000e-01 3.20263147354126e-01
834 5.29785156250000e-01 2.80672311782837e-01
835 5.77636718750000e-01 3.33664178848267e-01
836 5.47851562500000e-01 3.00141334533691e-01
837 5.83496093750000e-01 3.40467691421509e-01
838 5.97656250000000e-01 3.57192993164062e-01
839 6.06933593750000e-01 3.68368387222290e-01
840 5.99609375000000e-01 3.59531402587891e-01
841 5.49316406250000e-01 3.01748514175415e-01
842 6.14746093750000e-01 3.77912759780884e-01
843 5.82519531250000e-01 3.39329004287720e-01
844 5.83496093750000e-01 3.40467691421509e-01
845 5.47363281250000e-01 2.99606561660767e-01
846 5.76660156250000e-01 3.32536935806274e-01
847 4.89257812500000e-01 2.39373207092285e-01
848 4.82910156250000e-01 2.33202219009399e-01
849 4.87304687500000e-01 2.37465858459473e-01
850 4.45800781250000e-01 1.98738336563110e-01
851 3.29101562500000e-01 1.08307838439941e-01
852 3.06640625000000e-01 9.40284729003906e-02
853 2.49023437500000e-01 6.20126724243164e-02
854 2.95410156250000e-01 8.72671604156494e-02
855 3.38378906250000e-01 1.14500284194946e-01
856 3.48144531250000e-01 1.21204614639282e-01
857 3.17382812500000e-01 1.00731849670410e-01
858 3.50585937500000e-01 1.22910499572754e-01
859 3.01269531250000e-01 9.07633304595947e-02
860 3.17871093750000e-01 1.01042032241821e-01
861 3.95996093750000e-01 1.56812906265259e-01
862 4.16503906250000e-01 1.73475503921509e-01
863 4.12597656250000e-01 1.70236825942993e-01
864 4.36523437500000e-01 1.90552711486816e-01
865 4.37988281250000e-01 1.91833734512329e-01
866 4.77539062500000e-01 2.28043556213379e-01
867 4.55078125000000e-01 2.07096099853516e-01
868 4.95117187500000e-01 2.45141029357910e-01
869 4.58007812500000e-01 2.09771156311035e-01
870 4.21875000000000e-01 1.77978515625000e-01
871 4.44824218750000e-01 1.97868585586548e-01
872 4.32617187500000e-01 1.87157630920410e-01
873 3.64746093750000e-01 1.33039712905884e-01
874 3.98437500000000e-01 1.58752441406250e-01
875 4.13574218750000e-01 1.71043634414673e-01
876 4.03808593750000e-01 1.63061380386353e-01
877 4.27246093750000e-01 1.82539224624634e-01
878 4.75097656250000e-01 2.25717782974243e-01
879 5.06835937500000e-01 2.56882667541504e-01
880 5.41015625000000e-01 2.92697906494141e-01
881 5.95214843750000e-01 3.54280710220337e-01
882 6.11816406250000e-01 3.74319314956665e-01
883 5.55175781250000e-01 3.08220148086548e-01
884 5.21484375000000e-01 2.71945953369141e-01
885 5.66894531250000e-01 3.21369409561157e-01
886 6.22558593750000e-01 3.87579202651978e-01
887 5.89355468750000e-01 3.47339868545532e-01
888 5.91308593750000e-01 3.49645853042603e-01
889 5.54687500000000e-01 3.07678222656250e-01
890 5.47363281250000e-01 2.99606561660767e-01
891 4.26269531250000e-01 1.81705713272095e-01
892 4.85839843750000e-01 2.36040353775024e-01
893 5.60546875000000e-01 3.14212799072266e-01
894 6.20605468750000e-01 3.85151147842407e-01
895 6.12792968750000e-01 3.75515222549438e-01
896 5.91796875000000e-01 3.50223541259766e-01
897 6.46484375000000e-01 4.17942047119141e-01
898 6.93359375000000e-01 4.80747222900391e-01
899 6.81640625000000e-01 4.64633941650391e-01
900 7.21679687500000e-01 5.20821571350098e-01
901 6.81152343750000e-01 4.63968515396118e-01
902 6.89941406250000e-01 4.76019144058228e-01
903 6.79199218750000e-01 4.61311578750610e-01
904 5.72265625000000e-01 3.27487945556641e-01
905 5.91796875000000e-01 3.50223541259766e-01
906 6.10351562500000e-01 3.72529029846191e-01
907 5.84472656250000e-01 3.41608285903931e-01
908 5.57617187500000e-01 3.10936927795410e-01
909 5.40527343750000e-01 2.92169809341431e-01
910 5.18066406250000e-01 2.68392801284790e-01
911 5.11230468750000e-01 2.61356592178345e-01
912 5.31738281250000e-01 2.82745599746704e-01
913 6.02050781250000e-01 3.62465143203735e-01
914 5.65429687500000e-01 3.19710731506348e-01
915 6.04003906250000e-01 3.64820718765259e-01
916 5.81054687500000e-01 3.37624549865723e-01
917 5.93261718750000e-01 3.51959466934204e-01
918 5.65917968750000e-01 3.20263147354126e-01
919 5.35156250000000e-01 2.86392211914062e-01
920 6.02539062500000e-01 3.63053321838379e-01
921 6.36718750000000e-01 4.05410766601562e-01
922 6.06933593750000e-01 3.68368387222290e-01
923 5.66406250000000e-01 3.20816040039062e-01
924 5.76660156250000e-01 3.32536935806274e-01
925 5.96679687500000e-01 3.56026649475098e-01
926 6.53320312500000e-01 4.26827430725098e-01
927 6.96777343750000e-01 4.85498666763306e-01
928 6.78710937500000e-01 4.60648536682129e-01
929 6.19140625000000e-01 3.83335113525391e-01
930 6.38183593750000e-01 4.07278299331665e-01
931 6.29394531250000e-01 3.96137475967407e-01
932 5.89355468750000e-01 3.47339868545532e-01
933 5.85937500000000e-01 3.43322753906250e-01
934 5.74707031250000e-01 3.30288171768188e-01
935 6.09863281250000e-01 3.71933221817017e-01
936 6.56250000000000e-01 4.30664062500000e-01
937 6.26953125000000e-01 3.93070220947266e-01
938 6.32324218750000e-01 3.99833917617798e-01
939 6.13281250000000e-01 3.76113891601562e-01
940 5.88867187500000e-01 3.46764564514160e-01
941 5.80078125000000e-01 3.36490631103516e-01
942 6.30859375000000e-01 3.97983551025391e-01
943 6.04003906250000e-01 3.64820718765259e-01
944 6.13281250000000e-01 3.76113891601562e-01
945 5.68359375000000e-01 3.23032379150391e-01
946 6.09375000000000e-01 3.71337890625000e-01
947 6.00097656250000e-01 3.60117197036743e-01
948 5.79101562500000e-01 3.35358619689941e-01
949 5.84472656250000e-01 3.41608285903931e-01
950 6.04980468750000e-01 3.66001367568970e-01
951 5.89843750000000e-01 3.47915649414062e-01
952 6.43554687500000e-01 4.14162635803223e-01
953 6.17187500000000e-01 3.80920410156250e-01
954 6.10839843750000e-01 3.73125314712524e-01
955 6.04980468750000e-01 3.66001367568970e-01
956 6.61621093750000e-01 4.37742471694946e-01
957 6.45507812500000e-01 4.16680335998535e-01
958 5.45410156250000e-01 2.97472238540649e-01
959 6.01074218750000e-01 3.61290216445923e-01
960 6.71386718750000e-01 4.50760126113892e-01
961 6.31347656250000e-01 3.98599863052368e-01
962 6.08886718750000e-01 3.70743036270142e-01
963 5.43457031250000e-01 2.95345544815063e-01
964 5.65917968750000e-01 3.20263147354126e-01
965 5.32714843750000e-01 2.83785104751587e-01
966 5.09277343750000e-01 2.59363412857056e-01
967 4.63378906250000e-01 2.14720010757446e-01
968 5.10253906250000e-01 2.60359048843384e-01
969 5.27832031250000e-01 2.78606653213501e-01
970 5.17578125000000e-01 2.67887115478516e-01
971 5.35644531250000e-01 2.86915063858032e-01
972 5.56152343750000e-01 3.09305429458618e-01
973 6.13769531250000e-01 3.76713037490845e-01
974 6.63085937500000e-01 4.39682960510254e-01
975 6.64062500000000e-01 4.40979003906250e-01
976 6.41113281250000e-01 4.11026239395142e-01
977 6.24511718750000e-01 3.90014886856079e-01
978 6.72363281250000e-01 4.52072381973267e-01
979 6.70410156250000e-01 4.49449777603149e-01
980 6.97753906250000e-01 4.86860513687134e-01
981 6.67480468750000e-01 4.45530176162720e-01
982 6.61621093750000e-01 4.37742471694946e-01
983 6.25976562500000e-01 3.91846656799316e-01
984 5.34667968750000e-01 2.85869836807251e-01
985 6.51367187500000e-01 4.24279212951660e-01
986 6.41601562500000e-01 4.11652565002441e-01
987 6.02539062500000e-01 3.63053321838379e-01
988 6.21093750000000e-01 3.85757446289062e-01
989 5.84960937500000e-01 3.42179298400879e-01
990 5.75195312500000e-01 3.30849647521973e-01
991 5.29296875000000e-01 2.80155181884766e-01
992 5.29296875000000e-01 2.80155181884766e-01
993 5.19531250000000e-01 2.69912719726562e-01
994 5.29785156250000e-01 2.80672311782837e-01
995 5.38574218750000e-01 2.90062189102173e-01
996 5.57128906250000e-01 3.10392618179321e-01
997 6.66503906250000e-01 4.44227457046509e-01
998 6.56738281250000e-01 4.31305170059204e-01
999 6.84570312500000e-01 4.68636512756348e-01
