0 3.51562500000000e-01 1.23596191406250e-01
1 3.43750000000000e-01 1.18164062500000e-01
2 3.39355468750000e-01 1.15162134170532e-01
3 2.94433593750000e-01 8.66911411285400e-02
4 3.05175781250000e-01 9.31322574615479e-02
5 2.77343750000000e-01 7.69195556640625e-02
6 2.42187500000000e-01 5.86547851562500e-02
7 2.59765625000000e-01 6.74781799316406e-02
8 1.77246093750000e-01 3.14161777496338e-02
9 1.88476562500000e-01 3.55234146118164e-02
10 1.45996093750000e-01 2.13148593902588e-02
11 1.05468750000000e-01 1.11236572265625e-02
12 1.49902343750000e-01 2.24707126617432e-02
13 1.62597656250000e-01 2.64379978179932e-02
14 2.32421875000000e-01 5.40199279785156e-02
15 2.46093750000000e-01 6.05621337890625e-02
16 2.96386718750000e-01 8.78450870513916e-02
17 2.78320312500000e-01 7.74621963500977e-02
18 2.22167968750000e-01 4.93586063385010e-02
19 2.25585937500000e-01 5.08890151977539e-02
20 2.42675781250000e-01 5.88915348052979e-02
21 2.86621093750000e-01 8.21516513824463e-02
22 3.41796875000000e-01 1.16825103759766e-01
23 3.96972656250000e-01 1.57587289810181e-01
24 3.38867187500000e-01 1.14830970764160e-01
25 3.21289062500000e-01 1.03226661682129e-01
26 3.56933593750000e-01 1.27401590347290e-01
27 3.03710937500000e-01 9.22403335571289e-02
28 2.88574218750000e-01 8.32750797271729e-02
29 2.13378906250000e-01 4.55305576324463e-02
30 2.02636718750000e-01 4.10616397857666e-02
31 1.24023437500000e-01 1.53818130493164e-02
32 7.66601562500000e-02 5.87677955627441e-03
33 5.07812500000000e-02 2.57873535156250e-03
34 7.37304687500000e-02 5.43618202209473e-03
35 4.88281250000000e-02 2.38418579101562e-03
36 2.24609375000000e-02 5.04493713378906e-04
37 1.00585937500000e-01 1.01175308227539e-02
38 1.23535156250000e-01 1.52609348297119e-02
39 1.55761718750000e-01 2.42617130279541e-02
40 7.86132812500000e-02 6.18004798889160e-03
41 8.64257812500000e-02 7.46941566467285e-03
42 1.93847656250000e-01 3.75769138336182e-02
43 1.62597656250000e-01 2.64379978179932e-02
44 2.28515625000000e-01 5.22193908691406e-02
45 1.76269531250000e-01 3.10709476470947e-02
46 1.69921875000000e-01 2.88734436035156e-02
47 2.20703125000000e-01 4.87098693847656e-02
48 2.42187500000000e-01 5.86547851562500e-02
49 2.38769531250000e-01 5.70108890533447e-02
50 2.50488281250000e-01 6.27443790435791e-02
51 2.80273437500000e-01 7.85531997680664e-02
52 2.06054687500000e-01 4.24585342407227e-02
53 2.25585937500000e-01 5.08890151977539e-02
54 2.39257812500000e-01 5.72443008422852e-02
55 2.28515625000000e-01 5.22193908691406e-02
56 2.58789062500000e-01 6.69717788696289e-02
57 2.48535156250000e-01 6.17697238922119e-02
58 2.88085937500000e-01 8.29935073852539e-02
59 2.57812500000000e-01 6.64672851562500e-02
60 3.62304687500000e-01 1.31264686584473e-01
61 3.37402343750000e-01 1.13840341567993e-01
62 2.67578125000000e-01 7.15980529785156e-02
63 1.91406250000000e-01 3.66363525390625e-02
64 1.25976562500000e-01 1.58700942993164e-02
65 1.60644531250000e-01 2.58066654205322e-02
66 1.61621093750000e-01 2.61213779449463e-02
67 1.51855468750000e-01 2.30600833892822e-02
68 3.85742187500000e-02 1.48797035217285e-03
69 1.03027343750000e-01 1.06146335601807e-02
70 8.64257812500000e-02 7.46941566467285e-03
71 5.22460937500000e-02 2.72965431213379e-03
72 2.44140625000000e-03 5.96046447753906e-06
73 2.83203125000000e-02 8.02040100097656e-04
74 2.24609375000000e-02 5.04493713378906e-04
75 4.88281250000000e-02 2.38418579101562e-03
76 3.90625000000000e-03 1.52587890625000e-05
77 3.95507812500000e-02 1.56426429748535e-03
78 3.02734375000000e-02 9.16481018066406e-04
79 1.85546875000000e-02 3.44276428222656e-04
80 2.73437500000000e-02 7.47680664062500e-04
81 3.90625000000000e-03 1.52587890625000e-05
82 5.32226562500000e-02 2.83265113830566e-03
83 2.44140625000000e-02 5.96046447753906e-04
84 2.34375000000000e-02 5.49316406250000e-04
85 4.44335937500000e-02 1.97434425354004e-03
86 4.39453125000000e-03 1.93119049072266e-05
87 9.57031250000000e-02 9.15908813476562e-03
88 2.29492187500000e-02 5.26666641235352e-04
89 2.14843750000000e-02 4.61578369140625e-04
90 2.83203125000000e-02 8.02040100097656e-04
91 7.91015625000000e-02 6.25705718994141e-03
92 1.06445312500000e-01 1.13306045532227e-02
93 7.32421875000000e-02 5.36441802978516e-03
94 8.39843750000000e-02 7.05337524414062e-03
95 6.83593750000000e-02 4.67300415039062e-03
96 9.61914062500000e-02 9.25278663635254e-03
97 8.59375000000000e-02 7.38525390625000e-03
98 8.00781250000000e-02 6.41250610351562e-03
99 8.54492187500000e-02 7.30156898498535e-03
100 3.27148437500000e-02 1.07026100158691e-03
101 4.73632812500000e-02 2.24328041076660e-03
102 6.29882812500000e-02 3.96752357482910e-03
103 2.83203125000000e-02 8.02040100097656e-04
104 6.44531250000000e-02 4.15420532226562e-03
105 4.98046875000000e-02 2.48050689697266e-03
106 4.54101562500000e-02 2.06208229064941e-03
107 1.95312500000000e-02 3.81469726562500e-04
108 6.83593750000000e-03 4.67300415039062e-05
109 5.46875000000000e-02 2.99072265625000e-03
110 5.12695312500000e-02 2.62856483459473e-03
111 5.07812500000000e-02 2.57873535156250e-03
112 5.46875000000000e-02 2.99072265625000e-03
113 5.90820312500000e-02 3.49068641662598e-03
114 1.26953125000000e-02 1.61170959472656e-04
115 3.56445312500000e-02 1.27053260803223e-03
116 8.93554687500000e-02 7.98439979553223e-03
117 1.15234375000000e-01 1.32789611816406e-02
118 1.58203125000000e-01 2.50282287597656e-02
119 1.63085937500000e-01 2.65970230102539e-02
120 1.80664062500000e-01 3.26395034790039e-02
121 2.02636718750000e-01 4.10616397857666e-02
122 2.14355468750000e-01 4.59482669830322e-02
123 1.22558593750000e-01 1.50206089019775e-02
124 9.76562500000000e-02 9.53674316406250e-03
125 5.66406250000000e-02 3.20816040039062e-03
126 8.15429687500000e-02 6.64925575256348e-03
127 1.56250000000000e-02 2.44140625000000e-04
128 2.44140625000000e-03 5.96046447753906e-06
129 8.20312500000000e-02 6.72912597656250e-03
130 9.91210937500000e-02 9.82499122619629e-03
131 3.27148437500000e-02 1.07026100158691e-03
132 4.44335937500000e-02 1.97434425354004e-03
133 6.78710937500000e-02 4.60648536682129e-03
134 3.36914062500000e-02 1.13511085510254e-03
135 5.37109375000000e-03 2.88486480712891e-05
136 5.66406250000000e-02 3.20816040039062e-03
137 4.78515625000000e-02 2.28977203369141e-03
138 1.16699218750000e-01 1.36187076568604e-02
139 7.71484375000000e-02 5.95188140869141e-03
140 1.36230468750000e-01 1.85587406158447e-02
141 1.49902343750000e-01 2.24707126617432e-02
142 1.11328125000000e-01 1.23939514160156e-02
143 9.76562500000000e-02 9.53674316406250e-03
144 8.78906250000000e-02 7.72476196289062e-03
145 8.30078125000000e-02 6.89029693603516e-03
146 7.95898437500000e-02 6.33454322814941e-03
147 9.71679687500000e-02 9.44161415100098e-03
148 7.61718750000000e-02 5.80215454101562e-03
149 3.85742187500000e-02 1.48797035217285e-03
150 4.34570312500000e-02 1.88851356506348e-03
151 8.78906250000000e-03 7.72476196289062e-05
152 9.27734375000000e-03 8.60691070556641e-05
153 6.15234375000000e-02 3.78513336181641e-03
154 7.76367187500000e-02 6.02746009826660e-03
155 4.98046875000000e-02 2.48050689697266e-03
156 1.41601562500000e-02 2.00510025024414e-04
157 6.44531250000000e-02 4.15420532226562e-03
158 6.00585937500000e-02 3.60703468322754e-03
159 6.34765625000000e-02 4.02927398681641e-03
160 1.44531250000000e-01 2.08892822265625e-02
161 1.05468750000000e-01 1.11236572265625e-02
162 7.08007812500000e-02 5.01275062561035e-03
163 4.10156250000000e-02 1.68228149414062e-03
164 6.34765625000000e-03 4.02927398681641e-05
165 1.90429687500000e-02 3.62634658813477e-04
166 3.61328125000000e-02 1.30558013916016e-03
167 7.81250000000000e-03 6.10351562500000e-05
168 4.88281250000000e-03 2.38418579101562e-05
169 6.59179687500000e-02 4.34517860412598e-03
170 9.61914062500000e-02 9.25278663635254e-03
171 1.38183593750000e-01 1.90947055816650e-02
172 9.08203125000000e-02 8.24832916259766e-03
173 1.48437500000000e-01 2.20336914062500e-02
174 1.18652343750000e-01 1.40783786773682e-02
175 1.81152343750000e-01 3.28161716461182e-02
176 1.31835937500000e-01 1.73807144165039e-02
177 1.35253906250000e-01 1.82936191558838e-02
178 1.15234375000000e-01 1.32789611816406e-02
179 1.80664062500000e-02 3.26395034790039e-04
180 3.80859375000000e-02 1.45053863525391e-03
181 4.98046875000000e-02 2.48050689697266e-03
182 4.88281250000000e-04 2.38418579101562e-07
183 7.12890625000000e-02 5.08213043212891e-03
184 1.45996093750000e-01 2.13148593902588e-02
185 2.15820312500000e-01 4.65784072875977e-02
186 2.34863281250000e-01 5.51607608795166e-02
187 3.05664062500000e-01 9.34305191040039e-02
188 2.45605468750000e-01 6.03220462799072e-02
189 2.83691406250000e-01 8.04808139801025e-02
190 2.35839843750000e-01 5.56204319000244e-02
191 2.23632812500000e-01 5.00116348266602e-02
192 2.24609375000000e-01 5.04493713378906e-02
193 1.89453125000000e-01 3.58924865722656e-02
194 1.56738281250000e-01 2.45668888092041e-02
195 1.19628906250000e-01 1.43110752105713e-02
196 1.26953125000000e-01 1.61170959472656e-02
197 1.06933593750000e-01 1.14347934722900e-02
198 1.59179687500000e-01 2.53381729125977e-02
199 1.64550781250000e-01 2.70769596099854e-02
200 1.34765625000000e-01 1.81617736816406e-02
201 1.23535156250000e-01 1.52609348297119e-02
202 1.09375000000000e-01 1.19628906250000e-02
203 1.75781250000000e-01 3.08990478515625e-02
204 1.86523437500000e-01 3.47909927368164e-02
205 2.60742187500000e-01 6.79864883422852e-02
206 2.62695312500000e-01 6.90088272094727e-02
207 3.28613281250000e-01 1.07986688613892e-01
208 3.40332031250000e-01 1.15825891494751e-01
209 3.90625000000000e-01 1.52587890625000e-01
210 3.70605468750000e-01 1.37348413467407e-01
211 3.84277343750000e-01 1.47669076919556e-01
212 4.14062500000000e-01 1.71447753906250e-01
213 4.09179687500000e-01 1.67428016662598e-01
214 4.13574218750000e-01 1.71043634414673e-01
215 3.66210937500000e-01 1.34110450744629e-01
216 4.17968750000000e-01 1.74697875976562e-01
217 3.83300781250000e-01 1.46919488906860e-01
218 4.69238281250000e-01 2.20184564590454e-01
219 5.37597656250000e-01 2.89011240005493e-01
220 5.37109375000000e-01 2.88486480712891e-01
221 5.98144531250000e-01 3.57776880264282e-01
222 6.01074218750000e-01 3.61290216445923e-01
223 6.35742187500000e-01 4.04168128967285e-01
224 6.13281250000000e-01 3.76113891601562e-01
225 6.21093750000000e-01 3.85757446289062e-01
226 6.26464843750000e-01 3.92458200454712e-01
227 6.46972656250000e-01 4.18573617935181e-01
228 6.85058593750000e-01 4.69305276870728e-01
229 7.06054687500000e-01 4.98513221740723e-01
230 7.24609375000000e-01 5.25058746337891e-01
231 6.99218750000000e-01 4.88906860351562e-01
232 6.40625000000000e-01 4.10400390625000e-01
233 6.38183593750000e-01 4.07278299331665e-01
234 6.34765625000000e-01 4.02927398681641e-01
235 6.30859375000000e-01 3.97983551025391e-01
236 6.31835937500000e-01 3.99216651916504e-01
237 6.44531250000000e-01 4.15420532226562e-01
238 6.21093750000000e-01 3.85757446289062e-01
239 6.37207031250000e-01 4.06032800674438e-01
240 6.42578125000000e-01 4.12906646728516e-01
241 6.50390625000000e-01 4.23007965087891e-01
242 6.34765625000000e-01 4.02927398681641e-01
243 5.85449218750000e-01 3.42750787734985e-01
244 6.10839843750000e-01 3.73125314712524e-01
245 5.94238281250000e-01 3.53119134902954e-01
246 6.25000000000000e-01 3.90625000000000e-01
247 5.97167968750000e-01 3.56609582901001e-01
248 5.83496093750000e-01 3.40467691421509e-01
249 6.50390625000000e-01 4.23007965087891e-01
250 6.99707031250000e-01 4.89589929580688e-01
251 6.43066406250000e-01 4.13534402847290e-01
252 6.38183593750000e-01 4.07278299331665e-01
253 6.23046875000000e-01 3.88187408447266e-01
254 6.90429687500000e-01 4.76693153381348e-01
255 6.89453125000000e-01 4.75345611572266e-01
256 6.53808593750000e-01 4.27465677261353e-01
257 6.66015625000000e-01 4.43576812744141e-01
258 6.10839843750000e-01 3.73125314712524e-01
259 6.92382812500000e-01 4.79393959045410e-01
260 7.00683593750000e-01 4.90957498550415e-01
261 6.66015625000000e-01 4.43576812744141e-01
262 6.71875000000000e-01 4.51416015625000e-01
263 6.18652343750000e-01 3.82730722427368e-01
264 5.60546875000000e-01 3.14212799072266e-01
265 5.99121093750000e-01 3.58946084976196e-01
266 6.21093750000000e-01 3.85757446289062e-01
267 6.18652343750000e-01 3.82730722427368e-01
268 5.71777343750000e-01 3.26929330825806e-01
269 5.98144531250000e-01 3.57776880264282e-01
270 5.55175781250000e-01 3.08220148086548e-01
271 5.39550781250000e-01 2.91115045547485e-01
272 5.45898437500000e-01 2.98005104064941e-01
273 6.32812500000000e-01 4.00451660156250e-01
274 6.46484375000000e-01 4.17942047119141e-01
275 6.17675781250000e-01 3.81523370742798e-01
276 6.15722656250000e-01 3.79114389419556e-01
277 5.93261718750000e-01 3.51959466934204e-01
278 6.25000000000000e-01 3.90625000000000e-01
279 5.57617187500000e-01 3.10936927795410e-01
280 6.48437500000000e-01 4.20471191406250e-01
281 6.47460937500000e-01 4.19205665588379e-01
282 6.85058593750000e-01 4.69305276870728e-01
283 6.82128906250000e-01 4.65299844741821e-01
284 6.73828125000000e-01 4.54044342041016e-01
285 6.44042968750000e-01 4.14791345596313e-01
286 6.82617187500000e-01 4.65966224670410e-01
287 6.84082031250000e-01 4.67968225479126e-01
288 6.70410156250000e-01 4.49449777603149e-01
289 6.95800781250000e-01 4.84138727188110e-01
290 7.03125000000000e-01 4.94384765625000e-01
291 7.00195312500000e-01 4.90273475646973e-01
292 7.28027343750000e-01 5.30023813247681e-01
293 7.21191406250000e-01 5.20117044448853e-01
294 7.26074218750000e-01 5.27183771133423e-01
295 7.64648437500000e-01 5.84687232971191e-01
296 7.33886718750000e-01 5.38589715957642e-01
297 7.28515625000000e-01 5.30735015869141e-01
298 6.89941406250000e-01 4.76019144058228e-01
299 7.06542968750000e-01 4.99202966690063e-01
300 6.85058593750000e-01 4.69305276870728e-01
301 6.57226562500000e-01 4.31946754455566e-01
302 7.05078125000000e-01 4.97135162353516e-01
303 6.99707031250000e-01 4.89589929580688e-01
304 7.50488281250000e-01 5.63232660293579e-01
305 7.23632812500000e-01 5.23644447326660e-01
306 7.22167968750000e-01 5.21526575088501e-01
307 6.23535156250000e-01 3.88796091079712e-01
308 6.61621093750000e-01 4.37742471694946e-01
309 6.76269531250000e-01 4.57340478897095e-01
310 6.88476562500000e-01 4.73999977111816e-01
311 6.81152343750000e-01 4.63968515396118e-01
312 6.29882812500000e-01 3.96752357482910e-01
313 6.35253906250000e-01 4.03547525405884e-01
314 6.41113281250000e-01 4.11026239395142e-01
315 6.35253906250000e-01 4.03547525405884e-01
316 6.67480468750000e-01 4.45530176162720e-01
317 6.81152343750000e-01 4.63968515396118e-01
318 6.70898437500000e-01 4.50104713439941e-01
319 7.58789062500000e-01 5.75760841369629e-01
320 7.00195312500000e-01 4.90273475646973e-01
321 7.45117187500000e-01 5.55199623107910e-01
322 7.13867187500000e-01 5.09606361389160e-01
323 7.26562500000000e-01 5.27893066406250e-01
324 7.12890625000000e-01 5.08213043212891e-01
325 6.85546875000000e-01 4.69974517822266e-01
326 7.36328125000000e-01 5.42179107666016e-01
327 7.55859375000000e-01 5.71323394775391e-01
328 7.90039062500000e-01 6.24161720275879e-01
329 7.73925781250000e-01 5.98961114883423e-01
330 7.55371093750000e-01 5.70585489273071e-01
331 7.76855468750000e-01 6.03504419326782e-01
332 7.57812500000000e-01 5.74279785156250e-01
333 7.38281250000000e-01 5.45059204101562e-01
334 7.24121093750000e-01 5.24351358413696e-01
335 6.53320312500000e-01 4.26827430725098e-01
336 6.55761718750000e-01 4.30023431777954e-01
337 6.29882812500000e-01 3.96752357482910e-01
338 6.92871093750000e-01 4.80070352554321e-01
339 6.31347656250000e-01 3.98599863052368e-01
340 6.52343750000000e-01 4.25552368164062e-01
341 7.06054687500000e-01 4.98513221740723e-01
342 7.54882812500000e-01 5.69848060607910e-01
343 7.06054687500000e-01 4.98513221740723e-01
344 7.46093750000000e-01 5.56655883789062e-01
345 7.61230468750000e-01 5.79471826553345e-01
346 7.35839843750000e-01 5.41460275650024e-01
347 7.19726562500000e-01 5.18006324768066e-01
348 7.32910156250000e-01 5.37157297134399e-01
349 7.29492187500000e-01 5.32158851623535e-01
350 7.06054687500000e-01 4.98513221740723e-01
351 7.50488281250000e-01 5.63232660293579e-01
352 7.14355468750000e-01 5.10303735733032e-01
353 7.03613281250000e-01 4.95071649551392e-01
354 7.00195312500000e-01 4.90273475646973e-01
355 6.45507812500000e-01 4.16680335998535e-01
356 5.65429687500000e-01 3.19710731506348e-01
357 5.62011718750000e-01 3.15857172012329e-01
358 5.61523437500000e-01 3.15308570861816e-01
359 6.32812500000000e-01 4.00451660156250e-01
360 6.45507812500000e-01 4.16680335998535e-01
361 6.48437500000000e-01 4.20471191406250e-01
362 6.52832031250000e-01 4.26189661026001e-01
363 6.75292968750000e-01 4.56020593643188e-01
364 6.58203125000000e-01 4.33231353759766e-01
365 6.91894531250000e-01 4.78718042373657e-01
366 6.97753906250000e-01 4.86860513687134e-01
367 6.66015625000000e-01 4.43576812744141e-01
368 6.24511718750000e-01 3.90014886856079e-01
369 6.18164062500000e-01 3.82126808166504e-01
370 6.05957031250000e-01 3.67183923721313e-01
371 5.60058593750000e-01 3.13665628433228e-01
372 5.67382812500000e-01 3.21923255920410e-01
373 5.70312500000000e-01 3.25256347656250e-01
374 5.37597656250000e-01 2.89011240005493e-01
375 5.54687500000000e-01 3.07678222656250e-01
376 5.00976562500000e-01 2.50977516174316e-01
377 5.01464843750000e-01 2.51466989517212e-01
378 5.35644531250000e-01 2.86915063858032e-01
379 5.48828125000000e-01 3.01212310791016e-01
380 5.56640625000000e-01 3.09848785400391e-01
381 6.08398437500000e-01 3.70148658752441e-01
382 6.17675781250000e-01 3.81523370742798e-01
383 6.12792968750000e-01 3.75515222549438e-01
384 6.41113281250000e-01 4.11026239395142e-01
385 7.36816406250000e-01 5.42898416519165e-01
386 7.69042968750000e-01 5.91427087783813e-01
387 7.68554687500000e-01 5.90676307678223e-01
388 7.47070312500000e-01 5.58114051818848e-01
389 7.22167968750000e-01 5.21526575088501e-01
390 7.08496093750000e-01 5.01966714859009e-01
391 6.95312500000000e-01 4.83459472656250e-01
392 6.54785156250000e-01 4.28743600845337e-01
393 5.98632812500000e-01 3.58361244201660e-01
394 5.98144531250000e-01 3.57776880264282e-01
395 5.73730468750000e-01 3.29166650772095e-01
396 5.98144531250000e-01 3.57776880264282e-01
397 6.29882812500000e-01 3.96752357482910e-01
398 6.20117187500000e-01 3.84545326232910e-01
399 6.16210937500000e-01 3.79715919494629e-01
400 6.16699218750000e-01 3.80317926406860e-01
401 6.10351562500000e-01 3.72529029846191e-01
402 5.60058593750000e-01 3.13665628433228e-01
403 5.67871093750000e-01 3.22477579116821e-01
404 5.44433593750000e-01 2.96407938003540e-01
405 6.04492187500000e-01 3.65410804748535e-01
406 5.39550781250000e-01 2.91115045547485e-01
407 5.31738281250000e-01 2.82745599746704e-01
408 5.35644531250000e-01 2.86915063858032e-01
409 5.52734375000000e-01 3.05515289306641e-01
410 6.19140625000000e-01 3.83335113525391e-01
411 6.37207031250000e-01 4.06032800674438e-01
412 6.25000000000000e-01 3.90625000000000e-01
413 6.73339843750000e-01 4.53386545181274e-01
414 6.25000000000000e-01 3.90625000000000e-01
415 5.46875000000000e-01 2.99072265625000e-01
416 6.06445312500000e-01 3.67775917053223e-01
417 6.05468750000000e-01 3.66592407226562e-01
418 6.09375000000000e-01 3.71337890625000e-01
419 5.49804687500000e-01 3.02285194396973e-01
420 4.54589843750000e-01 2.06651926040649e-01
421 4.61914062500000e-01 2.13364601135254e-01
422 4.47753906250000e-01 2.00483560562134e-01
423 4.62890625000000e-01 2.14267730712891e-01
424 4.81445312500000e-01 2.31789588928223e-01
425 4.16992187500000e-01 1.73882484436035e-01
426 4.45800781250000e-01 1.98738336563110e-01
427 4.48242187500000e-01 2.00921058654785e-01
428 4.16015625000000e-01 1.73069000244141e-01
429 4.14062500000000e-01 1.71447753906250e-01
430 3.93066406250000e-01 1.54501199722290e-01
431 4.58496093750000e-01 2.10218667984009e-01
432 4.74609375000000e-01 2.25254058837891e-01
433 4.17480468750000e-01 1.74289941787720e-01
434 5.04882812500000e-01 2.54906654357910e-01
435 4.84863281250000e-01 2.35092401504517e-01
436 4.82910156250000e-01 2.33202219009399e-01
437 4.88281250000000e-01 2.38418579101562e-01
438 4.36523437500000e-01 1.90552711486816e-01
439 4.79980468750000e-01 2.30381250381470e-01
440 4.27734375000000e-01 1.82956695556641e-01
441 4.85839843750000e-01 2.36040353775024e-01
442 4.38476562500000e-01 1.92261695861816e-01
443 4.95117187500000e-01 2.45141029357910e-01
444 5.00000000000000e-01 2.50000000000000e-01
445 4.63867187500000e-01 2.15172767639160e-01
446 4.14062500000000e-01 1.71447753906250e-01
447 3.81347656250000e-01 1.45426034927368e-01
448 3.53515625000000e-01 1.24973297119141e-01
449 3.14941406250000e-01 9.91880893707275e-02
450 4.16015625000000e-01 1.73069000244141e-01
451 4.18945312500000e-01 1.75515174865723e-01
452 5.12207031250000e-01 2.62356042861938e-01
453 5.42968750000000e-01 2.94815063476562e-01
454 5.26367187500000e-01 2.77062416076660e-01
455 5.38085937500000e-01 2.89536476135254e-01
456 5.72753906250000e-01 3.28047037124634e-01
457 6.47460937500000e-01 4.19205665588379e-01
458 6.93847656250000e-01 4.81424570083618e-01
459 6.33300781250000e-01 4.01069879531860e-01
460 7.12890625000000e-01 5.08213043212891e-01
461 7.32910156250000e-01 5.37157297134399e-01
462 7.64160156250000e-01 5.83940744400024e-01
463 7.50488281250000e-01 5.63232660293579e-01
464 7.50976562500000e-01 5.63965797424316e-01
465 6.85058593750000e-01 4.69305276870728e-01
466 7.31445312500000e-01 5.35012245178223e-01
467 7.28515625000000e-01 5.30735015869141e-01
468 7.23632812500000e-01 5.23644447326660e-01
469 7.62695312500000e-01 5.81704139709473e-01
470 7.31445312500000e-01 5.35012245178223e-01
471 7.24121093750000e-01 5.24351358413696e-01
472 6.87011718750000e-01 4.71985101699829e-01
473 7.57812500000000e-01 5.74279785156250e-01
474 7.64160156250000e-01 5.83940744400024e-01
475 7.24121093750000e-01 5.24351358413696e-01
476 7.34863281250000e-01 5.40024042129517e-01
477 7.11914062500000e-01 5.06821632385254e-01
478 7.10937500000000e-01 5.05432128906250e-01
479 7.23144531250000e-01 5.22938013076782e-01
480 7.35351562500000e-01 5.40741920471191e-01
481 6.37695312500000e-01 4.06655311584473e-01
482 5.83007812500000e-01 3.39898109436035e-01
483 5.66894531250000e-01 3.21369409561157e-01
484 5.78613281250000e-01 3.34793329238892e-01
485 5.75683593750000e-01 3.31411600112915e-01
486 5.13671875000000e-01 2.63858795166016e-01
487 5.08789062500000e-01 2.58866310119629e-01
488 5.13671875000000e-01 2.63858795166016e-01
489 5.64453125000000e-01 3.18607330322266e-01
490 5.78613281250000e-01 3.34793329238892e-01
491 6.21582031250000e-01 3.86364221572876e-01
492 6.84570312500000e-01 4.68636512756348e-01
493 6.39160156250000e-01 4.08525705337524e-01
494 6.51855468750000e-01 4.24915552139282e-01
495 6.37695312500000e-01 4.06655311584473e-01
496 7.10449218750000e-01 5.04738092422485e-01
497 6.73339843750000e-01 4.53386545181274e-01
498 6.19628906250000e-01 3.83939981460571e-01
499 6.18164062500000e-01 3.82126808166504e-01
500 5.63476562500000e-01 3.17505836486816e-01
501 5.25390625000000e-01 2.76035308837891e-01
502 5.69335937500000e-01 3.24143409729004e-01
503 6.13769531250000e-01 3.76713037490845e-01
504 5.68359375000000e-01 3.23032379150391e-01
505 5.95214843750000e-01 3.54280710220337e-01
506 5.83984375000000e-01 3.41037750244141e-01
507 5.86914062500000e-01 3.44468116760254e-01
508 6.05957031250000e-01 3.67183923721313e-01
509 6.51367187500000e-01 4.24279212951660e-01
510 6.98242187500000e-01 4.87542152404785e-01
511 6.74316406250000e-01 4.54702615737915e-01
512 6.39160156250000e-01 4.08525705337524e-01
513 6.63085937500000e-01 4.39682960510254e-01
514 6.50390625000000e-01 4.23007965087891e-01
515 6.38671875000000e-01 4.07901763916016e-01
516 6.28417968750000e-01 3.94909143447876e-01
517 6.16210937500000e-01 3.79715919494629e-01
518 6.63085937500000e-01 4.39682960510254e-01
519 6.58691406250000e-01 4.33874368667603e-01
520 6.87500000000000e-01 4.72656250000000e-01
521 7.32421875000000e-01 5.36441802978516e-01
522 6.96289062500000e-01 4.84818458557129e-01
523 6.58203125000000e-01 4.33231353759766e-01
524 6.50878906250000e-01 4.23643350601196e-01
525 6.36718750000000e-01 4.05410766601562e-01
526 6.81640625000000e-01 4.64633941650391e-01
527 6.46484375000000e-01 4.17942047119141e-01
528 5.80566406250000e-01 3.37057352066040e-01
529 5.60058593750000e-01 3.13665628433228e-01
530 6.36718750000000e-01 4.05410766601562e-01
531 5.90820312500000e-01 3.49068641662598e-01
532 5.27343750000000e-01 2.78091430664062e-01
533 6.07421875000000e-01 3.68961334228516e-01
534 5.88867187500000e-01 3.46764564514160e-01
535 5.40527343750000e-01 2.92169809341431e-01
536 4.98535156250000e-01 2.48537302017212e-01
537 5.14648437500000e-01 2.64863014221191e-01
538 4.79003906250000e-01 2.29444742202759e-01
539 5.37597656250000e-01 2.89011240005493e-01
540 5.60058593750000e-01 3.13665628433228e-01
541 6.51855468750000e-01 4.24915552139282e-01
542 6.21093750000000e-01 3.85757446289062e-01
543 6.88964843750000e-01 4.74672555923462e-01
544 6.54296875000000e-01 4.28104400634766e-01
545 6.62597656250000e-01 4.39035654067993e-01
546 6.48437500000000e-01 4.20471191406250e-01
547 6.24511718750000e-01 3.90014886856079e-01
548 6.77734375000000e-01 4.59323883056641e-01
549 6.49414062500000e-01 4.21738624572754e-01
550 6.25488281250000e-01 3.91235589981079e-01
551 5.97656250000000e-01 3.57192993164062e-01
552 5.74707031250000e-01 3.30288171768188e-01
553 5.71289062500000e-01 3.26371192932129e-01
554 5.00976562500000e-01 2.50977516174316e-01
555 5.40039062500000e-01 2.91642189025879e-01
556 4.66308593750000e-01 2.17443704605103e-01
557 4.96582031250000e-01 2.46593713760376e-01
558 4.58007812500000e-01 2.09771156311035e-01
559 5.44433593750000e-01 2.96407938003540e-01
560 5.06835937500000e-01 2.56882667541504e-01
561 5.07812500000000e-01 2.57873535156250e-01
562 5.59570312500000e-01 3.13118934631348e-01
563 4.97558593750000e-01 2.47564554214478e-01
564 4.72656250000000e-01 2.23403930664062e-01
565 5.58105468750000e-01 3.11481714248657e-01
566 5.20507812500000e-01 2.70928382873535e-01
567 5.64941406250000e-01 3.19158792495728e-01
568 5.38085937500000e-01 2.89536476135254e-01
569 5.98144531250000e-01 3.57776880264282e-01
570 5.80078125000000e-01 3.36490631103516e-01
571 5.70312500000000e-01 3.25256347656250e-01
572 5.51757812500000e-01 3.04436683654785e-01
573 5.06835937500000e-01 2.56882667541504e-01
574 4.89257812500000e-01 2.39373207092285e-01
575 5.81054687500000e-01 3.37624549865723e-01
576 5.52734375000000e-01 3.05515289306641e-01
577 5.53710937500000e-01 3.06595802307129e-01
578 4.50683593750000e-01 2.03115701675415e-01
579 4.35058593750000e-01 1.89275979995728e-01
580 5.33203125000000e-01 2.84305572509766e-01
581 6.08398437500000e-01 3.70148658752441e-01
582 5.79101562500000e-01 3.35358619689941e-01
583 5.87890625000000e-01 3.45615386962891e-01
584 5.74218750000000e-01 3.29727172851562e-01
585 6.26953125000000e-01 3.93070220947266e-01
586 5.96679687500000e-01 3.56026649475098e-01
587 5.70312500000000e-01 3.25256347656250e-01
588 5.52734375000000e-01 3.05515289306641e-01
589 5.23925781250000e-01 2.74498224258423e-01
590 5.55175781250000e-01 3.08220148086548e-01
591 5.44921875000000e-01 2.96939849853516e-01
592 5.54199218750000e-01 3.07136774063110e-01
593 5.37109375000000e-01 2.88486480712891e-01
594 5.01464843750000e-01 2.51466989517212e-01
595 5.22460937500000e-01 2.72965431213379e-01
596 5.77148437500000e-01 3.33100318908691e-01
597 6.23535156250000e-01 3.88796091079712e-01
598 6.73828125000000e-01 4.54044342041016e-01
599 6.58691406250000e-01 4.33874368667603e-01
600 6.25488281250000e-01 3.91235589981079e-01
601 6.15234375000000e-01 3.78513336181641e-01
602 6.45019531250000e-01 4.16050195693970e-01
603 6.01074218750000e-01 3.61290216445923e-01
604 5.81542968750000e-01 3.38192224502563e-01
605 6.53808593750000e-01 4.27465677261353e-01
606 6.01074218750000e-01 3.61290216445923e-01
607 6.28906250000000e-01 3.95523071289062e-01
608 6.34277343750000e-01 4.02307748794556e-01
609 6.94335937500000e-01 4.82102394104004e-01
610 6.76757812500000e-01 4.58001136779785e-01
611 6.38183593750000e-01 4.07278299331665e-01
612 6.71386718750000e-01 4.50760126113892e-01
613 6.85546875000000e-01 4.69974517822266e-01
614 6.81152343750000e-01 4.63968515396118e-01
615 6.39160156250000e-01 4.08525705337524e-01
616 6.18652343750000e-01 3.82730722427368e-01
617 7.02148437500000e-01 4.93012428283691e-01
618 7.29492187500000e-01 5.32158851623535e-01
619 7.38769531250000e-01 5.45780420303345e-01
620 7.33886718750000e-01 5.38589715957642e-01
621 7.47070312500000e-01 5.58114051818848e-01
622 7.73437500000000e-01 5.98205566406250e-01
623 7.55859375000000e-01 5.71323394775391e-01
624 7.14843750000000e-01 5.11001586914062e-01
625 7.59765625000000e-01 5.77243804931641e-01
626 7.70996093750000e-01 5.94434976577759e-01
627 7.58300781250000e-01 5.75020074844360e-01
628 6.99218750000000e-01 4.88906860351562e-01
629 6.73339843750000e-01 4.53386545181274e-01
630 7.07519531250000e-01 5.00583887100220e-01
631 7.36816406250000e-01 5.42898416519165e-01
632 6.33300781250000e-01 4.01069879531860e-01
633 6.23046875000000e-01 3.88187408447266e-01
634 6.50390625000000e-01 4.23007965087891e-01
635 6.59179687500000e-01 4.34517860412598e-01
636 6.90429687500000e-01 4.76693153381348e-01
637 7.53417968750000e-01 5.67638635635376e-01
638 6.57226562500000e-01 4.31946754455566e-01
639 6.25488281250000e-01 3.91235589981079e-01
640 6.04980468750000e-01 3.66001367568970e-01
641 6.47460937500000e-01 4.19205665588379e-01
642 6.28417968750000e-01 3.94909143447876e-01
643 5.93750000000000e-01 3.52539062500000e-01
644 5.44433593750000e-01 2.96407938003540e-01
645 5.36621093750000e-01 2.87962198257446e-01
646 4.92675781250000e-01 2.42729425430298e-01
647 4.89257812500000e-01 2.39373207092285e-01
648 4.55566406250000e-01 2.07540750503540e-01
649 4.06738281250000e-01 1.65436029434204e-01
650 4.03320312500000e-01 1.62667274475098e-01
651 3.73535156250000e-01 1.39528512954712e-01
652 3.39355468750000e-01 1.15162134170532e-01
653 2.86621093750000e-01 8.21516513824463e-02
654 2.55371093750000e-01 6.52143955230713e-02
655 2.82714843750000e-01 7.99276828765869e-02
656 2.76855468750000e-01 7.66489505767822e-02
657 3.37402343750000e-01 1.13840341567993e-01
658 4.55078125000000e-01 2.07096099853516e-01
659 5.21484375000000e-01 2.71945953369141e-01
660 4.84863281250000e-01 2.35092401504517e-01
661 4.79980468750000e-01 2.30381250381470e-01
662 4.37011718750000e-01 1.90979242324829e-01
663 4.52636718750000e-01 2.04879999160767e-01
664 4.53125000000000e-01 2.05322265625000e-01
665 3.88671875000000e-01 1.51065826416016e-01
666 2.97851562500000e-01 8.87155532836914e-02
667 3.29589843750000e-01 1.08629465103149e-01
668 4.24804687500000e-01 1.80459022521973e-01
669 4.05761718750000e-01 1.64642572402954e-01
670 4.42871093750000e-01 1.96134805679321e-01
671 5.17089843750000e-01 2.67381906509399e-01
672 5.57128906250000e-01 3.10392618179321e-01
673 5.98144531250000e-01 3.57776880264282e-01
674 5.18554687500000e-01 2.68898963928223e-01
675 5.48828125000000e-01 3.01212310791016e-01
676 5.06347656250000e-01 2.56387948989868e-01
677 5.11718750000000e-01 2.61856079101562e-01
678 4.68261718750000e-01 2.19269037246704e-01
679 4.32128906250000e-01 1.86735391616821e-01
680 4.68750000000000e-01 2.19726562500000e-01
681 5.09765625000000e-01 2.59860992431641e-01
682 5.10253906250000e-01 2.60359048843384e-01
683 4.86328125000000e-01 2.36515045166016e-01
684 5.16113281250000e-01 2.66372919082642e-01
685 5.50781250000000e-01 3.03359985351562e-01
686 5.48339843750000e-01 3.00676584243774e-01
687 5.67382812500000e-01 3.21923255920410e-01
688 5.09765625000000e-01 2.59860992431641e-01
689 4.96093750000000e-01 2.46109008789062e-01
690 4.66796875000000e-01 2.17899322509766e-01
691 4.04785156250000e-01 1.63851022720337e-01
692 3.98925781250000e-01 1.59141778945923e-01
693 3.77441406250000e-01 1.42462015151978e-01
694 3.14941406250000e-01 9.91880893707275e-02
695 3.16894531250000e-01 1.00422143936157e-01
696 2.75390625000000e-01 7.58399963378906e-02
697 2.60742187500000e-01 6.79864883422852e-02
698 3.12011718750000e-01 9.73513126373291e-02
699 2.98339843750000e-01 8.90066623687744e-02
700 2.85644531250000e-01 8.15927982330322e-02
701 2.84179687500000e-01 8.07580947875977e-02
702 1.96777343750000e-01 3.87213230133057e-02
703 2.85644531250000e-01 8.15927982330322e-02
704 2.63671875000000e-01 6.95228576660156e-02
705 2.50488281250000e-01 6.27443790435791e-02
706 2.70507812500000e-01 7.31744766235352e-02
707 2.25585937500000e-01 5.08890151977539e-02
708 2.67089843750000e-01 7.13369846343994e-02
709 2.94433593750000e-01 8.66911411285400e-02
710 3.09082031250000e-01 9.55317020416260e-02
711 3.47656250000000e-01 1.20864868164062e-01
712 3.75976562500000e-01 1.41358375549316e-01
713 3.39355468750000e-01 1.15162134170532e-01
714 3.20312500000000e-01 1.02600097656250e-01
715 2.70019531250000e-01 7.29105472564697e-02
716 2.25585937500000e-01 5.08890151977539e-02
717 2.81738281250000e-01 7.93764591217041e-02
718 2.98828125000000e-01 8.92982482910156e-02
719 2.89062500000000e-01 8.35571289062500e-02
720 2.49023437500000e-01 6.20126724243164e-02
721 3.37890625000000e-01 1.14170074462891e-01
722 4.11132812500000e-01 1.69030189514160e-01
723 3.32519531250000e-01 1.10569238662720e-01
724 4.02343750000000e-01 1.61880493164062e-01
725 4.39453125000000e-01 1.93119049072266e-01
726 4.84375000000000e-01 2.34619140625000e-01
727 5.12207031250000e-01 2.62356042861938e-01
728 4.81445312500000e-01 2.31789588928223e-01
729 4.85351562500000e-01 2.35566139221191e-01
730 4.42871093750000e-01 1.96134805679321e-01
731 4.33105468750000e-01 1.87580347061157e-01
732 5.03906250000000e-01 2.53921508789062e-01
733 5.84960937500000e-01 3.42179298400879e-01
734 5.85937500000000e-01 3.43322753906250e-01
735 5.27343750000000e-01 2.78091430664062e-01
736 5.28808593750000e-01 2.79638528823853e-01
737 6.04003906250000e-01 3.64820718765259e-01
738 6.07910156250000e-01 3.69554758071899e-01
739 6.79199218750000e-01 4.61311578750610e-01
740 7.43652343750000e-01 5.53018808364868e-01
741 7.22167968750000e-01 5.21526575088501e-01
742 6.98730468750000e-01 4.88224267959595e-01
743 7.00683593750000e-01 4.90957498550415e-01
744 5.80078125000000e-01 3.36490631103516e-01
745 5.62988281250000e-01 3.16955804824829e-01
746 5.25390625000000e-01 2.76035308837891e-01
747 6.50390625000000e-01 4.23007965087891e-01
748 5.79589843750000e-01 3.35924386978149e-01
749 5.01464843750000e-01 2.51466989517212e-01
750 4.92675781250000e-01 2.42729425430298e-01
751 4.36523437500000e-01 1.90552711486816e-01
752 4.38964843750000e-01 1.92690134048462e-01
753 4.78515625000000e-01 2.28977203369141e-01
754 5.51757812500000e-01 3.04436683654785e-01
755 5.77636718750000e-01 3.33664178848267e-01
756 5.92773437500000e-01 3.51380348205566e-01
757 6.04003906250000e-01 3.64820718765259e-01
758 6.89453125000000e-01 4.75345611572266e-01
759 6.27929687500000e-01 3.94295692443848e-01
760 6.11328125000000e-01 3.73722076416016e-01
761 5.38085937500000e-01 2.89536476135254e-01
762 5.34667968750000e-01 2.85869836807251e-01
763 5.54687500000000e-01 3.07678222656250e-01
764 5.87402343750000e-01 3.45041513442993e-01
765 5.89843750000000e-01 3.47915649414062e-01
766 5.88378906250000e-01 3.46189737319946e-01
767 5.92285156250000e-01 3.50801706314087e-01
768 5.37597656250000e-01 2.89011240005493e-01
769 5.54199218750000e-01 3.07136774063110e-01
770 5.63476562500000e-01 3.17505836486816e-01
771 4.94628906250000e-01 2.44657754898071e-01
772 4.48242187500000e-01 2.00921058654785e-01
773 5.33203125000000e-01 2.84305572509766e-01
774 4.86816406250000e-01 2.36990213394165e-01
775 5.34667968750000e-01 2.85869836807251e-01
776 5.21972656250000e-01 2.72455453872681e-01
777 4.57519531250000e-01 2.09324121475220e-01
778 4.97558593750000e-01 2.47564554214478e-01
779 4.98535156250000e-01 2.48537302017212e-01
780 4.67285156250000e-01 2.18355417251587e-01
781 4.79980468750000e-01 2.30381250381470e-01
782 5.38574218750000e-01 2.90062189102173e-01
783 5.89355468750000e-01 3.47339868545532e-01
784 5.82519531250000e-01 3.39329004287720e-01
785 5.61523437500000e-01 3.15308570861816e-01
786 5.23437500000000e-01 2.73986816406250e-01
787 5.01953125000000e-01 2.51956939697266e-01
788 5.10253906250000e-01 2.60359048843384e-01
789 5.31250000000000e-01 2.82226562500000e-01
790 4.72167968750000e-01 2.22942590713501e-01
791 4.39941406250000e-01 1.93548440933228e-01
792 4.55566406250000e-01 2.07540750503540e-01
793 4.34570312500000e-01 1.88851356506348e-01
794 4.50195312500000e-01 2.02675819396973e-01
795 4.28222656250000e-01 1.83374643325806e-01
796 4.04785156250000e-01 1.63851022720337e-01
797 5.25390625000000e-01 2.76035308837891e-01
798 5.10253906250000e-01 2.60359048843384e-01
799 4.97558593750000e-01 2.47564554214478e-01
800 5.28808593750000e-01 2.79638528823853e-01
801 5.42480468750000e-01 2.94285058975220e-01
802 5.26367187500000e-01 2.77062416076660e-01
803 5.61035156250000e-01 3.14760446548462e-01
804 5.98632812500000e-01 3.58361244201660e-01
805 6.08886718750000e-01 3.70743036270142e-01
806 5.93261718750000e-01 3.51959466934204e-01
807 5.99609375000000e-01 3.59531402587891e-01
808 6.29394531250000e-01 3.96137475967407e-01
809 6.14257812500000e-01 3.77312660217285e-01
810 6.59179687500000e-01 4.34517860412598e-01
811 6.51855468750000e-01 4.24915552139282e-01
812 6.68945312500000e-01 4.47487831115723e-01
813 6.81640625000000e-01 4.64633941650391e-01
814 6.00097656250000e-01 3.60117197036743e-01
815 6.13769531250000e-01 3.76713037490845e-01
816 6.21093750000000e-01 3.85757446289062e-01
817 6.03027343750000e-01 3.63641977310181e-01
818 6.22070312500000e-01 3.86971473693848e-01
819 6.29882812500000e-01 3.96752357482910e-01
820 6.28417968750000e-01 3.94909143447876e-01
821 6.01074218750000e-01 3.61290216445923e-01
822 6.48437500000000e-01 4.20471191406250e-01
823 5.90332031250000e-01 3.48491907119751e-01
824 5.60058593750000e-01 3.13665628433228e-01
825 6.19628906250000e-01 3.83939981460571e-01
826 6.28417968750000e-01 3.94909143447876e-01
827 6.45996093750000e-01 4.17310953140259e-01
828 6.45019531250000e-01 4.16050195693970e-01
829 6.48925781250000e-01 4.21104669570923e-01
830 6.23046875000000e-01 3.88187408447266e-01
831 6.05468750000000e-01 3.66592407226562e-01
832 6.35253906250000e-01 4.03547525405884e-01
833 6.55273437500000e-01 4.29383277893066e-01
834 6.40136718750000e-01 4.09775018692017e-01
835 6.37695312500000e-01 4.06655311584473e-01
836 6.03027343750000e-01 3.63641977310181e-01
837 6.11328125000000e-01 3.73722076416016e-01
838 5.91308593750000e-01 3.49645853042603e-01
839 6.24023437500000e-01 3.89405250549316e-01
840 5.57617187500000e-01 3.10936927795410e-01
841 5.55664062500000e-01 3.08762550354004e-01
842 6.05468750000000e-01 3.66592407226562e-01
843 6.42089843750000e-01 4.12279367446899e-01
844 6.91406250000000e-01 4.78042602539062e-01
845 7.25585937500000e-01 5.26474952697754e-01
846 6.87011718750000e-01 4.71985101699829e-01
847 6.93847656250000e-01 4.81424570083618e-01
848 7.25097656250000e-01 5.25766611099243e-01
849 7.06542968750000e-01 4.99202966690063e-01
850 7.62695312500000e-01 5.81704139709473e-01
851 7.60253906250000e-01 5.77986001968384e-01
852 7.86132812500000e-01 6.18004798889160e-01
853 7.45605468750000e-01 5.55927515029907e-01
854 7.58300781250000e-01 5.75020074844360e-01
855 7.15332031250000e-01 5.11699914932251e-01
856 7.03125000000000e-01 4.94384765625000e-01
857 7.23144531250000e-01 5.22938013076782e-01
858 7.45117187500000e-01 5.55199623107910e-01
859 7.50000000000000e-01 5.62500000000000e-01
860 7.52929687500000e-01 5.66903114318848e-01
861 7.42675781250000e-01 5.51567316055298e-01
862 7.06054687500000e-01 4.98513221740723e-01
863 6.44531250000000e-01 4.15420532226562e-01
864 6.41601562500000e-01 4.11652565002441e-01
865 6.51855468750000e-01 4.24915552139282e-01
866 6.77246093750000e-01 4.58662271499634e-01
867 6.40625000000000e-01 4.10400390625000e-01
868 5.77148437500000e-01 3.33100318908691e-01
869 5.14648437500000e-01 2.64863014221191e-01
870 4.52636718750000e-01 2.04879999160767e-01
871 4.76562500000000e-01 2.27111816406250e-01
872 4.72167968750000e-01 2.22942590713501e-01
873 5.24902343750000e-01 2.75522470474243e-01
874 5.71289062500000e-01 3.26371192932129e-01
875 5.72753906250000e-01 3.28047037124634e-01
876 5.47851562500000e-01 3.00141334533691e-01
877 5.91308593750000e-01 3.49645853042603e-01
878 5.40527343750000e-01 2.92169809341431e-01
879 5.09277343750000e-01 2.59363412857056e-01
880 5.08300781250000e-01 2.58369684219360e-01
881 4.30664062500000e-01 1.85471534729004e-01
882 4.24804687500000e-01 1.80459022521973e-01
883 3.61816406250000e-01 1.30911111831665e-01
884 3.95996093750000e-01 1.56812906265259e-01
885 3.91113281250000e-01 1.52969598770142e-01
886 3.90136718750000e-01 1.52206659317017e-01
887 4.15039062500000e-01 1.72257423400879e-01
888 3.87695312500000e-01 1.50307655334473e-01
889 4.48242187500000e-01 2.00921058654785e-01
890 4.71679687500000e-01 2.22481727600098e-01
891 4.12109375000000e-01 1.69834136962891e-01
892 4.37500000000000e-01 1.91406250000000e-01
893 4.18457031250000e-01 1.75106287002563e-01
894 4.25781250000000e-01 1.81289672851562e-01
895 4.68750000000000e-01 2.19726562500000e-01
896 5.07812500000000e-01 2.57873535156250e-01
897 5.03417968750000e-01 2.53429651260376e-01
898 4.74121093750000e-01 2.24790811538696e-01
899 5.09277343750000e-01 2.59363412857056e-01
900 5.75195312500000e-01 3.30849647521973e-01
901 6.35742187500000e-01 4.04168128967285e-01
902 5.88378906250000e-01 3.46189737319946e-01
903 6.40625000000000e-01 4.10400390625000e-01
904 6.48925781250000e-01 4.21104669570923e-01
905 6.30859375000000e-01 3.97983551025391e-01
906 6.21093750000000e-01 3.85757446289062e-01
907 6.67968750000000e-01 4.46182250976562e-01
908 6.65039062500000e-01 4.42276954650879e-01
909 5.96679687500000e-01 3.56026649475098e-01
910 6.31347656250000e-01 3.98599863052368e-01
911 5.58593750000000e-01 3.12026977539062e-01
912 5.41015625000000e-01 2.92697906494141e-01
913 5.64453125000000e-01 3.18607330322266e-01
914 5.25390625000000e-01 2.76035308837891e-01
915 5.83984375000000e-01 3.41037750244141e-01
916 5.91308593750000e-01 3.49645853042603e-01
917 5.98632812500000e-01 3.58361244201660e-01
918 6.65527343750000e-01 4.42926645278931e-01
919 6.84082031250000e-01 4.67968225479126e-01
920 6.29882812500000e-01 3.96752357482910e-01
921 6.21582031250000e-01 3.86364221572876e-01
922 7.05078125000000e-01 4.97135162353516e-01
923 6.46972656250000e-01 4.18573617935181e-01
924 6.44042968750000e-01 4.14791345596313e-01
925 6.64062500000000e-01 4.40979003906250e-01
926 5.92773437500000e-01 3.51380348205566e-01
927 6.14746093750000e-01 3.77912759780884e-01
928 4.98535156250000e-01 2.48537302017212e-01
929 4.38476562500000e-01 1.92261695861816e-01
930 5.40527343750000e-01 2.92169809341431e-01
931 5.43457031250000e-01 2.95345544815063e-01
932 6.44042968750000e-01 4.14791345596313e-01
933 6.76269531250000e-01 4.57340478897095e-01
934 6.65039062500000e-01 4.42276954650879e-01
935 6.26464843750000e-01 3.92458200454712e-01
936 6.26953125000000e-01 3.93070220947266e-01
937 6.30859375000000e-01 3.97983551025391e-01
938 5.94726562500000e-01 3.53699684143066e-01
939 6.56250000000000e-01 4.30664062500000e-01
940 6.60644531250000e-01 4.36451196670532e-01
941 6.66992187500000e-01 4.44878578186035e-01
942 7.32910156250000e-01 5.37157297134399e-01
943 7.01171875000000e-01 4.91641998291016e-01
944 7.09960937500000e-01 5.04044532775879e-01
945 6.51367187500000e-01 4.24279212951660e-01
946 6.22070312500000e-01 3.86971473693848e-01
947 6.53808593750000e-01 4.27465677261353e-01
948 6.88476562500000e-01 4.73999977111816e-01
949 6.69433593750000e-01 4.48141336441040e-01
950 6.97265625000000e-01 4.86179351806641e-01
951 7.32910156250000e-01 5.37157297134399e-01
952 7.60253906250000e-01 5.77986001968384e-01
953 8.05664062500000e-01 6.49094581604004e-01
954 7.85644531250000e-01 6.17237329483032e-01
955 7.76367187500000e-01 6.02746009826660e-01
956 7.41699218750000e-01 5.50117731094360e-01
957 6.90429687500000e-01 4.76693153381348e-01
958 6.73828125000000e-01 4.54044342041016e-01
959 6.86523437500000e-01 4.71314430236816e-01
960 7.16796875000000e-01 5.13797760009766e-01
961 7.33398437500000e-01 5.37873268127441e-01
962 7.70019531250000e-01 5.92930078506470e-01
963 7.79296875000000e-01 6.07303619384766e-01
964 6.88476562500000e-01 4.73999977111816e-01
965 7.27050781250000e-01 5.28602838516235e-01
966 6.76757812500000e-01 4.58001136779785e-01
967 6.60644531250000e-01 4.36451196670532e-01
968 6.34765625000000e-01 4.02927398681641e-01
969 6.67480468750000e-01 4.45530176162720e-01
970 7.12890625000000e-01 5.08213043212891e-01
971 7.32910156250000e-01 5.37157297134399e-01
972 7.46093750000000e-01 5.56655883789062e-01
973 7.02148437500000e-01 4.93012428283691e-01
974 7.28515625000000e-01 5.30735015869141e-01
975 7.02148437500000e-01 4.93012428283691e-01
976 6.87988281250000e-01 4.73327875137329e-01
977 6.40625000000000e-01 4.10400390625000e-01
978 6.29882812500000e-01 3.96752357482910e-01
979 6.34765625000000e-01 4.02927398681641e-01
980 6.68457031250000e-01 4.46834802627563e-01
981 7.21679687500000e-01 5.20821571350098e-01
982 7.05566406250000e-01 4.97823953628540e-01
983 6.85546875000000e-01 4.69974517822266e-01
984 6.57714843750000e-01 4.32588815689087e-01
985 5.81054687500000e-01 3.37624549865723e-01
986 6.45019531250000e-01 4.16050195693970e-01
987 6.07421875000000e-01 3.68961334228516e-01
988 6.33789062500000e-01 4.01688575744629e-01
989 6.53808593750000e-01 4.27465677261353e-01
990 6.42578125000000e-01 4.12906646728516e-01
991 6.23046875000000e-01 3.88187408447266e-01
992 5.81054687500000e-01 3.37624549865723e-01
993 6.02050781250000e-01 3.62465143203735e-01
994 6.04492187500000e-01 3.65410804748535e-01
995 6.07421875000000e-01 3.68961334228516e-01
996 5.77148437500000e-01 3.33100318908691e-01
997 5.41992187500000e-01 2.93755531311035e-01
998 5.71289062500000e-01 3.26371192932129e-01
999 6.26464843750000e-01 3.92458200454712e-01
