0 5.83984375000000e-01 3.41037750244141e-01
1 5.86425781250000e-01 3.43895196914673e-01
2 4.48242187500000e-01 2.00921058654785e-01
3 4.91699218750000e-01 2.41768121719360e-01
4 5.21972656250000e-01 2.72455453872681e-01
5 5.45410156250000e-01 2.97472238540649e-01
6 5.40039062500000e-01 2.91642189025879e-01
7 5.69824218750000e-01 3.24699640274048e-01
8 6.08398437500000e-01 3.70148658752441e-01
9 5.97656250000000e-01 3.57192993164062e-01
10 5.73730468750000e-01 3.29166650772095e-01
11 5.64453125000000e-01 3.18607330322266e-01
12 5.23437500000000e-01 2.73986816406250e-01
13 4.80468750000000e-01 2.30850219726562e-01
14 5.00976562500000e-01 2.50977516174316e-01
15 5.17578125000000e-01 2.67887115478516e-01
16 4.76074218750000e-01 2.26646661758423e-01
17 4.98535156250000e-01 2.48537302017212e-01
18 5.05371093750000e-01 2.55399942398071e-01
19 4.91210937500000e-01 2.41288185119629e-01
20 4.50683593750000e-01 2.03115701675415e-01
21 4.84863281250000e-01 2.35092401504517e-01
22 4.87304687500000e-01 2.37465858459473e-01
23 4.58984375000000e-01 2.10666656494141e-01
24 4.73144531250000e-01 2.23865747451782e-01
25 5.20507812500000e-01 2.70928382873535e-01
26 5.48339843750000e-01 3.00676584243774e-01
27 5.71289062500000e-01 3.26371192932129e-01
28 5.09765625000000e-01 2.59860992431641e-01
29 5.04394531250000e-01 2.54413843154907e-01
30 4.81445312500000e-01 2.31789588928223e-01
31 4.37988281250000e-01 1.91833734512329e-01
32 5.00976562500000e-01 2.50977516174316e-01
33 5.07812500000000e-01 2.57873535156250e-01
34 5.84960937500000e-01 3.42179298400879e-01
35 6.03515625000000e-01 3.64231109619141e-01
36 6.45996093750000e-01 4.17310953140259e-01
37 6.11816406250000e-01 3.74319314956665e-01
38 5.72265625000000e-01 3.27487945556641e-01
39 5.72265625000000e-01 3.27487945556641e-01
40 5.60058593750000e-01 3.13665628433228e-01
41 5.73242187500000e-01 3.28606605529785e-01
42 5.77148437500000e-01 3.33100318908691e-01
43 5.83496093750000e-01 3.40467691421509e-01
44 6.25000000000000e-01 3.90625000000000e-01
45 6.35253906250000e-01 4.03547525405884e-01
46 5.84472656250000e-01 3.41608285903931e-01
47 5.90332031250000e-01 3.48491907119751e-01
48 5.79101562500000e-01 3.35358619689941e-01
49 5.91308593750000e-01 3.49645853042603e-01
50 6.20605468750000e-01 3.85151147842407e-01
51 6.54296875000000e-01 4.28104400634766e-01
52 6.29394531250000e-01 3.96137475967407e-01
53 6.18652343750000e-01 3.82730722427368e-01
54 5.52246093750000e-01 3.04975748062134e-01
55 5.02441406250000e-01 2.52447366714478e-01
56 5.12207031250000e-01 2.62356042861938e-01
57 5.18554687500000e-01 2.68898963928223e-01
58 5.00000000000000e-01 2.50000000000000e-01
59 5.66894531250000e-01 3.21369409561157e-01
60 5.85937500000000e-01 3.43322753906250e-01
61 5.71777343750000e-01 3.26929330825806e-01
62 5.22949218750000e-01 2.73475885391235e-01
63 4.81445312500000e-01 2.31789588928223e-01
64 5.35644531250000e-01 2.86915063858032e-01
65 5.34667968750000e-01 2.85869836807251e-01
66 5.14648437500000e-01 2.64863014221191e-01
67 5.03906250000000e-01 2.53921508789062e-01
68 5.23925781250000e-01 2.74498224258423e-01
69 5.31250000000000e-01 2.82226562500000e-01
70 5.98144531250000e-01 3.57776880264282e-01
71 6.19628906250000e-01 3.83939981460571e-01
72 6.92382812500000e-01 4.79393959045410e-01
73 6.50390625000000e-01 4.23007965087891e-01
74 6.86523437500000e-01 4.71314430236816e-01
75 7.06542968750000e-01 4.99202966690063e-01
76 7.18750000000000e-01 5.16601562500000e-01
77 6.09375000000000e-01 3.71337890625000e-01
78 5.97656250000000e-01 3.57192993164062e-01
79 5.29785156250000e-01 2.80672311782837e-01
80 6.29394531250000e-01 3.96137475967407e-01
81 5.80566406250000e-01 3.37057352066040e-01
82 6.02539062500000e-01 3.63053321838379e-01
83 5.99609375000000e-01 3.59531402587891e-01
84 6.21093750000000e-01 3.85757446289062e-01
85 5.95703125000000e-01 3.54862213134766e-01
86 5.36621093750000e-01 2.87962198257446e-01
87 5.35156250000000e-01 2.86392211914062e-01
88 5.54199218750000e-01 3.07136774063110e-01
89 5.29296875000000e-01 2.80155181884766e-01
90 5.28320312500000e-01 2.79122352600098e-01
91 5.75683593750000e-01 3.31411600112915e-01
92 6.61621093750000e-01 4.37742471694946e-01
93 6.66503906250000e-01 4.44227457046509e-01
94 6.89941406250000e-01 4.76019144058228e-01
95 6.99707031250000e-01 4.89589929580688e-01
96 7.39746093750000e-01 5.47224283218384e-01
97 7.57812500000000e-01 5.74279785156250e-01
98 7.27539062500000e-01 5.29313087463379e-01
99 7.16796875000000e-01 5.13797760009766e-01
100 6.98730468750000e-01 4.88224267959595e-01
101 7.11914062500000e-01 5.06821632385254e-01
102 7.07519531250000e-01 5.00583887100220e-01
103 7.11914062500000e-01 5.06821632385254e-01
104 6.72851562500000e-01 4.52729225158691e-01
105 6.50878906250000e-01 4.23643350601196e-01
106 6.36718750000000e-01 4.05410766601562e-01
107 5.25878906250000e-01 2.76548624038696e-01
108 5.97167968750000e-01 3.56609582901001e-01
109 5.75683593750000e-01 3.31411600112915e-01
110 5.49316406250000e-01 3.01748514175415e-01
111 5.60546875000000e-01 3.14212799072266e-01
112 6.02050781250000e-01 3.62465143203735e-01
113 5.76171875000000e-01 3.31974029541016e-01
114 5.52734375000000e-01 3.05515289306641e-01
115 5.83984375000000e-01 3.41037750244141e-01
116 5.67871093750000e-01 3.22477579116821e-01
117 4.76074218750000e-01 2.26646661758423e-01
118 4.38964843750000e-01 1.92690134048462e-01
119 3.98437500000000e-01 1.58752441406250e-01
120 4.18945312500000e-01 1.75515174865723e-01
121 4.04785156250000e-01 1.63851022720337e-01
122 3.94531250000000e-01 1.55654907226562e-01
123 4.23339843750000e-01 1.79216623306274e-01
124 4.40429687500000e-01 1.93978309631348e-01
125 4.15527343750000e-01 1.72662973403931e-01
126 4.11132812500000e-01 1.69030189514160e-01
127 4.67773437500000e-01 2.18811988830566e-01
128 4.82910156250000e-01 2.33202219009399e-01
129 4.66308593750000e-01 2.17443704605103e-01
130 5.48828125000000e-01 3.01212310791016e-01
131 5.38085937500000e-01 2.89536476135254e-01
132 4.76074218750000e-01 2.26646661758423e-01
133 4.55566406250000e-01 2.07540750503540e-01
134 4.43359375000000e-01 1.96567535400391e-01
135 4.25781250000000e-01 1.81289672851562e-01
136 3.71093750000000e-01 1.37710571289062e-01
137 3.37890625000000e-01 1.14170074462891e-01
138 3.67187500000000e-01 1.34826660156250e-01
139 3.51562500000000e-01 1.23596191406250e-01
140 4.16992187500000e-01 1.73882484436035e-01
141 4.48730468750000e-01 2.01359033584595e-01
142 3.27148437500000e-01 1.07026100158691e-01
143 3.69628906250000e-01 1.36625528335571e-01
144 3.92089843750000e-01 1.53734445571899e-01
145 3.85742187500000e-01 1.48797035217285e-01
146 3.77441406250000e-01 1.42462015151978e-01
147 4.06738281250000e-01 1.65436029434204e-01
148 3.86230468750000e-01 1.49173974990845e-01
149 3.99414062500000e-01 1.59531593322754e-01
150 3.74023437500000e-01 1.39893531799316e-01
151 4.30175781250000e-01 1.85051202774048e-01
152 4.49218750000000e-01 2.01797485351562e-01
153 4.63867187500000e-01 2.15172767639160e-01
154 4.89746093750000e-01 2.39851236343384e-01
155 4.89257812500000e-01 2.39373207092285e-01
156 4.40917968750000e-01 1.94408655166626e-01
157 4.75097656250000e-01 2.25717782974243e-01
158 4.30175781250000e-01 1.85051202774048e-01
159 3.90625000000000e-01 1.52587890625000e-01
160 3.71582031250000e-01 1.38073205947876e-01
161 3.93554687500000e-01 1.54885292053223e-01
162 3.68652343750000e-01 1.35904550552368e-01
163 3.48144531250000e-01 1.21204614639282e-01
164 3.38378906250000e-01 1.14500284194946e-01
165 2.81738281250000e-01 7.93764591217041e-02
166 2.50488281250000e-01 6.27443790435791e-02
167 2.05078125000000e-01 4.20570373535156e-02
168 2.81738281250000e-01 7.93764591217041e-02
169 3.26660156250000e-01 1.06706857681274e-01
170 3.33496093750000e-01 1.11219644546509e-01
171 3.69628906250000e-01 1.36625528335571e-01
172 4.01367187500000e-01 1.61095619201660e-01
173 3.60839843750000e-01 1.30205392837524e-01
174 3.14941406250000e-01 9.91880893707275e-02
175 3.18359375000000e-01 1.01352691650391e-01
176 3.10058593750000e-01 9.61363315582275e-02
177 3.09570312500000e-01 9.58337783813477e-02
178 3.07617187500000e-01 9.46283340454102e-02
179 3.33984375000000e-01 1.11545562744141e-01
180 3.53515625000000e-01 1.24973297119141e-01
181 4.02343750000000e-01 1.61880493164062e-01
182 3.75000000000000e-01 1.40625000000000e-01
183 3.48144531250000e-01 1.21204614639282e-01
184 3.44238281250000e-01 1.18499994277954e-01
185 3.62792968750000e-01 1.31618738174438e-01
186 3.79394531250000e-01 1.43940210342407e-01
187 3.41308593750000e-01 1.16491556167603e-01
188 3.33984375000000e-01 1.11545562744141e-01
189 3.72558593750000e-01 1.38799905776978e-01
190 3.99902343750000e-01 1.59921884536743e-01
191 4.47265625000000e-01 2.00046539306641e-01
192 3.57910156250000e-01 1.28099679946899e-01
193 3.43750000000000e-01 1.18164062500000e-01
194 4.22363281250000e-01 1.78390741348267e-01
195 4.79003906250000e-01 2.29444742202759e-01
196 5.45410156250000e-01 2.97472238540649e-01
197 5.50781250000000e-01 3.03359985351562e-01
198 5.30273437500000e-01 2.81189918518066e-01
199 5.76660156250000e-01 3.32536935806274e-01
200 4.94628906250000e-01 2.44657754898071e-01
201 4.79980468750000e-01 2.30381250381470e-01
202 5.35156250000000e-01 2.86392211914062e-01
203 5.62500000000000e-01 3.16406250000000e-01
204 5.40527343750000e-01 2.92169809341431e-01
205 5.14160156250000e-01 2.64360666275024e-01
206 5.69335937500000e-01 3.24143409729004e-01
207 5.38574218750000e-01 2.90062189102173e-01
208 5.83984375000000e-01 3.41037750244141e-01
209 6.20605468750000e-01 3.85151147842407e-01
210 6.47460937500000e-01 4.19205665588379e-01
211 6.59667968750000e-01 4.35161828994751e-01
212 6.69433593750000e-01 4.48141336441040e-01
213 6.78710937500000e-01 4.60648536682129e-01
214 6.74316406250000e-01 4.54702615737915e-01
215 6.68457031250000e-01 4.46834802627563e-01
216 6.81152343750000e-01 4.63968515396118e-01
217 5.76660156250000e-01 3.32536935806274e-01
218 6.13769531250000e-01 3.76713037490845e-01
219 6.04980468750000e-01 3.66001367568970e-01
220 5.65429687500000e-01 3.19710731506348e-01
221 5.73730468750000e-01 3.29166650772095e-01
222 6.09863281250000e-01 3.71933221817017e-01
223 5.83984375000000e-01 3.41037750244141e-01
224 5.83496093750000e-01 3.40467691421509e-01
225 5.60546875000000e-01 3.14212799072266e-01
226 5.61523437500000e-01 3.15308570861816e-01
227 5.10742187500000e-01 2.60857582092285e-01
228 5.37597656250000e-01 2.89011240005493e-01
229 4.72656250000000e-01 2.23403930664062e-01
230 5.13671875000000e-01 2.63858795166016e-01
231 4.92187500000000e-01 2.42248535156250e-01
232 5.18554687500000e-01 2.68898963928223e-01
233 4.71191406250000e-01 2.22021341323853e-01
234 4.16503906250000e-01 1.73475503921509e-01
235 4.55566406250000e-01 2.07540750503540e-01
236 4.34570312500000e-01 1.88851356506348e-01
237 4.87792968750000e-01 2.37941980361938e-01
238 5.14160156250000e-01 2.64360666275024e-01
239 5.42480468750000e-01 2.94285058975220e-01
240 5.63476562500000e-01 3.17505836486816e-01
241 4.91699218750000e-01 2.41768121719360e-01
242 5.50292968750000e-01 3.02822351455688e-01
243 5.40039062500000e-01 2.91642189025879e-01
244 5.45410156250000e-01 2.97472238540649e-01
245 5.34179687500000e-01 2.85347938537598e-01
246 5.41992187500000e-01 2.93755531311035e-01
247 5.90332031250000e-01 3.48491907119751e-01
248 5.92773437500000e-01 3.51380348205566e-01
249 5.55664062500000e-01 3.08762550354004e-01
250 6.02539062500000e-01 3.63053321838379e-01
251 5.83007812500000e-01 3.39898109436035e-01
252 5.67382812500000e-01 3.21923255920410e-01
253 6.28906250000000e-01 3.95523071289062e-01
254 5.92773437500000e-01 3.51380348205566e-01
255 5.49804687500000e-01 3.02285194396973e-01
256 5.17578125000000e-01 2.67887115478516e-01
257 5.32226562500000e-01 2.83265113830566e-01
258 4.72656250000000e-01 2.23403930664062e-01
259 5.09277343750000e-01 2.59363412857056e-01
260 5.19531250000000e-01 2.69912719726562e-01
261 4.84375000000000e-01 2.34619140625000e-01
262 4.38476562500000e-01 1.92261695861816e-01
263 4.16015625000000e-01 1.73069000244141e-01
264 4.38964843750000e-01 1.92690134048462e-01
265 4.72167968750000e-01 2.22942590713501e-01
266 4.52148437500000e-01 2.04438209533691e-01
267 4.64843750000000e-01 2.16079711914062e-01
268 5.15136718750000e-01 2.65365839004517e-01
269 4.58007812500000e-01 2.09771156311035e-01
270 4.79003906250000e-01 2.29444742202759e-01
271 5.11230468750000e-01 2.61356592178345e-01
272 4.91699218750000e-01 2.41768121719360e-01
273 4.37500000000000e-01 1.91406250000000e-01
274 3.91601562500000e-01 1.53351783752441e-01
275 4.39941406250000e-01 1.93548440933228e-01
276 4.18945312500000e-01 1.75515174865723e-01
277 4.34570312500000e-01 1.88851356506348e-01
278 5.10253906250000e-01 2.60359048843384e-01
279 4.98046875000000e-01 2.48050689697266e-01
280 5.00976562500000e-01 2.50977516174316e-01
281 4.99023437500000e-01 2.49024391174316e-01
282 5.07324218750000e-01 2.57377862930298e-01
283 4.84863281250000e-01 2.35092401504517e-01
284 5.47851562500000e-01 3.00141334533691e-01
285 5.81542968750000e-01 3.38192224502563e-01
286 5.80566406250000e-01 3.37057352066040e-01
287 5.74218750000000e-01 3.29727172851562e-01
288 5.65429687500000e-01 3.19710731506348e-01
289 5.94726562500000e-01 3.53699684143066e-01
290 5.97167968750000e-01 3.56609582901001e-01
291 6.09375000000000e-01 3.71337890625000e-01
292 6.22070312500000e-01 3.86971473693848e-01
293 6.91406250000000e-01 4.78042602539062e-01
294 6.70410156250000e-01 4.49449777603149e-01
295 6.43066406250000e-01 4.13534402847290e-01
296 6.45019531250000e-01 4.16050195693970e-01
297 6.93359375000000e-01 4.80747222900391e-01
298 6.22070312500000e-01 3.86971473693848e-01
299 5.83984375000000e-01 3.41037750244141e-01
300 5.96679687500000e-01 3.56026649475098e-01
301 6.21093750000000e-01 3.85757446289062e-01
302 5.89843750000000e-01 3.47915649414062e-01
303 5.24414062500000e-01 2.75010108947754e-01
304 4.84375000000000e-01 2.34619140625000e-01
305 5.05371093750000e-01 2.55399942398071e-01
306 4.51660156250000e-01 2.03996896743774e-01
307 3.92089843750000e-01 1.53734445571899e-01
308 4.38476562500000e-01 1.92261695861816e-01
309 4.78515625000000e-01 2.28977203369141e-01
310 3.99414062500000e-01 1.59531593322754e-01
311 4.79980468750000e-01 2.30381250381470e-01
312 4.64843750000000e-01 2.16079711914062e-01
313 5.24414062500000e-01 2.75010108947754e-01
314 5.74218750000000e-01 3.29727172851562e-01
315 5.43945312500000e-01 2.95876502990723e-01
316 5.61035156250000e-01 3.14760446548462e-01
317 5.73242187500000e-01 3.28606605529785e-01
318 4.85839843750000e-01 2.36040353775024e-01
319 4.92187500000000e-01 2.42248535156250e-01
320 5.21972656250000e-01 2.72455453872681e-01
321 4.52148437500000e-01 2.04438209533691e-01
322 4.42871093750000e-01 1.96134805679321e-01
323 4.58984375000000e-01 2.10666656494141e-01
324 5.75683593750000e-01 3.31411600112915e-01
325 5.12207031250000e-01 2.62356042861938e-01
326 5.36132812500000e-01 2.87438392639160e-01
327 4.98046875000000e-01 2.48050689697266e-01
328 5.21484375000000e-01 2.71945953369141e-01
329 5.42968750000000e-01 2.94815063476562e-01
330 5.40039062500000e-01 2.91642189025879e-01
331 4.95117187500000e-01 2.45141029357910e-01
332 5.62988281250000e-01 3.16955804824829e-01
333 4.85839843750000e-01 2.36040353775024e-01
334 4.73632812500000e-01 2.24328041076660e-01
335 5.53222656250000e-01 3.06055307388306e-01
336 5.94726562500000e-01 3.53699684143066e-01
337 6.11816406250000e-01 3.74319314956665e-01
338 6.23535156250000e-01 3.88796091079712e-01
339 5.99609375000000e-01 3.59531402587891e-01
340 6.12304687500000e-01 3.74917030334473e-01
341 5.35644531250000e-01 2.86915063858032e-01
342 5.85937500000000e-01 3.43322753906250e-01
343 5.62988281250000e-01 3.16955804824829e-01
344 5.79589843750000e-01 3.35924386978149e-01
345 5.86914062500000e-01 3.44468116760254e-01
346 5.85937500000000e-01 3.43322753906250e-01
347 5.85937500000000e-01 3.43322753906250e-01
348 5.98144531250000e-01 3.57776880264282e-01
349 6.52343750000000e-01 4.25552368164062e-01
350 6.55761718750000e-01 4.30023431777954e-01
351 6.01562500000000e-01 3.61877441406250e-01
352 5.70312500000000e-01 3.25256347656250e-01
353 5.13183593750000e-01 2.63357400894165e-01
354 5.51757812500000e-01 3.04436683654785e-01
355 5.75683593750000e-01 3.31411600112915e-01
356 5.31250000000000e-01 2.82226562500000e-01
357 4.65820312500000e-01 2.16988563537598e-01
358 4.72167968750000e-01 2.22942590713501e-01
359 4.31152343750000e-01 1.85892343521118e-01
360 3.98925781250000e-01 1.59141778945923e-01
361 3.91113281250000e-01 1.52969598770142e-01
362 4.21386718750000e-01 1.77566766738892e-01
363 3.97460937500000e-01 1.57975196838379e-01
364 3.83300781250000e-01 1.46919488906860e-01
365 3.60351562500000e-01 1.29853248596191e-01
366 3.69140625000000e-01 1.36264801025391e-01
367 3.72558593750000e-01 1.38799905776978e-01
368 3.42773437500000e-01 1.17493629455566e-01
369 4.04296875000000e-01 1.63455963134766e-01
370 4.51171875000000e-01 2.03556060791016e-01
371 4.15039062500000e-01 1.72257423400879e-01
372 4.51171875000000e-01 2.03556060791016e-01
373 4.38964843750000e-01 1.92690134048462e-01
374 4.09667968750000e-01 1.67827844619751e-01
375 4.00878906250000e-01 1.60703897476196e-01
376 3.93066406250000e-01 1.54501199722290e-01
377 4.17480468750000e-01 1.74289941787720e-01
378 4.21386718750000e-01 1.77566766738892e-01
379 4.94140625000000e-01 2.44174957275391e-01
380 5.09277343750000e-01 2.59363412857056e-01
381 5.68359375000000e-01 3.23032379150391e-01
382 5.65429687500000e-01 3.19710731506348e-01
383 6.07421875000000e-01 3.68961334228516e-01
384 5.67382812500000e-01 3.21923255920410e-01
385 6.06445312500000e-01 3.67775917053223e-01
386 6.25488281250000e-01 3.91235589981079e-01
387 6.06445312500000e-01 3.67775917053223e-01
388 6.32324218750000e-01 3.99833917617798e-01
389 6.54296875000000e-01 4.28104400634766e-01
390 6.49414062500000e-01 4.21738624572754e-01
391 6.42578125000000e-01 4.12906646728516e-01
392 5.62988281250000e-01 3.16955804824829e-01
393 5.25390625000000e-01 2.76035308837891e-01
394 5.18066406250000e-01 2.68392801284790e-01
395 5.55175781250000e-01 3.08220148086548e-01
396 5.58105468750000e-01 3.11481714248657e-01
397 5.69824218750000e-01 3.24699640274048e-01
398 5.49804687500000e-01 3.02285194396973e-01
399 5.07324218750000e-01 2.57377862930298e-01
400 4.91210937500000e-01 2.41288185119629e-01
401 4.83398437500000e-01 2.33674049377441e-01
402 4.57031250000000e-01 2.08877563476562e-01
403 3.34472656250000e-01 1.11871957778931e-01
404 3.73535156250000e-01 1.39528512954712e-01
405 4.30175781250000e-01 1.85051202774048e-01
406 3.65234375000000e-01 1.33396148681641e-01
407 3.61328125000000e-01 1.30558013916016e-01
408 3.44238281250000e-01 1.18499994277954e-01
409 2.75878906250000e-01 7.61091709136963e-02
410 2.52441406250000e-01 6.37266635894775e-02
411 2.97363281250000e-01 8.84249210357666e-02
412 2.49023437500000e-01 6.20126724243164e-02
413 2.79296875000000e-01 7.80067443847656e-02
414 2.39746093750000e-01 5.74781894683838e-02
415 1.82617187500000e-01 3.33490371704102e-02
416 1.92382812500000e-01 3.70111465454102e-02
417 1.97753906250000e-01 3.91066074371338e-02
418 1.04003906250000e-01 1.08168125152588e-02
419 6.68945312500000e-02 4.47487831115723e-03
420 9.61914062500000e-02 9.25278663635254e-03
421 8.44726562500000e-02 7.13562965393066e-03
422 8.64257812500000e-02 7.46941566467285e-03
423 1.71875000000000e-01 2.95410156250000e-02
424 1.25488281250000e-01 1.57473087310791e-02
425 9.42382812500000e-02 8.88085365295410e-03
426 6.44531250000000e-02 4.15420532226562e-03
427 5.22460937500000e-02 2.72965431213379e-03
428 6.10351562500000e-02 3.72529029846191e-03
429 5.41992187500000e-02 2.93755531311035e-03
430 8.34960937500000e-02 6.97159767150879e-03
431 5.22460937500000e-02 2.72965431213379e-03
432 6.83593750000000e-03 4.67300415039062e-05
433 1.80664062500000e-02 3.26395034790039e-04
434 1.70898437500000e-02 2.92062759399414e-04
435 7.12890625000000e-02 5.08213043212891e-03
436 8.74023437500000e-02 7.63916969299316e-03
437 7.91015625000000e-02 6.25705718994141e-03
438 8.44726562500000e-02 7.13562965393066e-03
439 1.34765625000000e-01 1.81617736816406e-02
440 1.84082031250000e-01 3.38861942291260e-02
441 2.45605468750000e-01 6.03220462799072e-02
442 2.68066406250000e-01 7.18595981597900e-02
443 2.98828125000000e-01 8.92982482910156e-02
444 3.74023437500000e-01 1.39893531799316e-01
445 3.90136718750000e-01 1.52206659317017e-01
446 4.18457031250000e-01 1.75106287002563e-01
447 4.16015625000000e-01 1.73069000244141e-01
448 4.28710937500000e-01 1.83793067932129e-01
449 3.61328125000000e-01 1.30558013916016e-01
450 3.77929687500000e-01 1.42830848693848e-01
451 5.08789062500000e-01 2.58866310119629e-01
452 5.26855468750000e-01 2.77576684951782e-01
453 4.89746093750000e-01 2.39851236343384e-01
454 4.58007812500000e-01 2.09771156311035e-01
455 4.75585937500000e-01 2.26181983947754e-01
456 4.39941406250000e-01 1.93548440933228e-01
457 4.76074218750000e-01 2.26646661758423e-01
458 5.14160156250000e-01 2.64360666275024e-01
459 4.80957031250000e-01 2.31319665908813e-01
460 4.16503906250000e-01 1.73475503921509e-01
461 4.42382812500000e-01 1.95702552795410e-01
462 4.85839843750000e-01 2.36040353775024e-01
463 5.56152343750000e-01 3.09305429458618e-01
464 5.20019531250000e-01 2.70420312881470e-01
465 5.00488281250000e-01 2.50488519668579e-01
466 5.09277343750000e-01 2.59363412857056e-01
467 4.16015625000000e-01 1.73069000244141e-01
468 3.80859375000000e-01 1.45053863525391e-01
469 4.36035156250000e-01 1.90126657485962e-01
470 4.75585937500000e-01 2.26181983947754e-01
471 3.83789062500000e-01 1.47294044494629e-01
472 4.54101562500000e-01 2.06208229064941e-01
473 5.34179687500000e-01 2.85347938537598e-01
474 5.40039062500000e-01 2.91642189025879e-01
475 5.69335937500000e-01 3.24143409729004e-01
476 5.24414062500000e-01 2.75010108947754e-01
477 5.41503906250000e-01 2.93226480484009e-01
478 5.00488281250000e-01 2.50488519668579e-01
479 5.76660156250000e-01 3.32536935806274e-01
480 6.04980468750000e-01 3.66001367568970e-01
481 6.23535156250000e-01 3.88796091079712e-01
482 6.28417968750000e-01 3.94909143447876e-01
483 6.01562500000000e-01 3.61877441406250e-01
484 5.95703125000000e-01 3.54862213134766e-01
485 5.92285156250000e-01 3.50801706314087e-01
486 5.98632812500000e-01 3.58361244201660e-01
487 5.87402343750000e-01 3.45041513442993e-01
488 6.62597656250000e-01 4.39035654067993e-01
489 6.27441406250000e-01 3.93682718276978e-01
490 6.03027343750000e-01 3.63641977310181e-01
491 6.07910156250000e-01 3.69554758071899e-01
492 5.65429687500000e-01 3.19710731506348e-01
493 5.56152343750000e-01 3.09305429458618e-01
494 6.45996093750000e-01 4.17310953140259e-01
495 6.58203125000000e-01 4.33231353759766e-01
496 7.01660156250000e-01 4.92326974868774e-01
497 6.94335937500000e-01 4.82102394104004e-01
498 6.87500000000000e-01 4.72656250000000e-01
499 7.00195312500000e-01 4.90273475646973e-01
500 7.09960937500000e-01 5.04044532775879e-01
501 7.24121093750000e-01 5.24351358413696e-01
502 7.27539062500000e-01 5.29313087463379e-01
503 6.87011718750000e-01 4.71985101699829e-01
504 6.94824218750000e-01 4.82780694961548e-01
505 6.94824218750000e-01 4.82780694961548e-01
506 6.99218750000000e-01 4.88906860351562e-01
507 7.08496093750000e-01 5.01966714859009e-01
508 7.05078125000000e-01 4.97135162353516e-01
509 6.44531250000000e-01 4.15420532226562e-01
510 6.22070312500000e-01 3.86971473693848e-01
511 6.02050781250000e-01 3.62465143203735e-01
512 6.04003906250000e-01 3.64820718765259e-01
513 6.31347656250000e-01 3.98599863052368e-01
514 6.81152343750000e-01 4.63968515396118e-01
515 6.16210937500000e-01 3.79715919494629e-01
516 6.63085937500000e-01 4.39682960510254e-01
517 6.79687500000000e-01 4.61975097656250e-01
518 6.98242187500000e-01 4.87542152404785e-01
519 7.17773437500000e-01 5.15198707580566e-01
520 6.40136718750000e-01 4.09775018692017e-01
521 6.78710937500000e-01 4.60648536682129e-01
522 6.71875000000000e-01 4.51416015625000e-01
523 6.80664062500000e-01 4.63303565979004e-01
524 6.26464843750000e-01 3.92458200454712e-01
525 5.87402343750000e-01 3.45041513442993e-01
526 6.38183593750000e-01 4.07278299331665e-01
527 6.49414062500000e-01 4.21738624572754e-01
528 6.93359375000000e-01 4.80747222900391e-01
529 6.26953125000000e-01 3.93070220947266e-01
530 6.57226562500000e-01 4.31946754455566e-01
531 6.18164062500000e-01 3.82126808166504e-01
532 6.35253906250000e-01 4.03547525405884e-01
533 5.84960937500000e-01 3.42179298400879e-01
534 6.47460937500000e-01 4.19205665588379e-01
535 6.41113281250000e-01 4.11026239395142e-01
536 6.51367187500000e-01 4.24279212951660e-01
537 7.01660156250000e-01 4.92326974868774e-01
538 7.30957031250000e-01 5.34298181533813e-01
539 7.16796875000000e-01 5.13797760009766e-01
540 6.70410156250000e-01 4.49449777603149e-01
541 6.91894531250000e-01 4.78718042373657e-01
542 7.67578125000000e-01 5.89176177978516e-01
543 6.72851562500000e-01 4.52729225158691e-01
544 6.85546875000000e-01 4.69974517822266e-01
545 6.71875000000000e-01 4.51416015625000e-01
546 6.63085937500000e-01 4.39682960510254e-01
547 6.85058593750000e-01 4.69305276870728e-01
548 7.06054687500000e-01 4.98513221740723e-01
549 7.09472656250000e-01 5.03351449966431e-01
550 7.07031250000000e-01 4.99893188476562e-01
551 6.77734375000000e-01 4.59323883056641e-01
552 6.32812500000000e-01 4.00451660156250e-01
553 6.39160156250000e-01 4.08525705337524e-01
554 6.75292968750000e-01 4.56020593643188e-01
555 6.63085937500000e-01 4.39682960510254e-01
556 6.28906250000000e-01 3.95523071289062e-01
557 6.70410156250000e-01 4.49449777603149e-01
558 7.09960937500000e-01 5.04044532775879e-01
559 6.61621093750000e-01 4.37742471694946e-01
560 6.26953125000000e-01 3.93070220947266e-01
561 5.75683593750000e-01 3.31411600112915e-01
562 6.17675781250000e-01 3.81523370742798e-01
563 5.96191406250000e-01 3.55444192886353e-01
564 5.89355468750000e-01 3.47339868545532e-01
565 5.96679687500000e-01 3.56026649475098e-01
566 5.90332031250000e-01 3.48491907119751e-01
567 5.98144531250000e-01 3.57776880264282e-01
568 5.31738281250000e-01 2.82745599746704e-01
569 5.52246093750000e-01 3.04975748062134e-01
570 5.28808593750000e-01 2.79638528823853e-01
571 4.94628906250000e-01 2.44657754898071e-01
572 5.46875000000000e-01 2.99072265625000e-01
573 5.54199218750000e-01 3.07136774063110e-01
574 5.53222656250000e-01 3.06055307388306e-01
575 4.89257812500000e-01 2.39373207092285e-01
576 5.49804687500000e-01 3.02285194396973e-01
577 5.69824218750000e-01 3.24699640274048e-01
578 5.80078125000000e-01 3.36490631103516e-01
579 5.92285156250000e-01 3.50801706314087e-01
580 6.22558593750000e-01 3.87579202651978e-01
581 6.47949218750000e-01 4.19838190078735e-01
582 6.49414062500000e-01 4.21738624572754e-01
583 6.60156250000000e-01 4.35806274414062e-01
584 6.79199218750000e-01 4.61311578750610e-01
585 6.48437500000000e-01 4.20471191406250e-01
586 7.09960937500000e-01 5.04044532775879e-01
587 6.67968750000000e-01 4.46182250976562e-01
588 7.19238281250000e-01 5.17303705215454e-01
589 6.94335937500000e-01 4.82102394104004e-01
590 6.79199218750000e-01 4.61311578750610e-01
591 7.31445312500000e-01 5.35012245178223e-01
592 6.34277343750000e-01 4.02307748794556e-01
593 6.66015625000000e-01 4.43576812744141e-01
594 6.90917968750000e-01 4.77367639541626e-01
595 6.24511718750000e-01 3.90014886856079e-01
596 6.04980468750000e-01 3.66001367568970e-01
597 5.93261718750000e-01 3.51959466934204e-01
598 6.22070312500000e-01 3.86971473693848e-01
599 6.26953125000000e-01 3.93070220947266e-01
600 6.62109375000000e-01 4.38388824462891e-01
601 6.69433593750000e-01 4.48141336441040e-01
602 7.11425781250000e-01 5.06126642227173e-01
603 7.19726562500000e-01 5.18006324768066e-01
604 6.59179687500000e-01 4.34517860412598e-01
605 6.46484375000000e-01 4.17942047119141e-01
606 6.32324218750000e-01 3.99833917617798e-01
607 6.31835937500000e-01 3.99216651916504e-01
608 6.66015625000000e-01 4.43576812744141e-01
609 7.20703125000000e-01 5.19412994384766e-01
610 7.64648437500000e-01 5.84687232971191e-01
611 7.68066406250000e-01 5.89926004409790e-01
612 7.34863281250000e-01 5.40024042129517e-01
613 7.38769531250000e-01 5.45780420303345e-01
614 6.91406250000000e-01 4.78042602539062e-01
615 7.25097656250000e-01 5.25766611099243e-01
616 7.30957031250000e-01 5.34298181533813e-01
617 7.19726562500000e-01 5.18006324768066e-01
618 6.85546875000000e-01 4.69974517822266e-01
619 7.37792968750000e-01 5.44338464736938e-01
620 6.98730468750000e-01 4.88224267959595e-01
621 6.68945312500000e-01 4.47487831115723e-01
622 7.19726562500000e-01 5.18006324768066e-01
623 6.83105468750000e-01 4.66633081436157e-01
624 6.45019531250000e-01 4.16050195693970e-01
625 6.45507812500000e-01 4.16680335998535e-01
626 6.36718750000000e-01 4.05410766601562e-01
627 6.20117187500000e-01 3.84545326232910e-01
628 6.12792968750000e-01 3.75515222549438e-01
629 5.69335937500000e-01 3.24143409729004e-01
630 4.78027343750000e-01 2.28510141372681e-01
631 4.63378906250000e-01 2.14720010757446e-01
632 4.54101562500000e-01 2.06208229064941e-01
633 4.77050781250000e-01 2.27577447891235e-01
634 5.38085937500000e-01 2.89536476135254e-01
635 4.55566406250000e-01 2.07540750503540e-01
636 4.37500000000000e-01 1.91406250000000e-01
637 3.91113281250000e-01 1.52969598770142e-01
638 3.46191406250000e-01 1.19848489761353e-01
639 3.44726562500000e-01 1.18836402893066e-01
640 3.83789062500000e-01 1.47294044494629e-01
641 3.22753906250000e-01 1.04170083999634e-01
642 4.26757812500000e-01 1.82122230529785e-01
643 4.81933593750000e-01 2.32259988784790e-01
644 5.38085937500000e-01 2.89536476135254e-01
645 5.71777343750000e-01 3.26929330825806e-01
646 5.67871093750000e-01 3.22477579116821e-01
647 5.35644531250000e-01 2.86915063858032e-01
648 5.78613281250000e-01 3.34793329238892e-01
649 6.08398437500000e-01 3.70148658752441e-01
650 5.98144531250000e-01 3.57776880264282e-01
651 7.11425781250000e-01 5.06126642227173e-01
652 7.39746093750000e-01 5.47224283218384e-01
653 7.98339843750000e-01 6.37346506118774e-01
654 7.29980468750000e-01 5.32871484756470e-01
655 7.48046875000000e-01 5.59574127197266e-01
656 7.50000000000000e-01 5.62500000000000e-01
657 7.01171875000000e-01 4.91641998291016e-01
658 6.89453125000000e-01 4.75345611572266e-01
659 5.96191406250000e-01 3.55444192886353e-01
660 6.16210937500000e-01 3.79715919494629e-01
661 6.70898437500000e-01 4.50104713439941e-01
662 6.64062500000000e-01 4.40979003906250e-01
663 6.58203125000000e-01 4.33231353759766e-01
664 6.80175781250000e-01 4.62639093399048e-01
665 7.22167968750000e-01 5.21526575088501e-01
666 6.67968750000000e-01 4.46182250976562e-01
667 6.94824218750000e-01 4.82780694961548e-01
668 6.87011718750000e-01 4.71985101699829e-01
669 6.91406250000000e-01 4.78042602539062e-01
670 6.36718750000000e-01 4.05410766601562e-01
671 6.32812500000000e-01 4.00451660156250e-01
672 6.19628906250000e-01 3.83939981460571e-01
673 6.47949218750000e-01 4.19838190078735e-01
674 6.69433593750000e-01 4.48141336441040e-01
675 6.63574218750000e-01 4.40330743789673e-01
676 6.64062500000000e-01 4.40979003906250e-01
677 6.64062500000000e-01 4.40979003906250e-01
678 7.00195312500000e-01 4.90273475646973e-01
679 7.10449218750000e-01 5.04738092422485e-01
680 7.92968750000000e-01 6.28799438476562e-01
681 7.56835937500000e-01 5.72800636291504e-01
682 7.29980468750000e-01 5.32871484756470e-01
683 7.59277343750000e-01 5.76502084732056e-01
684 7.94921875000000e-01 6.31900787353516e-01
685 7.68066406250000e-01 5.89926004409790e-01
686 7.13378906250000e-01 5.08909463882446e-01
687 6.74316406250000e-01 4.54702615737915e-01
688 7.14355468750000e-01 5.10303735733032e-01
689 7.23144531250000e-01 5.22938013076782e-01
690 6.92871093750000e-01 4.80070352554321e-01
691 7.46582031250000e-01 5.57384729385376e-01
692 6.83593750000000e-01 4.67300415039062e-01
693 6.28417968750000e-01 3.94909143447876e-01
694 6.24023437500000e-01 3.89405250549316e-01
695 6.17675781250000e-01 3.81523370742798e-01
696 6.13281250000000e-01 3.76113891601562e-01
697 6.53808593750000e-01 4.27465677261353e-01
698 6.69433593750000e-01 4.48141336441040e-01
699 6.90917968750000e-01 4.77367639541626e-01
700 6.53320312500000e-01 4.26827430725098e-01
701 6.17187500000000e-01 3.80920410156250e-01
702 6.01074218750000e-01 3.61290216445923e-01
703 5.83007812500000e-01 3.39898109436035e-01
704 6.18652343750000e-01 3.82730722427368e-01
705 5.81542968750000e-01 3.38192224502563e-01
706 5.61523437500000e-01 3.15308570861816e-01
707 5.78613281250000e-01 3.34793329238892e-01
708 5.68359375000000e-01 3.23032379150391e-01
709 6.15722656250000e-01 3.79114389419556e-01
710 6.25976562500000e-01 3.91846656799316e-01
711 5.80566406250000e-01 3.37057352066040e-01
712 6.19628906250000e-01 3.83939981460571e-01
713 6.29394531250000e-01 3.96137475967407e-01
714 6.52832031250000e-01 4.26189661026001e-01
715 6.07421875000000e-01 3.68961334228516e-01
716 6.29882812500000e-01 3.96752357482910e-01
717 6.76757812500000e-01 4.58001136779785e-01
718 6.53808593750000e-01 4.27465677261353e-01
719 6.12792968750000e-01 3.75515222549438e-01
720 6.09375000000000e-01 3.71337890625000e-01
721 5.70800781250000e-01 3.25813531875610e-01
722 5.58105468750000e-01 3.11481714248657e-01
723 5.13671875000000e-01 2.63858795166016e-01
724 4.98046875000000e-01 2.48050689697266e-01
725 5.47363281250000e-01 2.99606561660767e-01
726 5.11718750000000e-01 2.61856079101562e-01
727 4.97070312500000e-01 2.47078895568848e-01
728 4.58007812500000e-01 2.09771156311035e-01
729 4.38964843750000e-01 1.92690134048462e-01
730 4.58007812500000e-01 2.09771156311035e-01
731 4.86816406250000e-01 2.36990213394165e-01
732 4.12109375000000e-01 1.69834136962891e-01
733 4.73632812500000e-01 2.24328041076660e-01
734 4.74121093750000e-01 2.24790811538696e-01
735 4.84375000000000e-01 2.34619140625000e-01
736 4.70214843750000e-01 2.21101999282837e-01
737 4.58007812500000e-01 2.09771156311035e-01
738 4.50683593750000e-01 2.03115701675415e-01
739 4.91699218750000e-01 2.41768121719360e-01
740 4.93164062500000e-01 2.43210792541504e-01
741 5.39550781250000e-01 2.91115045547485e-01
742 5.73730468750000e-01 3.29166650772095e-01
743 5.99609375000000e-01 3.59531402587891e-01
744 6.02050781250000e-01 3.62465143203735e-01
745 5.65429687500000e-01 3.19710731506348e-01
746 5.07324218750000e-01 2.57377862930298e-01
747 5.70312500000000e-01 3.25256347656250e-01
748 5.77636718750000e-01 3.33664178848267e-01
749 6.20605468750000e-01 3.85151147842407e-01
750 6.60644531250000e-01 4.36451196670532e-01
751 6.97753906250000e-01 4.86860513687134e-01
752 6.95800781250000e-01 4.84138727188110e-01
753 6.74804687500000e-01 4.55361366271973e-01
754 6.10839843750000e-01 3.73125314712524e-01
755 6.32324218750000e-01 3.99833917617798e-01
756 6.48437500000000e-01 4.20471191406250e-01
757 6.59667968750000e-01 4.35161828994751e-01
758 7.05078125000000e-01 4.97135162353516e-01
759 7.41210937500000e-01 5.49393653869629e-01
760 7.22656250000000e-01 5.22232055664062e-01
761 6.92871093750000e-01 4.80070352554321e-01
762 6.62109375000000e-01 4.38388824462891e-01
763 7.33886718750000e-01 5.38589715957642e-01
764 7.02636718750000e-01 4.93698358535767e-01
765 6.80175781250000e-01 4.62639093399048e-01
766 7.12890625000000e-01 5.08213043212891e-01
767 6.53808593750000e-01 4.27465677261353e-01
768 6.87500000000000e-01 4.72656250000000e-01
769 6.37207031250000e-01 4.06032800674438e-01
770 6.64550781250000e-01 4.41627740859985e-01
771 6.04980468750000e-01 3.66001367568970e-01
772 5.24414062500000e-01 2.75010108947754e-01
773 5.51757812500000e-01 3.04436683654785e-01
774 5.14160156250000e-01 2.64360666275024e-01
775 4.94628906250000e-01 2.44657754898071e-01
776 5.58105468750000e-01 3.11481714248657e-01
777 5.66406250000000e-01 3.20816040039062e-01
778 6.19140625000000e-01 3.83335113525391e-01
779 6.73828125000000e-01 4.54044342041016e-01
780 6.79687500000000e-01 4.61975097656250e-01
781 6.64550781250000e-01 4.41627740859985e-01
782 6.11816406250000e-01 3.74319314956665e-01
783 5.70800781250000e-01 3.25813531875610e-01
784 5.84960937500000e-01 3.42179298400879e-01
785 5.34667968750000e-01 2.85869836807251e-01
786 5.21972656250000e-01 2.72455453872681e-01
787 5.22460937500000e-01 2.72965431213379e-01
788 5.37109375000000e-01 2.88486480712891e-01
789 5.21972656250000e-01 2.72455453872681e-01
790 5.38085937500000e-01 2.89536476135254e-01
791 5.10742187500000e-01 2.60857582092285e-01
792 5.11718750000000e-01 2.61856079101562e-01
793 4.95117187500000e-01 2.45141029357910e-01
794 5.17578125000000e-01 2.67887115478516e-01
795 5.40527343750000e-01 2.92169809341431e-01
796 5.44921875000000e-01 2.96939849853516e-01
797 5.06347656250000e-01 2.56387948989868e-01
798 5.30273437500000e-01 2.81189918518066e-01
799 6.12792968750000e-01 3.75515222549438e-01
800 6.41113281250000e-01 4.11026239395142e-01
801 6.16699218750000e-01 3.80317926406860e-01
802 5.84960937500000e-01 3.42179298400879e-01
803 6.24511718750000e-01 3.90014886856079e-01
804 6.14746093750000e-01 3.77912759780884e-01
805 6.24511718750000e-01 3.90014886856079e-01
806 6.46484375000000e-01 4.17942047119141e-01
807 6.47460937500000e-01 4.19205665588379e-01
808 6.66992187500000e-01 4.44878578186035e-01
809 6.72851562500000e-01 4.52729225158691e-01
810 6.44531250000000e-01 4.15420532226562e-01
811 5.68359375000000e-01 3.23032379150391e-01
812 5.76171875000000e-01 3.31974029541016e-01
813 6.18652343750000e-01 3.82730722427368e-01
814 6.12304687500000e-01 3.74917030334473e-01
815 6.60156250000000e-01 4.35806274414062e-01
816 5.71289062500000e-01 3.26371192932129e-01
817 6.25000000000000e-01 3.90625000000000e-01
818 5.62988281250000e-01 3.16955804824829e-01
819 4.98046875000000e-01 2.48050689697266e-01
820 5.73242187500000e-01 3.28606605529785e-01
821 5.22949218750000e-01 2.73475885391235e-01
822 4.83398437500000e-01 2.33674049377441e-01
823 4.52148437500000e-01 2.04438209533691e-01
824 4.45312500000000e-01 1.98303222656250e-01
825 4.25781250000000e-01 1.81289672851562e-01
826 4.23828125000000e-01 1.79630279541016e-01
827 3.90136718750000e-01 1.52206659317017e-01
828 3.76953125000000e-01 1.42093658447266e-01
829 3.96484375000000e-01 1.57199859619141e-01
830 4.40917968750000e-01 1.94408655166626e-01
831 4.55078125000000e-01 2.07096099853516e-01
832 4.53613281250000e-01 2.05765008926392e-01
833 5.06347656250000e-01 2.56387948989868e-01
834 4.70214843750000e-01 2.21101999282837e-01
835 4.72656250000000e-01 2.23403930664062e-01
836 4.95117187500000e-01 2.45141029357910e-01
837 5.19042968750000e-01 2.69405603408813e-01
838 4.54101562500000e-01 2.06208229064941e-01
839 4.79492187500000e-01 2.29912757873535e-01
840 4.70214843750000e-01 2.21101999282837e-01
841 4.94628906250000e-01 2.44657754898071e-01
842 5.23925781250000e-01 2.74498224258423e-01
843 5.00488281250000e-01 2.50488519668579e-01
844 4.53125000000000e-01 2.05322265625000e-01
845 4.85351562500000e-01 2.35566139221191e-01
846 4.57031250000000e-01 2.08877563476562e-01
847 4.68261718750000e-01 2.19269037246704e-01
848 4.55566406250000e-01 2.07540750503540e-01
849 4.88281250000000e-01 2.38418579101562e-01
850 4.88281250000000e-01 2.38418579101562e-01
851 4.39453125000000e-01 1.93119049072266e-01
852 4.80957031250000e-01 2.31319665908813e-01
853 4.87792968750000e-01 2.37941980361938e-01
854 4.83398437500000e-01 2.33674049377441e-01
855 4.98046875000000e-01 2.48050689697266e-01
856 4.13085937500000e-01 1.70639991760254e-01
857 4.84375000000000e-01 2.34619140625000e-01
858 4.62890625000000e-01 2.14267730712891e-01
859 3.95996093750000e-01 1.56812906265259e-01
860 3.60351562500000e-01 1.29853248596191e-01
861 2.93457031250000e-01 8.61170291900635e-02
862 3.00781250000000e-01 9.04693603515625e-02
863 1.84082031250000e-01 3.38861942291260e-02
864 1.91406250000000e-01 3.66363525390625e-02
865 1.83593750000000e-01 3.37066650390625e-02
866 2.24121093750000e-01 5.02302646636963e-02
867 2.09960937500000e-01 4.40835952758789e-02
868 2.82714843750000e-01 7.99276828765869e-02
869 2.99804687500000e-01 8.98828506469727e-02
870 2.60742187500000e-01 6.79864883422852e-02
871 2.35839843750000e-01 5.56204319000244e-02
872 2.75878906250000e-01 7.61091709136963e-02
873 3.34960937500000e-01 1.12198829650879e-01
874 3.14941406250000e-01 9.91880893707275e-02
875 2.90527343750000e-01 8.44061374664307e-02
876 2.75878906250000e-01 7.61091709136963e-02
877 2.82714843750000e-01 7.99276828765869e-02
878 2.96875000000000e-01 8.81347656250000e-02
879 3.21289062500000e-01 1.03226661682129e-01
880 3.15429687500000e-01 9.94958877563477e-02
881 3.12988281250000e-01 9.79616641998291e-02
882 2.92968750000000e-01 8.58306884765625e-02
883 3.13964843750000e-01 9.85739231109619e-02
884 2.99804687500000e-01 8.98828506469727e-02
885 2.33886718750000e-01 5.47029972076416e-02
886 2.44628906250000e-01 5.98433017730713e-02
887 2.62695312500000e-01 6.90088272094727e-02
888 3.07617187500000e-01 9.46283340454102e-02
889 2.26562500000000e-01 5.13305664062500e-02
890 2.70019531250000e-01 7.29105472564697e-02
891 2.16308593750000e-01 4.67894077301025e-02
892 2.70507812500000e-01 7.31744766235352e-02
893 2.47070312500000e-01 6.10437393188477e-02
894 1.93359375000000e-01 3.73878479003906e-02
895 1.01562500000000e-01 1.03149414062500e-02
896 6.68945312500000e-02 4.47487831115723e-03
897 1.03515625000000e-01 1.07154846191406e-02
898 1.62109375000000e-01 2.62794494628906e-02
899 1.13769531250000e-01 1.29435062408447e-02
900 1.61132812500000e-01 2.59637832641602e-02
901 1.70410156250000e-01 2.90396213531494e-02
902 1.06933593750000e-01 1.14347934722900e-02
903 8.49609375000000e-02 7.21836090087891e-03
904 1.66015625000000e-02 2.75611877441406e-04
905 2.97851562500000e-02 8.87155532836914e-04
906 1.95312500000000e-02 3.81469726562500e-04
907 1.02539062500000e-02 1.05142593383789e-04
908 2.14843750000000e-02 4.61578369140625e-04
909 8.98437500000000e-02 8.07189941406250e-03
910 8.39843750000000e-02 7.05337524414062e-03
911 7.22656250000000e-02 5.22232055664062e-03
912 5.90820312500000e-02 3.49068641662598e-03
913 9.91210937500000e-02 9.82499122619629e-03
914 1.62597656250000e-01 2.64379978179932e-02
915 1.66015625000000e-01 2.75611877441406e-02
916 1.49902343750000e-01 2.24707126617432e-02
917 1.79199218750000e-01 3.21123600006104e-02
918 2.11425781250000e-01 4.47008609771729e-02
919 2.22656250000000e-01 4.95758056640625e-02
920 2.02636718750000e-01 4.10616397857666e-02
921 2.07519531250000e-01 4.30643558502197e-02
922 2.34863281250000e-01 5.51607608795166e-02
923 2.26074218750000e-01 5.11095523834229e-02
924 2.35351562500000e-01 5.53903579711914e-02
925 1.92871093750000e-01 3.71992588043213e-02
926 2.25097656250000e-01 5.06689548492432e-02
927 1.81640625000000e-01 3.29933166503906e-02
928 1.88476562500000e-01 3.55234146118164e-02
929 1.24511718750000e-01 1.55031681060791e-02
930 1.12792968750000e-01 1.27222537994385e-02
931 1.69921875000000e-01 2.88734436035156e-02
932 1.28906250000000e-01 1.66168212890625e-02
933 2.17285156250000e-01 4.72128391265869e-02
934 1.97753906250000e-01 3.91066074371338e-02
935 2.39746093750000e-01 5.74781894683838e-02
936 2.87109375000000e-01 8.24317932128906e-02
937 3.49609375000000e-01 1.22226715087891e-01
938 3.61816406250000e-01 1.30911111831665e-01
939 3.92578125000000e-01 1.54117584228516e-01
940 3.39843750000000e-01 1.15493774414062e-01
941 2.76855468750000e-01 7.66489505767822e-02
942 2.77832031250000e-01 7.71906375885010e-02
943 3.07617187500000e-01 9.46283340454102e-02
944 3.43261718750000e-01 1.17828607559204e-01
945 3.29101562500000e-01 1.08307838439941e-01
946 2.83691406250000e-01 8.04808139801025e-02
947 2.80273437500000e-01 7.85531997680664e-02
948 2.27050781250000e-01 5.15520572662354e-02
949 2.17773437500000e-01 4.74252700805664e-02
950 1.26953125000000e-01 1.61170959472656e-02
951 1.61132812500000e-01 2.59637832641602e-02
952 1.48437500000000e-01 2.20336914062500e-02
953 1.19628906250000e-01 1.43110752105713e-02
954 2.73925781250000e-01 7.50353336334229e-02
955 2.80273437500000e-01 7.85531997680664e-02
956 3.29101562500000e-01 1.08307838439941e-01
957 3.43261718750000e-01 1.17828607559204e-01
958 3.67187500000000e-01 1.34826660156250e-01
959 3.31542968750000e-01 1.09920740127563e-01
960 3.28613281250000e-01 1.07986688613892e-01
961 3.27148437500000e-01 1.07026100158691e-01
962 2.87109375000000e-01 8.24317932128906e-02
963 3.13476562500000e-01 9.82675552368164e-02
964 3.17871093750000e-01 1.01042032241821e-01
965 2.52441406250000e-01 6.37266635894775e-02
966 2.08496093750000e-01 4.34706211090088e-02
967 1.70410156250000e-01 2.90396213531494e-02
968 1.87011718750000e-01 3.49733829498291e-02
969 1.74804687500000e-01 3.05566787719727e-02
970 2.09472656250000e-01 4.38787937164307e-02
971 1.57714843750000e-01 2.48739719390869e-02
972 1.86035156250000e-01 3.46090793609619e-02
973 1.70410156250000e-01 2.90396213531494e-02
974 1.18164062500000e-01 1.39627456665039e-02
975 1.50390625000000e-01 2.26173400878906e-02
976 1.86035156250000e-01 3.46090793609619e-02
977 1.74804687500000e-01 3.05566787719727e-02
978 1.38183593750000e-01 1.90947055816650e-02
979 1.46972656250000e-01 2.16009616851807e-02
980 1.58691406250000e-01 2.51829624176025e-02
981 1.02050781250000e-01 1.04143619537354e-02
982 1.46972656250000e-01 2.16009616851807e-02
983 9.52148437500000e-02 9.06586647033691e-03
984 9.13085937500000e-02 8.33725929260254e-03
985 1.43554687500000e-01 2.06079483032227e-02
986 1.52343750000000e-01 2.32086181640625e-02
987 1.42578125000000e-01 2.03285217285156e-02
988 1.13281250000000e-01 1.28326416015625e-02
989 1.38671875000000e-01 1.92298889160156e-02
990 1.69433593750000e-01 2.87077426910400e-02
991 1.29394531250000e-01 1.67429447174072e-02
992 2.03125000000000e-01 4.12597656250000e-02
993 1.39160156250000e-01 1.93655490875244e-02
994 8.83789062500000e-02 7.81083106994629e-03
995 5.66406250000000e-02 3.20816040039062e-03
996 4.29687500000000e-02 1.84631347656250e-03
997 5.66406250000000e-02 3.20816040039062e-03
998 1.43554687500000e-01 2.06079483032227e-02
999 9.03320312500000e-02 8.15987586975098e-03
