0 4.74121093750000e-01 2.24790811538696e-01
1 4.54589843750000e-01 2.06651926040649e-01
2 5.07324218750000e-01 2.57377862930298e-01
3 5.55175781250000e-01 3.08220148086548e-01
4 4.87792968750000e-01 2.37941980361938e-01
5 4.42871093750000e-01 1.96134805679321e-01
6 4.24804687500000e-01 1.80459022521973e-01
7 4.15039062500000e-01 1.72257423400879e-01
8 4.46777343750000e-01 1.99609994888306e-01
9 4.04785156250000e-01 1.63851022720337e-01
10 4.64843750000000e-01 2.16079711914062e-01
11 4.80957031250000e-01 2.31319665908813e-01
12 4.82421875000000e-01 2.32730865478516e-01
13 4.94140625000000e-01 2.44174957275391e-01
14 4.54101562500000e-01 2.06208229064941e-01
15 4.22363281250000e-01 1.78390741348267e-01
16 4.80957031250000e-01 2.31319665908813e-01
17 5.15136718750000e-01 2.65365839004517e-01
18 4.36523437500000e-01 1.90552711486816e-01
19 4.18457031250000e-01 1.75106287002563e-01
20 4.16503906250000e-01 1.73475503921509e-01
21 4.39453125000000e-01 1.93119049072266e-01
22 4.85839843750000e-01 2.36040353775024e-01
23 4.42871093750000e-01 1.96134805679321e-01
24 4.94628906250000e-01 2.44657754898071e-01
25 5.23437500000000e-01 2.73986816406250e-01
26 4.63867187500000e-01 2.15172767639160e-01
27 4.76074218750000e-01 2.26646661758423e-01
28 4.59472656250000e-01 2.11115121841431e-01
29 4.33105468750000e-01 1.87580347061157e-01
30 4.06738281250000e-01 1.65436029434204e-01
31 3.86230468750000e-01 1.49173974990845e-01
32 4.15527343750000e-01 1.72662973403931e-01
33 3.23730468750000e-01 1.04801416397095e-01
34 2.86621093750000e-01 8.21516513824463e-02
35 3.32519531250000e-01 1.10569238662720e-01
36 3.32031250000000e-01 1.10244750976562e-01
37 3.86718750000000e-01 1.49551391601562e-01
38 4.14062500000000e-01 1.71447753906250e-01
39 4.10644531250000e-01 1.68628931045532e-01
40 4.64355468750000e-01 2.15626001358032e-01
41 4.84863281250000e-01 2.35092401504517e-01
42 4.46289062500000e-01 1.99173927307129e-01
43 4.63867187500000e-01 2.15172767639160e-01
44 4.84863281250000e-01 2.35092401504517e-01
45 4.80957031250000e-01 2.31319665908813e-01
46 4.23828125000000e-01 1.79630279541016e-01
47 3.67187500000000e-01 1.34826660156250e-01
48 3.62792968750000e-01 1.31618738174438e-01
49 3.55957031250000e-01 1.26705408096313e-01
50 3.63769531250000e-01 1.32328271865845e-01
51 3.50097656250000e-01 1.22568368911743e-01
52 4.08691406250000e-01 1.67028665542603e-01
53 4.00878906250000e-01 1.60703897476196e-01
54 4.48242187500000e-01 2.00921058654785e-01
55 4.34570312500000e-01 1.88851356506348e-01
56 4.21386718750000e-01 1.77566766738892e-01
57 4.06738281250000e-01 1.65436029434204e-01
58 4.48242187500000e-01 2.00921058654785e-01
59 4.80957031250000e-01 2.31319665908813e-01
60 4.51171875000000e-01 2.03556060791016e-01
61 4.95605468750000e-01 2.45624780654907e-01
62 4.55566406250000e-01 2.07540750503540e-01
63 3.74511718750000e-01 1.40259027481079e-01
64 3.89160156250000e-01 1.51445627212524e-01
65 3.86230468750000e-01 1.49173974990845e-01
66 4.49218750000000e-01 2.01797485351562e-01
67 4.48242187500000e-01 2.00921058654785e-01
68 4.91699218750000e-01 2.41768121719360e-01
69 4.49707031250000e-01 2.02236413955688e-01
70 4.20410156250000e-01 1.76744699478149e-01
71 3.99902343750000e-01 1.59921884536743e-01
72 3.59375000000000e-01 1.29150390625000e-01
73 3.69628906250000e-01 1.36625528335571e-01
74 3.18847656250000e-01 1.01663827896118e-01
75 3.34960937500000e-01 1.12198829650879e-01
76 3.22753906250000e-01 1.04170083999634e-01
77 3.90136718750000e-01 1.52206659317017e-01
78 4.42382812500000e-01 1.95702552795410e-01
79 4.84375000000000e-01 2.34619140625000e-01
80 4.96582031250000e-01 2.46593713760376e-01
81 4.67773437500000e-01 2.18811988830566e-01
82 4.91699218750000e-01 2.41768121719360e-01
83 4.87304687500000e-01 2.37465858459473e-01
84 4.53125000000000e-01 2.05322265625000e-01
85 4.97070312500000e-01 2.47078895568848e-01
86 4.63867187500000e-01 2.15172767639160e-01
87 4.36523437500000e-01 1.90552711486816e-01
88 5.13671875000000e-01 2.63858795166016e-01
89 4.25292968750000e-01 1.80874109268188e-01
90 4.62402343750000e-01 2.13815927505493e-01
91 5.05371093750000e-01 2.55399942398071e-01
92 4.70214843750000e-01 2.21101999282837e-01
93 4.19921875000000e-01 1.76334381103516e-01
94 4.44335937500000e-01 1.97434425354004e-01
95 4.47753906250000e-01 2.00483560562134e-01
96 4.64355468750000e-01 2.15626001358032e-01
97 4.81933593750000e-01 2.32259988784790e-01
98 5.00000000000000e-01 2.50000000000000e-01
99 5.68359375000000e-01 3.23032379150391e-01
100 4.91699218750000e-01 2.41768121719360e-01
101 4.85351562500000e-01 2.35566139221191e-01
102 4.73144531250000e-01 2.23865747451782e-01
103 4.59960937500000e-01 2.11564064025879e-01
104 4.25781250000000e-01 1.81289672851562e-01
105 4.30175781250000e-01 1.85051202774048e-01
106 4.35058593750000e-01 1.89275979995728e-01
107 3.80371093750000e-01 1.44682168960571e-01
108 4.22851562500000e-01 1.78803443908691e-01
109 4.28710937500000e-01 1.83793067932129e-01
110 4.79980468750000e-01 2.30381250381470e-01
111 4.62402343750000e-01 2.13815927505493e-01
112 5.01464843750000e-01 2.51466989517212e-01
113 4.12109375000000e-01 1.69834136962891e-01
114 4.60449218750000e-01 2.12013483047485e-01
115 4.13574218750000e-01 1.71043634414673e-01
116 4.17968750000000e-01 1.74697875976562e-01
117 4.68750000000000e-01 2.19726562500000e-01
118 4.44824218750000e-01 1.97868585586548e-01
119 3.68652343750000e-01 1.35904550552368e-01
120 4.07226562500000e-01 1.65833473205566e-01
121 4.51660156250000e-01 2.03996896743774e-01
122 4.60449218750000e-01 2.12013483047485e-01
123 4.28710937500000e-01 1.83793067932129e-01
124 4.89257812500000e-01 2.39373207092285e-01
125 5.79101562500000e-01 3.35358619689941e-01
126 6.39648437500000e-01 4.09150123596191e-01
127 7.43652343750000e-01 5.53018808364868e-01
128 7.84179687500000e-01 6.14937782287598e-01
129 7.70507812500000e-01 5.93682289123535e-01
130 7.11914062500000e-01 5.06821632385254e-01
131 7.09960937500000e-01 5.04044532775879e-01
132 7.25097656250000e-01 5.25766611099243e-01
133 6.89941406250000e-01 4.76019144058228e-01
134 7.20703125000000e-01 5.19412994384766e-01
135 6.31347656250000e-01 3.98599863052368e-01
136 6.81640625000000e-01 4.64633941650391e-01
137 6.46484375000000e-01 4.17942047119141e-01
138 6.42089843750000e-01 4.12279367446899e-01
139 7.03125000000000e-01 4.94384765625000e-01
140 6.87011718750000e-01 4.71985101699829e-01
141 6.73828125000000e-01 4.54044342041016e-01
142 6.44531250000000e-01 4.15420532226562e-01
143 6.50390625000000e-01 4.23007965087891e-01
144 7.67089843750000e-01 5.88426828384399e-01
145 7.50488281250000e-01 5.63232660293579e-01
146 7.38281250000000e-01 5.45059204101562e-01
147 7.42675781250000e-01 5.51567316055298e-01
148 7.26562500000000e-01 5.27893066406250e-01
149 7.28027343750000e-01 5.30023813247681e-01
150 7.44140625000000e-01 5.53745269775391e-01
151 7.57812500000000e-01 5.74279785156250e-01
152 6.97265625000000e-01 4.86179351806641e-01
153 6.75292968750000e-01 4.56020593643188e-01
154 6.72363281250000e-01 4.52072381973267e-01
155 6.83105468750000e-01 4.66633081436157e-01
156 7.27539062500000e-01 5.29313087463379e-01
157 7.51953125000000e-01 5.65433502197266e-01
158 7.46582031250000e-01 5.57384729385376e-01
159 6.97265625000000e-01 4.86179351806641e-01
160 7.06542968750000e-01 4.99202966690063e-01
161 6.73339843750000e-01 4.53386545181274e-01
162 7.14843750000000e-01 5.11001586914062e-01
163 6.64550781250000e-01 4.41627740859985e-01
164 6.22558593750000e-01 3.87579202651978e-01
165 6.87500000000000e-01 4.72656250000000e-01
166 6.80664062500000e-01 4.63303565979004e-01
167 7.27539062500000e-01 5.29313087463379e-01
168 6.95312500000000e-01 4.83459472656250e-01
169 7.10937500000000e-01 5.05432128906250e-01
170 7.21191406250000e-01 5.20117044448853e-01
171 7.27050781250000e-01 5.28602838516235e-01
172 7.25585937500000e-01 5.26474952697754e-01
173 6.45507812500000e-01 4.16680335998535e-01
174 7.15332031250000e-01 5.11699914932251e-01
175 6.92382812500000e-01 4.79393959045410e-01
176 6.27929687500000e-01 3.94295692443848e-01
177 6.15722656250000e-01 3.79114389419556e-01
178 6.25000000000000e-01 3.90625000000000e-01
179 6.54296875000000e-01 4.28104400634766e-01
180 6.43554687500000e-01 4.14162635803223e-01
181 7.04589843750000e-01 4.96446847915649e-01
182 6.76269531250000e-01 4.57340478897095e-01
183 6.69433593750000e-01 4.48141336441040e-01
184 5.80566406250000e-01 3.37057352066040e-01
185 6.93359375000000e-01 4.80747222900391e-01
186 6.80664062500000e-01 4.63303565979004e-01
187 6.94335937500000e-01 4.82102394104004e-01
188 6.51367187500000e-01 4.24279212951660e-01
189 6.90917968750000e-01 4.77367639541626e-01
190 6.78222656250000e-01 4.59985971450806e-01
191 7.41699218750000e-01 5.50117731094360e-01
192 7.13378906250000e-01 5.08909463882446e-01
193 6.30371093750000e-01 3.97367715835571e-01
194 6.62597656250000e-01 4.39035654067993e-01
195 6.96777343750000e-01 4.85498666763306e-01
196 7.54882812500000e-01 5.69848060607910e-01
197 7.17773437500000e-01 5.15198707580566e-01
198 6.07421875000000e-01 3.68961334228516e-01
199 5.68359375000000e-01 3.23032379150391e-01
200 5.82519531250000e-01 3.39329004287720e-01
201 6.29882812500000e-01 3.96752357482910e-01
202 6.05468750000000e-01 3.66592407226562e-01
203 5.91308593750000e-01 3.49645853042603e-01
204 5.58105468750000e-01 3.11481714248657e-01
205 5.91308593750000e-01 3.49645853042603e-01
206 6.05957031250000e-01 3.67183923721313e-01
207 5.90820312500000e-01 3.49068641662598e-01
208 5.81542968750000e-01 3.38192224502563e-01
209 6.04980468750000e-01 3.66001367568970e-01
210 6.65527343750000e-01 4.42926645278931e-01
211 6.93847656250000e-01 4.81424570083618e-01
212 6.84082031250000e-01 4.67968225479126e-01
213 7.29492187500000e-01 5.32158851623535e-01
214 6.58691406250000e-01 4.33874368667603e-01
215 6.64062500000000e-01 4.40979003906250e-01
216 7.03613281250000e-01 4.95071649551392e-01
217 6.49902343750000e-01 4.22373056411743e-01
218 6.52343750000000e-01 4.25552368164062e-01
219 7.27539062500000e-01 5.29313087463379e-01
220 7.43164062500000e-01 5.52292823791504e-01
221 7.08496093750000e-01 5.01966714859009e-01
222 6.52832031250000e-01 4.26189661026001e-01
223 7.02148437500000e-01 4.93012428283691e-01
224 6.56738281250000e-01 4.31305170059204e-01
225 6.18164062500000e-01 3.82126808166504e-01
226 6.74316406250000e-01 4.54702615737915e-01
227 5.89843750000000e-01 3.47915649414062e-01
228 5.81542968750000e-01 3.38192224502563e-01
229 5.49804687500000e-01 3.02285194396973e-01
230 5.55175781250000e-01 3.08220148086548e-01
231 5.68847656250000e-01 3.23587656021118e-01
232 5.43457031250000e-01 2.95345544815063e-01
233 5.93261718750000e-01 3.51959466934204e-01
234 5.96679687500000e-01 3.56026649475098e-01
235 6.14746093750000e-01 3.77912759780884e-01
236 6.36718750000000e-01 4.05410766601562e-01
237 6.58203125000000e-01 4.33231353759766e-01
238 6.38183593750000e-01 4.07278299331665e-01
239 6.12304687500000e-01 3.74917030334473e-01
240 6.05957031250000e-01 3.67183923721313e-01
241 6.37207031250000e-01 4.06032800674438e-01
242 6.53320312500000e-01 4.26827430725098e-01
243 6.20117187500000e-01 3.84545326232910e-01
244 5.79101562500000e-01 3.35358619689941e-01
245 4.70214843750000e-01 2.21101999282837e-01
246 4.35546875000000e-01 1.89701080322266e-01
247 4.58984375000000e-01 2.10666656494141e-01
248 4.46289062500000e-01 1.99173927307129e-01
249 4.39941406250000e-01 1.93548440933228e-01
250 4.21386718750000e-01 1.77566766738892e-01
251 3.92089843750000e-01 1.53734445571899e-01
252 4.12597656250000e-01 1.70236825942993e-01
253 4.10644531250000e-01 1.68628931045532e-01
254 3.76953125000000e-01 1.42093658447266e-01
255 3.88183593750000e-01 1.50686502456665e-01
256 4.29199218750000e-01 1.84211969375610e-01
257 5.20996093750000e-01 2.71436929702759e-01
258 5.37109375000000e-01 2.88486480712891e-01
259 5.75195312500000e-01 3.30849647521973e-01
260 6.81640625000000e-01 4.64633941650391e-01
261 6.70410156250000e-01 4.49449777603149e-01
262 6.96777343750000e-01 4.85498666763306e-01
263 6.84570312500000e-01 4.68636512756348e-01
264 6.80175781250000e-01 4.62639093399048e-01
265 7.72460937500000e-01 5.96695899963379e-01
266 7.60742187500000e-01 5.78728675842285e-01
267 7.50000000000000e-01 5.62500000000000e-01
268 7.13378906250000e-01 5.08909463882446e-01
269 7.12890625000000e-01 5.08213043212891e-01
270 7.03613281250000e-01 4.95071649551392e-01
271 6.74804687500000e-01 4.55361366271973e-01
272 7.52929687500000e-01 5.66903114318848e-01
273 7.90039062500000e-01 6.24161720275879e-01
274 7.33398437500000e-01 5.37873268127441e-01
275 7.63183593750000e-01 5.82449197769165e-01
276 7.19238281250000e-01 5.17303705215454e-01
277 6.66503906250000e-01 4.44227457046509e-01
278 5.91308593750000e-01 3.49645853042603e-01
279 6.29394531250000e-01 3.96137475967407e-01
280 5.72265625000000e-01 3.27487945556641e-01
281 5.69824218750000e-01 3.24699640274048e-01
282 6.16699218750000e-01 3.80317926406860e-01
283 6.68945312500000e-01 4.47487831115723e-01
284 6.38671875000000e-01 4.07901763916016e-01
285 6.53808593750000e-01 4.27465677261353e-01
286 6.51367187500000e-01 4.24279212951660e-01
287 6.81640625000000e-01 4.64633941650391e-01
288 6.64062500000000e-01 4.40979003906250e-01
289 6.05957031250000e-01 3.67183923721313e-01
290 6.12304687500000e-01 3.74917030334473e-01
291 5.98632812500000e-01 3.58361244201660e-01
292 6.77734375000000e-01 4.59323883056641e-01
293 7.16308593750000e-01 5.13098001480103e-01
294 6.84570312500000e-01 4.68636512756348e-01
295 6.28906250000000e-01 3.95523071289062e-01
296 6.87500000000000e-01 4.72656250000000e-01
297 6.98242187500000e-01 4.87542152404785e-01
298 6.97265625000000e-01 4.86179351806641e-01
299 6.76757812500000e-01 4.58001136779785e-01
300 7.17773437500000e-01 5.15198707580566e-01
301 6.94824218750000e-01 4.82780694961548e-01
302 6.66503906250000e-01 4.44227457046509e-01
303 7.04589843750000e-01 4.96446847915649e-01
304 6.85546875000000e-01 4.69974517822266e-01
305 6.87988281250000e-01 4.73327875137329e-01
306 6.58691406250000e-01 4.33874368667603e-01
307 6.63574218750000e-01 4.40330743789673e-01
308 6.76269531250000e-01 4.57340478897095e-01
309 6.71386718750000e-01 4.50760126113892e-01
310 6.20605468750000e-01 3.85151147842407e-01
311 5.93750000000000e-01 3.52539062500000e-01
312 5.28320312500000e-01 2.79122352600098e-01
313 5.54687500000000e-01 3.07678222656250e-01
314 5.48828125000000e-01 3.01212310791016e-01
315 5.39062500000000e-01 2.90588378906250e-01
316 5.62500000000000e-01 3.16406250000000e-01
317 5.72265625000000e-01 3.27487945556641e-01
318 5.28808593750000e-01 2.79638528823853e-01
319 5.31250000000000e-01 2.82226562500000e-01
320 5.18554687500000e-01 2.68898963928223e-01
321 5.41503906250000e-01 2.93226480484009e-01
322 5.87890625000000e-01 3.45615386962891e-01
323 5.86425781250000e-01 3.43895196914673e-01
324 5.69335937500000e-01 3.24143409729004e-01
325 6.38183593750000e-01 4.07278299331665e-01
326 6.23046875000000e-01 3.88187408447266e-01
327 6.76269531250000e-01 4.57340478897095e-01
328 6.87011718750000e-01 4.71985101699829e-01
329 6.17675781250000e-01 3.81523370742798e-01
330 6.62597656250000e-01 4.39035654067993e-01
331 6.86523437500000e-01 4.71314430236816e-01
332 6.79199218750000e-01 4.61311578750610e-01
333 6.27929687500000e-01 3.94295692443848e-01
334 6.54296875000000e-01 4.28104400634766e-01
335 6.38183593750000e-01 4.07278299331665e-01
336 6.24023437500000e-01 3.89405250549316e-01
337 5.54687500000000e-01 3.07678222656250e-01
338 6.44531250000000e-01 4.15420532226562e-01
339 6.69921875000000e-01 4.48795318603516e-01
340 6.88964843750000e-01 4.74672555923462e-01
341 6.85058593750000e-01 4.69305276870728e-01
342 7.10449218750000e-01 5.04738092422485e-01
343 7.45605468750000e-01 5.55927515029907e-01
344 7.02148437500000e-01 4.93012428283691e-01
345 7.06542968750000e-01 4.99202966690063e-01
346 6.63085937500000e-01 4.39682960510254e-01
347 6.07910156250000e-01 3.69554758071899e-01
348 6.27441406250000e-01 3.93682718276978e-01
349 6.80175781250000e-01 4.62639093399048e-01
350 6.66015625000000e-01 4.43576812744141e-01
351 6.70410156250000e-01 4.49449777603149e-01
352 6.72851562500000e-01 4.52729225158691e-01
353 6.70898437500000e-01 4.50104713439941e-01
354 6.60156250000000e-01 4.35806274414062e-01
355 7.11425781250000e-01 5.06126642227173e-01
356 6.31835937500000e-01 3.99216651916504e-01
357 6.19628906250000e-01 3.83939981460571e-01
358 5.63964843750000e-01 3.18056344985962e-01
359 5.15136718750000e-01 2.65365839004517e-01
360 4.91699218750000e-01 2.41768121719360e-01
361 5.18066406250000e-01 2.68392801284790e-01
362 5.72753906250000e-01 3.28047037124634e-01
363 5.90332031250000e-01 3.48491907119751e-01
364 5.59082031250000e-01 3.12572717666626e-01
365 5.34179687500000e-01 2.85347938537598e-01
366 4.88769531250000e-01 2.38895654678345e-01
367 4.28222656250000e-01 1.83374643325806e-01
368 3.69140625000000e-01 1.36264801025391e-01
369 3.92578125000000e-01 1.54117584228516e-01
370 3.86718750000000e-01 1.49551391601562e-01
371 4.37011718750000e-01 1.90979242324829e-01
372 4.31152343750000e-01 1.85892343521118e-01
373 4.65820312500000e-01 2.16988563537598e-01
374 4.46777343750000e-01 1.99609994888306e-01
375 4.37011718750000e-01 1.90979242324829e-01
376 4.07714843750000e-01 1.66231393814087e-01
377 4.19433593750000e-01 1.75924539566040e-01
378 4.59960937500000e-01 2.11564064025879e-01
379 4.33105468750000e-01 1.87580347061157e-01
380 4.64843750000000e-01 2.16079711914062e-01
381 4.71191406250000e-01 2.22021341323853e-01
382 5.05371093750000e-01 2.55399942398071e-01
383 4.68261718750000e-01 2.19269037246704e-01
384 5.02441406250000e-01 2.52447366714478e-01
385 5.19531250000000e-01 2.69912719726562e-01
386 4.74609375000000e-01 2.25254058837891e-01
387 4.72656250000000e-01 2.23403930664062e-01
388 4.41406250000000e-01 1.94839477539062e-01
389 4.78515625000000e-01 2.28977203369141e-01
390 5.04882812500000e-01 2.54906654357910e-01
391 5.58105468750000e-01 3.11481714248657e-01
392 5.45898437500000e-01 2.98005104064941e-01
393 5.88867187500000e-01 3.46764564514160e-01
394 6.13281250000000e-01 3.76113891601562e-01
395 6.47949218750000e-01 4.19838190078735e-01
396 6.52832031250000e-01 4.26189661026001e-01
397 6.17187500000000e-01 3.80920410156250e-01
398 6.25000000000000e-01 3.90625000000000e-01
399 5.99121093750000e-01 3.58946084976196e-01
400 5.72265625000000e-01 3.27487945556641e-01
401 5.98144531250000e-01 3.57776880264282e-01
402 6.30371093750000e-01 3.97367715835571e-01
403 6.25976562500000e-01 3.91846656799316e-01
404 6.46484375000000e-01 4.17942047119141e-01
405 7.06054687500000e-01 4.98513221740723e-01
406 7.44140625000000e-01 5.53745269775391e-01
407 7.47558593750000e-01 5.58843851089478e-01
408 7.56347656250000e-01 5.72061777114868e-01
409 7.09960937500000e-01 5.04044532775879e-01
410 7.66113281250000e-01 5.86929559707642e-01
411 7.85644531250000e-01 6.17237329483032e-01
412 6.68457031250000e-01 4.46834802627563e-01
413 5.93750000000000e-01 3.52539062500000e-01
414 6.61132812500000e-01 4.37096595764160e-01
415 6.58203125000000e-01 4.33231353759766e-01
416 7.44140625000000e-01 5.53745269775391e-01
417 7.36328125000000e-01 5.42179107666016e-01
418 7.77343750000000e-01 6.04263305664062e-01
419 7.94921875000000e-01 6.31900787353516e-01
420 7.76855468750000e-01 6.03504419326782e-01
421 7.14843750000000e-01 5.11001586914062e-01
422 7.33398437500000e-01 5.37873268127441e-01
423 6.78222656250000e-01 4.59985971450806e-01
424 6.56738281250000e-01 4.31305170059204e-01
425 6.51855468750000e-01 4.24915552139282e-01
426 6.36230468750000e-01 4.04789209365845e-01
427 6.47949218750000e-01 4.19838190078735e-01
428 6.14257812500000e-01 3.77312660217285e-01
429 5.76660156250000e-01 3.32536935806274e-01
430 6.57714843750000e-01 4.32588815689087e-01
431 6.75292968750000e-01 4.56020593643188e-01
432 6.38671875000000e-01 4.07901763916016e-01
433 6.34765625000000e-01 4.02927398681641e-01
434 6.92871093750000e-01 4.80070352554321e-01
435 6.48437500000000e-01 4.20471191406250e-01
436 6.56250000000000e-01 4.30664062500000e-01
437 5.57617187500000e-01 3.10936927795410e-01
438 5.89355468750000e-01 3.47339868545532e-01
439 6.28906250000000e-01 3.95523071289062e-01
440 6.20605468750000e-01 3.85151147842407e-01
441 6.38671875000000e-01 4.07901763916016e-01
442 6.73828125000000e-01 4.54044342041016e-01
443 6.52343750000000e-01 4.25552368164062e-01
444 5.97656250000000e-01 3.57192993164062e-01
445 5.98144531250000e-01 3.57776880264282e-01
446 5.41503906250000e-01 2.93226480484009e-01
447 5.41992187500000e-01 2.93755531311035e-01
448 5.49804687500000e-01 3.02285194396973e-01
449 5.29785156250000e-01 2.80672311782837e-01
450 4.72656250000000e-01 2.23403930664062e-01
451 5.14160156250000e-01 2.64360666275024e-01
452 5.81542968750000e-01 3.38192224502563e-01
453 5.34667968750000e-01 2.85869836807251e-01
454 6.06445312500000e-01 3.67775917053223e-01
455 5.68847656250000e-01 3.23587656021118e-01
456 6.08886718750000e-01 3.70743036270142e-01
457 6.11816406250000e-01 3.74319314956665e-01
458 5.97656250000000e-01 3.57192993164062e-01
459 6.20605468750000e-01 3.85151147842407e-01
460 5.87890625000000e-01 3.45615386962891e-01
461 5.19531250000000e-01 2.69912719726562e-01
462 5.22460937500000e-01 2.72965431213379e-01
463 5.55175781250000e-01 3.08220148086548e-01
464 5.51269531250000e-01 3.03898096084595e-01
465 5.51269531250000e-01 3.03898096084595e-01
466 5.90820312500000e-01 3.49068641662598e-01
467 5.87890625000000e-01 3.45615386962891e-01
468 5.69824218750000e-01 3.24699640274048e-01
469 5.17089843750000e-01 2.67381906509399e-01
470 5.27343750000000e-01 2.78091430664062e-01
471 5.78613281250000e-01 3.34793329238892e-01
472 5.62011718750000e-01 3.15857172012329e-01
473 6.19140625000000e-01 3.83335113525391e-01
474 5.29296875000000e-01 2.80155181884766e-01
475 4.70214843750000e-01 2.21101999282837e-01
476 4.65820312500000e-01 2.16988563537598e-01
477 4.76074218750000e-01 2.26646661758423e-01
478 4.58007812500000e-01 2.09771156311035e-01
479 4.81445312500000e-01 2.31789588928223e-01
480 4.39941406250000e-01 1.93548440933228e-01
481 3.97460937500000e-01 1.57975196838379e-01
482 4.43847656250000e-01 1.97000741958618e-01
483 4.50195312500000e-01 2.02675819396973e-01
484 5.22460937500000e-01 2.72965431213379e-01
485 5.46875000000000e-01 2.99072265625000e-01
486 5.33203125000000e-01 2.84305572509766e-01
487 5.49804687500000e-01 3.02285194396973e-01
488 5.52734375000000e-01 3.05515289306641e-01
489 5.40527343750000e-01 2.92169809341431e-01
490 5.61035156250000e-01 3.14760446548462e-01
491 5.15136718750000e-01 2.65365839004517e-01
492 5.09765625000000e-01 2.59860992431641e-01
493 5.39550781250000e-01 2.91115045547485e-01
494 4.66796875000000e-01 2.17899322509766e-01
495 5.65917968750000e-01 3.20263147354126e-01
496 5.27832031250000e-01 2.78606653213501e-01
497 5.32714843750000e-01 2.83785104751587e-01
498 6.01074218750000e-01 3.61290216445923e-01
499 5.41992187500000e-01 2.93755531311035e-01
500 5.22460937500000e-01 2.72965431213379e-01
501 4.54101562500000e-01 2.06208229064941e-01
502 4.78515625000000e-01 2.28977203369141e-01
503 5.41015625000000e-01 2.92697906494141e-01
504 5.30761718750000e-01 2.81708002090454e-01
505 5.41015625000000e-01 2.92697906494141e-01
506 5.79101562500000e-01 3.35358619689941e-01
507 5.75195312500000e-01 3.30849647521973e-01
508 6.10839843750000e-01 3.73125314712524e-01
509 5.57617187500000e-01 3.10936927795410e-01
510 6.56250000000000e-01 4.30664062500000e-01
511 6.70898437500000e-01 4.50104713439941e-01
512 6.90429687500000e-01 4.76693153381348e-01
513 7.36328125000000e-01 5.42179107666016e-01
514 7.28515625000000e-01 5.30735015869141e-01
515 7.22167968750000e-01 5.21526575088501e-01
516 7.51464843750000e-01 5.64699411392212e-01
517 7.07031250000000e-01 4.99893188476562e-01
518 6.72363281250000e-01 4.52072381973267e-01
519 6.31347656250000e-01 3.98599863052368e-01
520 5.87402343750000e-01 3.45041513442993e-01
521 6.50390625000000e-01 4.23007965087891e-01
522 6.59179687500000e-01 4.34517860412598e-01
523 6.68457031250000e-01 4.46834802627563e-01
524 6.92871093750000e-01 4.80070352554321e-01
525 6.52832031250000e-01 4.26189661026001e-01
526 7.12402343750000e-01 5.07517099380493e-01
527 6.88964843750000e-01 4.74672555923462e-01
528 6.78222656250000e-01 4.59985971450806e-01
529 6.07421875000000e-01 3.68961334228516e-01
530 6.05957031250000e-01 3.67183923721313e-01
531 6.33300781250000e-01 4.01069879531860e-01
532 5.74707031250000e-01 3.30288171768188e-01
533 6.14257812500000e-01 3.77312660217285e-01
534 5.98632812500000e-01 3.58361244201660e-01
535 6.31347656250000e-01 3.98599863052368e-01
536 5.85937500000000e-01 3.43322753906250e-01
537 6.29394531250000e-01 3.96137475967407e-01
538 6.19628906250000e-01 3.83939981460571e-01
539 6.06445312500000e-01 3.67775917053223e-01
540 5.93750000000000e-01 3.52539062500000e-01
541 6.25976562500000e-01 3.91846656799316e-01
542 5.87402343750000e-01 3.45041513442993e-01
543 6.08886718750000e-01 3.70743036270142e-01
544 6.16210937500000e-01 3.79715919494629e-01
545 6.41601562500000e-01 4.11652565002441e-01
546 7.02148437500000e-01 4.93012428283691e-01
547 6.18164062500000e-01 3.82126808166504e-01
548 6.56738281250000e-01 4.31305170059204e-01
549 5.48828125000000e-01 3.01212310791016e-01
550 5.74707031250000e-01 3.30288171768188e-01
551 5.36132812500000e-01 2.87438392639160e-01
552 6.36718750000000e-01 4.05410766601562e-01
553 5.56640625000000e-01 3.09848785400391e-01
554 5.30273437500000e-01 2.81189918518066e-01
555 4.71191406250000e-01 2.22021341323853e-01
556 5.79101562500000e-01 3.35358619689941e-01
557 5.71777343750000e-01 3.26929330825806e-01
558 6.02050781250000e-01 3.62465143203735e-01
559 5.85937500000000e-01 3.43322753906250e-01
560 5.85449218750000e-01 3.42750787734985e-01
561 5.88867187500000e-01 3.46764564514160e-01
562 5.58105468750000e-01 3.11481714248657e-01
563 5.75683593750000e-01 3.31411600112915e-01
564 5.72265625000000e-01 3.27487945556641e-01
565 5.48828125000000e-01 3.01212310791016e-01
566 5.34667968750000e-01 2.85869836807251e-01
567 5.60546875000000e-01 3.14212799072266e-01
568 5.51269531250000e-01 3.03898096084595e-01
569 4.87304687500000e-01 2.37465858459473e-01
570 5.24902343750000e-01 2.75522470474243e-01
571 5.68847656250000e-01 3.23587656021118e-01
572 5.69335937500000e-01 3.24143409729004e-01
573 5.83007812500000e-01 3.39898109436035e-01
574 5.54199218750000e-01 3.07136774063110e-01
575 5.41503906250000e-01 2.93226480484009e-01
576 5.86425781250000e-01 3.43895196914673e-01
577 5.99121093750000e-01 3.58946084976196e-01
578 5.46386718750000e-01 2.98538446426392e-01
579 5.46386718750000e-01 2.98538446426392e-01
580 5.00976562500000e-01 2.50977516174316e-01
581 5.36621093750000e-01 2.87962198257446e-01
582 6.00097656250000e-01 3.60117197036743e-01
583 5.99609375000000e-01 3.59531402587891e-01
584 6.18652343750000e-01 3.82730722427368e-01
585 6.22558593750000e-01 3.87579202651978e-01
586 6.43554687500000e-01 4.14162635803223e-01
587 6.14257812500000e-01 3.77312660217285e-01
588 6.13281250000000e-01 3.76113891601562e-01
589 6.87011718750000e-01 4.71985101699829e-01
590 6.41113281250000e-01 4.11026239395142e-01
591 5.75683593750000e-01 3.31411600112915e-01
592 5.47851562500000e-01 3.00141334533691e-01
593 5.37597656250000e-01 2.89011240005493e-01
594 4.83398437500000e-01 2.33674049377441e-01
595 5.07812500000000e-01 2.57873535156250e-01
596 4.92675781250000e-01 2.42729425430298e-01
597 5.37597656250000e-01 2.89011240005493e-01
598 5.36132812500000e-01 2.87438392639160e-01
599 5.04394531250000e-01 2.54413843154907e-01
600 5.18554687500000e-01 2.68898963928223e-01
601 5.07812500000000e-01 2.57873535156250e-01
602 4.98046875000000e-01 2.48050689697266e-01
603 4.49707031250000e-01 2.02236413955688e-01
604 4.29687500000000e-01 1.84631347656250e-01
605 4.37988281250000e-01 1.91833734512329e-01
606 4.67285156250000e-01 2.18355417251587e-01
607 4.69726562500000e-01 2.20643043518066e-01
608 5.20996093750000e-01 2.71436929702759e-01
609 5.08300781250000e-01 2.58369684219360e-01
610 4.94628906250000e-01 2.44657754898071e-01
611 4.58496093750000e-01 2.10218667984009e-01
612 4.50195312500000e-01 2.02675819396973e-01
613 4.84863281250000e-01 2.35092401504517e-01
614 4.79003906250000e-01 2.29444742202759e-01
615 4.17968750000000e-01 1.74697875976562e-01
616 4.78027343750000e-01 2.28510141372681e-01
617 5.47851562500000e-01 3.00141334533691e-01
618 5.20507812500000e-01 2.70928382873535e-01
619 5.36132812500000e-01 2.87438392639160e-01
620 4.98046875000000e-01 2.48050689697266e-01
621 4.71679687500000e-01 2.22481727600098e-01
622 4.71679687500000e-01 2.22481727600098e-01
623 4.57519531250000e-01 2.09324121475220e-01
624 3.97949218750000e-01 1.58363580703735e-01
625 4.30664062500000e-01 1.85471534729004e-01
626 4.18945312500000e-01 1.75515174865723e-01
627 4.76562500000000e-01 2.27111816406250e-01
628 4.26757812500000e-01 1.82122230529785e-01
629 4.50683593750000e-01 2.03115701675415e-01
630 3.73046875000000e-01 1.39163970947266e-01
631 3.16406250000000e-01 1.00112915039062e-01
632 3.50585937500000e-01 1.22910499572754e-01
633 3.69628906250000e-01 1.36625528335571e-01
634 3.52539062500000e-01 1.24283790588379e-01
635 2.74902343750000e-01 7.55712985992432e-02
636 3.17871093750000e-01 1.01042032241821e-01
637 4.45800781250000e-01 1.98738336563110e-01
638 4.80957031250000e-01 2.31319665908813e-01
639 4.52636718750000e-01 2.04879999160767e-01
640 4.12109375000000e-01 1.69834136962891e-01
641 4.33593750000000e-01 1.88003540039062e-01
642 4.36035156250000e-01 1.90126657485962e-01
643 3.79394531250000e-01 1.43940210342407e-01
644 3.75976562500000e-01 1.41358375549316e-01
645 3.45214843750000e-01 1.19173288345337e-01
646 3.51562500000000e-01 1.23596191406250e-01
647 3.72558593750000e-01 1.38799905776978e-01
648 3.46679687500000e-01 1.20186805725098e-01
649 3.39843750000000e-01 1.15493774414062e-01
650 2.95898437500000e-01 8.75558853149414e-02
651 3.03710937500000e-01 9.22403335571289e-02
652 3.57910156250000e-01 1.28099679946899e-01
653 3.22753906250000e-01 1.04170083999634e-01
654 2.67578125000000e-01 7.15980529785156e-02
655 1.31835937500000e-01 1.73807144165039e-02
656 2.41699218750000e-01 5.84185123443604e-02
657 3.11035156250000e-01 9.67428684234619e-02
658 3.09570312500000e-01 9.58337783813477e-02
659 2.91503906250000e-01 8.49745273590088e-02
660 2.41210937500000e-01 5.81827163696289e-02
661 2.91015625000000e-01 8.46900939941406e-02
662 3.21289062500000e-01 1.03226661682129e-01
663 3.13964843750000e-01 9.85739231109619e-02
664 3.16894531250000e-01 1.00422143936157e-01
665 2.86621093750000e-01 8.21516513824463e-02
666 3.12500000000000e-01 9.76562500000000e-02
667 3.16894531250000e-01 1.00422143936157e-01
668 2.46093750000000e-01 6.05621337890625e-02
669 2.36328125000000e-01 5.58509826660156e-02
670 2.17773437500000e-01 4.74252700805664e-02
671 1.65039062500000e-01 2.72378921508789e-02
672 2.43164062500000e-01 5.91287612915039e-02
673 2.99804687500000e-01 8.98828506469727e-02
674 3.18847656250000e-01 1.01663827896118e-01
675 3.25195312500000e-01 1.05751991271973e-01
676 3.14941406250000e-01 9.91880893707275e-02
677 3.62792968750000e-01 1.31618738174438e-01
678 3.73046875000000e-01 1.39163970947266e-01
679 2.62207031250000e-01 6.87525272369385e-02
680 2.11914062500000e-01 4.49075698852539e-02
681 3.22265625000000e-01 1.03855133056641e-01
682 3.29589843750000e-01 1.08629465103149e-01
683 2.90039062500000e-01 8.41226577758789e-02
684 2.82714843750000e-01 7.99276828765869e-02
685 2.55859375000000e-01 6.54640197753906e-02
686 2.34863281250000e-01 5.51607608795166e-02
687 1.85546875000000e-01 3.44276428222656e-02
688 1.27441406250000e-01 1.62413120269775e-02
689 4.83398437500000e-02 2.33674049377441e-03
690 4.29687500000000e-02 1.84631347656250e-03
691 8.59375000000000e-02 7.38525390625000e-03
692 1.04003906250000e-01 1.08168125152588e-02
693 9.91210937500000e-02 9.82499122619629e-03
694 9.47265625000000e-02 8.97312164306641e-03
695 3.90625000000000e-02 1.52587890625000e-03
696 8.30078125000000e-03 6.89029693603516e-05
697 2.19726562500000e-02 4.82797622680664e-04
698 8.20312500000000e-02 6.72912597656250e-03
699 3.80859375000000e-02 1.45053863525391e-03
700 1.61132812500000e-02 2.59637832641602e-04
701 2.44140625000000e-02 5.96046447753906e-04
702 3.61328125000000e-02 1.30558013916016e-03
703 5.85937500000000e-02 3.43322753906250e-03
704 1.44042968750000e-01 2.07483768463135e-02
705 1.07421875000000e-01 1.15394592285156e-02
706 8.39843750000000e-02 7.05337524414062e-03
707 8.00781250000000e-02 6.41250610351562e-03
708 5.22460937500000e-02 2.72965431213379e-03
709 8.54492187500000e-02 7.30156898498535e-03
710 1.33789062500000e-01 1.78995132446289e-02
711 1.39648437500000e-01 1.95016860961914e-02
712 1.30859375000000e-01 1.71241760253906e-02
713 2.73437500000000e-02 7.47680664062500e-04
714 7.22656250000000e-02 5.22232055664062e-03
715 7.08007812500000e-02 5.01275062561035e-03
716 3.46679687500000e-02 1.20186805725098e-03
717 1.95312500000000e-02 3.81469726562500e-04
718 4.68750000000000e-02 2.19726562500000e-03
719 4.29687500000000e-02 1.84631347656250e-03
720 9.76562500000000e-04 9.53674316406250e-07
721 5.81054687500000e-02 3.37624549865723e-03
722 6.34765625000000e-03 4.02927398681641e-05
723 4.98046875000000e-02 2.48050689697266e-03
724 1.85546875000000e-02 3.44276428222656e-04
725 3.22265625000000e-02 1.03855133056641e-03
726 7.61718750000000e-02 5.80215454101562e-03
727 1.13281250000000e-01 1.28326416015625e-02
728 1.47460937500000e-01 2.17447280883789e-02
729 1.57714843750000e-01 2.48739719390869e-02
730 1.19140625000000e-01 1.41944885253906e-02
731 1.53320312500000e-01 2.35071182250977e-02
732 2.15820312500000e-01 4.65784072875977e-02
733 2.09472656250000e-01 4.38787937164307e-02
734 1.52343750000000e-01 2.32086181640625e-02
735 2.16308593750000e-01 4.67894077301025e-02
736 1.05468750000000e-01 1.11236572265625e-02
737 1.43554687500000e-01 2.06079483032227e-02
738 8.88671875000000e-02 7.89737701416016e-03
739 1.70410156250000e-01 2.90396213531494e-02
740 1.53808593750000e-01 2.36570835113525e-02
741 1.33789062500000e-01 1.78995132446289e-02
742 2.73437500000000e-01 7.47680664062500e-02
743 2.25097656250000e-01 5.06689548492432e-02
744 2.23632812500000e-01 5.00116348266602e-02
745 1.94335937500000e-01 3.77664566040039e-02
746 2.02636718750000e-01 4.10616397857666e-02
747 1.98730468750000e-01 3.94937992095947e-02
748 1.89453125000000e-01 3.58924865722656e-02
749 1.60156250000000e-01 2.56500244140625e-02
750 1.52832031250000e-01 2.33576297760010e-02
751 1.39648437500000e-01 1.95016860961914e-02
752 1.77734375000000e-01 3.15895080566406e-02
753 1.19628906250000e-01 1.43110752105713e-02
754 1.34277343750000e-01 1.80304050445557e-02
755 1.77246093750000e-01 3.14161777496338e-02
756 1.45996093750000e-01 2.13148593902588e-02
757 1.14746093750000e-01 1.31666660308838e-02
758 1.00097656250000e-01 1.00195407867432e-02
759 6.83593750000000e-02 4.67300415039062e-03
760 6.98242187500000e-02 4.87542152404785e-03
761 8.83789062500000e-02 7.81083106994629e-03
762 6.25000000000000e-02 3.90625000000000e-03
763 5.27343750000000e-02 2.78091430664062e-03
764 1.46484375000000e-03 2.14576721191406e-06
765 2.63671875000000e-02 6.95228576660156e-04
766 1.95312500000000e-02 3.81469726562500e-04
767 8.69140625000000e-02 7.55405426025391e-03
768 7.17773437500000e-02 5.15198707580566e-03
769 1.14257812500000e-01 1.30548477172852e-02
770 7.66601562500000e-02 5.87677955627441e-03
771 2.34375000000000e-02 5.49316406250000e-04
772 1.14746093750000e-01 1.31666660308838e-02
773 2.83203125000000e-02 8.02040100097656e-04
774 4.05273437500000e-02 1.64246559143066e-03
775 9.76562500000000e-03 9.53674316406250e-05
776 4.88281250000000e-04 2.38418579101562e-07
777 6.49414062500000e-02 4.21738624572754e-03
778 3.85742187500000e-02 1.48797035217285e-03
779 2.44140625000000e-02 5.96046447753906e-04
780 8.30078125000000e-03 6.89029693603516e-05
781 3.90625000000000e-03 1.52587890625000e-05
782 4.34570312500000e-02 1.88851356506348e-03
783 2.58789062500000e-02 6.69717788696289e-04
784 1.00097656250000e-01 1.00195407867432e-02
785 1.21582031250000e-01 1.47821903228760e-02
786 2.05566406250000e-01 4.22575473785400e-02
787 2.13378906250000e-01 4.55305576324463e-02
788 1.65527343750000e-01 2.73993015289307e-02
789 7.42187500000000e-02 5.50842285156250e-03
790 1.27929687500000e-01 1.63660049438477e-02
791 1.67480468750000e-01 2.80497074127197e-02
792 2.22167968750000e-01 4.93586063385010e-02
793 1.89941406250000e-01 3.60777378082275e-02
794 2.46093750000000e-01 6.05621337890625e-02
795 2.59277343750000e-01 6.72247409820557e-02
796 2.77832031250000e-01 7.71906375885010e-02
797 3.26660156250000e-01 1.06706857681274e-01
798 2.90527343750000e-01 8.44061374664307e-02
799 2.42187500000000e-01 5.86547851562500e-02
800 2.31933593750000e-01 5.37931919097900e-02
801 2.47558593750000e-01 6.12852573394775e-02
802 2.41210937500000e-01 5.81827163696289e-02
803 3.12988281250000e-01 9.79616641998291e-02
804 3.39355468750000e-01 1.15162134170532e-01
805 3.00292968750000e-01 9.01758670806885e-02
806 2.27539062500000e-01 5.17740249633789e-02
807 2.33398437500000e-01 5.44748306274414e-02
808 2.08496093750000e-01 4.34706211090088e-02
809 2.26562500000000e-01 5.13305664062500e-02
810 2.46093750000000e-01 6.05621337890625e-02
811 2.72949218750000e-01 7.45012760162354e-02
812 2.81250000000000e-01 7.91015625000000e-02
813 2.57324218750000e-01 6.62157535552979e-02
814 1.86035156250000e-01 3.46090793609619e-02
815 1.39648437500000e-01 1.95016860961914e-02
816 2.00683593750000e-01 4.02739048004150e-02
817 1.55761718750000e-01 2.42617130279541e-02
818 1.91406250000000e-01 3.66363525390625e-02
819 1.30859375000000e-01 1.71241760253906e-02
820 2.47558593750000e-01 6.12852573394775e-02
821 2.04589843750000e-01 4.18570041656494e-02
822 2.95898437500000e-01 8.75558853149414e-02
823 2.80761718750000e-01 7.88271427154541e-02
824 2.80273437500000e-01 7.85531997680664e-02
825 2.46093750000000e-01 6.05621337890625e-02
826 2.50976562500000e-01 6.29892349243164e-02
827 2.68554687500000e-01 7.21216201782227e-02
828 2.68066406250000e-01 7.18595981597900e-02
829 2.55371093750000e-01 6.52143955230713e-02
830 1.78710937500000e-01 3.19375991821289e-02
831 2.19238281250000e-01 4.80654239654541e-02
832 1.87011718750000e-01 3.49733829498291e-02
833 2.10937500000000e-01 4.44946289062500e-02
834 2.63671875000000e-01 6.95228576660156e-02
835 2.24121093750000e-01 5.02302646636963e-02
836 2.62207031250000e-01 6.87525272369385e-02
837 1.63574218750000e-01 2.67565250396729e-02
838 1.59667968750000e-01 2.54938602447510e-02
839 1.24511718750000e-01 1.55031681060791e-02
840 1.38671875000000e-01 1.92298889160156e-02
841 9.81445312500000e-02 9.63234901428223e-03
842 5.02929687500000e-02 2.52938270568848e-03
843 1.01074218750000e-01 1.02159976959229e-02
844 1.48925781250000e-01 2.21788883209229e-02
845 1.17187500000000e-01 1.37329101562500e-02
846 9.96093750000000e-02 9.92202758789062e-03
847 1.37207031250000e-01 1.88257694244385e-02
848 1.42578125000000e-01 2.03285217285156e-02
849 1.70898437500000e-01 2.92062759399414e-02
850 1.99218750000000e-01 3.96881103515625e-02
851 1.53808593750000e-01 2.36570835113525e-02
852 4.10156250000000e-02 1.68228149414062e-03
853 7.42187500000000e-02 5.50842285156250e-03
854 8.39843750000000e-02 7.05337524414062e-03
855 8.49609375000000e-02 7.21836090087891e-03
856 7.22656250000000e-02 5.22232055664062e-03
857 1.37207031250000e-01 1.88257694244385e-02
858 1.40625000000000e-01 1.97753906250000e-02
859 1.50878906250000e-01 2.27644443511963e-02
860 4.93164062500000e-02 2.43210792541504e-03
861 7.66601562500000e-02 5.87677955627441e-03
862 3.61328125000000e-02 1.30558013916016e-03
863 5.85937500000000e-03 3.43322753906250e-05
864 9.76562500000000e-04 9.53674316406250e-07
865 6.83593750000000e-02 4.67300415039062e-03
866 2.14843750000000e-02 4.61578369140625e-04
867 7.81250000000000e-03 6.10351562500000e-05
868 4.88281250000000e-03 2.38418579101562e-05
869 1.22070312500000e-02 1.49011611938477e-04
870 1.41601562500000e-02 2.00510025024414e-04
871 1.31835937500000e-02 1.73807144165039e-04
872 1.46484375000000e-02 2.14576721191406e-04
873 2.63671875000000e-02 6.95228576660156e-04
874 3.71093750000000e-02 1.37710571289062e-03
875 1.85546875000000e-02 3.44276428222656e-04
876 3.22265625000000e-02 1.03855133056641e-03
877 4.10156250000000e-02 1.68228149414062e-03
878 1.24023437500000e-01 1.53818130493164e-02
879 1.32812500000000e-01 1.76391601562500e-02
880 1.71875000000000e-01 2.95410156250000e-02
881 2.20214843750000e-01 4.84945774078369e-02
882 2.76367187500000e-01 7.63788223266602e-02
883 3.23730468750000e-01 1.04801416397095e-01
884 3.21777343750000e-01 1.03540658950806e-01
885 3.81347656250000e-01 1.45426034927368e-01
886 3.95996093750000e-01 1.56812906265259e-01
887 4.16992187500000e-01 1.73882484436035e-01
888 4.03320312500000e-01 1.62667274475098e-01
889 4.63867187500000e-01 2.15172767639160e-01
890 4.62402343750000e-01 2.13815927505493e-01
891 5.12695312500000e-01 2.62856483459473e-01
892 6.10351562500000e-01 3.72529029846191e-01
893 5.76171875000000e-01 3.31974029541016e-01
894 5.78125000000000e-01 3.34228515625000e-01
895 5.28320312500000e-01 2.79122352600098e-01
896 4.82421875000000e-01 2.32730865478516e-01
897 4.37011718750000e-01 1.90979242324829e-01
898 4.24804687500000e-01 1.80459022521973e-01
899 3.64257812500000e-01 1.32683753967285e-01
900 3.96484375000000e-01 1.57199859619141e-01
901 4.43847656250000e-01 1.97000741958618e-01
902 5.17578125000000e-01 2.67887115478516e-01
903 5.33691406250000e-01 2.84826517105103e-01
904 5.72753906250000e-01 3.28047037124634e-01
905 5.31738281250000e-01 2.82745599746704e-01
906 5.99609375000000e-01 3.59531402587891e-01
907 5.31738281250000e-01 2.82745599746704e-01
908 5.17089843750000e-01 2.67381906509399e-01
909 4.87792968750000e-01 2.37941980361938e-01
910 4.97558593750000e-01 2.47564554214478e-01
911 4.69726562500000e-01 2.20643043518066e-01
912 4.67773437500000e-01 2.18811988830566e-01
913 4.42382812500000e-01 1.95702552795410e-01
914 4.78027343750000e-01 2.28510141372681e-01
915 5.00976562500000e-01 2.50977516174316e-01
916 4.63867187500000e-01 2.15172767639160e-01
917 4.75097656250000e-01 2.25717782974243e-01
918 4.64843750000000e-01 2.16079711914062e-01
919 4.55078125000000e-01 2.07096099853516e-01
920 4.56542968750000e-01 2.08431482315063e-01
921 4.87792968750000e-01 2.37941980361938e-01
922 4.41894531250000e-01 1.95270776748657e-01
923 5.25390625000000e-01 2.76035308837891e-01
924 5.26855468750000e-01 2.77576684951782e-01
925 5.64941406250000e-01 3.19158792495728e-01
926 6.57714843750000e-01 4.32588815689087e-01
927 5.73242187500000e-01 3.28606605529785e-01
928 6.28417968750000e-01 3.94909143447876e-01
929 5.96191406250000e-01 3.55444192886353e-01
930 4.94628906250000e-01 2.44657754898071e-01
931 5.36621093750000e-01 2.87962198257446e-01
932 5.44433593750000e-01 2.96407938003540e-01
933 4.98535156250000e-01 2.48537302017212e-01
934 4.83886718750000e-01 2.34146356582642e-01
935 5.17578125000000e-01 2.67887115478516e-01
936 5.70312500000000e-01 3.25256347656250e-01
937 5.59082031250000e-01 3.12572717666626e-01
938 5.67871093750000e-01 3.22477579116821e-01
939 6.09375000000000e-01 3.71337890625000e-01
940 6.16699218750000e-01 3.80317926406860e-01
941 5.99121093750000e-01 3.58946084976196e-01
942 5.69824218750000e-01 3.24699640274048e-01
943 6.37207031250000e-01 4.06032800674438e-01
944 6.14257812500000e-01 3.77312660217285e-01
945 6.34277343750000e-01 4.02307748794556e-01
946 6.35742187500000e-01 4.04168128967285e-01
947 6.27929687500000e-01 3.94295692443848e-01
948 5.82519531250000e-01 3.39329004287720e-01
949 6.12304687500000e-01 3.74917030334473e-01
950 6.36718750000000e-01 4.05410766601562e-01
951 5.80566406250000e-01 3.37057352066040e-01
952 5.89843750000000e-01 3.47915649414062e-01
953 5.50781250000000e-01 3.03359985351562e-01
954 5.42968750000000e-01 2.94815063476562e-01
955 4.68261718750000e-01 2.19269037246704e-01
956 5.28808593750000e-01 2.79638528823853e-01
957 4.63378906250000e-01 2.14720010757446e-01
958 3.77929687500000e-01 1.42830848693848e-01
959 3.15917968750000e-01 9.98041629791260e-02
960 2.19726562500000e-01 4.82797622680664e-02
961 2.43652343750000e-01 5.93664646148682e-02
962 2.32421875000000e-01 5.40199279785156e-02
963 2.22656250000000e-01 4.95758056640625e-02
964 2.05566406250000e-01 4.22575473785400e-02
965 1.87988281250000e-01 3.53395938873291e-02
966 2.68066406250000e-01 7.18595981597900e-02
967 2.50488281250000e-01 6.27443790435791e-02
968 2.72949218750000e-01 7.45012760162354e-02
969 2.88574218750000e-01 8.32750797271729e-02
970 2.53417968750000e-01 6.42206668853760e-02
971 2.56835937500000e-01 6.59646987915039e-02
972 2.71484375000000e-01 7.37037658691406e-02
973 3.10058593750000e-01 9.61363315582275e-02
974 2.61230468750000e-01 6.82413578033447e-02
975 3.29101562500000e-01 1.08307838439941e-01
976 2.82226562500000e-01 7.96518325805664e-02
977 2.76855468750000e-01 7.66489505767822e-02
978 2.99316406250000e-01 8.95903110504150e-02
979 2.12402343750000e-01 4.51147556304932e-02
980 2.71484375000000e-01 7.37037658691406e-02
981 1.81640625000000e-01 3.29933166503906e-02
982 1.80664062500000e-01 3.26395034790039e-02
983 1.77734375000000e-01 3.15895080566406e-02
984 1.99218750000000e-01 3.96881103515625e-02
985 2.34863281250000e-01 5.51607608795166e-02
986 1.98242187500000e-01 3.92999649047852e-02
987 1.95312500000000e-01 3.81469726562500e-02
988 2.31445312500000e-01 5.35669326782227e-02
989 2.31933593750000e-01 5.37931919097900e-02
990 2.52441406250000e-01 6.37266635894775e-02
991 3.21777343750000e-01 1.03540658950806e-01
992 2.09472656250000e-01 4.38787937164307e-02
993 1.88964843750000e-01 3.57077121734619e-02
994 1.68457031250000e-01 2.83777713775635e-02
995 2.11914062500000e-01 4.49075698852539e-02
996 1.94824218750000e-01 3.79564762115479e-02
997 2.31445312500000e-01 5.35669326782227e-02
998 2.73437500000000e-01 7.47680664062500e-02
999 2.26562500000000e-01 5.13305664062500e-02
