0 5.60546875000000e-01 3.14212799072266e-01
1 5.51269531250000e-01 3.03898096084595e-01
2 5.56640625000000e-01 3.09848785400391e-01
3 5.59570312500000e-01 3.13118934631348e-01
4 5.58105468750000e-01 3.11481714248657e-01
5 5.96191406250000e-01 3.55444192886353e-01
6 5.72753906250000e-01 3.28047037124634e-01
7 5.68847656250000e-01 3.23587656021118e-01
8 5.66894531250000e-01 3.21369409561157e-01
9 5.57128906250000e-01 3.10392618179321e-01
10 5.56640625000000e-01 3.09848785400391e-01
11 5.76660156250000e-01 3.32536935806274e-01
12 6.27441406250000e-01 3.93682718276978e-01
13 6.21582031250000e-01 3.86364221572876e-01
14 5.64453125000000e-01 3.18607330322266e-01
15 5.85937500000000e-01 3.43322753906250e-01
16 6.07910156250000e-01 3.69554758071899e-01
17 5.95214843750000e-01 3.54280710220337e-01
18 6.14257812500000e-01 3.77312660217285e-01
19 6.21582031250000e-01 3.86364221572876e-01
20 6.57226562500000e-01 4.31946754455566e-01
21 6.79199218750000e-01 4.61311578750610e-01
22 6.36718750000000e-01 4.05410766601562e-01
23 5.54687500000000e-01 3.07678222656250e-01
24 5.10742187500000e-01 2.60857582092285e-01
25 5.34667968750000e-01 2.85869836807251e-01
26 5.43945312500000e-01 2.95876502990723e-01
27 5.42968750000000e-01 2.94815063476562e-01
28 5.00976562500000e-01 2.50977516174316e-01
29 5.52246093750000e-01 3.04975748062134e-01
30 5.61523437500000e-01 3.15308570861816e-01
31 5.84960937500000e-01 3.42179298400879e-01
32 6.06933593750000e-01 3.68368387222290e-01
33 5.73730468750000e-01 3.29166650772095e-01
34 5.68847656250000e-01 3.23587656021118e-01
35 5.89355468750000e-01 3.47339868545532e-01
36 5.87890625000000e-01 3.45615386962891e-01
37 5.41015625000000e-01 2.92697906494141e-01
38 5.58105468750000e-01 3.11481714248657e-01
39 5.37597656250000e-01 2.89011240005493e-01
40 4.72656250000000e-01 2.23403930664062e-01
41 5.01464843750000e-01 2.51466989517212e-01
42 5.29785156250000e-01 2.80672311782837e-01
43 5.03906250000000e-01 2.53921508789062e-01
44 5.13183593750000e-01 2.63357400894165e-01
45 5.21484375000000e-01 2.71945953369141e-01
46 5.14648437500000e-01 2.64863014221191e-01
47 5.11718750000000e-01 2.61856079101562e-01
48 5.13671875000000e-01 2.63858795166016e-01
49 4.92187500000000e-01 2.42248535156250e-01
50 4.41894531250000e-01 1.95270776748657e-01
51 3.76953125000000e-01 1.42093658447266e-01
52 3.36425781250000e-01 1.13182306289673e-01
53 2.95898437500000e-01 8.75558853149414e-02
54 3.19824218750000e-01 1.02287530899048e-01
55 3.09082031250000e-01 9.55317020416260e-02
56 3.60839843750000e-01 1.30205392837524e-01
57 3.77441406250000e-01 1.42462015151978e-01
58 3.26660156250000e-01 1.06706857681274e-01
59 3.76953125000000e-01 1.42093658447266e-01
60 4.62402343750000e-01 2.13815927505493e-01
61 4.52636718750000e-01 2.04879999160767e-01
62 4.67285156250000e-01 2.18355417251587e-01
63 4.63867187500000e-01 2.15172767639160e-01
64 4.09179687500000e-01 1.67428016662598e-01
65 4.49707031250000e-01 2.02236413955688e-01
66 4.97070312500000e-01 2.47078895568848e-01
67 4.94140625000000e-01 2.44174957275391e-01
68 4.26269531250000e-01 1.81705713272095e-01
69 4.75585937500000e-01 2.26181983947754e-01
70 4.72656250000000e-01 2.23403930664062e-01
71 4.66308593750000e-01 2.17443704605103e-01
72 4.61914062500000e-01 2.13364601135254e-01
73 4.37011718750000e-01 1.90979242324829e-01
74 4.32128906250000e-01 1.86735391616821e-01
75 4.60937500000000e-01 2.12463378906250e-01
76 4.48242187500000e-01 2.00921058654785e-01
77 4.34082031250000e-01 1.88427209854126e-01
78 4.30175781250000e-01 1.85051202774048e-01
79 4.60449218750000e-01 2.12013483047485e-01
80 4.33105468750000e-01 1.87580347061157e-01
81 3.91113281250000e-01 1.52969598770142e-01
82 4.58496093750000e-01 2.10218667984009e-01
83 4.16992187500000e-01 1.73882484436035e-01
84 3.61328125000000e-01 1.30558013916016e-01
85 3.49121093750000e-01 1.21885538101196e-01
86 3.42773437500000e-01 1.17493629455566e-01
87 3.80371093750000e-01 1.44682168960571e-01
88 3.54980468750000e-01 1.26011133193970e-01
89 3.56933593750000e-01 1.27401590347290e-01
90 3.73046875000000e-01 1.39163970947266e-01
91 3.85742187500000e-01 1.48797035217285e-01
92 3.58886718750000e-01 1.28799676895142e-01
93 3.83789062500000e-01 1.47294044494629e-01
94 3.45214843750000e-01 1.19173288345337e-01
95 3.50097656250000e-01 1.22568368911743e-01
96 3.42285156250000e-01 1.17159128189087e-01
97 3.59375000000000e-01 1.29150390625000e-01
98 3.63769531250000e-01 1.32328271865845e-01
99 3.73046875000000e-01 1.39163970947266e-01
100 3.45214843750000e-01 1.19173288345337e-01
101 3.61328125000000e-01 1.30558013916016e-01
102 3.54003906250000e-01 1.25318765640259e-01
103 3.07617187500000e-01 9.46283340454102e-02
104 3.41308593750000e-01 1.16491556167603e-01
105 3.39355468750000e-01 1.15162134170532e-01
106 3.91113281250000e-01 1.52969598770142e-01
107 4.16015625000000e-01 1.73069000244141e-01
108 4.16015625000000e-01 1.73069000244141e-01
109 3.92578125000000e-01 1.54117584228516e-01
110 3.72558593750000e-01 1.38799905776978e-01
111 4.71679687500000e-01 2.22481727600098e-01
112 5.01953125000000e-01 2.51956939697266e-01
113 4.84375000000000e-01 2.34619140625000e-01
114 4.51171875000000e-01 2.03556060791016e-01
115 4.19433593750000e-01 1.75924539566040e-01
116 4.25781250000000e-01 1.81289672851562e-01
117 4.69238281250000e-01 2.20184564590454e-01
118 5.12695312500000e-01 2.62856483459473e-01
119 5.42480468750000e-01 2.94285058975220e-01
120 5.44921875000000e-01 2.96939849853516e-01
121 5.44433593750000e-01 2.96407938003540e-01
122 5.37109375000000e-01 2.88486480712891e-01
123 4.91699218750000e-01 2.41768121719360e-01
124 5.62011718750000e-01 3.15857172012329e-01
125 5.92773437500000e-01 3.51380348205566e-01
126 5.44433593750000e-01 2.96407938003540e-01
127 5.81054687500000e-01 3.37624549865723e-01
128 5.48828125000000e-01 3.01212310791016e-01
129 5.22949218750000e-01 2.73475885391235e-01
130 4.79492187500000e-01 2.29912757873535e-01
131 5.24414062500000e-01 2.75010108947754e-01
132 4.92187500000000e-01 2.42248535156250e-01
133 5.43457031250000e-01 2.95345544815063e-01
134 5.70800781250000e-01 3.25813531875610e-01
135 5.76171875000000e-01 3.31974029541016e-01
136 6.12304687500000e-01 3.74917030334473e-01
137 6.19140625000000e-01 3.83335113525391e-01
138 5.41015625000000e-01 2.92697906494141e-01
139 5.61523437500000e-01 3.15308570861816e-01
140 6.14257812500000e-01 3.77312660217285e-01
141 6.26464843750000e-01 3.92458200454712e-01
142 6.13281250000000e-01 3.76113891601562e-01
143 6.30859375000000e-01 3.97983551025391e-01
144 6.46972656250000e-01 4.18573617935181e-01
145 6.62597656250000e-01 4.39035654067993e-01
146 7.08007812500000e-01 5.01275062561035e-01
147 6.92871093750000e-01 4.80070352554321e-01
148 6.66015625000000e-01 4.43576812744141e-01
149 6.88476562500000e-01 4.73999977111816e-01
150 6.77246093750000e-01 4.58662271499634e-01
151 6.54296875000000e-01 4.28104400634766e-01
152 6.13769531250000e-01 3.76713037490845e-01
153 6.02539062500000e-01 3.63053321838379e-01
154 6.51855468750000e-01 4.24915552139282e-01
155 7.01171875000000e-01 4.91641998291016e-01
156 7.06054687500000e-01 4.98513221740723e-01
157 7.09472656250000e-01 5.03351449966431e-01
158 7.05078125000000e-01 4.97135162353516e-01
159 6.52343750000000e-01 4.25552368164062e-01
160 6.33300781250000e-01 4.01069879531860e-01
161 6.81640625000000e-01 4.64633941650391e-01
162 6.54785156250000e-01 4.28743600845337e-01
163 6.56738281250000e-01 4.31305170059204e-01
164 6.41601562500000e-01 4.11652565002441e-01
165 6.52343750000000e-01 4.25552368164062e-01
166 6.33789062500000e-01 4.01688575744629e-01
167 6.55273437500000e-01 4.29383277893066e-01
168 6.42578125000000e-01 4.12906646728516e-01
169 6.22070312500000e-01 3.86971473693848e-01
170 5.82519531250000e-01 3.39329004287720e-01
171 5.50781250000000e-01 3.03359985351562e-01
172 5.56152343750000e-01 3.09305429458618e-01
173 5.98144531250000e-01 3.57776880264282e-01
174 6.10351562500000e-01 3.72529029846191e-01
175 5.89843750000000e-01 3.47915649414062e-01
176 5.61523437500000e-01 3.15308570861816e-01
177 5.26855468750000e-01 2.77576684951782e-01
178 5.40039062500000e-01 2.91642189025879e-01
179 5.70312500000000e-01 3.25256347656250e-01
180 5.59570312500000e-01 3.13118934631348e-01
181 4.82910156250000e-01 2.33202219009399e-01
182 5.41503906250000e-01 2.93226480484009e-01
183 5.20507812500000e-01 2.70928382873535e-01
184 5.46386718750000e-01 2.98538446426392e-01
185 5.69335937500000e-01 3.24143409729004e-01
186 5.38085937500000e-01 2.89536476135254e-01
187 5.26855468750000e-01 2.77576684951782e-01
188 5.85937500000000e-01 3.43322753906250e-01
189 6.20605468750000e-01 3.85151147842407e-01
190 5.74707031250000e-01 3.30288171768188e-01
191 5.07324218750000e-01 2.57377862930298e-01
192 5.31738281250000e-01 2.82745599746704e-01
193 5.43945312500000e-01 2.95876502990723e-01
194 5.63964843750000e-01 3.18056344985962e-01
195 5.56640625000000e-01 3.09848785400391e-01
196 5.44921875000000e-01 2.96939849853516e-01
197 5.22460937500000e-01 2.72965431213379e-01
198 5.11230468750000e-01 2.61356592178345e-01
199 5.92773437500000e-01 3.51380348205566e-01
200 5.89843750000000e-01 3.47915649414062e-01
201 6.38671875000000e-01 4.07901763916016e-01
202 6.83105468750000e-01 4.66633081436157e-01
203 6.15234375000000e-01 3.78513336181641e-01
204 6.64062500000000e-01 4.40979003906250e-01
205 6.29394531250000e-01 3.96137475967407e-01
206 7.09472656250000e-01 5.03351449966431e-01
207 7.24609375000000e-01 5.25058746337891e-01
208 6.56250000000000e-01 4.30664062500000e-01
209 6.98730468750000e-01 4.88224267959595e-01
210 6.63574218750000e-01 4.40330743789673e-01
211 6.59667968750000e-01 4.35161828994751e-01
212 6.66992187500000e-01 4.44878578186035e-01
213 6.26464843750000e-01 3.92458200454712e-01
214 6.50878906250000e-01 4.23643350601196e-01
215 7.35351562500000e-01 5.40741920471191e-01
216 7.00195312500000e-01 4.90273475646973e-01
217 6.71386718750000e-01 4.50760126113892e-01
218 6.57714843750000e-01 4.32588815689087e-01
219 6.59179687500000e-01 4.34517860412598e-01
220 7.23632812500000e-01 5.23644447326660e-01
221 6.59179687500000e-01 4.34517860412598e-01
222 6.15234375000000e-01 3.78513336181641e-01
223 6.50878906250000e-01 4.23643350601196e-01
224 7.19726562500000e-01 5.18006324768066e-01
225 6.92382812500000e-01 4.79393959045410e-01
226 6.72851562500000e-01 4.52729225158691e-01
227 5.87890625000000e-01 3.45615386962891e-01
228 5.77636718750000e-01 3.33664178848267e-01
229 4.94628906250000e-01 2.44657754898071e-01
230 4.54101562500000e-01 2.06208229064941e-01
231 4.05761718750000e-01 1.64642572402954e-01
232 4.03808593750000e-01 1.63061380386353e-01
233 4.10644531250000e-01 1.68628931045532e-01
234 4.45800781250000e-01 1.98738336563110e-01
235 4.67773437500000e-01 2.18811988830566e-01
236 5.01953125000000e-01 2.51956939697266e-01
237 5.22949218750000e-01 2.73475885391235e-01
238 5.65429687500000e-01 3.19710731506348e-01
239 5.45410156250000e-01 2.97472238540649e-01
240 5.99121093750000e-01 3.58946084976196e-01
241 6.19140625000000e-01 3.83335113525391e-01
242 5.50781250000000e-01 3.03359985351562e-01
243 5.73730468750000e-01 3.29166650772095e-01
244 5.83496093750000e-01 3.40467691421509e-01
245 6.11328125000000e-01 3.73722076416016e-01
246 6.89941406250000e-01 4.76019144058228e-01
247 5.85937500000000e-01 3.43322753906250e-01
248 5.39062500000000e-01 2.90588378906250e-01
249 5.84960937500000e-01 3.42179298400879e-01
250 5.13671875000000e-01 2.63858795166016e-01
251 5.27832031250000e-01 2.78606653213501e-01
252 5.80078125000000e-01 3.36490631103516e-01
253 6.01074218750000e-01 3.61290216445923e-01
254 6.36718750000000e-01 4.05410766601562e-01
255 5.80566406250000e-01 3.37057352066040e-01
256 5.82031250000000e-01 3.38760375976562e-01
257 5.85937500000000e-01 3.43322753906250e-01
258 6.12792968750000e-01 3.75515222549438e-01
259 5.88867187500000e-01 3.46764564514160e-01
260 6.37207031250000e-01 4.06032800674438e-01
261 6.12304687500000e-01 3.74917030334473e-01
262 5.97167968750000e-01 3.56609582901001e-01
263 5.51757812500000e-01 3.04436683654785e-01
264 5.25878906250000e-01 2.76548624038696e-01
265 5.52246093750000e-01 3.04975748062134e-01
266 5.49804687500000e-01 3.02285194396973e-01
267 5.99121093750000e-01 3.58946084976196e-01
268 6.50390625000000e-01 4.23007965087891e-01
269 6.87988281250000e-01 4.73327875137329e-01
270 6.45996093750000e-01 4.17310953140259e-01
271 6.74804687500000e-01 4.55361366271973e-01
272 6.07421875000000e-01 3.68961334228516e-01
273 6.52343750000000e-01 4.25552368164062e-01
274 6.13769531250000e-01 3.76713037490845e-01
275 6.63085937500000e-01 4.39682960510254e-01
276 6.79199218750000e-01 4.61311578750610e-01
277 6.30859375000000e-01 3.97983551025391e-01
278 6.56250000000000e-01 4.30664062500000e-01
279 6.86035156250000e-01 4.70644235610962e-01
280 7.09472656250000e-01 5.03351449966431e-01
281 7.31445312500000e-01 5.35012245178223e-01
282 6.76269531250000e-01 4.57340478897095e-01
283 7.09472656250000e-01 5.03351449966431e-01
284 6.66503906250000e-01 4.44227457046509e-01
285 6.40136718750000e-01 4.09775018692017e-01
286 6.45507812500000e-01 4.16680335998535e-01
287 6.27929687500000e-01 3.94295692443848e-01
288 5.99609375000000e-01 3.59531402587891e-01
289 6.70898437500000e-01 4.50104713439941e-01
290 6.62597656250000e-01 4.39035654067993e-01
291 6.03515625000000e-01 3.64231109619141e-01
292 6.51367187500000e-01 4.24279212951660e-01
293 6.26464843750000e-01 3.92458200454712e-01
294 6.98730468750000e-01 4.88224267959595e-01
295 6.76269531250000e-01 4.57340478897095e-01
296 6.53320312500000e-01 4.26827430725098e-01
297 6.90917968750000e-01 4.77367639541626e-01
298 6.67480468750000e-01 4.45530176162720e-01
299 7.17773437500000e-01 5.15198707580566e-01
300 7.22167968750000e-01 5.21526575088501e-01
301 7.44628906250000e-01 5.54472208023071e-01
302 6.85058593750000e-01 4.69305276870728e-01
303 7.02148437500000e-01 4.93012428283691e-01
304 7.09472656250000e-01 5.03351449966431e-01
305 7.25097656250000e-01 5.25766611099243e-01
306 7.43652343750000e-01 5.53018808364868e-01
307 6.76269531250000e-01 4.57340478897095e-01
308 6.71875000000000e-01 4.51416015625000e-01
309 7.22656250000000e-01 5.22232055664062e-01
310 6.52343750000000e-01 4.25552368164062e-01
311 6.56738281250000e-01 4.31305170059204e-01
312 6.70898437500000e-01 4.50104713439941e-01
313 7.08984375000000e-01 5.02658843994141e-01
314 7.11425781250000e-01 5.06126642227173e-01
315 6.80175781250000e-01 4.62639093399048e-01
316 6.31835937500000e-01 3.99216651916504e-01
317 6.39160156250000e-01 4.08525705337524e-01
318 6.24023437500000e-01 3.89405250549316e-01
319 5.62988281250000e-01 3.16955804824829e-01
320 4.72656250000000e-01 2.23403930664062e-01
321 4.20898437500000e-01 1.77155494689941e-01
322 4.16015625000000e-01 1.73069000244141e-01
323 4.32128906250000e-01 1.86735391616821e-01
324 4.80468750000000e-01 2.30850219726562e-01
325 5.59082031250000e-01 3.12572717666626e-01
326 5.24414062500000e-01 2.75010108947754e-01
327 4.89257812500000e-01 2.39373207092285e-01
328 5.34179687500000e-01 2.85347938537598e-01
329 5.69335937500000e-01 3.24143409729004e-01
330 5.58105468750000e-01 3.11481714248657e-01
331 6.00585937500000e-01 3.60703468322754e-01
332 5.65917968750000e-01 3.20263147354126e-01
333 6.36718750000000e-01 4.05410766601562e-01
334 6.71875000000000e-01 4.51416015625000e-01
335 7.18750000000000e-01 5.16601562500000e-01
336 6.68945312500000e-01 4.47487831115723e-01
337 6.22070312500000e-01 3.86971473693848e-01
338 6.31347656250000e-01 3.98599863052368e-01
339 6.50878906250000e-01 4.23643350601196e-01
340 5.96191406250000e-01 3.55444192886353e-01
341 5.93261718750000e-01 3.51959466934204e-01
342 4.97558593750000e-01 2.47564554214478e-01
343 4.69726562500000e-01 2.20643043518066e-01
344 4.18457031250000e-01 1.75106287002563e-01
345 4.93652343750000e-01 2.43692636489868e-01
346 4.73632812500000e-01 2.24328041076660e-01
347 5.03906250000000e-01 2.53921508789062e-01
348 3.98925781250000e-01 1.59141778945923e-01
349 4.66308593750000e-01 2.17443704605103e-01
350 4.16015625000000e-01 1.73069000244141e-01
351 3.93066406250000e-01 1.54501199722290e-01
352 4.87304687500000e-01 2.37465858459473e-01
353 5.47851562500000e-01 3.00141334533691e-01
354 5.20019531250000e-01 2.70420312881470e-01
355 4.85351562500000e-01 2.35566139221191e-01
356 5.28320312500000e-01 2.79122352600098e-01
357 5.10742187500000e-01 2.60857582092285e-01
358 4.26269531250000e-01 1.81705713272095e-01
359 4.75097656250000e-01 2.25717782974243e-01
360 5.21484375000000e-01 2.71945953369141e-01
361 5.56640625000000e-01 3.09848785400391e-01
362 5.83496093750000e-01 3.40467691421509e-01
363 6.26464843750000e-01 3.92458200454712e-01
364 6.57714843750000e-01 4.32588815689087e-01
365 6.78222656250000e-01 4.59985971450806e-01
366 6.62597656250000e-01 4.39035654067993e-01
367 6.93847656250000e-01 4.81424570083618e-01
368 6.68457031250000e-01 4.46834802627563e-01
369 6.62597656250000e-01 4.39035654067993e-01
370 6.71875000000000e-01 4.51416015625000e-01
371 6.65039062500000e-01 4.42276954650879e-01
372 6.56738281250000e-01 4.31305170059204e-01
373 6.56250000000000e-01 4.30664062500000e-01
374 6.11328125000000e-01 3.73722076416016e-01
375 5.78613281250000e-01 3.34793329238892e-01
376 5.78613281250000e-01 3.34793329238892e-01
377 5.92285156250000e-01 3.50801706314087e-01
378 5.94238281250000e-01 3.53119134902954e-01
379 6.11816406250000e-01 3.74319314956665e-01
380 5.93750000000000e-01 3.52539062500000e-01
381 6.22070312500000e-01 3.86971473693848e-01
382 6.61621093750000e-01 4.37742471694946e-01
383 7.13867187500000e-01 5.09606361389160e-01
384 6.21093750000000e-01 3.85757446289062e-01
385 6.38183593750000e-01 4.07278299331665e-01
386 6.83105468750000e-01 4.66633081436157e-01
387 6.87011718750000e-01 4.71985101699829e-01
388 6.60156250000000e-01 4.35806274414062e-01
389 6.91894531250000e-01 4.78718042373657e-01
390 6.53808593750000e-01 4.27465677261353e-01
391 7.17285156250000e-01 5.14497995376587e-01
392 6.85058593750000e-01 4.69305276870728e-01
393 6.82128906250000e-01 4.65299844741821e-01
394 6.47460937500000e-01 4.19205665588379e-01
395 5.88378906250000e-01 3.46189737319946e-01
396 5.87402343750000e-01 3.45041513442993e-01
397 5.34179687500000e-01 2.85347938537598e-01
398 5.61523437500000e-01 3.15308570861816e-01
399 5.57128906250000e-01 3.10392618179321e-01
400 5.83496093750000e-01 3.40467691421509e-01
401 5.01464843750000e-01 2.51466989517212e-01
402 4.53125000000000e-01 2.05322265625000e-01
403 4.64355468750000e-01 2.15626001358032e-01
404 4.30664062500000e-01 1.85471534729004e-01
405 4.48730468750000e-01 2.01359033584595e-01
406 4.34570312500000e-01 1.88851356506348e-01
407 4.62402343750000e-01 2.13815927505493e-01
408 4.22851562500000e-01 1.78803443908691e-01
409 3.93066406250000e-01 1.54501199722290e-01
410 4.50195312500000e-01 2.02675819396973e-01
411 4.41406250000000e-01 1.94839477539062e-01
412 4.38476562500000e-01 1.92261695861816e-01
413 5.24902343750000e-01 2.75522470474243e-01
414 5.51757812500000e-01 3.04436683654785e-01
415 4.90234375000000e-01 2.40329742431641e-01
416 4.59472656250000e-01 2.11115121841431e-01
417 4.01855468750000e-01 1.61487817764282e-01
418 4.39941406250000e-01 1.93548440933228e-01
419 4.07226562500000e-01 1.65833473205566e-01
420 3.85253906250000e-01 1.48420572280884e-01
421 4.20410156250000e-01 1.76744699478149e-01
422 3.28613281250000e-01 1.07986688613892e-01
423 3.40820312500000e-01 1.16158485412598e-01
424 3.53515625000000e-01 1.24973297119141e-01
425 3.89648437500000e-01 1.51825904846191e-01
426 4.17968750000000e-01 1.74697875976562e-01
427 4.48242187500000e-01 2.00921058654785e-01
428 4.40429687500000e-01 1.93978309631348e-01
429 4.35546875000000e-01 1.89701080322266e-01
430 4.93652343750000e-01 2.43692636489868e-01
431 5.19042968750000e-01 2.69405603408813e-01
432 5.28320312500000e-01 2.79122352600098e-01
433 5.30761718750000e-01 2.81708002090454e-01
434 5.21484375000000e-01 2.71945953369141e-01
435 4.98535156250000e-01 2.48537302017212e-01
436 5.49316406250000e-01 3.01748514175415e-01
437 5.60546875000000e-01 3.14212799072266e-01
438 5.89843750000000e-01 3.47915649414062e-01
439 5.44433593750000e-01 2.96407938003540e-01
440 5.20019531250000e-01 2.70420312881470e-01
441 5.59082031250000e-01 3.12572717666626e-01
442 5.78125000000000e-01 3.34228515625000e-01
443 6.03515625000000e-01 3.64231109619141e-01
444 6.33300781250000e-01 4.01069879531860e-01
445 6.06445312500000e-01 3.67775917053223e-01
446 6.19140625000000e-01 3.83335113525391e-01
447 6.10351562500000e-01 3.72529029846191e-01
448 6.40136718750000e-01 4.09775018692017e-01
449 5.77148437500000e-01 3.33100318908691e-01
450 6.12304687500000e-01 3.74917030334473e-01
451 5.32226562500000e-01 2.83265113830566e-01
452 5.63964843750000e-01 3.18056344985962e-01
453 4.96582031250000e-01 2.46593713760376e-01
454 5.51269531250000e-01 3.03898096084595e-01
455 4.67773437500000e-01 2.18811988830566e-01
456 5.30273437500000e-01 2.81189918518066e-01
457 5.49316406250000e-01 3.01748514175415e-01
458 5.28320312500000e-01 2.79122352600098e-01
459 5.79589843750000e-01 3.35924386978149e-01
460 5.80078125000000e-01 3.36490631103516e-01
461 6.13281250000000e-01 3.76113891601562e-01
462 6.31347656250000e-01 3.98599863052368e-01
463 6.21582031250000e-01 3.86364221572876e-01
464 6.40625000000000e-01 4.10400390625000e-01
465 6.64062500000000e-01 4.40979003906250e-01
466 6.56250000000000e-01 4.30664062500000e-01
467 6.27929687500000e-01 3.94295692443848e-01
468 6.74316406250000e-01 4.54702615737915e-01
469 7.00195312500000e-01 4.90273475646973e-01
470 6.52832031250000e-01 4.26189661026001e-01
471 7.15332031250000e-01 5.11699914932251e-01
472 7.06542968750000e-01 4.99202966690063e-01
473 6.88964843750000e-01 4.74672555923462e-01
474 6.70410156250000e-01 4.49449777603149e-01
475 6.79199218750000e-01 4.61311578750610e-01
476 6.76757812500000e-01 4.58001136779785e-01
477 6.65527343750000e-01 4.42926645278931e-01
478 7.05078125000000e-01 4.97135162353516e-01
479 6.94824218750000e-01 4.82780694961548e-01
480 7.16796875000000e-01 5.13797760009766e-01
481 6.46972656250000e-01 4.18573617935181e-01
482 6.94824218750000e-01 4.82780694961548e-01
483 6.74804687500000e-01 4.55361366271973e-01
484 6.46972656250000e-01 4.18573617935181e-01
485 6.15722656250000e-01 3.79114389419556e-01
486 6.34765625000000e-01 4.02927398681641e-01
487 6.77734375000000e-01 4.59323883056641e-01
488 6.36718750000000e-01 4.05410766601562e-01
489 6.49414062500000e-01 4.21738624572754e-01
490 6.55273437500000e-01 4.29383277893066e-01
491 6.65527343750000e-01 4.42926645278931e-01
492 7.23144531250000e-01 5.22938013076782e-01
493 6.78222656250000e-01 4.59985971450806e-01
494 6.78710937500000e-01 4.60648536682129e-01
495 6.54296875000000e-01 4.28104400634766e-01
496 6.60644531250000e-01 4.36451196670532e-01
497 6.50878906250000e-01 4.23643350601196e-01
498 6.38183593750000e-01 4.07278299331665e-01
499 5.94726562500000e-01 3.53699684143066e-01
500 6.86035156250000e-01 4.70644235610962e-01
501 7.18261718750000e-01 5.15899896621704e-01
502 7.14355468750000e-01 5.10303735733032e-01
503 7.81250000000000e-01 6.10351562500000e-01
504 7.94921875000000e-01 6.31900787353516e-01
505 7.37304687500000e-01 5.43618202209473e-01
506 7.63183593750000e-01 5.82449197769165e-01
507 6.87011718750000e-01 4.71985101699829e-01
508 6.94335937500000e-01 4.82102394104004e-01
509 6.82617187500000e-01 4.65966224670410e-01
510 7.29003906250000e-01 5.31446695327759e-01
511 7.21191406250000e-01 5.20117044448853e-01
512 6.54296875000000e-01 4.28104400634766e-01
513 6.48437500000000e-01 4.20471191406250e-01
514 6.82617187500000e-01 4.65966224670410e-01
515 6.37695312500000e-01 4.06655311584473e-01
516 6.50878906250000e-01 4.23643350601196e-01
517 5.79101562500000e-01 3.35358619689941e-01
518 5.49316406250000e-01 3.01748514175415e-01
519 5.43457031250000e-01 2.95345544815063e-01
520 6.16210937500000e-01 3.79715919494629e-01
521 6.18652343750000e-01 3.82730722427368e-01
522 6.28906250000000e-01 3.95523071289062e-01
523 5.69824218750000e-01 3.24699640274048e-01
524 5.46386718750000e-01 2.98538446426392e-01
525 5.24414062500000e-01 2.75010108947754e-01
526 5.32226562500000e-01 2.83265113830566e-01
527 5.59570312500000e-01 3.13118934631348e-01
528 5.16113281250000e-01 2.66372919082642e-01
529 5.44921875000000e-01 2.96939849853516e-01
530 5.04882812500000e-01 2.54906654357910e-01
531 5.15136718750000e-01 2.65365839004517e-01
532 4.95117187500000e-01 2.45141029357910e-01
533 5.20019531250000e-01 2.70420312881470e-01
534 5.15136718750000e-01 2.65365839004517e-01
535 5.12695312500000e-01 2.62856483459473e-01
536 4.99511718750000e-01 2.49511957168579e-01
537 5.11718750000000e-01 2.61856079101562e-01
538 4.51660156250000e-01 2.03996896743774e-01
539 4.79492187500000e-01 2.29912757873535e-01
540 4.73144531250000e-01 2.23865747451782e-01
541 4.92187500000000e-01 2.42248535156250e-01
542 4.61425781250000e-01 2.12913751602173e-01
543 4.69726562500000e-01 2.20643043518066e-01
544 4.81933593750000e-01 2.32259988784790e-01
545 4.99023437500000e-01 2.49024391174316e-01
546 4.89746093750000e-01 2.39851236343384e-01
547 4.46289062500000e-01 1.99173927307129e-01
548 4.98535156250000e-01 2.48537302017212e-01
549 5.01953125000000e-01 2.51956939697266e-01
550 4.98046875000000e-01 2.48050689697266e-01
551 4.50195312500000e-01 2.02675819396973e-01
552 4.33593750000000e-01 1.88003540039062e-01
553 3.92089843750000e-01 1.53734445571899e-01
554 3.36914062500000e-01 1.13511085510254e-01
555 3.17871093750000e-01 1.01042032241821e-01
556 3.05175781250000e-01 9.31322574615479e-02
557 2.26562500000000e-01 5.13305664062500e-02
558 1.74316406250000e-01 3.03862094879150e-02
559 1.64062500000000e-01 2.69165039062500e-02
560 1.53320312500000e-01 2.35071182250977e-02
561 1.07421875000000e-01 1.15394592285156e-02
562 2.88085937500000e-02 8.29935073852539e-04
563 1.12792968750000e-01 1.27222537994385e-02
564 1.05957031250000e-01 1.12268924713135e-02
565 1.15234375000000e-01 1.32789611816406e-02
566 1.36718750000000e-01 1.86920166015625e-02
567 8.49609375000000e-02 7.21836090087891e-03
568 8.44726562500000e-02 7.13562965393066e-03
569 1.04003906250000e-01 1.08168125152588e-02
570 1.15722656250000e-01 1.33917331695557e-02
571 1.18652343750000e-01 1.40783786773682e-02
572 9.13085937500000e-02 8.33725929260254e-03
573 1.04492187500000e-01 1.09186172485352e-02
574 1.49902343750000e-01 2.24707126617432e-02
575 1.79687500000000e-01 3.22875976562500e-02
576 2.03613281250000e-01 4.14583683013916e-02
577 1.93847656250000e-01 3.75769138336182e-02
578 1.84082031250000e-01 3.38861942291260e-02
579 2.19726562500000e-01 4.82797622680664e-02
580 2.42675781250000e-01 5.88915348052979e-02
581 1.63085937500000e-01 2.65970230102539e-02
582 1.08398437500000e-01 1.17502212524414e-02
583 1.37695312500000e-01 1.89599990844727e-02
584 1.63574218750000e-01 2.67565250396729e-02
585 2.53417968750000e-01 6.42206668853760e-02
586 3.16894531250000e-01 1.00422143936157e-01
587 2.97851562500000e-01 8.87155532836914e-02
588 3.50097656250000e-01 1.22568368911743e-01
589 2.84667968750000e-01 8.10358524322510e-02
590 2.51953125000000e-01 6.34803771972656e-02
591 2.81738281250000e-01 7.93764591217041e-02
592 3.01269531250000e-01 9.07633304595947e-02
593 3.24218750000000e-01 1.05117797851562e-01
594 3.00781250000000e-01 9.04693603515625e-02
595 3.80859375000000e-01 1.45053863525391e-01
596 3.37890625000000e-01 1.14170074462891e-01
597 3.23242187500000e-01 1.04485511779785e-01
598 3.04199218750000e-01 9.25371646881104e-02
599 2.88085937500000e-01 8.29935073852539e-02
600 2.86621093750000e-01 8.21516513824463e-02
601 2.59765625000000e-01 6.74781799316406e-02
602 2.97851562500000e-01 8.87155532836914e-02
603 3.44726562500000e-01 1.18836402893066e-01
604 3.79394531250000e-01 1.43940210342407e-01
605 4.26757812500000e-01 1.82122230529785e-01
606 4.47265625000000e-01 2.00046539306641e-01
607 5.06835937500000e-01 2.56882667541504e-01
608 4.85839843750000e-01 2.36040353775024e-01
609 5.74707031250000e-01 3.30288171768188e-01
610 5.84472656250000e-01 3.41608285903931e-01
611 5.85449218750000e-01 3.42750787734985e-01
612 6.18652343750000e-01 3.82730722427368e-01
613 5.90820312500000e-01 3.49068641662598e-01
614 5.73242187500000e-01 3.28606605529785e-01
615 5.01953125000000e-01 2.51956939697266e-01
616 4.31152343750000e-01 1.85892343521118e-01
617 4.16503906250000e-01 1.73475503921509e-01
618 3.90625000000000e-01 1.52587890625000e-01
619 4.16503906250000e-01 1.73475503921509e-01
620 4.28710937500000e-01 1.83793067932129e-01
621 4.34570312500000e-01 1.88851356506348e-01
622 4.00390625000000e-01 1.60312652587891e-01
623 4.26757812500000e-01 1.82122230529785e-01
624 3.99902343750000e-01 1.59921884536743e-01
625 4.04785156250000e-01 1.63851022720337e-01
626 3.24707031250000e-01 1.05434656143188e-01
627 3.92578125000000e-01 1.54117584228516e-01
628 4.50195312500000e-01 2.02675819396973e-01
629 5.41015625000000e-01 2.92697906494141e-01
630 5.32714843750000e-01 2.83785104751587e-01
631 5.75683593750000e-01 3.31411600112915e-01
632 6.43554687500000e-01 4.14162635803223e-01
633 6.06445312500000e-01 3.67775917053223e-01
634 5.60058593750000e-01 3.13665628433228e-01
635 4.88281250000000e-01 2.38418579101562e-01
636 4.95117187500000e-01 2.45141029357910e-01
637 4.73632812500000e-01 2.24328041076660e-01
638 4.45800781250000e-01 1.98738336563110e-01
639 4.82421875000000e-01 2.32730865478516e-01
640 5.51269531250000e-01 3.03898096084595e-01
641 5.58105468750000e-01 3.11481714248657e-01
642 4.58007812500000e-01 2.09771156311035e-01
643 4.59960937500000e-01 2.11564064025879e-01
644 4.73632812500000e-01 2.24328041076660e-01
645 4.29199218750000e-01 1.84211969375610e-01
646 4.36035156250000e-01 1.90126657485962e-01
647 3.95019531250000e-01 1.56040430068970e-01
648 4.15039062500000e-01 1.72257423400879e-01
649 4.58007812500000e-01 2.09771156311035e-01
650 4.80957031250000e-01 2.31319665908813e-01
651 4.28222656250000e-01 1.83374643325806e-01
652 4.26757812500000e-01 1.82122230529785e-01
653 4.22363281250000e-01 1.78390741348267e-01
654 4.26269531250000e-01 1.81705713272095e-01
655 4.32617187500000e-01 1.87157630920410e-01
656 4.37011718750000e-01 1.90979242324829e-01
657 4.50195312500000e-01 2.02675819396973e-01
658 5.52246093750000e-01 3.04975748062134e-01
659 5.22949218750000e-01 2.73475885391235e-01
660 4.95117187500000e-01 2.45141029357910e-01
661 4.88769531250000e-01 2.38895654678345e-01
662 4.89746093750000e-01 2.39851236343384e-01
663 4.93652343750000e-01 2.43692636489868e-01
664 4.60449218750000e-01 2.12013483047485e-01
665 5.40527343750000e-01 2.92169809341431e-01
666 5.51757812500000e-01 3.04436683654785e-01
667 5.40039062500000e-01 2.91642189025879e-01
668 4.83398437500000e-01 2.33674049377441e-01
669 5.04394531250000e-01 2.54413843154907e-01
670 5.20507812500000e-01 2.70928382873535e-01
671 5.07812500000000e-01 2.57873535156250e-01
672 4.96093750000000e-01 2.46109008789062e-01
673 5.03417968750000e-01 2.53429651260376e-01
674 5.34179687500000e-01 2.85347938537598e-01
675 6.24511718750000e-01 3.90014886856079e-01
676 5.96191406250000e-01 3.55444192886353e-01
677 5.89355468750000e-01 3.47339868545532e-01
678 5.77148437500000e-01 3.33100318908691e-01
679 5.24414062500000e-01 2.75010108947754e-01
680 5.50292968750000e-01 3.02822351455688e-01
681 5.06347656250000e-01 2.56387948989868e-01
682 5.08789062500000e-01 2.58866310119629e-01
683 5.22949218750000e-01 2.73475885391235e-01
684 4.79003906250000e-01 2.29444742202759e-01
685 5.34667968750000e-01 2.85869836807251e-01
686 6.12792968750000e-01 3.75515222549438e-01
687 5.88867187500000e-01 3.46764564514160e-01
688 6.25488281250000e-01 3.91235589981079e-01
689 6.00585937500000e-01 3.60703468322754e-01
690 6.59179687500000e-01 4.34517860412598e-01
691 6.48437500000000e-01 4.20471191406250e-01
692 6.45507812500000e-01 4.16680335998535e-01
693 6.67480468750000e-01 4.45530176162720e-01
694 6.41113281250000e-01 4.11026239395142e-01
695 6.47949218750000e-01 4.19838190078735e-01
696 6.72851562500000e-01 4.52729225158691e-01
697 6.58691406250000e-01 4.33874368667603e-01
698 6.74804687500000e-01 4.55361366271973e-01
699 7.13378906250000e-01 5.08909463882446e-01
700 7.03613281250000e-01 4.95071649551392e-01
701 6.70410156250000e-01 4.49449777603149e-01
702 6.54296875000000e-01 4.28104400634766e-01
703 6.56250000000000e-01 4.30664062500000e-01
704 6.51855468750000e-01 4.24915552139282e-01
705 5.66406250000000e-01 3.20816040039062e-01
706 5.58593750000000e-01 3.12026977539062e-01
707 5.67871093750000e-01 3.22477579116821e-01
708 5.62011718750000e-01 3.15857172012329e-01
709 5.33691406250000e-01 2.84826517105103e-01
710 6.46972656250000e-01 4.18573617935181e-01
711 5.90332031250000e-01 3.48491907119751e-01
712 5.49316406250000e-01 3.01748514175415e-01
713 5.58593750000000e-01 3.12026977539062e-01
714 5.99609375000000e-01 3.59531402587891e-01
715 6.37695312500000e-01 4.06655311584473e-01
716 6.18164062500000e-01 3.82126808166504e-01
717 5.81054687500000e-01 3.37624549865723e-01
718 5.40527343750000e-01 2.92169809341431e-01
719 5.68359375000000e-01 3.23032379150391e-01
720 5.83007812500000e-01 3.39898109436035e-01
721 5.63964843750000e-01 3.18056344985962e-01
722 6.02539062500000e-01 3.63053321838379e-01
723 5.95703125000000e-01 3.54862213134766e-01
724 6.36230468750000e-01 4.04789209365845e-01
725 6.12792968750000e-01 3.75515222549438e-01
726 6.20605468750000e-01 3.85151147842407e-01
727 5.39062500000000e-01 2.90588378906250e-01
728 5.27832031250000e-01 2.78606653213501e-01
729 5.69335937500000e-01 3.24143409729004e-01
730 5.42968750000000e-01 2.94815063476562e-01
731 5.60546875000000e-01 3.14212799072266e-01
732 5.63476562500000e-01 3.17505836486816e-01
733 5.83496093750000e-01 3.40467691421509e-01
734 5.63964843750000e-01 3.18056344985962e-01
735 5.22460937500000e-01 2.72965431213379e-01
736 4.72167968750000e-01 2.22942590713501e-01
737 4.35058593750000e-01 1.89275979995728e-01
738 5.44921875000000e-01 2.96939849853516e-01
739 5.43457031250000e-01 2.95345544815063e-01
740 4.76074218750000e-01 2.26646661758423e-01
741 5.39062500000000e-01 2.90588378906250e-01
742 5.48828125000000e-01 3.01212310791016e-01
743 5.90820312500000e-01 3.49068641662598e-01
744 5.83984375000000e-01 3.41037750244141e-01
745 6.34765625000000e-01 4.02927398681641e-01
746 6.68457031250000e-01 4.46834802627563e-01
747 6.81640625000000e-01 4.64633941650391e-01
748 6.37695312500000e-01 4.06655311584473e-01
749 5.96679687500000e-01 3.56026649475098e-01
750 6.23535156250000e-01 3.88796091079712e-01
751 5.88867187500000e-01 3.46764564514160e-01
752 6.07421875000000e-01 3.68961334228516e-01
753 5.50292968750000e-01 3.02822351455688e-01
754 5.98632812500000e-01 3.58361244201660e-01
755 6.06933593750000e-01 3.68368387222290e-01
756 6.42089843750000e-01 4.12279367446899e-01
757 6.05957031250000e-01 3.67183923721313e-01
758 5.41992187500000e-01 2.93755531311035e-01
759 5.57128906250000e-01 3.10392618179321e-01
760 5.52734375000000e-01 3.05515289306641e-01
761 5.50781250000000e-01 3.03359985351562e-01
762 5.31738281250000e-01 2.82745599746704e-01
763 4.81933593750000e-01 2.32259988784790e-01
764 5.41992187500000e-01 2.93755531311035e-01
765 4.68261718750000e-01 2.19269037246704e-01
766 4.48730468750000e-01 2.01359033584595e-01
767 4.47753906250000e-01 2.00483560562134e-01
768 5.43457031250000e-01 2.95345544815063e-01
769 6.07421875000000e-01 3.68961334228516e-01
770 5.43945312500000e-01 2.95876502990723e-01
771 5.79589843750000e-01 3.35924386978149e-01
772 6.09863281250000e-01 3.71933221817017e-01
773 5.98632812500000e-01 3.58361244201660e-01
774 5.97656250000000e-01 3.57192993164062e-01
775 6.45507812500000e-01 4.16680335998535e-01
776 6.42089843750000e-01 4.12279367446899e-01
777 5.88867187500000e-01 3.46764564514160e-01
778 5.59082031250000e-01 3.12572717666626e-01
779 5.53710937500000e-01 3.06595802307129e-01
780 5.11718750000000e-01 2.61856079101562e-01
781 4.56054687500000e-01 2.07985877990723e-01
782 4.46777343750000e-01 1.99609994888306e-01
783 4.38964843750000e-01 1.92690134048462e-01
784 3.75000000000000e-01 1.40625000000000e-01
785 3.46191406250000e-01 1.19848489761353e-01
786 3.26171875000000e-01 1.06388092041016e-01
787 4.33593750000000e-01 1.88003540039062e-01
788 4.10156250000000e-01 1.68228149414062e-01
789 4.85351562500000e-01 2.35566139221191e-01
790 5.11718750000000e-01 2.61856079101562e-01
791 5.37597656250000e-01 2.89011240005493e-01
792 5.02929687500000e-01 2.52938270568848e-01
793 4.85351562500000e-01 2.35566139221191e-01
794 4.06738281250000e-01 1.65436029434204e-01
795 4.74609375000000e-01 2.25254058837891e-01
796 4.33593750000000e-01 1.88003540039062e-01
797 4.43359375000000e-01 1.96567535400391e-01
798 3.66210937500000e-01 1.34110450744629e-01
799 3.61816406250000e-01 1.30911111831665e-01
800 3.60351562500000e-01 1.29853248596191e-01
801 4.50683593750000e-01 2.03115701675415e-01
802 4.20898437500000e-01 1.77155494689941e-01
803 4.51660156250000e-01 2.03996896743774e-01
804 4.59960937500000e-01 2.11564064025879e-01
805 4.64843750000000e-01 2.16079711914062e-01
806 4.36523437500000e-01 1.90552711486816e-01
807 4.37988281250000e-01 1.91833734512329e-01
808 5.39550781250000e-01 2.91115045547485e-01
809 5.08300781250000e-01 2.58369684219360e-01
810 4.76562500000000e-01 2.27111816406250e-01
811 5.01953125000000e-01 2.51956939697266e-01
812 5.51269531250000e-01 3.03898096084595e-01
813 5.21972656250000e-01 2.72455453872681e-01
814 4.69238281250000e-01 2.20184564590454e-01
815 5.15625000000000e-01 2.65869140625000e-01
816 5.22949218750000e-01 2.73475885391235e-01
817 4.38964843750000e-01 1.92690134048462e-01
818 4.17968750000000e-01 1.74697875976562e-01
819 3.82324218750000e-01 1.46171808242798e-01
820 4.12109375000000e-01 1.69834136962891e-01
821 4.04296875000000e-01 1.63455963134766e-01
822 3.64257812500000e-01 1.32683753967285e-01
823 2.88085937500000e-01 8.29935073852539e-02
824 2.67089843750000e-01 7.13369846343994e-02
825 2.16796875000000e-01 4.70008850097656e-02
826 1.32812500000000e-01 1.76391601562500e-02
827 6.49414062500000e-02 4.21738624572754e-03
828 8.15429687500000e-02 6.64925575256348e-03
829 1.04492187500000e-01 1.09186172485352e-02
830 1.59667968750000e-01 2.54938602447510e-02
831 1.66503906250000e-01 2.77235507965088e-02
832 2.28027343750000e-01 5.19964694976807e-02
833 1.94335937500000e-01 3.77664566040039e-02
834 1.40625000000000e-01 1.97753906250000e-02
835 1.17675781250000e-01 1.38475894927979e-02
836 1.73339843750000e-01 3.00467014312744e-02
837 2.08496093750000e-01 4.34706211090088e-02
838 2.49511718750000e-01 6.22560977935791e-02
839 3.46679687500000e-01 1.20186805725098e-01
840 3.55957031250000e-01 1.26705408096313e-01
841 3.60839843750000e-01 1.30205392837524e-01
842 3.71582031250000e-01 1.38073205947876e-01
843 3.54492187500000e-01 1.25664710998535e-01
844 3.61816406250000e-01 1.30911111831665e-01
845 3.58886718750000e-01 1.28799676895142e-01
846 3.23242187500000e-01 1.04485511779785e-01
847 3.12988281250000e-01 9.79616641998291e-02
848 2.21191406250000e-01 4.89256381988525e-02
849 3.05664062500000e-01 9.34305191040039e-02
850 2.73437500000000e-01 7.47680664062500e-02
851 2.86621093750000e-01 8.21516513824463e-02
852 3.00292968750000e-01 9.01758670806885e-02
853 3.09570312500000e-01 9.58337783813477e-02
854 2.97851562500000e-01 8.87155532836914e-02
855 2.97363281250000e-01 8.84249210357666e-02
856 3.38378906250000e-01 1.14500284194946e-01
857 2.92480468750000e-01 8.55448246002197e-02
858 3.06152343750000e-01 9.37292575836182e-02
859 3.54980468750000e-01 1.26011133193970e-01
860 2.87597656250000e-01 8.27124118804932e-02
861 2.75390625000000e-01 7.58399963378906e-02
862 2.85156250000000e-01 8.13140869140625e-02
863 1.80664062500000e-01 3.26395034790039e-02
864 1.61132812500000e-01 2.59637832641602e-02
865 1.06933593750000e-01 1.14347934722900e-02
866 1.32812500000000e-01 1.76391601562500e-02
867 1.39160156250000e-01 1.93655490875244e-02
868 1.13281250000000e-01 1.28326416015625e-02
869 2.53906250000000e-02 6.44683837890625e-04
870 4.05273437500000e-02 1.64246559143066e-03
871 3.17382812500000e-02 1.00731849670410e-03
872 1.04492187500000e-01 1.09186172485352e-02
873 3.46679687500000e-02 1.20186805725098e-03
874 1.07421875000000e-01 1.15394592285156e-02
875 1.64550781250000e-01 2.70769596099854e-02
876 1.77734375000000e-01 3.15895080566406e-02
877 1.19628906250000e-01 1.43110752105713e-02
878 1.87988281250000e-01 3.53395938873291e-02
879 1.86523437500000e-01 3.47909927368164e-02
880 2.57324218750000e-01 6.62157535552979e-02
881 2.61230468750000e-01 6.82413578033447e-02
882 2.57324218750000e-01 6.62157535552979e-02
883 2.75390625000000e-01 7.58399963378906e-02
884 3.25683593750000e-01 1.06069803237915e-01
885 3.23730468750000e-01 1.04801416397095e-01
886 3.09570312500000e-01 9.58337783813477e-02
887 2.58789062500000e-01 6.69717788696289e-02
888 2.64648437500000e-01 7.00387954711914e-02
889 2.76855468750000e-01 7.66489505767822e-02
890 3.59375000000000e-01 1.29150390625000e-01
891 3.17871093750000e-01 1.01042032241821e-01
892 3.35937500000000e-01 1.12854003906250e-01
893 3.01757812500000e-01 9.10577774047852e-02
894 3.75976562500000e-01 1.41358375549316e-01
895 3.76953125000000e-01 1.42093658447266e-01
896 3.86230468750000e-01 1.49173974990845e-01
897 3.27636718750000e-01 1.07345819473267e-01
898 3.51562500000000e-01 1.23596191406250e-01
899 3.19335937500000e-01 1.01975440979004e-01
900 2.18750000000000e-01 4.78515625000000e-02
901 1.45507812500000e-01 2.11725234985352e-02
902 2.41210937500000e-01 5.81827163696289e-02
903 2.12402343750000e-01 4.51147556304932e-02
904 2.05078125000000e-01 4.20570373535156e-02
905 2.12402343750000e-01 4.51147556304932e-02
906 1.95312500000000e-01 3.81469726562500e-02
907 2.30957031250000e-01 5.33411502838135e-02
908 2.11425781250000e-01 4.47008609771729e-02
909 2.89550781250000e-01 8.38396549224854e-02
910 2.91503906250000e-01 8.49745273590088e-02
911 2.56835937500000e-01 6.59646987915039e-02
912 3.31542968750000e-01 1.09920740127563e-01
913 3.21777343750000e-01 1.03540658950806e-01
914 3.01269531250000e-01 9.07633304595947e-02
915 3.52539062500000e-01 1.24283790588379e-01
916 3.37402343750000e-01 1.13840341567993e-01
917 3.84765625000000e-01 1.48044586181641e-01
918 3.94531250000000e-01 1.55654907226562e-01
919 3.20800781250000e-01 1.02913141250610e-01
920 3.71582031250000e-01 1.38073205947876e-01
921 2.95898437500000e-01 8.75558853149414e-02
922 3.12500000000000e-01 9.76562500000000e-02
923 2.52441406250000e-01 6.37266635894775e-02
924 2.46093750000000e-01 6.05621337890625e-02
925 3.18847656250000e-01 1.01663827896118e-01
926 2.78320312500000e-01 7.74621963500977e-02
927 3.12500000000000e-01 9.76562500000000e-02
928 2.38281250000000e-01 5.67779541015625e-02
929 2.74414062500000e-01 7.53030776977539e-02
930 2.57812500000000e-01 6.64672851562500e-02
931 2.19238281250000e-01 4.80654239654541e-02
932 2.65136718750000e-01 7.02974796295166e-02
933 2.93457031250000e-01 8.61170291900635e-02
934 3.61816406250000e-01 1.30911111831665e-01
935 3.37402343750000e-01 1.13840341567993e-01
936 3.23730468750000e-01 1.04801416397095e-01
937 3.38378906250000e-01 1.14500284194946e-01
938 3.81835937500000e-01 1.45798683166504e-01
939 3.70605468750000e-01 1.37348413467407e-01
940 4.39941406250000e-01 1.93548440933228e-01
941 4.57031250000000e-01 2.08877563476562e-01
942 4.78515625000000e-01 2.28977203369141e-01
943 4.31152343750000e-01 1.85892343521118e-01
944 4.36035156250000e-01 1.90126657485962e-01
945 4.77050781250000e-01 2.27577447891235e-01
946 4.77050781250000e-01 2.27577447891235e-01
947 5.02929687500000e-01 2.52938270568848e-01
948 5.58105468750000e-01 3.11481714248657e-01
949 5.77636718750000e-01 3.33664178848267e-01
950 5.98144531250000e-01 3.57776880264282e-01
951 5.67871093750000e-01 3.22477579116821e-01
952 5.40039062500000e-01 2.91642189025879e-01
953 5.41992187500000e-01 2.93755531311035e-01
954 5.08300781250000e-01 2.58369684219360e-01
955 5.04394531250000e-01 2.54413843154907e-01
956 4.01855468750000e-01 1.61487817764282e-01
957 3.43750000000000e-01 1.18164062500000e-01
958 3.52050781250000e-01 1.23939752578735e-01
959 3.89160156250000e-01 1.51445627212524e-01
960 4.00390625000000e-01 1.60312652587891e-01
961 4.46777343750000e-01 1.99609994888306e-01
962 3.19335937500000e-01 1.01975440979004e-01
963 2.60253906250000e-01 6.77320957183838e-02
964 2.73437500000000e-01 7.47680664062500e-02
965 3.13964843750000e-01 9.85739231109619e-02
966 2.20214843750000e-01 4.84945774078369e-02
967 2.24121093750000e-01 5.02302646636963e-02
968 2.26074218750000e-01 5.11095523834229e-02
969 2.14355468750000e-01 4.59482669830322e-02
970 2.44628906250000e-01 5.98433017730713e-02
971 2.54394531250000e-01 6.47165775299072e-02
972 2.71484375000000e-01 7.37037658691406e-02
973 2.93945312500000e-01 8.64038467407227e-02
974 2.47070312500000e-01 6.10437393188477e-02
975 3.03222656250000e-01 9.19439792633057e-02
976 3.46679687500000e-01 1.20186805725098e-01
977 3.16894531250000e-01 1.00422143936157e-01
978 3.22753906250000e-01 1.04170083999634e-01
979 2.86132812500000e-01 8.18719863891602e-02
980 2.50000000000000e-01 6.25000000000000e-02
981 2.37792968750000e-01 5.65454959869385e-02
982 2.34375000000000e-01 5.49316406250000e-02
983 1.61132812500000e-01 2.59637832641602e-02
984 2.59277343750000e-01 6.72247409820557e-02
985 2.98339843750000e-01 8.90066623687744e-02
986 3.04687500000000e-01 9.28344726562500e-02
987 2.76367187500000e-01 7.63788223266602e-02
988 2.48535156250000e-01 6.17697238922119e-02
989 3.13476562500000e-01 9.82675552368164e-02
990 3.64257812500000e-01 1.32683753967285e-01
991 3.07128906250000e-01 9.43281650543213e-02
992 3.57910156250000e-01 1.28099679946899e-01
993 4.12597656250000e-01 1.70236825942993e-01
994 3.91113281250000e-01 1.52969598770142e-01
995 3.01757812500000e-01 9.10577774047852e-02
996 3.27636718750000e-01 1.07345819473267e-01
997 2.99804687500000e-01 8.98828506469727e-02
998 2.96875000000000e-01 8.81347656250000e-02
999 3.12988281250000e-01 9.79616641998291e-02
