0 6.20117187500000e-01 3.84545326232910e-01
1 6.55761718750000e-01 4.30023431777954e-01
2 6.36230468750000e-01 4.04789209365845e-01
3 6.45507812500000e-01 4.16680335998535e-01
4 5.39550781250000e-01 2.91115045547485e-01
5 5.51757812500000e-01 3.04436683654785e-01
6 5.39550781250000e-01 2.91115045547485e-01
7 5.60058593750000e-01 3.13665628433228e-01
8 5.81542968750000e-01 3.38192224502563e-01
9 5.36621093750000e-01 2.87962198257446e-01
10 5.53222656250000e-01 3.06055307388306e-01
11 5.17578125000000e-01 2.67887115478516e-01
12 4.70214843750000e-01 2.21101999282837e-01
13 4.62890625000000e-01 2.14267730712891e-01
14 4.73632812500000e-01 2.24328041076660e-01
15 4.39941406250000e-01 1.93548440933228e-01
16 4.63378906250000e-01 2.14720010757446e-01
17 4.47753906250000e-01 2.00483560562134e-01
18 3.85742187500000e-01 1.48797035217285e-01
19 3.66699218750000e-01 1.34468317031860e-01
20 3.38378906250000e-01 1.14500284194946e-01
21 3.69140625000000e-01 1.36264801025391e-01
22 3.25683593750000e-01 1.06069803237915e-01
23 3.67187500000000e-01 1.34826660156250e-01
24 3.89648437500000e-01 1.51825904846191e-01
25 3.17382812500000e-01 1.00731849670410e-01
26 3.34960937500000e-01 1.12198829650879e-01
27 3.44238281250000e-01 1.18499994277954e-01
28 3.18359375000000e-01 1.01352691650391e-01
29 3.77441406250000e-01 1.42462015151978e-01
30 3.77929687500000e-01 1.42830848693848e-01
31 3.76464843750000e-01 1.41725778579712e-01
32 3.53027343750000e-01 1.24628305435181e-01
33 3.37402343750000e-01 1.13840341567993e-01
34 3.19335937500000e-01 1.01975440979004e-01
35 4.26269531250000e-01 1.81705713272095e-01
36 3.81347656250000e-01 1.45426034927368e-01
37 3.62304687500000e-01 1.31264686584473e-01
38 3.48144531250000e-01 1.21204614639282e-01
39 3.02246093750000e-01 9.13527011871338e-02
40 2.87109375000000e-01 8.24317932128906e-02
41 3.27636718750000e-01 1.07345819473267e-01
42 3.11035156250000e-01 9.67428684234619e-02
43 2.87597656250000e-01 8.27124118804932e-02
44 2.70019531250000e-01 7.29105472564697e-02
45 2.83203125000000e-01 8.02040100097656e-02
46 2.77343750000000e-01 7.69195556640625e-02
47 3.50585937500000e-01 1.22910499572754e-01
48 3.75976562500000e-01 1.41358375549316e-01
49 3.88183593750000e-01 1.50686502456665e-01
50 3.86230468750000e-01 1.49173974990845e-01
51 4.28222656250000e-01 1.83374643325806e-01
52 5.08300781250000e-01 2.58369684219360e-01
53 4.87304687500000e-01 2.37465858459473e-01
54 4.89746093750000e-01 2.39851236343384e-01
55 4.85839843750000e-01 2.36040353775024e-01
56 4.85839843750000e-01 2.36040353775024e-01
57 5.02929687500000e-01 2.52938270568848e-01
58 5.66894531250000e-01 3.21369409561157e-01
59 5.84960937500000e-01 3.42179298400879e-01
60 5.39550781250000e-01 2.91115045547485e-01
61 5.35156250000000e-01 2.86392211914062e-01
62 5.41015625000000e-01 2.92697906494141e-01
63 5.86914062500000e-01 3.44468116760254e-01
64 6.23535156250000e-01 3.88796091079712e-01
65 6.04980468750000e-01 3.66001367568970e-01
66 5.54199218750000e-01 3.07136774063110e-01
67 6.22558593750000e-01 3.87579202651978e-01
68 6.48925781250000e-01 4.21104669570923e-01
69 6.07910156250000e-01 3.69554758071899e-01
70 5.93261718750000e-01 3.51959466934204e-01
71 5.82519531250000e-01 3.39329004287720e-01
72 5.74218750000000e-01 3.29727172851562e-01
73 5.19531250000000e-01 2.69912719726562e-01
74 5.20019531250000e-01 2.70420312881470e-01
75 5.23437500000000e-01 2.73986816406250e-01
76 5.33203125000000e-01 2.84305572509766e-01
77 5.25878906250000e-01 2.76548624038696e-01
78 4.99023437500000e-01 2.49024391174316e-01
79 4.43359375000000e-01 1.96567535400391e-01
80 4.58007812500000e-01 2.09771156311035e-01
81 4.99511718750000e-01 2.49511957168579e-01
82 4.90722656250000e-01 2.40808725357056e-01
83 4.96582031250000e-01 2.46593713760376e-01
84 5.21972656250000e-01 2.72455453872681e-01
85 5.39550781250000e-01 2.91115045547485e-01
86 5.57128906250000e-01 3.10392618179321e-01
87 5.64941406250000e-01 3.19158792495728e-01
88 5.49804687500000e-01 3.02285194396973e-01
89 5.32226562500000e-01 2.83265113830566e-01
90 5.12695312500000e-01 2.62856483459473e-01
91 5.00488281250000e-01 2.50488519668579e-01
92 5.34667968750000e-01 2.85869836807251e-01
93 5.83984375000000e-01 3.41037750244141e-01
94 5.58593750000000e-01 3.12026977539062e-01
95 5.19531250000000e-01 2.69912719726562e-01
96 5.10253906250000e-01 2.60359048843384e-01
97 5.21972656250000e-01 2.72455453872681e-01
98 5.70312500000000e-01 3.25256347656250e-01
99 5.79589843750000e-01 3.35924386978149e-01
100 5.87402343750000e-01 3.45041513442993e-01
101 5.87890625000000e-01 3.45615386962891e-01
102 6.01074218750000e-01 3.61290216445923e-01
103 5.97656250000000e-01 3.57192993164062e-01
104 5.14160156250000e-01 2.64360666275024e-01
105 5.32226562500000e-01 2.83265113830566e-01
106 4.94628906250000e-01 2.44657754898071e-01
107 4.58496093750000e-01 2.10218667984009e-01
108 4.90722656250000e-01 2.40808725357056e-01
109 5.39550781250000e-01 2.91115045547485e-01
110 5.59570312500000e-01 3.13118934631348e-01
111 5.22460937500000e-01 2.72965431213379e-01
112 4.57519531250000e-01 2.09324121475220e-01
113 4.39941406250000e-01 1.93548440933228e-01
114 4.21386718750000e-01 1.77566766738892e-01
115 5.06347656250000e-01 2.56387948989868e-01
116 4.63867187500000e-01 2.15172767639160e-01
117 4.24804687500000e-01 1.80459022521973e-01
118 4.55078125000000e-01 2.07096099853516e-01
119 4.17968750000000e-01 1.74697875976562e-01
120 4.38964843750000e-01 1.92690134048462e-01
121 3.15917968750000e-01 9.98041629791260e-02
122 2.84179687500000e-01 8.07580947875977e-02
123 2.34375000000000e-01 5.49316406250000e-02
124 2.86621093750000e-01 8.21516513824463e-02
125 2.35839843750000e-01 5.56204319000244e-02
126 2.86621093750000e-01 8.21516513824463e-02
127 3.42285156250000e-01 1.17159128189087e-01
128 2.92480468750000e-01 8.55448246002197e-02
129 2.44140625000000e-01 5.96046447753906e-02
130 2.81738281250000e-01 7.93764591217041e-02
131 2.71972656250000e-01 7.39691257476807e-02
132 3.33007812500000e-01 1.10894203186035e-01
133 3.04687500000000e-01 9.28344726562500e-02
134 3.60351562500000e-01 1.29853248596191e-01
135 3.30078125000000e-01 1.08951568603516e-01
136 3.19824218750000e-01 1.02287530899048e-01
137 3.77929687500000e-01 1.42830848693848e-01
138 3.44726562500000e-01 1.18836402893066e-01
139 2.92968750000000e-01 8.58306884765625e-02
140 3.16894531250000e-01 1.00422143936157e-01
141 3.49121093750000e-01 1.21885538101196e-01
142 3.13476562500000e-01 9.82675552368164e-02
143 2.46093750000000e-01 6.05621337890625e-02
144 3.37402343750000e-01 1.13840341567993e-01
145 2.81250000000000e-01 7.91015625000000e-02
146 2.94433593750000e-01 8.66911411285400e-02
147 2.52441406250000e-01 6.37266635894775e-02
148 2.99316406250000e-01 8.95903110504150e-02
149 3.03222656250000e-01 9.19439792633057e-02
150 2.98339843750000e-01 8.90066623687744e-02
151 3.22753906250000e-01 1.04170083999634e-01
152 3.53515625000000e-01 1.24973297119141e-01
153 3.46679687500000e-01 1.20186805725098e-01
154 3.75000000000000e-01 1.40625000000000e-01
155 3.30566406250000e-01 1.09274148941040e-01
156 3.02246093750000e-01 9.13527011871338e-02
157 3.16406250000000e-01 1.00112915039062e-01
158 2.64648437500000e-01 7.00387954711914e-02
159 2.82714843750000e-01 7.99276828765869e-02
160 1.41113281250000e-01 1.99129581451416e-02
161 1.88964843750000e-01 3.57077121734619e-02
162 1.01074218750000e-01 1.02159976959229e-02
163 7.27539062500000e-02 5.29313087463379e-03
164 1.08886718750000e-01 1.18563175201416e-02
165 1.30859375000000e-01 1.71241760253906e-02
166 9.61914062500000e-02 9.25278663635254e-03
167 1.56250000000000e-02 2.44140625000000e-04
168 6.34765625000000e-03 4.02927398681641e-05
169 7.56835937500000e-02 5.72800636291504e-03
170 7.32421875000000e-02 5.36441802978516e-03
171 5.37109375000000e-02 2.88486480712891e-03
172 3.46679687500000e-02 1.20186805725098e-03
173 4.88281250000000e-03 2.38418579101562e-05
174 8.69140625000000e-02 7.55405426025391e-03
175 6.25000000000000e-02 3.90625000000000e-03
176 7.42187500000000e-02 5.50842285156250e-03
177 9.57031250000000e-02 9.15908813476562e-03
178 7.32421875000000e-02 5.36441802978516e-03
179 1.00097656250000e-01 1.00195407867432e-02
180 7.61718750000000e-02 5.80215454101562e-03
181 1.19140625000000e-01 1.41944885253906e-02
182 1.08398437500000e-01 1.17502212524414e-02
183 1.36230468750000e-01 1.85587406158447e-02
184 1.42578125000000e-01 2.03285217285156e-02
185 1.87988281250000e-01 3.53395938873291e-02
186 1.30859375000000e-01 1.71241760253906e-02
187 6.68945312500000e-02 4.47487831115723e-03
188 1.28906250000000e-01 1.66168212890625e-02
189 1.70898437500000e-01 2.92062759399414e-02
190 1.35742187500000e-01 1.84259414672852e-02
191 1.72851562500000e-01 2.98776626586914e-02
192 8.83789062500000e-02 7.81083106994629e-03
193 5.71289062500000e-02 3.26371192932129e-03
194 4.49218750000000e-02 2.01797485351562e-03
195 1.06933593750000e-01 1.14347934722900e-02
196 2.13867187500000e-01 4.57391738891602e-02
197 1.95800781250000e-01 3.83379459381104e-02
198 1.04492187500000e-01 1.09186172485352e-02
199 9.81445312500000e-02 9.63234901428223e-03
200 5.37109375000000e-02 2.88486480712891e-03
201 1.41601562500000e-02 2.00510025024414e-04
202 3.85742187500000e-02 1.48797035217285e-03
203 2.49023437500000e-02 6.20126724243164e-04
204 4.29687500000000e-02 1.84631347656250e-03
205 5.37109375000000e-03 2.88486480712891e-05
206 8.54492187500000e-02 7.30156898498535e-03
207 3.46679687500000e-02 1.20186805725098e-03
208 2.73437500000000e-02 7.47680664062500e-04
209 1.12304687500000e-02 1.26123428344727e-04
210 3.90625000000000e-02 1.52587890625000e-03
211 6.15234375000000e-02 3.78513336181641e-03
212 1.13281250000000e-01 1.28326416015625e-02
213 1.15722656250000e-01 1.33917331695557e-02
214 7.66601562500000e-02 5.87677955627441e-03
215 7.32421875000000e-02 5.36441802978516e-03
216 1.00097656250000e-01 1.00195407867432e-02
217 3.51562500000000e-02 1.23596191406250e-03
218 3.90625000000000e-03 1.52587890625000e-05
219 3.07617187500000e-02 9.46283340454102e-04
220 3.17382812500000e-02 1.00731849670410e-03
221 1.61132812500000e-02 2.59637832641602e-04
222 2.63671875000000e-02 6.95228576660156e-04
223 3.36914062500000e-02 1.13511085510254e-03
224 4.63867187500000e-02 2.15172767639160e-03
225 4.98046875000000e-02 2.48050689697266e-03
226 8.74023437500000e-02 7.63916969299316e-03
227 7.56835937500000e-02 5.72800636291504e-03
228 9.76562500000000e-02 9.53674316406250e-03
229 1.22558593750000e-01 1.50206089019775e-02
230 9.81445312500000e-02 9.63234901428223e-03
231 1.57714843750000e-01 2.48739719390869e-02
232 1.45996093750000e-01 2.13148593902588e-02
233 1.19140625000000e-01 1.41944885253906e-02
234 2.63671875000000e-02 6.95228576660156e-04
235 5.90820312500000e-02 3.49068641662598e-03
236 1.25488281250000e-01 1.57473087310791e-02
237 6.54296875000000e-02 4.28104400634766e-03
238 7.32421875000000e-02 5.36441802978516e-03
239 8.98437500000000e-02 8.07189941406250e-03
240 6.64062500000000e-02 4.40979003906250e-03
241 1.16699218750000e-01 1.36187076568604e-02
242 1.02539062500000e-01 1.05142593383789e-02
243 1.02539062500000e-01 1.05142593383789e-02
244 1.20605468750000e-01 1.45456790924072e-02
245 9.86328125000000e-02 9.72843170166016e-03
246 5.51757812500000e-02 3.04436683654785e-03
247 7.91015625000000e-02 6.25705718994141e-03
248 7.91015625000000e-02 6.25705718994141e-03
249 1.16210937500000e-01 1.35049819946289e-02
250 1.57714843750000e-01 2.48739719390869e-02
251 1.21093750000000e-01 1.46636962890625e-02
252 9.37500000000000e-02 8.78906250000000e-03
253 4.73632812500000e-02 2.24328041076660e-03
254 8.25195312500000e-02 6.80947303771973e-03
255 8.78906250000000e-02 7.72476196289062e-03
256 1.05468750000000e-01 1.11236572265625e-02
257 1.40625000000000e-01 1.97753906250000e-02
258 3.95507812500000e-02 1.56426429748535e-03
259 5.66406250000000e-02 3.20816040039062e-03
260 1.90429687500000e-02 3.62634658813477e-04
261 2.63671875000000e-02 6.95228576660156e-04
262 5.71289062500000e-02 3.26371192932129e-03
263 9.76562500000000e-04 9.53674316406250e-07
264 5.27343750000000e-02 2.78091430664062e-03
265 4.39453125000000e-03 1.93119049072266e-05
266 5.07812500000000e-02 2.57873535156250e-03
267 1.51367187500000e-02 2.29120254516602e-04
268 8.20312500000000e-02 6.72912597656250e-03
269 8.69140625000000e-02 7.55405426025391e-03
270 6.00585937500000e-02 3.60703468322754e-03
271 7.32421875000000e-02 5.36441802978516e-03
272 5.85937500000000e-02 3.43322753906250e-03
273 6.05468750000000e-02 3.66592407226562e-03
274 8.93554687500000e-02 7.98439979553223e-03
275 8.30078125000000e-03 6.89029693603516e-05
276 2.00195312500000e-02 4.00781631469727e-04
277 2.97851562500000e-02 8.87155532836914e-04
278 5.07812500000000e-02 2.57873535156250e-03
279 2.68554687500000e-02 7.21216201782227e-04
280 2.53906250000000e-02 6.44683837890625e-04
281 1.95312500000000e-03 3.81469726562500e-06
282 2.58789062500000e-02 6.69717788696289e-04
283 3.36914062500000e-02 1.13511085510254e-03
284 6.15234375000000e-02 3.78513336181641e-03
285 8.15429687500000e-02 6.64925575256348e-03
286 1.03027343750000e-01 1.06146335601807e-02
287 1.24023437500000e-01 1.53818130493164e-02
288 6.20117187500000e-02 3.84545326232910e-03
289 7.95898437500000e-02 6.33454322814941e-03
290 1.51367187500000e-02 2.29120254516602e-04
291 1.70898437500000e-02 2.92062759399414e-04
292 5.37109375000000e-03 2.88486480712891e-05
293 1.51367187500000e-02 2.29120254516602e-04
294 3.41796875000000e-03 1.16825103759766e-05
295 4.73632812500000e-02 2.24328041076660e-03
296 3.41796875000000e-02 1.16825103759766e-03
297 7.86132812500000e-02 6.18004798889160e-03
298 1.50390625000000e-01 2.26173400878906e-02
299 1.47949218750000e-01 2.18889713287354e-02
300 1.14257812500000e-01 1.30548477172852e-02
301 1.06933593750000e-01 1.14347934722900e-02
302 6.78710937500000e-02 4.60648536682129e-03
303 2.88085937500000e-02 8.29935073852539e-04
304 5.37109375000000e-03 2.88486480712891e-05
305 1.12304687500000e-02 1.26123428344727e-04
306 8.05664062500000e-02 6.49094581604004e-03
307 8.78906250000000e-02 7.72476196289062e-03
308 1.66503906250000e-01 2.77235507965088e-02
309 1.87500000000000e-01 3.51562500000000e-02
310 2.22167968750000e-01 4.93586063385010e-02
311 2.09960937500000e-01 4.40835952758789e-02
312 2.04101562500000e-01 4.16574478149414e-02
313 1.92871093750000e-01 3.71992588043213e-02
314 2.30957031250000e-01 5.33411502838135e-02
315 1.21093750000000e-01 1.46636962890625e-02
316 6.78710937500000e-02 4.60648536682129e-03
317 8.83789062500000e-02 7.81083106994629e-03
318 1.25488281250000e-01 1.57473087310791e-02
319 9.71679687500000e-02 9.44161415100098e-03
320 7.81250000000000e-02 6.10351562500000e-03
321 1.05957031250000e-01 1.12268924713135e-02
322 1.09375000000000e-01 1.19628906250000e-02
323 1.32324218750000e-01 1.75096988677979e-02
324 8.30078125000000e-02 6.89029693603516e-03
325 1.95312500000000e-02 3.81469726562500e-04
326 4.68750000000000e-02 2.19726562500000e-03
327 2.24609375000000e-02 5.04493713378906e-04
328 2.19726562500000e-02 4.82797622680664e-04
329 8.05664062500000e-02 6.49094581604004e-03
330 7.27539062500000e-02 5.29313087463379e-03
331 7.81250000000000e-02 6.10351562500000e-03
332 2.68554687500000e-02 7.21216201782227e-04
333 1.02539062500000e-02 1.05142593383789e-04
334 8.05664062500000e-02 6.49094581604004e-03
335 1.23046875000000e-01 1.51405334472656e-02
336 1.96289062500000e-01 3.85293960571289e-02
337 1.94824218750000e-01 3.79564762115479e-02
338 1.48437500000000e-01 2.20336914062500e-02
339 1.63574218750000e-01 2.67565250396729e-02
340 2.31933593750000e-01 5.37931919097900e-02
341 3.10058593750000e-01 9.61363315582275e-02
342 3.96484375000000e-01 1.57199859619141e-01
343 3.40332031250000e-01 1.15825891494751e-01
344 4.24316406250000e-01 1.80044412612915e-01
345 4.00390625000000e-01 1.60312652587891e-01
346 4.13574218750000e-01 1.71043634414673e-01
347 4.42871093750000e-01 1.96134805679321e-01
348 4.53125000000000e-01 2.05322265625000e-01
349 4.24804687500000e-01 1.80459022521973e-01
350 4.13574218750000e-01 1.71043634414673e-01
351 3.92578125000000e-01 1.54117584228516e-01
352 3.81835937500000e-01 1.45798683166504e-01
353 3.93066406250000e-01 1.54501199722290e-01
354 4.54589843750000e-01 2.06651926040649e-01
355 4.70214843750000e-01 2.21101999282837e-01
356 4.34570312500000e-01 1.88851356506348e-01
357 4.01855468750000e-01 1.61487817764282e-01
358 4.40429687500000e-01 1.93978309631348e-01
359 3.46191406250000e-01 1.19848489761353e-01
360 3.72070312500000e-01 1.38436317443848e-01
361 4.45312500000000e-01 1.98303222656250e-01
362 4.18457031250000e-01 1.75106287002563e-01
363 4.16503906250000e-01 1.73475503921509e-01
364 4.63378906250000e-01 2.14720010757446e-01
365 3.95996093750000e-01 1.56812906265259e-01
366 4.05273437500000e-01 1.64246559143066e-01
367 4.36035156250000e-01 1.90126657485962e-01
368 4.86816406250000e-01 2.36990213394165e-01
369 4.76074218750000e-01 2.26646661758423e-01
370 4.87792968750000e-01 2.37941980361938e-01
371 5.08300781250000e-01 2.58369684219360e-01
372 4.95605468750000e-01 2.45624780654907e-01
373 4.85839843750000e-01 2.36040353775024e-01
374 4.84863281250000e-01 2.35092401504517e-01
375 5.36621093750000e-01 2.87962198257446e-01
376 5.56640625000000e-01 3.09848785400391e-01
377 5.73242187500000e-01 3.28606605529785e-01
378 6.17187500000000e-01 3.80920410156250e-01
379 6.26464843750000e-01 3.92458200454712e-01
380 5.63476562500000e-01 3.17505836486816e-01
381 5.82031250000000e-01 3.38760375976562e-01
382 6.18164062500000e-01 3.82126808166504e-01
383 6.42578125000000e-01 4.12906646728516e-01
384 5.57128906250000e-01 3.10392618179321e-01
385 6.18652343750000e-01 3.82730722427368e-01
386 5.99121093750000e-01 3.58946084976196e-01
387 5.70800781250000e-01 3.25813531875610e-01
388 5.21972656250000e-01 2.72455453872681e-01
389 5.21484375000000e-01 2.71945953369141e-01
390 4.88281250000000e-01 2.38418579101562e-01
391 4.21386718750000e-01 1.77566766738892e-01
392 4.18457031250000e-01 1.75106287002563e-01
393 4.37988281250000e-01 1.91833734512329e-01
394 4.20410156250000e-01 1.76744699478149e-01
395 4.13085937500000e-01 1.70639991760254e-01
396 4.51171875000000e-01 2.03556060791016e-01
397 4.49218750000000e-01 2.01797485351562e-01
398 5.10742187500000e-01 2.60857582092285e-01
399 4.89257812500000e-01 2.39373207092285e-01
400 4.80957031250000e-01 2.31319665908813e-01
401 4.51660156250000e-01 2.03996896743774e-01
402 4.51171875000000e-01 2.03556060791016e-01
403 4.59960937500000e-01 2.11564064025879e-01
404 4.34082031250000e-01 1.88427209854126e-01
405 4.32617187500000e-01 1.87157630920410e-01
406 4.29687500000000e-01 1.84631347656250e-01
407 4.12109375000000e-01 1.69834136962891e-01
408 4.04785156250000e-01 1.63851022720337e-01
409 4.40429687500000e-01 1.93978309631348e-01
410 4.39941406250000e-01 1.93548440933228e-01
411 4.74609375000000e-01 2.25254058837891e-01
412 4.74121093750000e-01 2.24790811538696e-01
413 4.43359375000000e-01 1.96567535400391e-01
414 4.94628906250000e-01 2.44657754898071e-01
415 4.47265625000000e-01 2.00046539306641e-01
416 4.87792968750000e-01 2.37941980361938e-01
417 5.48339843750000e-01 3.00676584243774e-01
418 5.67382812500000e-01 3.21923255920410e-01
419 5.25390625000000e-01 2.76035308837891e-01
420 5.19531250000000e-01 2.69912719726562e-01
421 5.17089843750000e-01 2.67381906509399e-01
422 5.12207031250000e-01 2.62356042861938e-01
423 5.30761718750000e-01 2.81708002090454e-01
424 5.33691406250000e-01 2.84826517105103e-01
425 5.05371093750000e-01 2.55399942398071e-01
426 4.90234375000000e-01 2.40329742431641e-01
427 4.90722656250000e-01 2.40808725357056e-01
428 4.58007812500000e-01 2.09771156311035e-01
429 4.95605468750000e-01 2.45624780654907e-01
430 4.81933593750000e-01 2.32259988784790e-01
431 3.94042968750000e-01 1.55269861221313e-01
432 3.41308593750000e-01 1.16491556167603e-01
433 2.57324218750000e-01 6.62157535552979e-02
434 1.92382812500000e-01 3.70111465454102e-02
435 2.08007812500000e-01 4.32672500610352e-02
436 2.37792968750000e-01 5.65454959869385e-02
437 2.40234375000000e-01 5.77125549316406e-02
438 2.53906250000000e-01 6.44683837890625e-02
439 3.61328125000000e-01 1.30558013916016e-01
440 3.03710937500000e-01 9.22403335571289e-02
441 2.78808593750000e-01 7.77342319488525e-02
442 2.60253906250000e-01 6.77320957183838e-02
443 2.76855468750000e-01 7.66489505767822e-02
444 2.53417968750000e-01 6.42206668853760e-02
445 2.80761718750000e-01 7.88271427154541e-02
446 2.04589843750000e-01 4.18570041656494e-02
447 2.41210937500000e-01 5.81827163696289e-02
448 2.17285156250000e-01 4.72128391265869e-02
449 2.32421875000000e-01 5.40199279785156e-02
450 1.82617187500000e-01 3.33490371704102e-02
451 2.01660156250000e-01 4.06668186187744e-02
452 1.32812500000000e-01 1.76391601562500e-02
453 9.32617187500000e-02 8.69774818420410e-03
454 1.31347656250000e-01 1.72522068023682e-02
455 1.09863281250000e-01 1.20699405670166e-02
456 8.20312500000000e-02 6.72912597656250e-03
457 5.02929687500000e-02 2.52938270568848e-03
458 3.85742187500000e-02 1.48797035217285e-03
459 3.95507812500000e-02 1.56426429748535e-03
460 8.34960937500000e-02 6.97159767150879e-03
461 1.13281250000000e-01 1.28326416015625e-02
462 1.45507812500000e-01 2.11725234985352e-02
463 9.76562500000000e-02 9.53674316406250e-03
464 1.78222656250000e-01 3.17633152008057e-02
465 1.90429687500000e-01 3.62634658813477e-02
466 1.34277343750000e-01 1.80304050445557e-02
467 1.61621093750000e-01 2.61213779449463e-02
468 1.45507812500000e-01 2.11725234985352e-02
469 3.85742187500000e-02 1.48797035217285e-03
470 3.07617187500000e-02 9.46283340454102e-04
471 8.39843750000000e-02 7.05337524414062e-03
472 1.29394531250000e-01 1.67429447174072e-02
473 1.14746093750000e-01 1.31666660308838e-02
474 1.61621093750000e-01 2.61213779449463e-02
475 1.33300781250000e-01 1.77690982818604e-02
476 1.61132812500000e-01 2.59637832641602e-02
477 1.59667968750000e-01 2.54938602447510e-02
478 1.24511718750000e-01 1.55031681060791e-02
479 1.07421875000000e-01 1.15394592285156e-02
480 1.17675781250000e-01 1.38475894927979e-02
481 1.11328125000000e-01 1.23939514160156e-02
482 5.95703125000000e-02 3.54862213134766e-03
483 1.08886718750000e-01 1.18563175201416e-02
484 1.10351562500000e-01 1.21774673461914e-02
485 1.07910156250000e-01 1.16446018218994e-02
486 1.27441406250000e-01 1.62413120269775e-02
487 9.27734375000000e-02 8.60691070556641e-03
488 3.56445312500000e-02 1.27053260803223e-03
489 3.90625000000000e-03 1.52587890625000e-05
490 6.34765625000000e-03 4.02927398681641e-05
491 1.95312500000000e-03 3.81469726562500e-06
492 2.44140625000000e-02 5.96046447753906e-04
493 4.88281250000000e-03 2.38418579101562e-05
494 3.41796875000000e-02 1.16825103759766e-03
495 1.88964843750000e-01 3.57077121734619e-02
496 1.34277343750000e-01 1.80304050445557e-02
497 1.54785156250000e-01 2.39584445953369e-02
498 1.04492187500000e-01 1.09186172485352e-02
499 7.95898437500000e-02 6.33454322814941e-03
500 1.84082031250000e-01 3.38861942291260e-02
501 1.84082031250000e-01 3.38861942291260e-02
502 2.19238281250000e-01 4.80654239654541e-02
503 1.69921875000000e-01 2.88734436035156e-02
504 1.33300781250000e-01 1.77690982818604e-02
505 1.98730468750000e-01 3.94937992095947e-02
506 1.74804687500000e-01 3.05566787719727e-02
507 1.68945312500000e-01 2.85425186157227e-02
508 1.26953125000000e-01 1.61170959472656e-02
509 9.22851562500000e-02 8.51655006408691e-03
510 8.93554687500000e-02 7.98439979553223e-03
511 1.10351562500000e-01 1.21774673461914e-02
512 1.50390625000000e-01 2.26173400878906e-02
513 1.87500000000000e-01 3.51562500000000e-02
514 2.08496093750000e-01 4.34706211090088e-02
515 1.58203125000000e-01 2.50282287597656e-02
516 9.61914062500000e-02 9.25278663635254e-03
517 1.19628906250000e-01 1.43110752105713e-02
518 1.23046875000000e-01 1.51405334472656e-02
519 1.87988281250000e-01 3.53395938873291e-02
520 1.53808593750000e-01 2.36570835113525e-02
521 1.78710937500000e-01 3.19375991821289e-02
522 2.23144531250000e-01 4.97934818267822e-02
523 1.94824218750000e-01 3.79564762115479e-02
524 2.06542968750000e-01 4.26599979400635e-02
525 2.45117187500000e-01 6.00824356079102e-02
526 2.51464843750000e-01 6.32345676422119e-02
527 2.01660156250000e-01 4.06668186187744e-02
528 2.51464843750000e-01 6.32345676422119e-02
529 3.49121093750000e-01 1.21885538101196e-01
530 3.77441406250000e-01 1.42462015151978e-01
531 3.69140625000000e-01 1.36264801025391e-01
532 3.91601562500000e-01 1.53351783752441e-01
533 3.98437500000000e-01 1.58752441406250e-01
534 3.64257812500000e-01 1.32683753967285e-01
535 3.54980468750000e-01 1.26011133193970e-01
536 4.03808593750000e-01 1.63061380386353e-01
537 4.40917968750000e-01 1.94408655166626e-01
538 4.57519531250000e-01 2.09324121475220e-01
539 4.64843750000000e-01 2.16079711914062e-01
540 4.26757812500000e-01 1.82122230529785e-01
541 3.89160156250000e-01 1.51445627212524e-01
542 4.06250000000000e-01 1.65039062500000e-01
543 3.99902343750000e-01 1.59921884536743e-01
544 3.91601562500000e-01 1.53351783752441e-01
545 4.05273437500000e-01 1.64246559143066e-01
546 3.90625000000000e-01 1.52587890625000e-01
547 4.36523437500000e-01 1.90552711486816e-01
548 3.99902343750000e-01 1.59921884536743e-01
549 3.93554687500000e-01 1.54885292053223e-01
550 4.16015625000000e-01 1.73069000244141e-01
551 4.06250000000000e-01 1.65039062500000e-01
552 4.71679687500000e-01 2.22481727600098e-01
553 4.43359375000000e-01 1.96567535400391e-01
554 4.11621093750000e-01 1.69431924819946e-01
555 4.09179687500000e-01 1.67428016662598e-01
556 4.76562500000000e-01 2.27111816406250e-01
557 4.62890625000000e-01 2.14267730712891e-01
558 4.62890625000000e-01 2.14267730712891e-01
559 4.50683593750000e-01 2.03115701675415e-01
560 4.06738281250000e-01 1.65436029434204e-01
561 4.30664062500000e-01 1.85471534729004e-01
562 3.81835937500000e-01 1.45798683166504e-01
563 4.16992187500000e-01 1.73882484436035e-01
564 3.96972656250000e-01 1.57587289810181e-01
565 4.27734375000000e-01 1.82956695556641e-01
566 4.37988281250000e-01 1.91833734512329e-01
567 4.69238281250000e-01 2.20184564590454e-01
568 4.81445312500000e-01 2.31789588928223e-01
569 4.88281250000000e-01 2.38418579101562e-01
570 4.06738281250000e-01 1.65436029434204e-01
571 3.88671875000000e-01 1.51065826416016e-01
572 3.68652343750000e-01 1.35904550552368e-01
573 3.22753906250000e-01 1.04170083999634e-01
574 4.09667968750000e-01 1.67827844619751e-01
575 3.94042968750000e-01 1.55269861221313e-01
576 3.78417968750000e-01 1.43200159072876e-01
577 3.24707031250000e-01 1.05434656143188e-01
578 3.28613281250000e-01 1.07986688613892e-01
579 2.93457031250000e-01 8.61170291900635e-02
580 2.85644531250000e-01 8.15927982330322e-02
581 3.30566406250000e-01 1.09274148941040e-01
582 2.95898437500000e-01 8.75558853149414e-02
583 2.46093750000000e-01 6.05621337890625e-02
584 2.83203125000000e-01 8.02040100097656e-02
585 3.03710937500000e-01 9.22403335571289e-02
586 2.74414062500000e-01 7.53030776977539e-02
587 2.99316406250000e-01 8.95903110504150e-02
588 3.50097656250000e-01 1.22568368911743e-01
589 3.45703125000000e-01 1.19510650634766e-01
590 4.19921875000000e-01 1.76334381103516e-01
591 3.76464843750000e-01 1.41725778579712e-01
592 3.64746093750000e-01 1.33039712905884e-01
593 3.93554687500000e-01 1.54885292053223e-01
594 3.41796875000000e-01 1.16825103759766e-01
595 3.49609375000000e-01 1.22226715087891e-01
596 3.81835937500000e-01 1.45798683166504e-01
597 3.69140625000000e-01 1.36264801025391e-01
598 3.29589843750000e-01 1.08629465103149e-01
599 3.79882812500000e-01 1.44310951232910e-01
600 3.81835937500000e-01 1.45798683166504e-01
601 3.83789062500000e-01 1.47294044494629e-01
602 3.90136718750000e-01 1.52206659317017e-01
603 4.63867187500000e-01 2.15172767639160e-01
604 4.74609375000000e-01 2.25254058837891e-01
605 5.02441406250000e-01 2.52447366714478e-01
606 4.90722656250000e-01 2.40808725357056e-01
607 5.53222656250000e-01 3.06055307388306e-01
608 5.05371093750000e-01 2.55399942398071e-01
609 4.87792968750000e-01 2.37941980361938e-01
610 5.09277343750000e-01 2.59363412857056e-01
611 4.75097656250000e-01 2.25717782974243e-01
612 4.67773437500000e-01 2.18811988830566e-01
613 4.58984375000000e-01 2.10666656494141e-01
614 4.13085937500000e-01 1.70639991760254e-01
615 4.06250000000000e-01 1.65039062500000e-01
616 4.22851562500000e-01 1.78803443908691e-01
617 4.86816406250000e-01 2.36990213394165e-01
618 4.68750000000000e-01 2.19726562500000e-01
619 5.04394531250000e-01 2.54413843154907e-01
620 4.57031250000000e-01 2.08877563476562e-01
621 4.52148437500000e-01 2.04438209533691e-01
622 4.49218750000000e-01 2.01797485351562e-01
623 4.43359375000000e-01 1.96567535400391e-01
624 5.12695312500000e-01 2.62856483459473e-01
625 5.25390625000000e-01 2.76035308837891e-01
626 6.04492187500000e-01 3.65410804748535e-01
627 5.15625000000000e-01 2.65869140625000e-01
628 5.17578125000000e-01 2.67887115478516e-01
629 4.93164062500000e-01 2.43210792541504e-01
630 5.70800781250000e-01 3.25813531875610e-01
631 5.73242187500000e-01 3.28606605529785e-01
632 5.84472656250000e-01 3.41608285903931e-01
633 5.72265625000000e-01 3.27487945556641e-01
634 5.58593750000000e-01 3.12026977539062e-01
635 6.04980468750000e-01 3.66001367568970e-01
636 6.13281250000000e-01 3.76113891601562e-01
637 6.05468750000000e-01 3.66592407226562e-01
638 6.35253906250000e-01 4.03547525405884e-01
639 6.04980468750000e-01 3.66001367568970e-01
640 6.40136718750000e-01 4.09775018692017e-01
641 6.68945312500000e-01 4.47487831115723e-01
642 6.63574218750000e-01 4.40330743789673e-01
643 5.91308593750000e-01 3.49645853042603e-01
644 5.95703125000000e-01 3.54862213134766e-01
645 6.38183593750000e-01 4.07278299331665e-01
646 5.71289062500000e-01 3.26371192932129e-01
647 5.41992187500000e-01 2.93755531311035e-01
648 5.64941406250000e-01 3.19158792495728e-01
649 4.93652343750000e-01 2.43692636489868e-01
650 4.79980468750000e-01 2.30381250381470e-01
651 4.94628906250000e-01 2.44657754898071e-01
652 4.98046875000000e-01 2.48050689697266e-01
653 4.76562500000000e-01 2.27111816406250e-01
654 5.05371093750000e-01 2.55399942398071e-01
655 5.57128906250000e-01 3.10392618179321e-01
656 5.26855468750000e-01 2.77576684951782e-01
657 5.33203125000000e-01 2.84305572509766e-01
658 5.64941406250000e-01 3.19158792495728e-01
659 5.73730468750000e-01 3.29166650772095e-01
660 5.71289062500000e-01 3.26371192932129e-01
661 5.84960937500000e-01 3.42179298400879e-01
662 5.83496093750000e-01 3.40467691421509e-01
663 4.95117187500000e-01 2.45141029357910e-01
664 5.43945312500000e-01 2.95876502990723e-01
665 5.37597656250000e-01 2.89011240005493e-01
666 4.88769531250000e-01 2.38895654678345e-01
667 5.20019531250000e-01 2.70420312881470e-01
668 5.30761718750000e-01 2.81708002090454e-01
669 5.65917968750000e-01 3.20263147354126e-01
670 5.24902343750000e-01 2.75522470474243e-01
671 4.68750000000000e-01 2.19726562500000e-01
672 4.61914062500000e-01 2.13364601135254e-01
673 4.30175781250000e-01 1.85051202774048e-01
674 3.95019531250000e-01 1.56040430068970e-01
675 3.62304687500000e-01 1.31264686584473e-01
676 3.06640625000000e-01 9.40284729003906e-02
677 2.84179687500000e-01 8.07580947875977e-02
678 2.30957031250000e-01 5.33411502838135e-02
679 1.75781250000000e-01 3.08990478515625e-02
680 1.89941406250000e-01 3.60777378082275e-02
681 1.23535156250000e-01 1.52609348297119e-02
682 8.74023437500000e-02 7.63916969299316e-03
683 1.31347656250000e-01 1.72522068023682e-02
684 2.00195312500000e-01 4.00781631469727e-02
685 2.25097656250000e-01 5.06689548492432e-02
686 2.14355468750000e-01 4.59482669830322e-02
687 2.05566406250000e-01 4.22575473785400e-02
688 1.71875000000000e-01 2.95410156250000e-02
689 1.41601562500000e-01 2.00510025024414e-02
690 1.57714843750000e-01 2.48739719390869e-02
691 1.64550781250000e-01 2.70769596099854e-02
692 2.05078125000000e-01 4.20570373535156e-02
693 2.24609375000000e-01 5.04493713378906e-02
694 2.60253906250000e-01 6.77320957183838e-02
695 1.93359375000000e-01 3.73878479003906e-02
696 1.34765625000000e-01 1.81617736816406e-02
697 9.71679687500000e-02 9.44161415100098e-03
698 1.13281250000000e-01 1.28326416015625e-02
699 1.02050781250000e-01 1.04143619537354e-02
700 1.06445312500000e-01 1.13306045532227e-02
701 3.66210937500000e-02 1.34110450744629e-03
702 7.47070312500000e-02 5.58114051818848e-03
703 1.36718750000000e-01 1.86920166015625e-02
704 1.56738281250000e-01 2.45668888092041e-02
705 9.76562500000000e-02 9.53674316406250e-03
706 2.24609375000000e-02 5.04493713378906e-04
707 9.76562500000000e-04 9.53674316406250e-07
708 7.95898437500000e-02 6.33454322814941e-03
709 1.43554687500000e-01 2.06079483032227e-02
710 1.70898437500000e-01 2.92062759399414e-02
711 2.28515625000000e-01 5.22193908691406e-02
712 2.39257812500000e-01 5.72443008422852e-02
713 2.12402343750000e-01 4.51147556304932e-02
714 1.95312500000000e-01 3.81469726562500e-02
715 1.50878906250000e-01 2.27644443511963e-02
716 2.92968750000000e-01 8.58306884765625e-02
717 3.09082031250000e-01 9.55317020416260e-02
718 3.83789062500000e-01 1.47294044494629e-01
719 4.16503906250000e-01 1.73475503921509e-01
720 4.83886718750000e-01 2.34146356582642e-01
721 4.98535156250000e-01 2.48537302017212e-01
722 5.29296875000000e-01 2.80155181884766e-01
723 5.09765625000000e-01 2.59860992431641e-01
724 4.77050781250000e-01 2.27577447891235e-01
725 4.19433593750000e-01 1.75924539566040e-01
726 4.46289062500000e-01 1.99173927307129e-01
727 3.88671875000000e-01 1.51065826416016e-01
728 3.81347656250000e-01 1.45426034927368e-01
729 4.22363281250000e-01 1.78390741348267e-01
730 4.48242187500000e-01 2.00921058654785e-01
731 4.94628906250000e-01 2.44657754898071e-01
732 4.38476562500000e-01 1.92261695861816e-01
733 4.55078125000000e-01 2.07096099853516e-01
734 4.55566406250000e-01 2.07540750503540e-01
735 4.74609375000000e-01 2.25254058837891e-01
736 5.22460937500000e-01 2.72965431213379e-01
737 5.38574218750000e-01 2.90062189102173e-01
738 5.88378906250000e-01 3.46189737319946e-01
739 6.34765625000000e-01 4.02927398681641e-01
740 5.91796875000000e-01 3.50223541259766e-01
741 5.48339843750000e-01 3.00676584243774e-01
742 5.99121093750000e-01 3.58946084976196e-01
743 5.85937500000000e-01 3.43322753906250e-01
744 5.97167968750000e-01 3.56609582901001e-01
745 6.55761718750000e-01 4.30023431777954e-01
746 6.03515625000000e-01 3.64231109619141e-01
747 6.29394531250000e-01 3.96137475967407e-01
748 5.71289062500000e-01 3.26371192932129e-01
749 5.67871093750000e-01 3.22477579116821e-01
750 5.84472656250000e-01 3.41608285903931e-01
751 5.89355468750000e-01 3.47339868545532e-01
752 5.61035156250000e-01 3.14760446548462e-01
753 6.34277343750000e-01 4.02307748794556e-01
754 6.52832031250000e-01 4.26189661026001e-01
755 6.69921875000000e-01 4.48795318603516e-01
756 7.02636718750000e-01 4.93698358535767e-01
757 6.87988281250000e-01 4.73327875137329e-01
758 6.59179687500000e-01 4.34517860412598e-01
759 6.87500000000000e-01 4.72656250000000e-01
760 6.67480468750000e-01 4.45530176162720e-01
761 6.89453125000000e-01 4.75345611572266e-01
762 7.71972656250000e-01 5.95941781997681e-01
763 7.82714843750000e-01 6.12642526626587e-01
764 7.25097656250000e-01 5.25766611099243e-01
765 7.10937500000000e-01 5.05432128906250e-01
766 7.08984375000000e-01 5.02658843994141e-01
767 6.30859375000000e-01 3.97983551025391e-01
768 6.72363281250000e-01 4.52072381973267e-01
769 6.91894531250000e-01 4.78718042373657e-01
770 6.60644531250000e-01 4.36451196670532e-01
771 6.89941406250000e-01 4.76019144058228e-01
772 6.81640625000000e-01 4.64633941650391e-01
773 6.77246093750000e-01 4.58662271499634e-01
774 6.93847656250000e-01 4.81424570083618e-01
775 6.80664062500000e-01 4.63303565979004e-01
776 6.90429687500000e-01 4.76693153381348e-01
777 6.85058593750000e-01 4.69305276870728e-01
778 7.44628906250000e-01 5.54472208023071e-01
779 7.26074218750000e-01 5.27183771133423e-01
780 7.02636718750000e-01 4.93698358535767e-01
781 7.18261718750000e-01 5.15899896621704e-01
782 7.38281250000000e-01 5.45059204101562e-01
783 6.98242187500000e-01 4.87542152404785e-01
784 7.20703125000000e-01 5.19412994384766e-01
785 7.58300781250000e-01 5.75020074844360e-01
786 7.58789062500000e-01 5.75760841369629e-01
787 7.03125000000000e-01 4.94384765625000e-01
788 6.35742187500000e-01 4.04168128967285e-01
789 6.25976562500000e-01 3.91846656799316e-01
790 6.97753906250000e-01 4.86860513687134e-01
791 6.49902343750000e-01 4.22373056411743e-01
792 6.00097656250000e-01 3.60117197036743e-01
793 5.95214843750000e-01 3.54280710220337e-01
794 5.34179687500000e-01 2.85347938537598e-01
795 5.18066406250000e-01 2.68392801284790e-01
796 5.09277343750000e-01 2.59363412857056e-01
797 4.52148437500000e-01 2.04438209533691e-01
798 5.06347656250000e-01 2.56387948989868e-01
799 5.24414062500000e-01 2.75010108947754e-01
800 5.11718750000000e-01 2.61856079101562e-01
801 5.66406250000000e-01 3.20816040039062e-01
802 5.99121093750000e-01 3.58946084976196e-01
803 5.62500000000000e-01 3.16406250000000e-01
804 5.69824218750000e-01 3.24699640274048e-01
805 6.17187500000000e-01 3.80920410156250e-01
806 6.19140625000000e-01 3.83335113525391e-01
807 6.24511718750000e-01 3.90014886856079e-01
808 6.19628906250000e-01 3.83939981460571e-01
809 6.50390625000000e-01 4.23007965087891e-01
810 6.69433593750000e-01 4.48141336441040e-01
811 6.73828125000000e-01 4.54044342041016e-01
812 6.73828125000000e-01 4.54044342041016e-01
813 6.56738281250000e-01 4.31305170059204e-01
814 5.65429687500000e-01 3.19710731506348e-01
815 5.69335937500000e-01 3.24143409729004e-01
816 6.20117187500000e-01 3.84545326232910e-01
817 6.19628906250000e-01 3.83939981460571e-01
818 6.41113281250000e-01 4.11026239395142e-01
819 6.48437500000000e-01 4.20471191406250e-01
820 6.05468750000000e-01 3.66592407226562e-01
821 5.73242187500000e-01 3.28606605529785e-01
822 6.77734375000000e-01 4.59323883056641e-01
823 6.90429687500000e-01 4.76693153381348e-01
824 6.58691406250000e-01 4.33874368667603e-01
825 6.03515625000000e-01 3.64231109619141e-01
826 6.43066406250000e-01 4.13534402847290e-01
827 6.96289062500000e-01 4.84818458557129e-01
828 6.42089843750000e-01 4.12279367446899e-01
829 7.01660156250000e-01 4.92326974868774e-01
830 7.19726562500000e-01 5.18006324768066e-01
831 6.75781250000000e-01 4.56680297851562e-01
832 6.52343750000000e-01 4.25552368164062e-01
833 7.06542968750000e-01 4.99202966690063e-01
834 7.01171875000000e-01 4.91641998291016e-01
835 6.81640625000000e-01 4.64633941650391e-01
836 6.85546875000000e-01 4.69974517822266e-01
837 6.84082031250000e-01 4.67968225479126e-01
838 6.12792968750000e-01 3.75515222549438e-01
839 6.45019531250000e-01 4.16050195693970e-01
840 5.61523437500000e-01 3.15308570861816e-01
841 5.45898437500000e-01 2.98005104064941e-01
842 5.50292968750000e-01 3.02822351455688e-01
843 5.33691406250000e-01 2.84826517105103e-01
844 4.94140625000000e-01 2.44174957275391e-01
845 5.38085937500000e-01 2.89536476135254e-01
846 5.24414062500000e-01 2.75010108947754e-01
847 4.88281250000000e-01 2.38418579101562e-01
848 5.34179687500000e-01 2.85347938537598e-01
849 5.40527343750000e-01 2.92169809341431e-01
850 4.94140625000000e-01 2.44174957275391e-01
851 4.45312500000000e-01 1.98303222656250e-01
852 4.74121093750000e-01 2.24790811538696e-01
853 4.82910156250000e-01 2.33202219009399e-01
854 5.34667968750000e-01 2.85869836807251e-01
855 5.55175781250000e-01 3.08220148086548e-01
856 5.68359375000000e-01 3.23032379150391e-01
857 5.72753906250000e-01 3.28047037124634e-01
858 5.79589843750000e-01 3.35924386978149e-01
859 5.14648437500000e-01 2.64863014221191e-01
860 5.06347656250000e-01 2.56387948989868e-01
861 5.18554687500000e-01 2.68898963928223e-01
862 5.06347656250000e-01 2.56387948989868e-01
863 4.61914062500000e-01 2.13364601135254e-01
864 3.96972656250000e-01 1.57587289810181e-01
865 4.82910156250000e-01 2.33202219009399e-01
866 4.52148437500000e-01 2.04438209533691e-01
867 4.85351562500000e-01 2.35566139221191e-01
868 3.99902343750000e-01 1.59921884536743e-01
869 3.99414062500000e-01 1.59531593322754e-01
870 3.66210937500000e-01 1.34110450744629e-01
871 3.70605468750000e-01 1.37348413467407e-01
872 3.70605468750000e-01 1.37348413467407e-01
873 3.88671875000000e-01 1.51065826416016e-01
874 3.51562500000000e-01 1.23596191406250e-01
875 4.35546875000000e-01 1.89701080322266e-01
876 3.57910156250000e-01 1.28099679946899e-01
877 3.12500000000000e-01 9.76562500000000e-02
878 2.54394531250000e-01 6.47165775299072e-02
879 3.63769531250000e-01 1.32328271865845e-01
880 3.95507812500000e-01 1.56426429748535e-01
881 4.02343750000000e-01 1.61880493164062e-01
882 4.29199218750000e-01 1.84211969375610e-01
883 4.05273437500000e-01 1.64246559143066e-01
884 3.11035156250000e-01 9.67428684234619e-02
885 3.30078125000000e-01 1.08951568603516e-01
886 3.34960937500000e-01 1.12198829650879e-01
887 3.32031250000000e-01 1.10244750976562e-01
888 3.54003906250000e-01 1.25318765640259e-01
889 2.99804687500000e-01 8.98828506469727e-02
890 2.50000000000000e-01 6.25000000000000e-02
891 3.38867187500000e-01 1.14830970764160e-01
892 3.38867187500000e-01 1.14830970764160e-01
893 4.46777343750000e-01 1.99609994888306e-01
894 3.83789062500000e-01 1.47294044494629e-01
895 3.56933593750000e-01 1.27401590347290e-01
896 4.36523437500000e-01 1.90552711486816e-01
897 3.92578125000000e-01 1.54117584228516e-01
898 3.96484375000000e-01 1.57199859619141e-01
899 3.84277343750000e-01 1.47669076919556e-01
900 4.14550781250000e-01 1.71852350234985e-01
901 4.10156250000000e-01 1.68228149414062e-01
902 4.51171875000000e-01 2.03556060791016e-01
903 4.69238281250000e-01 2.20184564590454e-01
904 4.60449218750000e-01 2.12013483047485e-01
905 4.73632812500000e-01 2.24328041076660e-01
906 4.42382812500000e-01 1.95702552795410e-01
907 4.37500000000000e-01 1.91406250000000e-01
908 4.03808593750000e-01 1.63061380386353e-01
909 4.54101562500000e-01 2.06208229064941e-01
910 4.16503906250000e-01 1.73475503921509e-01
911 3.53515625000000e-01 1.24973297119141e-01
912 3.36425781250000e-01 1.13182306289673e-01
913 3.46679687500000e-01 1.20186805725098e-01
914 4.23339843750000e-01 1.79216623306274e-01
915 3.65234375000000e-01 1.33396148681641e-01
916 3.14453125000000e-01 9.88807678222656e-02
917 4.15039062500000e-01 1.72257423400879e-01
918 4.16015625000000e-01 1.73069000244141e-01
919 4.02832031250000e-01 1.62273645401001e-01
920 4.29199218750000e-01 1.84211969375610e-01
921 3.67675781250000e-01 1.35185480117798e-01
922 4.15039062500000e-01 1.72257423400879e-01
923 4.96582031250000e-01 2.46593713760376e-01
924 4.57519531250000e-01 2.09324121475220e-01
925 5.15136718750000e-01 2.65365839004517e-01
926 4.70214843750000e-01 2.21101999282837e-01
927 4.58984375000000e-01 2.10666656494141e-01
928 4.42871093750000e-01 1.96134805679321e-01
929 4.43359375000000e-01 1.96567535400391e-01
930 3.90625000000000e-01 1.52587890625000e-01
931 4.37011718750000e-01 1.90979242324829e-01
932 3.97949218750000e-01 1.58363580703735e-01
933 4.11621093750000e-01 1.69431924819946e-01
934 3.97460937500000e-01 1.57975196838379e-01
935 3.25195312500000e-01 1.05751991271973e-01
936 3.29589843750000e-01 1.08629465103149e-01
937 3.24707031250000e-01 1.05434656143188e-01
938 3.31542968750000e-01 1.09920740127563e-01
939 4.05273437500000e-01 1.64246559143066e-01
940 3.68652343750000e-01 1.35904550552368e-01
941 3.77441406250000e-01 1.42462015151978e-01
942 4.13574218750000e-01 1.71043634414673e-01
943 3.66210937500000e-01 1.34110450744629e-01
944 4.00390625000000e-01 1.60312652587891e-01
945 4.49707031250000e-01 2.02236413955688e-01
946 4.69238281250000e-01 2.20184564590454e-01
947 4.26757812500000e-01 1.82122230529785e-01
948 4.10644531250000e-01 1.68628931045532e-01
949 4.37988281250000e-01 1.91833734512329e-01
950 4.67285156250000e-01 2.18355417251587e-01
951 4.12109375000000e-01 1.69834136962891e-01
952 3.92089843750000e-01 1.53734445571899e-01
953 4.51171875000000e-01 2.03556060791016e-01
954 4.62890625000000e-01 2.14267730712891e-01
955 4.19921875000000e-01 1.76334381103516e-01
956 3.90625000000000e-01 1.52587890625000e-01
957 3.85253906250000e-01 1.48420572280884e-01
958 4.36523437500000e-01 1.90552711486816e-01
959 4.11621093750000e-01 1.69431924819946e-01
960 3.96972656250000e-01 1.57587289810181e-01
961 3.52539062500000e-01 1.24283790588379e-01
962 4.19921875000000e-01 1.76334381103516e-01
963 4.39941406250000e-01 1.93548440933228e-01
964 4.46289062500000e-01 1.99173927307129e-01
965 4.58496093750000e-01 2.10218667984009e-01
966 4.06250000000000e-01 1.65039062500000e-01
967 3.60839843750000e-01 1.30205392837524e-01
968 3.66210937500000e-01 1.34110450744629e-01
969 3.33984375000000e-01 1.11545562744141e-01
970 3.54980468750000e-01 1.26011133193970e-01
971 3.09570312500000e-01 9.58337783813477e-02
972 3.38867187500000e-01 1.14830970764160e-01
973 3.14941406250000e-01 9.91880893707275e-02
974 2.63183593750000e-01 6.92656040191650e-02
975 2.14843750000000e-01 4.61578369140625e-02
976 2.61230468750000e-01 6.82413578033447e-02
977 2.81250000000000e-01 7.91015625000000e-02
978 2.81250000000000e-01 7.91015625000000e-02
979 2.85156250000000e-01 8.13140869140625e-02
980 2.34863281250000e-01 5.51607608795166e-02
981 3.16894531250000e-01 1.00422143936157e-01
982 3.71093750000000e-01 1.37710571289062e-01
983 3.24218750000000e-01 1.05117797851562e-01
984 2.90039062500000e-01 8.41226577758789e-02
985 3.57421875000000e-01 1.27750396728516e-01
986 3.37890625000000e-01 1.14170074462891e-01
987 4.00390625000000e-01 1.60312652587891e-01
988 4.01367187500000e-01 1.61095619201660e-01
989 3.40820312500000e-01 1.16158485412598e-01
990 3.09570312500000e-01 9.58337783813477e-02
991 2.70019531250000e-01 7.29105472564697e-02
992 3.14453125000000e-01 9.88807678222656e-02
993 2.87109375000000e-01 8.24317932128906e-02
994 2.90527343750000e-01 8.44061374664307e-02
995 3.42773437500000e-01 1.17493629455566e-01
996 2.89062500000000e-01 8.35571289062500e-02
997 2.99316406250000e-01 8.95903110504150e-02
998 2.80761718750000e-01 7.88271427154541e-02
999 2.82714843750000e-01 7.99276828765869e-02
