0 5.40527343750000e-01 2.92169809341431e-01
1 5.64941406250000e-01 3.19158792495728e-01
2 6.02050781250000e-01 3.62465143203735e-01
3 5.65429687500000e-01 3.19710731506348e-01
4 6.01074218750000e-01 3.61290216445923e-01
5 5.89843750000000e-01 3.47915649414062e-01
6 6.00097656250000e-01 3.60117197036743e-01
7 5.62500000000000e-01 3.16406250000000e-01
8 5.19531250000000e-01 2.69912719726562e-01
9 5.50292968750000e-01 3.02822351455688e-01
10 6.04492187500000e-01 3.65410804748535e-01
11 5.69824218750000e-01 3.24699640274048e-01
12 5.87402343750000e-01 3.45041513442993e-01
13 6.28906250000000e-01 3.95523071289062e-01
14 6.34277343750000e-01 4.02307748794556e-01
15 7.15332031250000e-01 5.11699914932251e-01
16 6.69433593750000e-01 4.48141336441040e-01
17 6.74316406250000e-01 4.54702615737915e-01
18 6.51855468750000e-01 4.24915552139282e-01
19 6.02050781250000e-01 3.62465143203735e-01
20 5.93750000000000e-01 3.52539062500000e-01
21 6.21582031250000e-01 3.86364221572876e-01
22 6.25488281250000e-01 3.91235589981079e-01
23 5.99609375000000e-01 3.59531402587891e-01
24 6.69921875000000e-01 4.48795318603516e-01
25 6.76269531250000e-01 4.57340478897095e-01
26 7.02636718750000e-01 4.93698358535767e-01
27 7.02636718750000e-01 4.93698358535767e-01
28 6.36230468750000e-01 4.04789209365845e-01
29 6.18652343750000e-01 3.82730722427368e-01
30 6.98242187500000e-01 4.87542152404785e-01
31 6.81152343750000e-01 4.63968515396118e-01
32 7.23144531250000e-01 5.22938013076782e-01
33 7.41699218750000e-01 5.50117731094360e-01
34 7.25585937500000e-01 5.26474952697754e-01
35 6.93847656250000e-01 4.81424570083618e-01
36 6.50390625000000e-01 4.23007965087891e-01
37 5.86425781250000e-01 3.43895196914673e-01
38 6.42578125000000e-01 4.12906646728516e-01
39 6.16210937500000e-01 3.79715919494629e-01
40 6.28906250000000e-01 3.95523071289062e-01
41 6.38671875000000e-01 4.07901763916016e-01
42 6.66503906250000e-01 4.44227457046509e-01
43 6.65039062500000e-01 4.42276954650879e-01
44 6.44531250000000e-01 4.15420532226562e-01
45 6.93359375000000e-01 4.80747222900391e-01
46 6.94824218750000e-01 4.82780694961548e-01
47 6.91406250000000e-01 4.78042602539062e-01
48 7.13378906250000e-01 5.08909463882446e-01
49 6.81152343750000e-01 4.63968515396118e-01
50 6.91894531250000e-01 4.78718042373657e-01
51 6.92871093750000e-01 4.80070352554321e-01
52 7.05078125000000e-01 4.97135162353516e-01
53 6.76757812500000e-01 4.58001136779785e-01
54 7.18750000000000e-01 5.16601562500000e-01
55 7.13378906250000e-01 5.08909463882446e-01
56 6.52832031250000e-01 4.26189661026001e-01
57 6.70410156250000e-01 4.49449777603149e-01
58 6.63574218750000e-01 4.40330743789673e-01
59 6.71386718750000e-01 4.50760126113892e-01
60 6.33300781250000e-01 4.01069879531860e-01
61 5.97167968750000e-01 3.56609582901001e-01
62 6.07421875000000e-01 3.68961334228516e-01
63 5.75683593750000e-01 3.31411600112915e-01
64 5.63964843750000e-01 3.18056344985962e-01
65 5.10742187500000e-01 2.60857582092285e-01
66 5.34667968750000e-01 2.85869836807251e-01
67 4.78027343750000e-01 2.28510141372681e-01
68 4.89257812500000e-01 2.39373207092285e-01
69 4.86816406250000e-01 2.36990213394165e-01
70 5.18066406250000e-01 2.68392801284790e-01
71 4.56542968750000e-01 2.08431482315063e-01
72 5.04394531250000e-01 2.54413843154907e-01
73 5.46875000000000e-01 2.99072265625000e-01
74 4.91210937500000e-01 2.41288185119629e-01
75 4.83398437500000e-01 2.33674049377441e-01
76 4.41406250000000e-01 1.94839477539062e-01
77 5.23925781250000e-01 2.74498224258423e-01
78 5.16113281250000e-01 2.66372919082642e-01
79 4.67285156250000e-01 2.18355417251587e-01
80 4.76562500000000e-01 2.27111816406250e-01
81 5.49804687500000e-01 3.02285194396973e-01
82 5.55664062500000e-01 3.08762550354004e-01
83 5.24902343750000e-01 2.75522470474243e-01
84 5.24902343750000e-01 2.75522470474243e-01
85 5.06835937500000e-01 2.56882667541504e-01
86 4.89257812500000e-01 2.39373207092285e-01
87 5.38574218750000e-01 2.90062189102173e-01
88 4.79980468750000e-01 2.30381250381470e-01
89 4.97070312500000e-01 2.47078895568848e-01
90 4.71679687500000e-01 2.22481727600098e-01
91 5.84472656250000e-01 3.41608285903931e-01
92 5.72265625000000e-01 3.27487945556641e-01
93 6.51367187500000e-01 4.24279212951660e-01
94 6.66992187500000e-01 4.44878578186035e-01
95 6.18164062500000e-01 3.82126808166504e-01
96 6.41113281250000e-01 4.11026239395142e-01
97 6.25976562500000e-01 3.91846656799316e-01
98 6.33789062500000e-01 4.01688575744629e-01
99 5.84472656250000e-01 3.41608285903931e-01
100 6.23046875000000e-01 3.88187408447266e-01
101 5.41992187500000e-01 2.93755531311035e-01
102 5.55664062500000e-01 3.08762550354004e-01
103 5.65917968750000e-01 3.20263147354126e-01
104 5.41992187500000e-01 2.93755531311035e-01
105 5.04394531250000e-01 2.54413843154907e-01
106 4.55078125000000e-01 2.07096099853516e-01
107 3.90136718750000e-01 1.52206659317017e-01
108 3.85253906250000e-01 1.48420572280884e-01
109 3.43750000000000e-01 1.18164062500000e-01
110 4.02343750000000e-01 1.61880493164062e-01
111 3.62792968750000e-01 1.31618738174438e-01
112 3.04199218750000e-01 9.25371646881104e-02
113 3.89160156250000e-01 1.51445627212524e-01
114 3.51562500000000e-01 1.23596191406250e-01
115 4.19433593750000e-01 1.75924539566040e-01
116 3.65234375000000e-01 1.33396148681641e-01
117 3.62304687500000e-01 1.31264686584473e-01
118 3.65722656250000e-01 1.33753061294556e-01
119 3.62304687500000e-01 1.31264686584473e-01
120 3.80859375000000e-01 1.45053863525391e-01
121 4.16503906250000e-01 1.73475503921509e-01
122 4.38476562500000e-01 1.92261695861816e-01
123 4.96582031250000e-01 2.46593713760376e-01
124 4.86328125000000e-01 2.36515045166016e-01
125 6.24023437500000e-01 3.89405250549316e-01
126 6.17675781250000e-01 3.81523370742798e-01
127 6.64550781250000e-01 4.41627740859985e-01
128 6.73339843750000e-01 4.53386545181274e-01
129 6.22558593750000e-01 3.87579202651978e-01
130 5.86425781250000e-01 3.43895196914673e-01
131 6.15234375000000e-01 3.78513336181641e-01
132 6.08886718750000e-01 3.70743036270142e-01
133 6.28417968750000e-01 3.94909143447876e-01
134 6.39648437500000e-01 4.09150123596191e-01
135 6.17187500000000e-01 3.80920410156250e-01
136 5.66894531250000e-01 3.21369409561157e-01
137 6.32812500000000e-01 4.00451660156250e-01
138 6.23046875000000e-01 3.88187408447266e-01
139 5.99121093750000e-01 3.58946084976196e-01
140 5.46875000000000e-01 2.99072265625000e-01
141 5.38574218750000e-01 2.90062189102173e-01
142 5.14648437500000e-01 2.64863014221191e-01
143 5.38085937500000e-01 2.89536476135254e-01
144 5.69824218750000e-01 3.24699640274048e-01
145 6.30859375000000e-01 3.97983551025391e-01
146 6.85546875000000e-01 4.69974517822266e-01
147 7.28027343750000e-01 5.30023813247681e-01
148 7.29980468750000e-01 5.32871484756470e-01
149 7.24121093750000e-01 5.24351358413696e-01
150 7.51953125000000e-01 5.65433502197266e-01
151 6.79199218750000e-01 4.61311578750610e-01
152 6.63574218750000e-01 4.40330743789673e-01
153 6.87011718750000e-01 4.71985101699829e-01
154 6.45019531250000e-01 4.16050195693970e-01
155 7.38769531250000e-01 5.45780420303345e-01
156 7.41699218750000e-01 5.50117731094360e-01
157 7.42187500000000e-01 5.50842285156250e-01
158 6.84570312500000e-01 4.68636512756348e-01
159 7.25585937500000e-01 5.26474952697754e-01
160 7.06054687500000e-01 4.98513221740723e-01
161 6.98730468750000e-01 4.88224267959595e-01
162 6.84082031250000e-01 4.67968225479126e-01
163 6.87011718750000e-01 4.71985101699829e-01
164 7.19238281250000e-01 5.17303705215454e-01
165 7.35351562500000e-01 5.40741920471191e-01
166 7.09472656250000e-01 5.03351449966431e-01
167 7.80273437500000e-01 6.08826637268066e-01
168 7.30468750000000e-01 5.33584594726562e-01
169 6.97265625000000e-01 4.86179351806641e-01
170 7.15820312500000e-01 5.12398719787598e-01
171 7.31445312500000e-01 5.35012245178223e-01
172 7.03125000000000e-01 4.94384765625000e-01
173 6.94824218750000e-01 4.82780694961548e-01
174 6.74316406250000e-01 4.54702615737915e-01
175 6.96289062500000e-01 4.84818458557129e-01
176 6.82617187500000e-01 4.65966224670410e-01
177 7.03613281250000e-01 4.95071649551392e-01
178 6.86523437500000e-01 4.71314430236816e-01
179 6.74804687500000e-01 4.55361366271973e-01
180 6.96289062500000e-01 4.84818458557129e-01
181 6.80175781250000e-01 4.62639093399048e-01
182 6.05468750000000e-01 3.66592407226562e-01
183 6.45019531250000e-01 4.16050195693970e-01
184 6.52832031250000e-01 4.26189661026001e-01
185 6.35253906250000e-01 4.03547525405884e-01
186 6.45019531250000e-01 4.16050195693970e-01
187 6.27929687500000e-01 3.94295692443848e-01
188 6.17675781250000e-01 3.81523370742798e-01
189 6.18652343750000e-01 3.82730722427368e-01
190 6.17187500000000e-01 3.80920410156250e-01
191 6.06445312500000e-01 3.67775917053223e-01
192 6.26953125000000e-01 3.93070220947266e-01
193 5.74707031250000e-01 3.30288171768188e-01
194 5.96191406250000e-01 3.55444192886353e-01
195 5.97167968750000e-01 3.56609582901001e-01
196 5.94238281250000e-01 3.53119134902954e-01
197 6.27441406250000e-01 3.93682718276978e-01
198 6.39160156250000e-01 4.08525705337524e-01
199 6.75781250000000e-01 4.56680297851562e-01
200 6.87500000000000e-01 4.72656250000000e-01
201 6.87011718750000e-01 4.71985101699829e-01
202 6.56250000000000e-01 4.30664062500000e-01
203 6.96289062500000e-01 4.84818458557129e-01
204 6.84570312500000e-01 4.68636512756348e-01
205 7.00683593750000e-01 4.90957498550415e-01
206 6.72851562500000e-01 4.52729225158691e-01
207 5.86914062500000e-01 3.44468116760254e-01
208 6.16210937500000e-01 3.79715919494629e-01
209 6.66015625000000e-01 4.43576812744141e-01
210 6.91406250000000e-01 4.78042602539062e-01
211 6.25976562500000e-01 3.91846656799316e-01
212 6.36230468750000e-01 4.04789209365845e-01
213 6.75292968750000e-01 4.56020593643188e-01
214 6.79199218750000e-01 4.61311578750610e-01
215 7.08496093750000e-01 5.01966714859009e-01
216 7.09960937500000e-01 5.04044532775879e-01
217 6.51367187500000e-01 4.24279212951660e-01
218 6.59667968750000e-01 4.35161828994751e-01
219 6.71386718750000e-01 4.50760126113892e-01
220 6.76757812500000e-01 4.58001136779785e-01
221 7.43652343750000e-01 5.53018808364868e-01
222 7.28515625000000e-01 5.30735015869141e-01
223 7.10937500000000e-01 5.05432128906250e-01
224 7.26562500000000e-01 5.27893066406250e-01
225 7.32421875000000e-01 5.36441802978516e-01
226 7.83203125000000e-01 6.13407135009766e-01
227 7.36816406250000e-01 5.42898416519165e-01
228 7.58300781250000e-01 5.75020074844360e-01
229 7.38281250000000e-01 5.45059204101562e-01
230 7.02636718750000e-01 4.93698358535767e-01
231 7.44628906250000e-01 5.54472208023071e-01
232 7.58789062500000e-01 5.75760841369629e-01
233 7.16308593750000e-01 5.13098001480103e-01
234 7.50000000000000e-01 5.62500000000000e-01
235 7.14843750000000e-01 5.11001586914062e-01
236 6.87500000000000e-01 4.72656250000000e-01
237 6.60156250000000e-01 4.35806274414062e-01
238 6.28906250000000e-01 3.95523071289062e-01
239 6.95312500000000e-01 4.83459472656250e-01
240 7.28027343750000e-01 5.30023813247681e-01
241 7.07031250000000e-01 4.99893188476562e-01
242 6.86523437500000e-01 4.71314430236816e-01
243 6.65527343750000e-01 4.42926645278931e-01
244 6.65527343750000e-01 4.42926645278931e-01
245 6.19140625000000e-01 3.83335113525391e-01
246 6.94335937500000e-01 4.82102394104004e-01
247 7.26562500000000e-01 5.27893066406250e-01
248 7.20703125000000e-01 5.19412994384766e-01
249 7.45117187500000e-01 5.55199623107910e-01
250 7.30468750000000e-01 5.33584594726562e-01
251 7.52441406250000e-01 5.66168069839478e-01
252 6.99218750000000e-01 4.88906860351562e-01
253 7.05078125000000e-01 4.97135162353516e-01
254 7.34375000000000e-01 5.39306640625000e-01
255 6.87988281250000e-01 4.73327875137329e-01
256 6.85546875000000e-01 4.69974517822266e-01
257 7.25585937500000e-01 5.26474952697754e-01
258 6.33300781250000e-01 4.01069879531860e-01
259 6.59179687500000e-01 4.34517860412598e-01
260 6.37207031250000e-01 4.06032800674438e-01
261 6.03027343750000e-01 3.63641977310181e-01
262 5.92773437500000e-01 3.51380348205566e-01
263 5.79589843750000e-01 3.35924386978149e-01
264 6.53320312500000e-01 4.26827430725098e-01
265 6.53320312500000e-01 4.26827430725098e-01
266 6.55761718750000e-01 4.30023431777954e-01
267 6.79199218750000e-01 4.61311578750610e-01
268 7.27539062500000e-01 5.29313087463379e-01
269 6.97265625000000e-01 4.86179351806641e-01
270 7.10937500000000e-01 5.05432128906250e-01
271 6.93847656250000e-01 4.81424570083618e-01
272 6.77734375000000e-01 4.59323883056641e-01
273 7.16796875000000e-01 5.13797760009766e-01
274 6.40136718750000e-01 4.09775018692017e-01
275 6.54296875000000e-01 4.28104400634766e-01
276 6.35742187500000e-01 4.04168128967285e-01
277 6.40136718750000e-01 4.09775018692017e-01
278 6.29394531250000e-01 3.96137475967407e-01
279 6.73828125000000e-01 4.54044342041016e-01
280 6.82617187500000e-01 4.65966224670410e-01
281 6.89941406250000e-01 4.76019144058228e-01
282 6.85546875000000e-01 4.69974517822266e-01
283 6.09375000000000e-01 3.71337890625000e-01
284 5.63964843750000e-01 3.18056344985962e-01
285 5.80566406250000e-01 3.37057352066040e-01
286 5.46386718750000e-01 2.98538446426392e-01
287 6.07910156250000e-01 3.69554758071899e-01
288 6.42089843750000e-01 4.12279367446899e-01
289 6.14257812500000e-01 3.77312660217285e-01
290 5.96679687500000e-01 3.56026649475098e-01
291 5.96679687500000e-01 3.56026649475098e-01
292 6.30859375000000e-01 3.97983551025391e-01
293 6.37207031250000e-01 4.06032800674438e-01
294 6.51367187500000e-01 4.24279212951660e-01
295 6.53808593750000e-01 4.27465677261353e-01
296 7.17285156250000e-01 5.14497995376587e-01
297 6.67968750000000e-01 4.46182250976562e-01
298 6.98242187500000e-01 4.87542152404785e-01
299 7.09960937500000e-01 5.04044532775879e-01
300 6.85546875000000e-01 4.69974517822266e-01
301 6.51367187500000e-01 4.24279212951660e-01
302 6.41601562500000e-01 4.11652565002441e-01
303 6.44531250000000e-01 4.15420532226562e-01
304 6.66992187500000e-01 4.44878578186035e-01
305 6.67480468750000e-01 4.45530176162720e-01
306 6.36718750000000e-01 4.05410766601562e-01
307 6.49414062500000e-01 4.21738624572754e-01
308 6.41113281250000e-01 4.11026239395142e-01
309 6.94824218750000e-01 4.82780694961548e-01
310 6.47949218750000e-01 4.19838190078735e-01
311 6.30371093750000e-01 3.97367715835571e-01
312 6.87988281250000e-01 4.73327875137329e-01
313 6.98730468750000e-01 4.88224267959595e-01
314 5.84960937500000e-01 3.42179298400879e-01
315 5.76171875000000e-01 3.31974029541016e-01
316 5.50781250000000e-01 3.03359985351562e-01
317 5.43457031250000e-01 2.95345544815063e-01
318 5.37597656250000e-01 2.89011240005493e-01
319 5.20507812500000e-01 2.70928382873535e-01
320 4.95117187500000e-01 2.45141029357910e-01
321 4.59472656250000e-01 2.11115121841431e-01
322 4.83398437500000e-01 2.33674049377441e-01
323 4.34570312500000e-01 1.88851356506348e-01
324 4.54101562500000e-01 2.06208229064941e-01
325 4.16992187500000e-01 1.73882484436035e-01
326 4.40429687500000e-01 1.93978309631348e-01
327 3.91113281250000e-01 1.52969598770142e-01
328 4.44824218750000e-01 1.97868585586548e-01
329 4.28222656250000e-01 1.83374643325806e-01
330 3.99902343750000e-01 1.59921884536743e-01
331 4.59960937500000e-01 2.11564064025879e-01
332 4.52148437500000e-01 2.04438209533691e-01
333 4.02832031250000e-01 1.62273645401001e-01
334 4.38476562500000e-01 1.92261695861816e-01
335 4.34570312500000e-01 1.88851356506348e-01
336 3.88671875000000e-01 1.51065826416016e-01
337 3.84277343750000e-01 1.47669076919556e-01
338 3.99414062500000e-01 1.59531593322754e-01
339 3.68652343750000e-01 1.35904550552368e-01
340 3.63281250000000e-01 1.31973266601562e-01
341 3.51074218750000e-01 1.23253107070923e-01
342 3.33496093750000e-01 1.11219644546509e-01
343 3.00781250000000e-01 9.04693603515625e-02
344 2.69042968750000e-01 7.23841190338135e-02
345 2.94921875000000e-01 8.69789123535156e-02
346 4.03320312500000e-01 1.62667274475098e-01
347 3.78417968750000e-01 1.43200159072876e-01
348 3.68164062500000e-01 1.35544776916504e-01
349 3.30078125000000e-01 1.08951568603516e-01
350 2.78320312500000e-01 7.74621963500977e-02
351 3.70605468750000e-01 1.37348413467407e-01
352 4.02343750000000e-01 1.61880493164062e-01
353 3.74023437500000e-01 1.39893531799316e-01
354 3.43750000000000e-01 1.18164062500000e-01
355 3.07617187500000e-01 9.46283340454102e-02
356 3.27148437500000e-01 1.07026100158691e-01
357 3.29589843750000e-01 1.08629465103149e-01
358 3.45703125000000e-01 1.19510650634766e-01
359 4.46777343750000e-01 1.99609994888306e-01
360 4.49218750000000e-01 2.01797485351562e-01
361 3.76464843750000e-01 1.41725778579712e-01
362 4.09179687500000e-01 1.67428016662598e-01
363 3.97460937500000e-01 1.57975196838379e-01
364 3.83300781250000e-01 1.46919488906860e-01
365 3.96484375000000e-01 1.57199859619141e-01
366 3.75488281250000e-01 1.40991449356079e-01
367 3.53027343750000e-01 1.24628305435181e-01
368 3.58398437500000e-01 1.28449440002441e-01
369 3.42285156250000e-01 1.17159128189087e-01
370 3.06152343750000e-01 9.37292575836182e-02
371 3.79882812500000e-01 1.44310951232910e-01
372 3.84765625000000e-01 1.48044586181641e-01
373 3.82812500000000e-01 1.46545410156250e-01
374 3.48144531250000e-01 1.21204614639282e-01
375 3.87207031250000e-01 1.49929285049438e-01
376 4.11621093750000e-01 1.69431924819946e-01
377 4.99511718750000e-01 2.49511957168579e-01
378 5.65429687500000e-01 3.19710731506348e-01
379 5.57617187500000e-01 3.10936927795410e-01
380 5.45410156250000e-01 2.97472238540649e-01
381 5.71289062500000e-01 3.26371192932129e-01
382 5.62500000000000e-01 3.16406250000000e-01
383 5.67382812500000e-01 3.21923255920410e-01
384 5.57128906250000e-01 3.10392618179321e-01
385 5.22460937500000e-01 2.72965431213379e-01
386 5.34179687500000e-01 2.85347938537598e-01
387 5.24902343750000e-01 2.75522470474243e-01
388 5.73730468750000e-01 3.29166650772095e-01
389 5.48828125000000e-01 3.01212310791016e-01
390 5.90820312500000e-01 3.49068641662598e-01
391 5.41015625000000e-01 2.92697906494141e-01
392 5.84472656250000e-01 3.41608285903931e-01
393 6.46484375000000e-01 4.17942047119141e-01
394 6.43066406250000e-01 4.13534402847290e-01
395 6.56738281250000e-01 4.31305170059204e-01
396 5.96679687500000e-01 3.56026649475098e-01
397 6.11328125000000e-01 3.73722076416016e-01
398 5.69335937500000e-01 3.24143409729004e-01
399 6.29882812500000e-01 3.96752357482910e-01
400 6.30371093750000e-01 3.97367715835571e-01
401 5.94726562500000e-01 3.53699684143066e-01
402 5.57128906250000e-01 3.10392618179321e-01
403 5.42480468750000e-01 2.94285058975220e-01
404 5.90332031250000e-01 3.48491907119751e-01
405 5.50781250000000e-01 3.03359985351562e-01
406 6.05468750000000e-01 3.66592407226562e-01
407 6.59179687500000e-01 4.34517860412598e-01
408 6.13281250000000e-01 3.76113891601562e-01
409 6.22558593750000e-01 3.87579202651978e-01
410 6.39648437500000e-01 4.09150123596191e-01
411 6.66992187500000e-01 4.44878578186035e-01
412 6.08886718750000e-01 3.70743036270142e-01
413 6.00097656250000e-01 3.60117197036743e-01
414 6.40625000000000e-01 4.10400390625000e-01
415 6.13769531250000e-01 3.76713037490845e-01
416 6.20605468750000e-01 3.85151147842407e-01
417 6.36230468750000e-01 4.04789209365845e-01
418 6.22558593750000e-01 3.87579202651978e-01
419 6.22070312500000e-01 3.86971473693848e-01
420 6.78710937500000e-01 4.60648536682129e-01
421 6.26464843750000e-01 3.92458200454712e-01
422 6.84570312500000e-01 4.68636512756348e-01
423 6.45996093750000e-01 4.17310953140259e-01
424 6.24511718750000e-01 3.90014886856079e-01
425 6.18164062500000e-01 3.82126808166504e-01
426 6.43066406250000e-01 4.13534402847290e-01
427 6.56738281250000e-01 4.31305170059204e-01
428 6.48437500000000e-01 4.20471191406250e-01
429 5.68359375000000e-01 3.23032379150391e-01
430 5.86914062500000e-01 3.44468116760254e-01
431 5.74707031250000e-01 3.30288171768188e-01
432 5.74707031250000e-01 3.30288171768188e-01
433 4.90234375000000e-01 2.40329742431641e-01
434 3.78417968750000e-01 1.43200159072876e-01
435 3.60351562500000e-01 1.29853248596191e-01
436 3.59375000000000e-01 1.29150390625000e-01
437 3.82812500000000e-01 1.46545410156250e-01
438 3.87207031250000e-01 1.49929285049438e-01
439 4.14062500000000e-01 1.71447753906250e-01
440 3.91113281250000e-01 1.52969598770142e-01
441 3.12500000000000e-01 9.76562500000000e-02
442 2.87109375000000e-01 8.24317932128906e-02
443 2.84667968750000e-01 8.10358524322510e-02
444 2.51464843750000e-01 6.32345676422119e-02
445 3.23730468750000e-01 1.04801416397095e-01
446 2.88574218750000e-01 8.32750797271729e-02
447 2.25097656250000e-01 5.06689548492432e-02
448 1.84570312500000e-01 3.40662002563477e-02
449 2.21679687500000e-01 4.91418838500977e-02
450 2.31445312500000e-01 5.35669326782227e-02
451 3.00781250000000e-01 9.04693603515625e-02
452 2.88574218750000e-01 8.32750797271729e-02
453 3.00781250000000e-01 9.04693603515625e-02
454 3.22753906250000e-01 1.04170083999634e-01
455 3.03222656250000e-01 9.19439792633057e-02
456 3.46191406250000e-01 1.19848489761353e-01
457 3.08105468750000e-01 9.49289798736572e-02
458 3.25683593750000e-01 1.06069803237915e-01
459 2.99804687500000e-01 8.98828506469727e-02
460 2.82714843750000e-01 7.99276828765869e-02
461 2.44140625000000e-01 5.96046447753906e-02
462 2.61230468750000e-01 6.82413578033447e-02
463 2.96875000000000e-01 8.81347656250000e-02
464 3.75488281250000e-01 1.40991449356079e-01
465 4.10156250000000e-01 1.68228149414062e-01
466 4.30664062500000e-01 1.85471534729004e-01
467 4.01855468750000e-01 1.61487817764282e-01
468 4.36035156250000e-01 1.90126657485962e-01
469 4.59960937500000e-01 2.11564064025879e-01
470 4.65332031250000e-01 2.16533899307251e-01
471 4.72167968750000e-01 2.22942590713501e-01
472 4.61425781250000e-01 2.12913751602173e-01
473 4.13574218750000e-01 1.71043634414673e-01
474 3.97460937500000e-01 1.57975196838379e-01
475 4.04296875000000e-01 1.63455963134766e-01
476 4.79980468750000e-01 2.30381250381470e-01
477 4.57031250000000e-01 2.08877563476562e-01
478 4.08691406250000e-01 1.67028665542603e-01
479 3.84277343750000e-01 1.47669076919556e-01
480 3.96972656250000e-01 1.57587289810181e-01
481 3.51562500000000e-01 1.23596191406250e-01
482 3.64746093750000e-01 1.33039712905884e-01
483 4.29687500000000e-01 1.84631347656250e-01
484 4.09179687500000e-01 1.67428016662598e-01
485 4.55078125000000e-01 2.07096099853516e-01
486 4.07714843750000e-01 1.66231393814087e-01
487 4.95117187500000e-01 2.45141029357910e-01
488 4.79980468750000e-01 2.30381250381470e-01
489 4.95605468750000e-01 2.45624780654907e-01
490 5.35156250000000e-01 2.86392211914062e-01
491 5.14648437500000e-01 2.64863014221191e-01
492 5.47851562500000e-01 3.00141334533691e-01
493 5.58105468750000e-01 3.11481714248657e-01
494 4.97070312500000e-01 2.47078895568848e-01
495 5.19531250000000e-01 2.69912719726562e-01
496 4.73144531250000e-01 2.23865747451782e-01
497 3.98437500000000e-01 1.58752441406250e-01
498 4.25781250000000e-01 1.81289672851562e-01
499 4.17968750000000e-01 1.74697875976562e-01
500 3.86718750000000e-01 1.49551391601562e-01
501 3.38867187500000e-01 1.14830970764160e-01
502 2.81250000000000e-01 7.91015625000000e-02
503 3.06640625000000e-01 9.40284729003906e-02
504 3.16406250000000e-01 1.00112915039062e-01
505 3.23730468750000e-01 1.04801416397095e-01
506 2.58300781250000e-01 6.67192935943604e-02
507 2.23632812500000e-01 5.00116348266602e-02
508 1.67480468750000e-01 2.80497074127197e-02
509 1.42089843750000e-01 2.01895236968994e-02
510 8.69140625000000e-02 7.55405426025391e-03
511 6.39648437500000e-02 4.09150123596191e-03
512 5.85937500000000e-03 3.43322753906250e-05
513 7.47070312500000e-02 5.58114051818848e-03
514 7.32421875000000e-03 5.36441802978516e-05
515 6.68945312500000e-02 4.47487831115723e-03
516 6.98242187500000e-02 4.87542152404785e-03
517 4.83398437500000e-02 2.33674049377441e-03
518 6.73828125000000e-02 4.54044342041016e-03
519 6.39648437500000e-02 4.09150123596191e-03
520 9.13085937500000e-02 8.33725929260254e-03
521 1.56250000000000e-01 2.44140625000000e-02
522 1.77246093750000e-01 3.14161777496338e-02
523 1.04980468750000e-01 1.10208988189697e-02
524 3.66210937500000e-02 1.34110450744629e-03
525 6.25000000000000e-02 3.90625000000000e-03
526 9.27734375000000e-02 8.60691070556641e-03
527 1.56250000000000e-02 2.44140625000000e-04
528 3.41796875000000e-03 1.16825103759766e-05
529 2.05078125000000e-02 4.20570373535156e-04
530 4.98046875000000e-02 2.48050689697266e-03
531 3.75976562500000e-02 1.41358375549316e-03
532 1.02050781250000e-01 1.04143619537354e-02
533 7.12890625000000e-02 5.08213043212891e-03
534 8.20312500000000e-02 6.72912597656250e-03
535 2.53906250000000e-02 6.44683837890625e-04
536 6.98242187500000e-02 4.87542152404785e-03
537 1.09863281250000e-01 1.20699405670166e-02
538 1.12792968750000e-01 1.27222537994385e-02
539 1.10351562500000e-01 1.21774673461914e-02
540 6.49414062500000e-02 4.21738624572754e-03
541 3.85742187500000e-02 1.48797035217285e-03
542 1.11328125000000e-01 1.23939514160156e-02
543 8.49609375000000e-02 7.21836090087891e-03
544 7.08007812500000e-02 5.01275062561035e-03
545 7.61718750000000e-02 5.80215454101562e-03
546 1.08886718750000e-01 1.18563175201416e-02
547 4.19921875000000e-02 1.76334381103516e-03
548 4.29687500000000e-02 1.84631347656250e-03
549 1.02539062500000e-02 1.05142593383789e-04
550 4.39453125000000e-02 1.93119049072266e-03
551 1.46484375000000e-02 2.14576721191406e-04
552 3.90625000000000e-03 1.52587890625000e-05
553 1.66015625000000e-02 2.75611877441406e-04
554 2.78320312500000e-02 7.74621963500977e-04
555 8.54492187500000e-02 7.30156898498535e-03
556 6.34765625000000e-03 4.02927398681641e-05
557 4.39453125000000e-03 1.93119049072266e-05
558 1.26953125000000e-02 1.61170959472656e-04
559 3.41796875000000e-02 1.16825103759766e-03
560 5.90820312500000e-02 3.49068641662598e-03
561 6.54296875000000e-02 4.28104400634766e-03
562 8.44726562500000e-02 7.13562965393066e-03
563 1.14746093750000e-01 1.31666660308838e-02
564 1.26464843750000e-01 1.59933567047119e-02
565 1.63085937500000e-01 2.65970230102539e-02
566 1.50878906250000e-01 2.27644443511963e-02
567 1.63574218750000e-01 2.67565250396729e-02
568 2.02148437500000e-01 4.08639907836914e-02
569 2.20214843750000e-01 4.84945774078369e-02
570 2.84667968750000e-01 8.10358524322510e-02
571 2.39257812500000e-01 5.72443008422852e-02
572 1.32812500000000e-01 1.76391601562500e-02
573 1.48437500000000e-01 2.20336914062500e-02
574 1.28417968750000e-01 1.64911746978760e-02
575 1.05468750000000e-01 1.11236572265625e-02
576 1.44042968750000e-01 2.07483768463135e-02
577 1.17187500000000e-01 1.37329101562500e-02
578 1.15722656250000e-01 1.33917331695557e-02
579 2.09472656250000e-01 4.38787937164307e-02
580 2.36328125000000e-01 5.58509826660156e-02
581 1.96777343750000e-01 3.87213230133057e-02
582 1.86523437500000e-01 3.47909927368164e-02
583 1.77246093750000e-01 3.14161777496338e-02
584 1.45996093750000e-01 2.13148593902588e-02
585 1.53320312500000e-01 2.35071182250977e-02
586 1.87011718750000e-01 3.49733829498291e-02
587 1.66503906250000e-01 2.77235507965088e-02
588 2.24609375000000e-01 5.04493713378906e-02
589 2.31445312500000e-01 5.35669326782227e-02
590 2.13378906250000e-01 4.55305576324463e-02
591 2.08984375000000e-01 4.36744689941406e-02
592 2.05078125000000e-01 4.20570373535156e-02
593 2.58789062500000e-01 6.69717788696289e-02
594 2.08984375000000e-01 4.36744689941406e-02
595 1.87011718750000e-01 3.49733829498291e-02
596 2.33398437500000e-01 5.44748306274414e-02
597 2.40722656250000e-01 5.79473972320557e-02
598 2.17773437500000e-01 4.74252700805664e-02
599 2.15332031250000e-01 4.63678836822510e-02
600 2.81738281250000e-01 7.93764591217041e-02
601 3.73046875000000e-01 1.39163970947266e-01
602 3.48144531250000e-01 1.21204614639282e-01
603 3.73535156250000e-01 1.39528512954712e-01
604 3.13476562500000e-01 9.82675552368164e-02
605 2.46582031250000e-01 6.08026981353760e-02
606 2.65625000000000e-01 7.05566406250000e-02
607 2.59277343750000e-01 6.72247409820557e-02
608 2.90527343750000e-01 8.44061374664307e-02
609 2.50976562500000e-01 6.29892349243164e-02
610 2.07519531250000e-01 4.30643558502197e-02
611 2.24121093750000e-01 5.02302646636963e-02
612 1.55761718750000e-01 2.42617130279541e-02
613 1.66992187500000e-01 2.78863906860352e-02
614 1.80175781250000e-01 3.24633121490479e-02
615 1.91894531250000e-01 3.68235111236572e-02
616 9.91210937500000e-02 9.82499122619629e-03
617 5.27343750000000e-02 2.78091430664062e-03
618 9.17968750000000e-02 8.42666625976562e-03
619 2.19726562500000e-02 4.82797622680664e-04
620 4.63867187500000e-02 2.15172767639160e-03
621 2.44140625000000e-03 5.96046447753906e-06
622 7.81250000000000e-03 6.10351562500000e-05
623 4.05273437500000e-02 1.64246559143066e-03
624 3.61328125000000e-02 1.30558013916016e-03
625 2.58789062500000e-02 6.69717788696289e-04
626 5.71289062500000e-02 3.26371192932129e-03
627 1.56250000000000e-02 2.44140625000000e-04
628 2.92968750000000e-03 8.58306884765625e-06
629 3.27148437500000e-02 1.07026100158691e-03
630 6.20117187500000e-02 3.84545326232910e-03
631 9.37500000000000e-02 8.78906250000000e-03
632 1.77734375000000e-01 3.15895080566406e-02
633 1.77734375000000e-01 3.15895080566406e-02
634 2.76367187500000e-01 7.63788223266602e-02
635 2.74414062500000e-01 7.53030776977539e-02
636 3.21289062500000e-01 1.03226661682129e-01
637 3.44726562500000e-01 1.18836402893066e-01
638 3.07617187500000e-01 9.46283340454102e-02
639 2.95898437500000e-01 8.75558853149414e-02
640 3.36425781250000e-01 1.13182306289673e-01
641 3.68652343750000e-01 1.35904550552368e-01
642 3.75488281250000e-01 1.40991449356079e-01
643 4.17968750000000e-01 1.74697875976562e-01
644 3.70605468750000e-01 1.37348413467407e-01
645 3.42773437500000e-01 1.17493629455566e-01
646 2.97363281250000e-01 8.84249210357666e-02
647 4.36035156250000e-01 1.90126657485962e-01
648 4.43359375000000e-01 1.96567535400391e-01
649 4.11621093750000e-01 1.69431924819946e-01
650 3.31054687500000e-01 1.09597206115723e-01
651 3.33984375000000e-01 1.11545562744141e-01
652 2.97363281250000e-01 8.84249210357666e-02
653 3.46191406250000e-01 1.19848489761353e-01
654 3.24707031250000e-01 1.05434656143188e-01
655 2.84179687500000e-01 8.07580947875977e-02
656 3.63281250000000e-01 1.31973266601562e-01
657 3.44238281250000e-01 1.18499994277954e-01
658 2.90527343750000e-01 8.44061374664307e-02
659 3.31054687500000e-01 1.09597206115723e-01
660 3.38378906250000e-01 1.14500284194946e-01
661 3.03222656250000e-01 9.19439792633057e-02
662 1.99218750000000e-01 3.96881103515625e-02
663 1.80175781250000e-01 3.24633121490479e-02
664 2.24121093750000e-01 5.02302646636963e-02
665 1.71386718750000e-01 2.93734073638916e-02
666 1.45019531250000e-01 2.10306644439697e-02
667 7.42187500000000e-02 5.50842285156250e-03
668 9.81445312500000e-02 9.63234901428223e-03
669 6.39648437500000e-02 4.09150123596191e-03
670 1.70898437500000e-02 2.92062759399414e-04
671 8.30078125000000e-03 6.89029693603516e-05
672 1.46484375000000e-03 2.14576721191406e-06
673 1.80664062500000e-02 3.26395034790039e-04
674 7.51953125000000e-02 5.65433502197266e-03
675 5.46875000000000e-02 2.99072265625000e-03
676 1.90429687500000e-02 3.62634658813477e-04
677 4.63867187500000e-02 2.15172767639160e-03
678 4.44335937500000e-02 1.97434425354004e-03
679 5.95703125000000e-02 3.54862213134766e-03
680 8.05664062500000e-02 6.49094581604004e-03
681 1.18652343750000e-01 1.40783786773682e-02
682 1.26953125000000e-01 1.61170959472656e-02
683 1.16210937500000e-01 1.35049819946289e-02
684 1.25488281250000e-01 1.57473087310791e-02
685 1.72851562500000e-01 2.98776626586914e-02
686 2.67578125000000e-01 7.15980529785156e-02
687 2.48535156250000e-01 6.17697238922119e-02
688 1.75781250000000e-01 3.08990478515625e-02
689 2.02636718750000e-01 4.10616397857666e-02
690 1.69921875000000e-01 2.88734436035156e-02
691 1.72851562500000e-01 2.98776626586914e-02
692 1.29394531250000e-01 1.67429447174072e-02
693 1.02050781250000e-01 1.04143619537354e-02
694 4.93164062500000e-02 2.43210792541504e-03
695 7.91015625000000e-02 6.25705718994141e-03
696 9.91210937500000e-02 9.82499122619629e-03
697 2.09960937500000e-02 4.40835952758789e-04
698 2.88085937500000e-02 8.29935073852539e-04
699 3.90625000000000e-02 1.52587890625000e-03
700 1.19140625000000e-01 1.41944885253906e-02
701 8.74023437500000e-02 7.63916969299316e-03
702 1.04492187500000e-01 1.09186172485352e-02
703 5.66406250000000e-02 3.20816040039062e-03
704 6.49414062500000e-02 4.21738624572754e-03
705 1.31835937500000e-02 1.73807144165039e-04
706 1.22070312500000e-02 1.49011611938477e-04
707 3.27148437500000e-02 1.07026100158691e-03
708 7.81250000000000e-03 6.10351562500000e-05
709 8.98437500000000e-02 8.07189941406250e-03
710 1.01562500000000e-01 1.03149414062500e-02
711 5.61523437500000e-02 3.15308570861816e-03
712 6.05468750000000e-02 3.66592407226562e-03
713 5.37109375000000e-02 2.88486480712891e-03
714 1.31835937500000e-02 1.73807144165039e-04
715 4.10156250000000e-02 1.68228149414062e-03
716 9.76562500000000e-02 9.53674316406250e-03
717 1.12792968750000e-01 1.27222537994385e-02
718 8.15429687500000e-02 6.64925575256348e-03
719 1.02050781250000e-01 1.04143619537354e-02
720 3.85742187500000e-02 1.48797035217285e-03
721 2.49023437500000e-02 6.20126724243164e-04
722 1.46484375000000e-03 2.14576721191406e-06
723 2.14843750000000e-02 4.61578369140625e-04
724 7.37304687500000e-02 5.43618202209473e-03
725 7.81250000000000e-02 6.10351562500000e-03
726 1.18652343750000e-01 1.40783786773682e-02
727 2.51953125000000e-01 6.34803771972656e-02
728 3.56445312500000e-01 1.27053260803223e-01
729 3.54492187500000e-01 1.25664710998535e-01
730 3.50097656250000e-01 1.22568368911743e-01
731 3.27148437500000e-01 1.07026100158691e-01
732 3.83789062500000e-01 1.47294044494629e-01
733 3.57421875000000e-01 1.27750396728516e-01
734 3.62792968750000e-01 1.31618738174438e-01
735 4.04785156250000e-01 1.63851022720337e-01
736 3.86230468750000e-01 1.49173974990845e-01
737 3.72070312500000e-01 1.38436317443848e-01
738 3.51562500000000e-01 1.23596191406250e-01
739 2.89550781250000e-01 8.38396549224854e-02
740 2.55371093750000e-01 6.52143955230713e-02
741 2.48046875000000e-01 6.15272521972656e-02
742 3.12011718750000e-01 9.73513126373291e-02
743 3.28125000000000e-01 1.07666015625000e-01
744 3.20312500000000e-01 1.02600097656250e-01
745 3.12011718750000e-01 9.73513126373291e-02
746 2.79296875000000e-01 7.80067443847656e-02
747 2.96875000000000e-01 8.81347656250000e-02
748 2.83691406250000e-01 8.04808139801025e-02
749 2.65625000000000e-01 7.05566406250000e-02
750 1.97753906250000e-01 3.91066074371338e-02
751 1.93847656250000e-01 3.75769138336182e-02
752 1.86035156250000e-01 3.46090793609619e-02
753 2.05566406250000e-01 4.22575473785400e-02
754 1.81152343750000e-01 3.28161716461182e-02
755 1.58203125000000e-01 2.50282287597656e-02
756 2.31933593750000e-01 5.37931919097900e-02
757 1.74804687500000e-01 3.05566787719727e-02
758 2.32421875000000e-01 5.40199279785156e-02
759 2.56835937500000e-01 6.59646987915039e-02
760 3.08105468750000e-01 9.49289798736572e-02
761 2.34863281250000e-01 5.51607608795166e-02
762 1.92382812500000e-01 3.70111465454102e-02
763 2.18261718750000e-01 4.76381778717041e-02
764 2.31933593750000e-01 5.37931919097900e-02
765 1.81640625000000e-01 3.29933166503906e-02
766 2.00195312500000e-01 4.00781631469727e-02
767 2.18750000000000e-01 4.78515625000000e-02
768 2.51464843750000e-01 6.32345676422119e-02
769 2.36816406250000e-01 5.60820102691650e-02
770 2.90039062500000e-01 8.41226577758789e-02
771 2.78808593750000e-01 7.77342319488525e-02
772 2.53417968750000e-01 6.42206668853760e-02
773 1.80664062500000e-01 3.26395034790039e-02
774 1.46972656250000e-01 2.16009616851807e-02
775 1.21093750000000e-01 1.46636962890625e-02
776 1.28417968750000e-01 1.64911746978760e-02
777 6.15234375000000e-02 3.78513336181641e-03
778 1.42089843750000e-01 2.01895236968994e-02
779 1.20117187500000e-01 1.44281387329102e-02
780 1.54296875000000e-01 2.38075256347656e-02
781 8.59375000000000e-02 7.38525390625000e-03
782 5.85937500000000e-03 3.43322753906250e-05
783 8.78906250000000e-03 7.72476196289062e-05
784 7.32421875000000e-03 5.36441802978516e-05
785 7.32421875000000e-03 5.36441802978516e-05
786 4.93164062500000e-02 2.43210792541504e-03
787 6.59179687500000e-02 4.34517860412598e-03
788 1.03027343750000e-01 1.06146335601807e-02
789 2.19726562500000e-02 4.82797622680664e-04
790 5.02929687500000e-02 2.52938270568848e-03
791 7.66601562500000e-02 5.87677955627441e-03
792 1.10351562500000e-01 1.21774673461914e-02
793 9.91210937500000e-02 9.82499122619629e-03
794 5.85937500000000e-02 3.43322753906250e-03
795 1.75781250000000e-02 3.08990478515625e-04
796 5.76171875000000e-02 3.31974029541016e-03
797 1.00585937500000e-01 1.01175308227539e-02
798 1.19140625000000e-01 1.41944885253906e-02
799 1.56738281250000e-01 2.45668888092041e-02
800 1.27929687500000e-01 1.63660049438477e-02
801 7.56835937500000e-02 5.72800636291504e-03
802 1.45019531250000e-01 2.10306644439697e-02
803 1.88476562500000e-01 3.55234146118164e-02
804 1.66503906250000e-01 2.77235507965088e-02
805 2.02636718750000e-01 4.10616397857666e-02
806 2.54882812500000e-01 6.49652481079102e-02
807 2.54394531250000e-01 6.47165775299072e-02
808 2.63671875000000e-01 6.95228576660156e-02
809 2.37304687500000e-01 5.63135147094727e-02
810 1.84570312500000e-01 3.40662002563477e-02
811 2.19726562500000e-01 4.82797622680664e-02
812 2.67578125000000e-01 7.15980529785156e-02
813 2.55371093750000e-01 6.52143955230713e-02
814 3.20312500000000e-01 1.02600097656250e-01
815 3.40332031250000e-01 1.15825891494751e-01
816 3.84277343750000e-01 1.47669076919556e-01
817 3.52539062500000e-01 1.24283790588379e-01
818 3.60839843750000e-01 1.30205392837524e-01
819 3.11523437500000e-01 9.70468521118164e-02
820 3.07128906250000e-01 9.43281650543213e-02
821 3.06640625000000e-01 9.40284729003906e-02
822 3.37402343750000e-01 1.13840341567993e-01
823 3.45703125000000e-01 1.19510650634766e-01
824 3.52539062500000e-01 1.24283790588379e-01
825 3.39843750000000e-01 1.15493774414062e-01
826 3.27636718750000e-01 1.07345819473267e-01
827 2.67089843750000e-01 7.13369846343994e-02
828 2.21191406250000e-01 4.89256381988525e-02
829 2.13378906250000e-01 4.55305576324463e-02
830 2.27050781250000e-01 5.15520572662354e-02
831 1.85058593750000e-01 3.42466831207275e-02
832 2.44140625000000e-01 5.96046447753906e-02
833 2.50000000000000e-01 6.25000000000000e-02
834 2.81738281250000e-01 7.93764591217041e-02
835 1.85058593750000e-01 3.42466831207275e-02
836 1.42578125000000e-01 2.03285217285156e-02
837 1.24023437500000e-01 1.53818130493164e-02
838 1.53808593750000e-01 2.36570835113525e-02
839 1.25000000000000e-01 1.56250000000000e-02
840 1.15722656250000e-01 1.33917331695557e-02
841 1.11816406250000e-01 1.25029087066650e-02
842 1.42089843750000e-01 2.01895236968994e-02
843 1.46972656250000e-01 2.16009616851807e-02
844 7.17773437500000e-02 5.15198707580566e-03
845 5.41992187500000e-02 2.93755531311035e-03
846 2.29492187500000e-02 5.26666641235352e-04
847 1.44042968750000e-01 2.07483768463135e-02
848 1.93847656250000e-01 3.75769138336182e-02
849 1.64062500000000e-01 2.69165039062500e-02
850 1.94335937500000e-01 3.77664566040039e-02
851 2.56347656250000e-01 6.57141208648682e-02
852 1.52832031250000e-01 2.33576297760010e-02
853 1.20117187500000e-01 1.44281387329102e-02
854 1.57226562500000e-01 2.47201919555664e-02
855 1.39160156250000e-01 1.93655490875244e-02
856 1.60156250000000e-01 2.56500244140625e-02
857 2.06054687500000e-01 4.24585342407227e-02
858 2.28027343750000e-01 5.19964694976807e-02
859 2.51464843750000e-01 6.32345676422119e-02
860 2.98828125000000e-01 8.92982482910156e-02
861 2.90527343750000e-01 8.44061374664307e-02
862 3.28613281250000e-01 1.07986688613892e-01
863 2.73925781250000e-01 7.50353336334229e-02
864 2.67578125000000e-01 7.15980529785156e-02
865 3.25195312500000e-01 1.05751991271973e-01
866 3.26660156250000e-01 1.06706857681274e-01
867 3.38867187500000e-01 1.14830970764160e-01
868 3.47656250000000e-01 1.20864868164062e-01
869 3.54003906250000e-01 1.25318765640259e-01
870 3.75976562500000e-01 1.41358375549316e-01
871 4.33105468750000e-01 1.87580347061157e-01
872 4.45800781250000e-01 1.98738336563110e-01
873 3.54980468750000e-01 1.26011133193970e-01
874 3.31054687500000e-01 1.09597206115723e-01
875 3.54980468750000e-01 1.26011133193970e-01
876 3.33496093750000e-01 1.11219644546509e-01
877 3.43750000000000e-01 1.18164062500000e-01
878 2.71484375000000e-01 7.37037658691406e-02
879 1.99707031250000e-01 3.98828983306885e-02
880 2.61718750000000e-01 6.84967041015625e-02
881 2.12890625000000e-01 4.53224182128906e-02
882 2.43164062500000e-01 5.91287612915039e-02
883 2.45117187500000e-01 6.00824356079102e-02
884 2.95898437500000e-01 8.75558853149414e-02
885 2.95898437500000e-01 8.75558853149414e-02
886 2.29492187500000e-01 5.26666641235352e-02
887 2.45605468750000e-01 6.03220462799072e-02
888 2.09472656250000e-01 4.38787937164307e-02
889 2.20214843750000e-01 4.84945774078369e-02
890 3.08105468750000e-01 9.49289798736572e-02
891 3.27636718750000e-01 1.07345819473267e-01
892 2.81738281250000e-01 7.93764591217041e-02
893 2.88574218750000e-01 8.32750797271729e-02
894 2.68066406250000e-01 7.18595981597900e-02
895 2.48046875000000e-01 6.15272521972656e-02
896 2.33886718750000e-01 5.47029972076416e-02
897 2.43652343750000e-01 5.93664646148682e-02
898 2.49023437500000e-01 6.20126724243164e-02
899 2.21191406250000e-01 4.89256381988525e-02
900 2.01660156250000e-01 4.06668186187744e-02
901 2.17773437500000e-01 4.74252700805664e-02
902 1.88476562500000e-01 3.55234146118164e-02
903 2.71972656250000e-01 7.39691257476807e-02
904 2.94921875000000e-01 8.69789123535156e-02
905 2.67089843750000e-01 7.13369846343994e-02
906 2.85644531250000e-01 8.15927982330322e-02
907 3.25195312500000e-01 1.05751991271973e-01
908 3.72558593750000e-01 1.38799905776978e-01
909 3.57421875000000e-01 1.27750396728516e-01
910 2.88085937500000e-01 8.29935073852539e-02
911 3.53027343750000e-01 1.24628305435181e-01
912 3.75000000000000e-01 1.40625000000000e-01
913 3.88671875000000e-01 1.51065826416016e-01
914 3.76953125000000e-01 1.42093658447266e-01
915 3.42285156250000e-01 1.17159128189087e-01
916 4.12109375000000e-01 1.69834136962891e-01
917 4.24804687500000e-01 1.80459022521973e-01
918 3.99414062500000e-01 1.59531593322754e-01
919 4.21386718750000e-01 1.77566766738892e-01
920 3.93066406250000e-01 1.54501199722290e-01
921 4.44335937500000e-01 1.97434425354004e-01
922 4.95605468750000e-01 2.45624780654907e-01
923 5.02441406250000e-01 2.52447366714478e-01
924 5.14160156250000e-01 2.64360666275024e-01
925 4.61914062500000e-01 2.13364601135254e-01
926 5.04394531250000e-01 2.54413843154907e-01
927 5.15136718750000e-01 2.65365839004517e-01
928 5.41015625000000e-01 2.92697906494141e-01
929 4.90234375000000e-01 2.40329742431641e-01
930 5.32226562500000e-01 2.83265113830566e-01
931 6.23535156250000e-01 3.88796091079712e-01
932 6.37695312500000e-01 4.06655311584473e-01
933 6.60644531250000e-01 4.36451196670532e-01
934 5.88867187500000e-01 3.46764564514160e-01
935 5.84960937500000e-01 3.42179298400879e-01
936 5.47363281250000e-01 2.99606561660767e-01
937 5.21484375000000e-01 2.71945953369141e-01
938 4.99023437500000e-01 2.49024391174316e-01
939 5.13671875000000e-01 2.63858795166016e-01
940 5.16601562500000e-01 2.66877174377441e-01
941 4.90722656250000e-01 2.40808725357056e-01
942 4.81445312500000e-01 2.31789588928223e-01
943 4.18457031250000e-01 1.75106287002563e-01
944 4.26757812500000e-01 1.82122230529785e-01
945 4.86816406250000e-01 2.36990213394165e-01
946 4.74121093750000e-01 2.24790811538696e-01
947 4.32617187500000e-01 1.87157630920410e-01
948 4.40917968750000e-01 1.94408655166626e-01
949 4.57031250000000e-01 2.08877563476562e-01
950 4.20898437500000e-01 1.77155494689941e-01
951 3.74511718750000e-01 1.40259027481079e-01
952 4.07226562500000e-01 1.65833473205566e-01
953 3.91113281250000e-01 1.52969598770142e-01
954 4.15527343750000e-01 1.72662973403931e-01
955 4.52636718750000e-01 2.04879999160767e-01
956 4.91699218750000e-01 2.41768121719360e-01
957 5.12207031250000e-01 2.62356042861938e-01
958 5.46875000000000e-01 2.99072265625000e-01
959 5.41992187500000e-01 2.93755531311035e-01
960 5.58105468750000e-01 3.11481714248657e-01
961 5.57128906250000e-01 3.10392618179321e-01
962 6.13769531250000e-01 3.76713037490845e-01
963 6.46972656250000e-01 4.18573617935181e-01
964 5.73242187500000e-01 3.28606605529785e-01
965 6.09863281250000e-01 3.71933221817017e-01
966 6.03027343750000e-01 3.63641977310181e-01
967 6.27441406250000e-01 3.93682718276978e-01
968 6.37695312500000e-01 4.06655311584473e-01
969 6.76757812500000e-01 4.58001136779785e-01
970 6.32812500000000e-01 4.00451660156250e-01
971 7.13378906250000e-01 5.08909463882446e-01
972 6.90429687500000e-01 4.76693153381348e-01
973 7.08496093750000e-01 5.01966714859009e-01
974 7.05078125000000e-01 4.97135162353516e-01
975 6.95800781250000e-01 4.84138727188110e-01
976 7.05566406250000e-01 4.97823953628540e-01
977 6.89941406250000e-01 4.76019144058228e-01
978 6.99707031250000e-01 4.89589929580688e-01
979 6.79199218750000e-01 4.61311578750610e-01
980 7.28515625000000e-01 5.30735015869141e-01
981 7.53417968750000e-01 5.67638635635376e-01
982 7.01660156250000e-01 4.92326974868774e-01
983 7.12890625000000e-01 5.08213043212891e-01
984 7.00683593750000e-01 4.90957498550415e-01
985 7.15820312500000e-01 5.12398719787598e-01
986 7.48046875000000e-01 5.59574127197266e-01
987 7.35351562500000e-01 5.40741920471191e-01
988 7.15332031250000e-01 5.11699914932251e-01
989 7.12890625000000e-01 5.08213043212891e-01
990 7.21679687500000e-01 5.20821571350098e-01
991 7.39257812500000e-01 5.46502113342285e-01
992 6.90429687500000e-01 4.76693153381348e-01
993 7.42675781250000e-01 5.51567316055298e-01
994 7.37792968750000e-01 5.44338464736938e-01
995 6.99218750000000e-01 4.88906860351562e-01
996 6.74804687500000e-01 4.55361366271973e-01
997 6.04492187500000e-01 3.65410804748535e-01
998 6.05468750000000e-01 3.66592407226562e-01
999 6.28417968750000e-01 3.94909143447876e-01
