0 4.74609375000000e-01 2.25254058837891e-01
1 4.75097656250000e-01 2.25717782974243e-01
2 5.36621093750000e-01 2.87962198257446e-01
3 5.33203125000000e-01 2.84305572509766e-01
4 5.03417968750000e-01 2.53429651260376e-01
5 5.26855468750000e-01 2.77576684951782e-01
6 5.91308593750000e-01 3.49645853042603e-01
7 5.85937500000000e-01 3.43322753906250e-01
8 6.14746093750000e-01 3.77912759780884e-01
9 6.50878906250000e-01 4.23643350601196e-01
10 6.32324218750000e-01 3.99833917617798e-01
11 6.38671875000000e-01 4.07901763916016e-01
12 6.06445312500000e-01 3.67775917053223e-01
13 5.82031250000000e-01 3.38760375976562e-01
14 5.48828125000000e-01 3.01212310791016e-01
15 4.97558593750000e-01 2.47564554214478e-01
16 5.05859375000000e-01 2.55893707275391e-01
17 5.24902343750000e-01 2.75522470474243e-01
18 5.61035156250000e-01 3.14760446548462e-01
19 4.94140625000000e-01 2.44174957275391e-01
20 4.61914062500000e-01 2.13364601135254e-01
21 4.28710937500000e-01 1.83793067932129e-01
22 4.30664062500000e-01 1.85471534729004e-01
23 3.24218750000000e-01 1.05117797851562e-01
24 3.34472656250000e-01 1.11871957778931e-01
25 3.24218750000000e-01 1.05117797851562e-01
26 4.11132812500000e-01 1.69030189514160e-01
27 3.78906250000000e-01 1.43569946289062e-01
28 3.69628906250000e-01 1.36625528335571e-01
29 3.02734375000000e-01 9.16481018066406e-02
30 3.02246093750000e-01 9.13527011871338e-02
31 2.53906250000000e-01 6.44683837890625e-02
32 2.97851562500000e-01 8.87155532836914e-02
33 3.10546875000000e-01 9.64393615722656e-02
34 2.68554687500000e-01 7.21216201782227e-02
35 3.19824218750000e-01 1.02287530899048e-01
36 3.06152343750000e-01 9.37292575836182e-02
37 3.38378906250000e-01 1.14500284194946e-01
38 3.88671875000000e-01 1.51065826416016e-01
39 3.95996093750000e-01 1.56812906265259e-01
40 3.89648437500000e-01 1.51825904846191e-01
41 3.94042968750000e-01 1.55269861221313e-01
42 4.09179687500000e-01 1.67428016662598e-01
43 3.19824218750000e-01 1.02287530899048e-01
44 3.87207031250000e-01 1.49929285049438e-01
45 4.28710937500000e-01 1.83793067932129e-01
46 4.06250000000000e-01 1.65039062500000e-01
47 4.28222656250000e-01 1.83374643325806e-01
48 4.27734375000000e-01 1.82956695556641e-01
49 3.25683593750000e-01 1.06069803237915e-01
50 3.40332031250000e-01 1.15825891494751e-01
51 3.02246093750000e-01 9.13527011871338e-02
52 2.14355468750000e-01 4.59482669830322e-02
53 1.73828125000000e-01 3.02162170410156e-02
54 1.37695312500000e-01 1.89599990844727e-02
55 1.17187500000000e-01 1.37329101562500e-02
56 1.82128906250000e-01 3.31709384918213e-02
57 1.88964843750000e-01 3.57077121734619e-02
58 2.52441406250000e-01 6.37266635894775e-02
59 2.26562500000000e-01 5.13305664062500e-02
60 2.21679687500000e-01 4.91418838500977e-02
61 2.84179687500000e-01 8.07580947875977e-02
62 2.75878906250000e-01 7.61091709136963e-02
63 2.62207031250000e-01 6.87525272369385e-02
64 2.90039062500000e-01 8.41226577758789e-02
65 2.86621093750000e-01 8.21516513824463e-02
66 3.73535156250000e-01 1.39528512954712e-01
67 4.10644531250000e-01 1.68628931045532e-01
68 3.63769531250000e-01 1.32328271865845e-01
69 4.41406250000000e-01 1.94839477539062e-01
70 4.48730468750000e-01 2.01359033584595e-01
71 4.30175781250000e-01 1.85051202774048e-01
72 4.11621093750000e-01 1.69431924819946e-01
73 3.99414062500000e-01 1.59531593322754e-01
74 3.32519531250000e-01 1.10569238662720e-01
75 3.12988281250000e-01 9.79616641998291e-02
76 3.34960937500000e-01 1.12198829650879e-01
77 3.59375000000000e-01 1.29150390625000e-01
78 3.78906250000000e-01 1.43569946289062e-01
79 3.73535156250000e-01 1.39528512954712e-01
80 3.87207031250000e-01 1.49929285049438e-01
81 4.07714843750000e-01 1.66231393814087e-01
82 3.36425781250000e-01 1.13182306289673e-01
83 3.44238281250000e-01 1.18499994277954e-01
84 2.89062500000000e-01 8.35571289062500e-02
85 3.23242187500000e-01 1.04485511779785e-01
86 3.37402343750000e-01 1.13840341567993e-01
87 2.37304687500000e-01 5.63135147094727e-02
88 2.03125000000000e-01 4.12597656250000e-02
89 2.38769531250000e-01 5.70108890533447e-02
90 2.67578125000000e-01 7.15980529785156e-02
91 3.23242187500000e-01 1.04485511779785e-01
92 2.77832031250000e-01 7.71906375885010e-02
93 2.70996093750000e-01 7.34388828277588e-02
94 3.11035156250000e-01 9.67428684234619e-02
95 2.76367187500000e-01 7.63788223266602e-02
96 2.81250000000000e-01 7.91015625000000e-02
97 2.73437500000000e-01 7.47680664062500e-02
98 2.76855468750000e-01 7.66489505767822e-02
99 2.40234375000000e-01 5.77125549316406e-02
100 2.66601562500000e-01 7.10763931274414e-02
101 2.49023437500000e-01 6.20126724243164e-02
102 2.18261718750000e-01 4.76381778717041e-02
103 2.17773437500000e-01 4.74252700805664e-02
104 1.98242187500000e-01 3.92999649047852e-02
105 1.91894531250000e-01 3.68235111236572e-02
106 2.16308593750000e-01 4.67894077301025e-02
107 2.93945312500000e-01 8.64038467407227e-02
108 3.56445312500000e-01 1.27053260803223e-01
109 4.14062500000000e-01 1.71447753906250e-01
110 4.55078125000000e-01 2.07096099853516e-01
111 4.70214843750000e-01 2.21101999282837e-01
112 5.11230468750000e-01 2.61356592178345e-01
113 4.22363281250000e-01 1.78390741348267e-01
114 4.51171875000000e-01 2.03556060791016e-01
115 4.42382812500000e-01 1.95702552795410e-01
116 4.77050781250000e-01 2.27577447891235e-01
117 4.43847656250000e-01 1.97000741958618e-01
118 4.19921875000000e-01 1.76334381103516e-01
119 4.60449218750000e-01 2.12013483047485e-01
120 4.49707031250000e-01 2.02236413955688e-01
121 5.23437500000000e-01 2.73986816406250e-01
122 4.30175781250000e-01 1.85051202774048e-01
123 4.87304687500000e-01 2.37465858459473e-01
124 5.12207031250000e-01 2.62356042861938e-01
125 5.47363281250000e-01 2.99606561660767e-01
126 5.71777343750000e-01 3.26929330825806e-01
127 5.60546875000000e-01 3.14212799072266e-01
128 5.64453125000000e-01 3.18607330322266e-01
129 6.18164062500000e-01 3.82126808166504e-01
130 6.17675781250000e-01 3.81523370742798e-01
131 5.99609375000000e-01 3.59531402587891e-01
132 6.16210937500000e-01 3.79715919494629e-01
133 5.80566406250000e-01 3.37057352066040e-01
134 5.75195312500000e-01 3.30849647521973e-01
135 6.06933593750000e-01 3.68368387222290e-01
136 6.02050781250000e-01 3.62465143203735e-01
137 6.73339843750000e-01 4.53386545181274e-01
138 6.68457031250000e-01 4.46834802627563e-01
139 6.93359375000000e-01 4.80747222900391e-01
140 7.04589843750000e-01 4.96446847915649e-01
141 7.18261718750000e-01 5.15899896621704e-01
142 6.69433593750000e-01 4.48141336441040e-01
143 7.15332031250000e-01 5.11699914932251e-01
144 7.09472656250000e-01 5.03351449966431e-01
145 6.85058593750000e-01 4.69305276870728e-01
146 6.17187500000000e-01 3.80920410156250e-01
147 6.00585937500000e-01 3.60703468322754e-01
148 5.50781250000000e-01 3.03359985351562e-01
149 5.14648437500000e-01 2.64863014221191e-01
150 4.63867187500000e-01 2.15172767639160e-01
151 5.23925781250000e-01 2.74498224258423e-01
152 5.57128906250000e-01 3.10392618179321e-01
153 6.24511718750000e-01 3.90014886856079e-01
154 6.16210937500000e-01 3.79715919494629e-01
155 6.87011718750000e-01 4.71985101699829e-01
156 7.00683593750000e-01 4.90957498550415e-01
157 6.78710937500000e-01 4.60648536682129e-01
158 6.98242187500000e-01 4.87542152404785e-01
159 6.31347656250000e-01 3.98599863052368e-01
160 5.86914062500000e-01 3.44468116760254e-01
161 6.37207031250000e-01 4.06032800674438e-01
162 6.24023437500000e-01 3.89405250549316e-01
163 6.34765625000000e-01 4.02927398681641e-01
164 5.62011718750000e-01 3.15857172012329e-01
165 5.95214843750000e-01 3.54280710220337e-01
166 6.16210937500000e-01 3.79715919494629e-01
167 6.34765625000000e-01 4.02927398681641e-01
168 6.57226562500000e-01 4.31946754455566e-01
169 6.47949218750000e-01 4.19838190078735e-01
170 6.60644531250000e-01 4.36451196670532e-01
171 6.33300781250000e-01 4.01069879531860e-01
172 6.58203125000000e-01 4.33231353759766e-01
173 6.88476562500000e-01 4.73999977111816e-01
174 6.71386718750000e-01 4.50760126113892e-01
175 6.17187500000000e-01 3.80920410156250e-01
176 5.84960937500000e-01 3.42179298400879e-01
177 6.15234375000000e-01 3.78513336181641e-01
178 6.53808593750000e-01 4.27465677261353e-01
179 6.42089843750000e-01 4.12279367446899e-01
180 5.42480468750000e-01 2.94285058975220e-01
181 5.81542968750000e-01 3.38192224502563e-01
182 5.80078125000000e-01 3.36490631103516e-01
183 6.26464843750000e-01 3.92458200454712e-01
184 5.68847656250000e-01 3.23587656021118e-01
185 6.11328125000000e-01 3.73722076416016e-01
186 5.95214843750000e-01 3.54280710220337e-01
187 6.04980468750000e-01 3.66001367568970e-01
188 5.92773437500000e-01 3.51380348205566e-01
189 6.18164062500000e-01 3.82126808166504e-01
190 5.47851562500000e-01 3.00141334533691e-01
191 5.53222656250000e-01 3.06055307388306e-01
192 5.26367187500000e-01 2.77062416076660e-01
193 4.58984375000000e-01 2.10666656494141e-01
194 4.74121093750000e-01 2.24790811538696e-01
195 5.36621093750000e-01 2.87962198257446e-01
196 4.83886718750000e-01 2.34146356582642e-01
197 4.72167968750000e-01 2.22942590713501e-01
198 5.00000000000000e-01 2.50000000000000e-01
199 4.65820312500000e-01 2.16988563537598e-01
200 4.36523437500000e-01 1.90552711486816e-01
201 4.50683593750000e-01 2.03115701675415e-01
202 5.05371093750000e-01 2.55399942398071e-01
203 5.97656250000000e-01 3.57192993164062e-01
204 5.95703125000000e-01 3.54862213134766e-01
205 5.74218750000000e-01 3.29727172851562e-01
206 5.83496093750000e-01 3.40467691421509e-01
207 5.12695312500000e-01 2.62856483459473e-01
208 5.36132812500000e-01 2.87438392639160e-01
209 6.29882812500000e-01 3.96752357482910e-01
210 5.84960937500000e-01 3.42179298400879e-01
211 5.87890625000000e-01 3.45615386962891e-01
212 6.11816406250000e-01 3.74319314956665e-01
213 6.21093750000000e-01 3.85757446289062e-01
214 6.54785156250000e-01 4.28743600845337e-01
215 6.63085937500000e-01 4.39682960510254e-01
216 6.46972656250000e-01 4.18573617935181e-01
217 6.21582031250000e-01 3.86364221572876e-01
218 6.43554687500000e-01 4.14162635803223e-01
219 6.63574218750000e-01 4.40330743789673e-01
220 6.46484375000000e-01 4.17942047119141e-01
221 6.77246093750000e-01 4.58662271499634e-01
222 6.57714843750000e-01 4.32588815689087e-01
223 6.63085937500000e-01 4.39682960510254e-01
224 6.32324218750000e-01 3.99833917617798e-01
225 6.33789062500000e-01 4.01688575744629e-01
226 6.32324218750000e-01 3.99833917617798e-01
227 6.71386718750000e-01 4.50760126113892e-01
228 7.17285156250000e-01 5.14497995376587e-01
229 6.55761718750000e-01 4.30023431777954e-01
230 6.56250000000000e-01 4.30664062500000e-01
231 6.80175781250000e-01 4.62639093399048e-01
232 7.03125000000000e-01 4.94384765625000e-01
233 7.34863281250000e-01 5.40024042129517e-01
234 7.41699218750000e-01 5.50117731094360e-01
235 7.70507812500000e-01 5.93682289123535e-01
236 6.92382812500000e-01 4.79393959045410e-01
237 7.50000000000000e-01 5.62500000000000e-01
238 7.40234375000000e-01 5.47946929931641e-01
239 7.37304687500000e-01 5.43618202209473e-01
240 7.08496093750000e-01 5.01966714859009e-01
241 6.81152343750000e-01 4.63968515396118e-01
242 6.92382812500000e-01 4.79393959045410e-01
243 6.80664062500000e-01 4.63303565979004e-01
244 6.33789062500000e-01 4.01688575744629e-01
245 7.06542968750000e-01 4.99202966690063e-01
246 6.87011718750000e-01 4.71985101699829e-01
247 6.29882812500000e-01 3.96752357482910e-01
248 6.45507812500000e-01 4.16680335998535e-01
249 7.13867187500000e-01 5.09606361389160e-01
250 6.65527343750000e-01 4.42926645278931e-01
251 6.20605468750000e-01 3.85151147842407e-01
252 6.36718750000000e-01 4.05410766601562e-01
253 6.83105468750000e-01 4.66633081436157e-01
254 6.64062500000000e-01 4.40979003906250e-01
255 6.70898437500000e-01 4.50104713439941e-01
256 6.95312500000000e-01 4.83459472656250e-01
257 6.46484375000000e-01 4.17942047119141e-01
258 6.68945312500000e-01 4.47487831115723e-01
259 7.06542968750000e-01 4.99202966690063e-01
260 6.99707031250000e-01 4.89589929580688e-01
261 7.42187500000000e-01 5.50842285156250e-01
262 7.08007812500000e-01 5.01275062561035e-01
263 6.99707031250000e-01 4.89589929580688e-01
264 7.26074218750000e-01 5.27183771133423e-01
265 7.03125000000000e-01 4.94384765625000e-01
266 7.39746093750000e-01 5.47224283218384e-01
267 7.23144531250000e-01 5.22938013076782e-01
268 6.90429687500000e-01 4.76693153381348e-01
269 7.28027343750000e-01 5.30023813247681e-01
270 7.36816406250000e-01 5.42898416519165e-01
271 7.44628906250000e-01 5.54472208023071e-01
272 7.38769531250000e-01 5.45780420303345e-01
273 7.70996093750000e-01 5.94434976577759e-01
274 7.44140625000000e-01 5.53745269775391e-01
275 7.17285156250000e-01 5.14497995376587e-01
276 7.10937500000000e-01 5.05432128906250e-01
277 6.68945312500000e-01 4.47487831115723e-01
278 6.76269531250000e-01 4.57340478897095e-01
279 6.37695312500000e-01 4.06655311584473e-01
280 5.73730468750000e-01 3.29166650772095e-01
281 6.20605468750000e-01 3.85151147842407e-01
282 6.34277343750000e-01 4.02307748794556e-01
283 6.56250000000000e-01 4.30664062500000e-01
284 6.17675781250000e-01 3.81523370742798e-01
285 6.79687500000000e-01 4.61975097656250e-01
286 6.58203125000000e-01 4.33231353759766e-01
287 6.48437500000000e-01 4.20471191406250e-01
288 5.99609375000000e-01 3.59531402587891e-01
289 6.33789062500000e-01 4.01688575744629e-01
290 5.82031250000000e-01 3.38760375976562e-01
291 5.33203125000000e-01 2.84305572509766e-01
292 5.57128906250000e-01 3.10392618179321e-01
293 5.88378906250000e-01 3.46189737319946e-01
294 5.58593750000000e-01 3.12026977539062e-01
295 5.52246093750000e-01 3.04975748062134e-01
296 5.65429687500000e-01 3.19710731506348e-01
297 6.65527343750000e-01 4.42926645278931e-01
298 6.17187500000000e-01 3.80920410156250e-01
299 7.27050781250000e-01 5.28602838516235e-01
300 6.63574218750000e-01 4.40330743789673e-01
301 6.75292968750000e-01 4.56020593643188e-01
302 7.25097656250000e-01 5.25766611099243e-01
303 6.78222656250000e-01 4.59985971450806e-01
304 7.18750000000000e-01 5.16601562500000e-01
305 6.35742187500000e-01 4.04168128967285e-01
306 6.10351562500000e-01 3.72529029846191e-01
307 6.80175781250000e-01 4.62639093399048e-01
308 6.31835937500000e-01 3.99216651916504e-01
309 6.54785156250000e-01 4.28743600845337e-01
310 6.05468750000000e-01 3.66592407226562e-01
311 6.06933593750000e-01 3.68368387222290e-01
312 5.68359375000000e-01 3.23032379150391e-01
313 5.98144531250000e-01 3.57776880264282e-01
314 5.88867187500000e-01 3.46764564514160e-01
315 6.00585937500000e-01 3.60703468322754e-01
316 6.52343750000000e-01 4.25552368164062e-01
317 6.10839843750000e-01 3.73125314712524e-01
318 5.26367187500000e-01 2.77062416076660e-01
319 5.13671875000000e-01 2.63858795166016e-01
320 5.04394531250000e-01 2.54413843154907e-01
321 5.24902343750000e-01 2.75522470474243e-01
322 5.33691406250000e-01 2.84826517105103e-01
323 5.96679687500000e-01 3.56026649475098e-01
324 5.81054687500000e-01 3.37624549865723e-01
325 5.58593750000000e-01 3.12026977539062e-01
326 5.70312500000000e-01 3.25256347656250e-01
327 5.25878906250000e-01 2.76548624038696e-01
328 5.15625000000000e-01 2.65869140625000e-01
329 5.36132812500000e-01 2.87438392639160e-01
330 5.12207031250000e-01 2.62356042861938e-01
331 5.15625000000000e-01 2.65869140625000e-01
332 5.16601562500000e-01 2.66877174377441e-01
333 4.76074218750000e-01 2.26646661758423e-01
334 4.67285156250000e-01 2.18355417251587e-01
335 4.89257812500000e-01 2.39373207092285e-01
336 5.31738281250000e-01 2.82745599746704e-01
337 5.10253906250000e-01 2.60359048843384e-01
338 5.78125000000000e-01 3.34228515625000e-01
339 5.07812500000000e-01 2.57873535156250e-01
340 4.35058593750000e-01 1.89275979995728e-01
341 4.44335937500000e-01 1.97434425354004e-01
342 3.64257812500000e-01 1.32683753967285e-01
343 3.62792968750000e-01 1.31618738174438e-01
344 3.95019531250000e-01 1.56040430068970e-01
345 3.34960937500000e-01 1.12198829650879e-01
346 2.79785156250000e-01 7.82797336578369e-02
347 3.23730468750000e-01 1.04801416397095e-01
348 4.08203125000000e-01 1.66629791259766e-01
349 4.11132812500000e-01 1.69030189514160e-01
350 4.46777343750000e-01 1.99609994888306e-01
351 4.32617187500000e-01 1.87157630920410e-01
352 4.70703125000000e-01 2.21561431884766e-01
353 4.59472656250000e-01 2.11115121841431e-01
354 4.85351562500000e-01 2.35566139221191e-01
355 4.58496093750000e-01 2.10218667984009e-01
356 5.00488281250000e-01 2.50488519668579e-01
357 5.25390625000000e-01 2.76035308837891e-01
358 4.86816406250000e-01 2.36990213394165e-01
359 5.25390625000000e-01 2.76035308837891e-01
360 5.59082031250000e-01 3.12572717666626e-01
361 5.82031250000000e-01 3.38760375976562e-01
362 6.13281250000000e-01 3.76113891601562e-01
363 6.30371093750000e-01 3.97367715835571e-01
364 6.19140625000000e-01 3.83335113525391e-01
365 6.15722656250000e-01 3.79114389419556e-01
366 6.37695312500000e-01 4.06655311584473e-01
367 6.66992187500000e-01 4.44878578186035e-01
368 6.15722656250000e-01 3.79114389419556e-01
369 6.15234375000000e-01 3.78513336181641e-01
370 6.83593750000000e-01 4.67300415039062e-01
371 6.69921875000000e-01 4.48795318603516e-01
372 6.11328125000000e-01 3.73722076416016e-01
373 5.45898437500000e-01 2.98005104064941e-01
374 5.31250000000000e-01 2.82226562500000e-01
375 5.82031250000000e-01 3.38760375976562e-01
376 5.31250000000000e-01 2.82226562500000e-01
377 5.48339843750000e-01 3.00676584243774e-01
378 5.51757812500000e-01 3.04436683654785e-01
379 5.83007812500000e-01 3.39898109436035e-01
380 6.24511718750000e-01 3.90014886856079e-01
381 6.54785156250000e-01 4.28743600845337e-01
382 6.62597656250000e-01 4.39035654067993e-01
383 6.74316406250000e-01 4.54702615737915e-01
384 6.66992187500000e-01 4.44878578186035e-01
385 6.15722656250000e-01 3.79114389419556e-01
386 6.14746093750000e-01 3.77912759780884e-01
387 5.83007812500000e-01 3.39898109436035e-01
388 6.24023437500000e-01 3.89405250549316e-01
389 6.15722656250000e-01 3.79114389419556e-01
390 5.78613281250000e-01 3.34793329238892e-01
391 6.01074218750000e-01 3.61290216445923e-01
392 5.32226562500000e-01 2.83265113830566e-01
393 4.73632812500000e-01 2.24328041076660e-01
394 4.53613281250000e-01 2.05765008926392e-01
395 4.99023437500000e-01 2.49024391174316e-01
396 5.73242187500000e-01 3.28606605529785e-01
397 6.34277343750000e-01 4.02307748794556e-01
398 6.30371093750000e-01 3.97367715835571e-01
399 6.00585937500000e-01 3.60703468322754e-01
400 6.51367187500000e-01 4.24279212951660e-01
401 6.37695312500000e-01 4.06655311584473e-01
402 6.30859375000000e-01 3.97983551025391e-01
403 6.59667968750000e-01 4.35161828994751e-01
404 6.34765625000000e-01 4.02927398681641e-01
405 6.55273437500000e-01 4.29383277893066e-01
406 6.34277343750000e-01 4.02307748794556e-01
407 6.84570312500000e-01 4.68636512756348e-01
408 6.87988281250000e-01 4.73327875137329e-01
409 6.95312500000000e-01 4.83459472656250e-01
410 7.49511718750000e-01 5.61767816543579e-01
411 7.43164062500000e-01 5.52292823791504e-01
412 7.38281250000000e-01 5.45059204101562e-01
413 7.66113281250000e-01 5.86929559707642e-01
414 7.30957031250000e-01 5.34298181533813e-01
415 6.48925781250000e-01 4.21104669570923e-01
416 5.78613281250000e-01 3.34793329238892e-01
417 5.59082031250000e-01 3.12572717666626e-01
418 5.39550781250000e-01 2.91115045547485e-01
419 5.13183593750000e-01 2.63357400894165e-01
420 4.86328125000000e-01 2.36515045166016e-01
421 4.77539062500000e-01 2.28043556213379e-01
422 4.87792968750000e-01 2.37941980361938e-01
423 4.70214843750000e-01 2.21101999282837e-01
424 4.61914062500000e-01 2.13364601135254e-01
425 4.28222656250000e-01 1.83374643325806e-01
426 3.65722656250000e-01 1.33753061294556e-01
427 3.31542968750000e-01 1.09920740127563e-01
428 2.54882812500000e-01 6.49652481079102e-02
429 3.06640625000000e-01 9.40284729003906e-02
430 2.35839843750000e-01 5.56204319000244e-02
431 2.22167968750000e-01 4.93586063385010e-02
432 2.51953125000000e-01 6.34803771972656e-02
433 2.55371093750000e-01 6.52143955230713e-02
434 2.01660156250000e-01 4.06668186187744e-02
435 1.74316406250000e-01 3.03862094879150e-02
436 1.49902343750000e-01 2.24707126617432e-02
437 1.08886718750000e-01 1.18563175201416e-02
438 1.66015625000000e-01 2.75611877441406e-02
439 2.17773437500000e-01 4.74252700805664e-02
440 2.50000000000000e-01 6.25000000000000e-02
441 2.59765625000000e-01 6.74781799316406e-02
442 2.65136718750000e-01 7.02974796295166e-02
443 2.81250000000000e-01 7.91015625000000e-02
444 2.55371093750000e-01 6.52143955230713e-02
445 2.51953125000000e-01 6.34803771972656e-02
446 2.38281250000000e-01 5.67779541015625e-02
447 2.31933593750000e-01 5.37931919097900e-02
448 1.90917968750000e-01 3.64496707916260e-02
449 1.71875000000000e-01 2.95410156250000e-02
450 1.22558593750000e-01 1.50206089019775e-02
451 8.93554687500000e-02 7.98439979553223e-03
452 1.19140625000000e-01 1.41944885253906e-02
453 1.19140625000000e-01 1.41944885253906e-02
454 1.62597656250000e-01 2.64379978179932e-02
455 1.35742187500000e-01 1.84259414672852e-02
456 1.39648437500000e-01 1.95016860961914e-02
457 1.61621093750000e-01 2.61213779449463e-02
458 2.08007812500000e-01 4.32672500610352e-02
459 2.90039062500000e-01 8.41226577758789e-02
460 3.12500000000000e-01 9.76562500000000e-02
461 3.80859375000000e-01 1.45053863525391e-01
462 4.24316406250000e-01 1.80044412612915e-01
463 4.96582031250000e-01 2.46593713760376e-01
464 4.63867187500000e-01 2.15172767639160e-01
465 4.76562500000000e-01 2.27111816406250e-01
466 4.46289062500000e-01 1.99173927307129e-01
467 4.04296875000000e-01 1.63455963134766e-01
468 4.56542968750000e-01 2.08431482315063e-01
469 4.53125000000000e-01 2.05322265625000e-01
470 4.97070312500000e-01 2.47078895568848e-01
471 5.19042968750000e-01 2.69405603408813e-01
472 6.01074218750000e-01 3.61290216445923e-01
473 5.41015625000000e-01 2.92697906494141e-01
474 5.40039062500000e-01 2.91642189025879e-01
475 5.75195312500000e-01 3.30849647521973e-01
476 5.85937500000000e-01 3.43322753906250e-01
477 5.82519531250000e-01 3.39329004287720e-01
478 5.93261718750000e-01 3.51959466934204e-01
479 5.93261718750000e-01 3.51959466934204e-01
480 6.16699218750000e-01 3.80317926406860e-01
481 6.79199218750000e-01 4.61311578750610e-01
482 5.74218750000000e-01 3.29727172851562e-01
483 5.65917968750000e-01 3.20263147354126e-01
484 6.11816406250000e-01 3.74319314956665e-01
485 5.81054687500000e-01 3.37624549865723e-01
486 5.00488281250000e-01 2.50488519668579e-01
487 5.73730468750000e-01 3.29166650772095e-01
488 5.10253906250000e-01 2.60359048843384e-01
489 5.62500000000000e-01 3.16406250000000e-01
490 5.51269531250000e-01 3.03898096084595e-01
491 6.19140625000000e-01 3.83335113525391e-01
492 6.41113281250000e-01 4.11026239395142e-01
493 6.43066406250000e-01 4.13534402847290e-01
494 5.84472656250000e-01 3.41608285903931e-01
495 6.13769531250000e-01 3.76713037490845e-01
496 6.05957031250000e-01 3.67183923721313e-01
497 5.82519531250000e-01 3.39329004287720e-01
498 5.95214843750000e-01 3.54280710220337e-01
499 5.41992187500000e-01 2.93755531311035e-01
500 5.13671875000000e-01 2.63858795166016e-01
501 5.82519531250000e-01 3.39329004287720e-01
502 5.39062500000000e-01 2.90588378906250e-01
503 5.84960937500000e-01 3.42179298400879e-01
504 6.45996093750000e-01 4.17310953140259e-01
505 6.85546875000000e-01 4.69974517822266e-01
506 6.66015625000000e-01 4.43576812744141e-01
507 7.18750000000000e-01 5.16601562500000e-01
508 7.19726562500000e-01 5.18006324768066e-01
509 7.01171875000000e-01 4.91641998291016e-01
510 6.89453125000000e-01 4.75345611572266e-01
511 7.04589843750000e-01 4.96446847915649e-01
512 6.78222656250000e-01 4.59985971450806e-01
513 6.76269531250000e-01 4.57340478897095e-01
514 7.21191406250000e-01 5.20117044448853e-01
515 7.16796875000000e-01 5.13797760009766e-01
516 6.80664062500000e-01 4.63303565979004e-01
517 6.62597656250000e-01 4.39035654067993e-01
518 6.62109375000000e-01 4.38388824462891e-01
519 7.25097656250000e-01 5.25766611099243e-01
520 7.61230468750000e-01 5.79471826553345e-01
521 6.78222656250000e-01 4.59985971450806e-01
522 6.75781250000000e-01 4.56680297851562e-01
523 6.88964843750000e-01 4.74672555923462e-01
524 7.00195312500000e-01 4.90273475646973e-01
525 6.67480468750000e-01 4.45530176162720e-01
526 7.02148437500000e-01 4.93012428283691e-01
527 6.32812500000000e-01 4.00451660156250e-01
528 6.07910156250000e-01 3.69554758071899e-01
529 5.41992187500000e-01 2.93755531311035e-01
530 5.50292968750000e-01 3.02822351455688e-01
531 5.74218750000000e-01 3.29727172851562e-01
532 5.62988281250000e-01 3.16955804824829e-01
533 6.65527343750000e-01 4.42926645278931e-01
534 6.99707031250000e-01 4.89589929580688e-01
535 6.98730468750000e-01 4.88224267959595e-01
536 7.13378906250000e-01 5.08909463882446e-01
537 7.14355468750000e-01 5.10303735733032e-01
538 6.56738281250000e-01 4.31305170059204e-01
539 6.56250000000000e-01 4.30664062500000e-01
540 5.80078125000000e-01 3.36490631103516e-01
541 5.72265625000000e-01 3.27487945556641e-01
542 5.70800781250000e-01 3.25813531875610e-01
543 5.51757812500000e-01 3.04436683654785e-01
544 5.27832031250000e-01 2.78606653213501e-01
545 5.70800781250000e-01 3.25813531875610e-01
546 5.66406250000000e-01 3.20816040039062e-01
547 5.39550781250000e-01 2.91115045547485e-01
548 5.08300781250000e-01 2.58369684219360e-01
549 5.07324218750000e-01 2.57377862930298e-01
550 4.65332031250000e-01 2.16533899307251e-01
551 4.27734375000000e-01 1.82956695556641e-01
552 4.74121093750000e-01 2.24790811538696e-01
553 4.31152343750000e-01 1.85892343521118e-01
554 4.96093750000000e-01 2.46109008789062e-01
555 4.76074218750000e-01 2.26646661758423e-01
556 4.72656250000000e-01 2.23403930664062e-01
557 5.06835937500000e-01 2.56882667541504e-01
558 4.77539062500000e-01 2.28043556213379e-01
559 4.73144531250000e-01 2.23865747451782e-01
560 4.81445312500000e-01 2.31789588928223e-01
561 5.10742187500000e-01 2.60857582092285e-01
562 5.66406250000000e-01 3.20816040039062e-01
563 5.33203125000000e-01 2.84305572509766e-01
564 5.91796875000000e-01 3.50223541259766e-01
565 6.13769531250000e-01 3.76713037490845e-01
566 6.45996093750000e-01 4.17310953140259e-01
567 6.14257812500000e-01 3.77312660217285e-01
568 6.82128906250000e-01 4.65299844741821e-01
569 6.82128906250000e-01 4.65299844741821e-01
570 6.20605468750000e-01 3.85151147842407e-01
571 6.45019531250000e-01 4.16050195693970e-01
572 6.48925781250000e-01 4.21104669570923e-01
573 6.35742187500000e-01 4.04168128967285e-01
574 5.61523437500000e-01 3.15308570861816e-01
575 5.61523437500000e-01 3.15308570861816e-01
576 5.54199218750000e-01 3.07136774063110e-01
577 5.60546875000000e-01 3.14212799072266e-01
578 6.19628906250000e-01 3.83939981460571e-01
579 6.06445312500000e-01 3.67775917053223e-01
580 6.31347656250000e-01 3.98599863052368e-01
581 6.13281250000000e-01 3.76113891601562e-01
582 5.96679687500000e-01 3.56026649475098e-01
583 5.80566406250000e-01 3.37057352066040e-01
584 5.12695312500000e-01 2.62856483459473e-01
585 5.34667968750000e-01 2.85869836807251e-01
586 5.38085937500000e-01 2.89536476135254e-01
587 4.83886718750000e-01 2.34146356582642e-01
588 5.48828125000000e-01 3.01212310791016e-01
589 5.91308593750000e-01 3.49645853042603e-01
590 6.20605468750000e-01 3.85151147842407e-01
591 6.14746093750000e-01 3.77912759780884e-01
592 5.79101562500000e-01 3.35358619689941e-01
593 5.98632812500000e-01 3.58361244201660e-01
594 5.88867187500000e-01 3.46764564514160e-01
595 6.18652343750000e-01 3.82730722427368e-01
596 5.74707031250000e-01 3.30288171768188e-01
597 5.82519531250000e-01 3.39329004287720e-01
598 5.74218750000000e-01 3.29727172851562e-01
599 5.59082031250000e-01 3.12572717666626e-01
600 5.61523437500000e-01 3.15308570861816e-01
601 5.20996093750000e-01 2.71436929702759e-01
602 4.93164062500000e-01 2.43210792541504e-01
603 4.96582031250000e-01 2.46593713760376e-01
604 4.21875000000000e-01 1.77978515625000e-01
605 4.11621093750000e-01 1.69431924819946e-01
606 4.01855468750000e-01 1.61487817764282e-01
607 4.07714843750000e-01 1.66231393814087e-01
608 3.50585937500000e-01 1.22910499572754e-01
609 3.87207031250000e-01 1.49929285049438e-01
610 3.38378906250000e-01 1.14500284194946e-01
611 3.82324218750000e-01 1.46171808242798e-01
612 3.68652343750000e-01 1.35904550552368e-01
613 3.30078125000000e-01 1.08951568603516e-01
614 3.34472656250000e-01 1.11871957778931e-01
615 3.55957031250000e-01 1.26705408096313e-01
616 3.74511718750000e-01 1.40259027481079e-01
617 3.89160156250000e-01 1.51445627212524e-01
618 3.88671875000000e-01 1.51065826416016e-01
619 3.97949218750000e-01 1.58363580703735e-01
620 4.57519531250000e-01 2.09324121475220e-01
621 4.69238281250000e-01 2.20184564590454e-01
622 4.72656250000000e-01 2.23403930664062e-01
623 4.68261718750000e-01 2.19269037246704e-01
624 4.60937500000000e-01 2.12463378906250e-01
625 4.50195312500000e-01 2.02675819396973e-01
626 4.69238281250000e-01 2.20184564590454e-01
627 4.39941406250000e-01 1.93548440933228e-01
628 4.12109375000000e-01 1.69834136962891e-01
629 4.75097656250000e-01 2.25717782974243e-01
630 4.82910156250000e-01 2.33202219009399e-01
631 4.52636718750000e-01 2.04879999160767e-01
632 4.32128906250000e-01 1.86735391616821e-01
633 3.65722656250000e-01 1.33753061294556e-01
634 4.33593750000000e-01 1.88003540039062e-01
635 4.14062500000000e-01 1.71447753906250e-01
636 4.67285156250000e-01 2.18355417251587e-01
637 5.17578125000000e-01 2.67887115478516e-01
638 5.71777343750000e-01 3.26929330825806e-01
639 5.16113281250000e-01 2.66372919082642e-01
640 5.96679687500000e-01 3.56026649475098e-01
641 6.20117187500000e-01 3.84545326232910e-01
642 6.32324218750000e-01 3.99833917617798e-01
643 6.54785156250000e-01 4.28743600845337e-01
644 7.07031250000000e-01 4.99893188476562e-01
645 6.94824218750000e-01 4.82780694961548e-01
646 6.35253906250000e-01 4.03547525405884e-01
647 5.97167968750000e-01 3.56609582901001e-01
648 5.54687500000000e-01 3.07678222656250e-01
649 5.77636718750000e-01 3.33664178848267e-01
650 5.58105468750000e-01 3.11481714248657e-01
651 5.68359375000000e-01 3.23032379150391e-01
652 6.11816406250000e-01 3.74319314956665e-01
653 6.00585937500000e-01 3.60703468322754e-01
654 5.97167968750000e-01 3.56609582901001e-01
655 5.96191406250000e-01 3.55444192886353e-01
656 5.19042968750000e-01 2.69405603408813e-01
657 5.20507812500000e-01 2.70928382873535e-01
658 4.92675781250000e-01 2.42729425430298e-01
659 4.12109375000000e-01 1.69834136962891e-01
660 4.25292968750000e-01 1.80874109268188e-01
661 3.13964843750000e-01 9.85739231109619e-02
662 3.67675781250000e-01 1.35185480117798e-01
663 3.48632812500000e-01 1.21544837951660e-01
664 3.54003906250000e-01 1.25318765640259e-01
665 4.48730468750000e-01 2.01359033584595e-01
666 4.41894531250000e-01 1.95270776748657e-01
667 3.90136718750000e-01 1.52206659317017e-01
668 3.75488281250000e-01 1.40991449356079e-01
669 3.95019531250000e-01 1.56040430068970e-01
670 3.69628906250000e-01 1.36625528335571e-01
671 3.90136718750000e-01 1.52206659317017e-01
672 3.75000000000000e-01 1.40625000000000e-01
673 3.78417968750000e-01 1.43200159072876e-01
674 3.81835937500000e-01 1.45798683166504e-01
675 3.34960937500000e-01 1.12198829650879e-01
676 3.72070312500000e-01 1.38436317443848e-01
677 3.55468750000000e-01 1.26358032226562e-01
678 4.30664062500000e-01 1.85471534729004e-01
679 3.82812500000000e-01 1.46545410156250e-01
680 4.08691406250000e-01 1.67028665542603e-01
681 4.46289062500000e-01 1.99173927307129e-01
682 4.38476562500000e-01 1.92261695861816e-01
683 4.26757812500000e-01 1.82122230529785e-01
684 4.35546875000000e-01 1.89701080322266e-01
685 4.25781250000000e-01 1.81289672851562e-01
686 4.77050781250000e-01 2.27577447891235e-01
687 4.89257812500000e-01 2.39373207092285e-01
688 4.77539062500000e-01 2.28043556213379e-01
689 5.82519531250000e-01 3.39329004287720e-01
690 5.63964843750000e-01 3.18056344985962e-01
691 5.32714843750000e-01 2.83785104751587e-01
692 5.21972656250000e-01 2.72455453872681e-01
693 5.46386718750000e-01 2.98538446426392e-01
694 5.58593750000000e-01 3.12026977539062e-01
695 5.84960937500000e-01 3.42179298400879e-01
696 5.91796875000000e-01 3.50223541259766e-01
697 5.98144531250000e-01 3.57776880264282e-01
698 5.44433593750000e-01 2.96407938003540e-01
699 5.63476562500000e-01 3.17505836486816e-01
700 5.42480468750000e-01 2.94285058975220e-01
701 4.60937500000000e-01 2.12463378906250e-01
702 5.14648437500000e-01 2.64863014221191e-01
703 5.08789062500000e-01 2.58866310119629e-01
704 5.17578125000000e-01 2.67887115478516e-01
705 5.20996093750000e-01 2.71436929702759e-01
706 4.62402343750000e-01 2.13815927505493e-01
707 4.59960937500000e-01 2.11564064025879e-01
708 4.34082031250000e-01 1.88427209854126e-01
709 4.36035156250000e-01 1.90126657485962e-01
710 3.97949218750000e-01 1.58363580703735e-01
711 3.38378906250000e-01 1.14500284194946e-01
712 3.54492187500000e-01 1.25664710998535e-01
713 4.34570312500000e-01 1.88851356506348e-01
714 3.97949218750000e-01 1.58363580703735e-01
715 4.02343750000000e-01 1.61880493164062e-01
716 4.33593750000000e-01 1.88003540039062e-01
717 4.30175781250000e-01 1.85051202774048e-01
718 3.50585937500000e-01 1.22910499572754e-01
719 3.41308593750000e-01 1.16491556167603e-01
720 3.67675781250000e-01 1.35185480117798e-01
721 4.25781250000000e-01 1.81289672851562e-01
722 3.95019531250000e-01 1.56040430068970e-01
723 4.20898437500000e-01 1.77155494689941e-01
724 5.16113281250000e-01 2.66372919082642e-01
725 3.75488281250000e-01 1.40991449356079e-01
726 3.93554687500000e-01 1.54885292053223e-01
727 4.18945312500000e-01 1.75515174865723e-01
728 4.48242187500000e-01 2.00921058654785e-01
729 4.24804687500000e-01 1.80459022521973e-01
730 4.55078125000000e-01 2.07096099853516e-01
731 4.81445312500000e-01 2.31789588928223e-01
732 4.76074218750000e-01 2.26646661758423e-01
733 4.29687500000000e-01 1.84631347656250e-01
734 4.32617187500000e-01 1.87157630920410e-01
735 4.38964843750000e-01 1.92690134048462e-01
736 4.15527343750000e-01 1.72662973403931e-01
737 4.39941406250000e-01 1.93548440933228e-01
738 4.24804687500000e-01 1.80459022521973e-01
739 4.49707031250000e-01 2.02236413955688e-01
740 4.19433593750000e-01 1.75924539566040e-01
741 4.79980468750000e-01 2.30381250381470e-01
742 5.27832031250000e-01 2.78606653213501e-01
743 4.45312500000000e-01 1.98303222656250e-01
744 4.47753906250000e-01 2.00483560562134e-01
745 4.16503906250000e-01 1.73475503921509e-01
746 4.17968750000000e-01 1.74697875976562e-01
747 4.46289062500000e-01 1.99173927307129e-01
748 3.63769531250000e-01 1.32328271865845e-01
749 2.96875000000000e-01 8.81347656250000e-02
750 2.19726562500000e-01 4.82797622680664e-02
751 2.85156250000000e-01 8.13140869140625e-02
752 2.41699218750000e-01 5.84185123443604e-02
753 2.92968750000000e-01 8.58306884765625e-02
754 3.04687500000000e-01 9.28344726562500e-02
755 3.41796875000000e-01 1.16825103759766e-01
756 3.63281250000000e-01 1.31973266601562e-01
757 3.72558593750000e-01 1.38799905776978e-01
758 3.63769531250000e-01 1.32328271865845e-01
759 3.19335937500000e-01 1.01975440979004e-01
760 2.53906250000000e-01 6.44683837890625e-02
761 1.77734375000000e-01 3.15895080566406e-02
762 1.95312500000000e-01 3.81469726562500e-02
763 1.75781250000000e-01 3.08990478515625e-02
764 1.69433593750000e-01 2.87077426910400e-02
765 1.23535156250000e-01 1.52609348297119e-02
766 1.51367187500000e-01 2.29120254516602e-02
767 1.97753906250000e-01 3.91066074371338e-02
768 1.56250000000000e-01 2.44140625000000e-02
769 1.53808593750000e-01 2.36570835113525e-02
770 1.30371093750000e-01 1.69966220855713e-02
771 1.21093750000000e-01 1.46636962890625e-02
772 1.06933593750000e-01 1.14347934722900e-02
773 1.46972656250000e-01 2.16009616851807e-02
774 1.52343750000000e-01 2.32086181640625e-02
775 1.09375000000000e-01 1.19628906250000e-02
776 1.45507812500000e-01 2.11725234985352e-02
777 1.17675781250000e-01 1.38475894927979e-02
778 1.29882812500000e-01 1.68695449829102e-02
779 1.13281250000000e-01 1.28326416015625e-02
780 1.25976562500000e-01 1.58700942993164e-02
781 1.59667968750000e-01 2.54938602447510e-02
782 2.15820312500000e-01 4.65784072875977e-02
783 2.26562500000000e-01 5.13305664062500e-02
784 2.45605468750000e-01 6.03220462799072e-02
785 1.86523437500000e-01 3.47909927368164e-02
786 1.27441406250000e-01 1.62413120269775e-02
787 1.81152343750000e-01 3.28161716461182e-02
788 1.74316406250000e-01 3.03862094879150e-02
789 2.91503906250000e-01 8.49745273590088e-02
790 2.50000000000000e-01 6.25000000000000e-02
791 3.07128906250000e-01 9.43281650543213e-02
792 3.04687500000000e-01 9.28344726562500e-02
793 3.19335937500000e-01 1.01975440979004e-01
794 4.28222656250000e-01 1.83374643325806e-01
795 3.64746093750000e-01 1.33039712905884e-01
796 3.89160156250000e-01 1.51445627212524e-01
797 3.32031250000000e-01 1.10244750976562e-01
798 3.53027343750000e-01 1.24628305435181e-01
799 3.42773437500000e-01 1.17493629455566e-01
800 3.79882812500000e-01 1.44310951232910e-01
801 3.37402343750000e-01 1.13840341567993e-01
802 2.77832031250000e-01 7.71906375885010e-02
803 2.31933593750000e-01 5.37931919097900e-02
804 1.85058593750000e-01 3.42466831207275e-02
805 1.81152343750000e-01 3.28161716461182e-02
806 8.74023437500000e-02 7.63916969299316e-03
807 7.86132812500000e-02 6.18004798889160e-03
808 6.83593750000000e-02 4.67300415039062e-03
809 9.91210937500000e-02 9.82499122619629e-03
810 1.13769531250000e-01 1.29435062408447e-02
811 8.78906250000000e-02 7.72476196289062e-03
812 1.95312500000000e-02 3.81469726562500e-04
813 5.81054687500000e-02 3.37624549865723e-03
814 1.26953125000000e-02 1.61170959472656e-04
815 6.73828125000000e-02 4.54044342041016e-03
816 9.57031250000000e-02 9.15908813476562e-03
817 7.51953125000000e-02 5.65433502197266e-03
818 1.22070312500000e-01 1.49011611938477e-02
819 7.27539062500000e-02 5.29313087463379e-03
820 9.57031250000000e-02 9.15908813476562e-03
821 6.93359375000000e-02 4.80747222900391e-03
822 5.85937500000000e-03 3.43322753906250e-05
823 4.49218750000000e-02 2.01797485351562e-03
824 2.09960937500000e-02 4.40835952758789e-04
825 6.34765625000000e-02 4.02927398681641e-03
826 7.42187500000000e-02 5.50842285156250e-03
827 1.34765625000000e-01 1.81617736816406e-02
828 9.91210937500000e-02 9.82499122619629e-03
829 1.03027343750000e-01 1.06146335601807e-02
830 6.83593750000000e-02 4.67300415039062e-03
831 5.07812500000000e-02 2.57873535156250e-03
832 9.37500000000000e-02 8.78906250000000e-03
833 3.36914062500000e-02 1.13511085510254e-03
834 7.12890625000000e-02 5.08213043212891e-03
835 6.29882812500000e-02 3.96752357482910e-03
836 1.09863281250000e-01 1.20699405670166e-02
837 1.54296875000000e-01 2.38075256347656e-02
838 1.39160156250000e-01 1.93655490875244e-02
839 1.68945312500000e-01 2.85425186157227e-02
840 1.40136718750000e-01 1.96382999420166e-02
841 1.80664062500000e-01 3.26395034790039e-02
842 2.30957031250000e-01 5.33411502838135e-02
843 2.09472656250000e-01 4.38787937164307e-02
844 3.09082031250000e-01 9.55317020416260e-02
845 2.72460937500000e-01 7.42349624633789e-02
846 3.14941406250000e-01 9.91880893707275e-02
847 2.86621093750000e-01 8.21516513824463e-02
848 2.66601562500000e-01 7.10763931274414e-02
849 2.76367187500000e-01 7.63788223266602e-02
850 2.84667968750000e-01 8.10358524322510e-02
851 2.81738281250000e-01 7.93764591217041e-02
852 2.73925781250000e-01 7.50353336334229e-02
853 3.20312500000000e-01 1.02600097656250e-01
854 3.38378906250000e-01 1.14500284194946e-01
855 2.66113281250000e-01 7.08162784576416e-02
856 2.57812500000000e-01 6.64672851562500e-02
857 2.26074218750000e-01 5.11095523834229e-02
858 2.70019531250000e-01 7.29105472564697e-02
859 2.30468750000000e-01 5.31158447265625e-02
860 2.01660156250000e-01 4.06668186187744e-02
861 1.64550781250000e-01 2.70769596099854e-02
862 1.54296875000000e-01 2.38075256347656e-02
863 2.11425781250000e-01 4.47008609771729e-02
864 1.54296875000000e-01 2.38075256347656e-02
865 1.68457031250000e-01 2.83777713775635e-02
866 2.07519531250000e-01 4.30643558502197e-02
867 2.31445312500000e-01 5.35669326782227e-02
868 1.59667968750000e-01 2.54938602447510e-02
869 1.70410156250000e-01 2.90396213531494e-02
870 2.09472656250000e-01 4.38787937164307e-02
871 1.77246093750000e-01 3.14161777496338e-02
872 1.18164062500000e-01 1.39627456665039e-02
873 8.93554687500000e-02 7.98439979553223e-03
874 7.03125000000000e-02 4.94384765625000e-03
875 8.20312500000000e-02 6.72912597656250e-03
876 1.06445312500000e-01 1.13306045532227e-02
877 1.46972656250000e-01 2.16009616851807e-02
878 1.22558593750000e-01 1.50206089019775e-02
879 1.49902343750000e-01 2.24707126617432e-02
880 8.93554687500000e-02 7.98439979553223e-03
881 1.08886718750000e-01 1.18563175201416e-02
882 6.98242187500000e-02 4.87542152404785e-03
883 6.34765625000000e-03 4.02927398681641e-05
884 1.22070312500000e-02 1.49011611938477e-04
885 3.12500000000000e-02 9.76562500000000e-04
886 6.34765625000000e-03 4.02927398681641e-05
887 2.53906250000000e-02 6.44683837890625e-04
888 3.61328125000000e-02 1.30558013916016e-03
889 9.71679687500000e-02 9.44161415100098e-03
890 4.10156250000000e-02 1.68228149414062e-03
891 1.85546875000000e-02 3.44276428222656e-04
892 7.03125000000000e-02 4.94384765625000e-03
893 1.05468750000000e-01 1.11236572265625e-02
894 1.67480468750000e-01 2.80497074127197e-02
895 9.27734375000000e-02 8.60691070556641e-03
896 1.36230468750000e-01 1.85587406158447e-02
897 2.20703125000000e-01 4.87098693847656e-02
898 2.13378906250000e-01 4.55305576324463e-02
899 2.09472656250000e-01 4.38787937164307e-02
900 1.42578125000000e-01 2.03285217285156e-02
901 9.61914062500000e-02 9.25278663635254e-03
902 7.66601562500000e-02 5.87677955627441e-03
903 1.09863281250000e-01 1.20699405670166e-02
904 1.06445312500000e-01 1.13306045532227e-02
905 6.29882812500000e-02 3.96752357482910e-03
906 1.02539062500000e-02 1.05142593383789e-04
907 7.32421875000000e-03 5.36441802978516e-05
908 7.95898437500000e-02 6.33454322814941e-03
909 1.02539062500000e-02 1.05142593383789e-04
910 6.49414062500000e-02 4.21738624572754e-03
911 4.63867187500000e-02 2.15172767639160e-03
912 2.44140625000000e-02 5.96046447753906e-04
913 7.17773437500000e-02 5.15198707580566e-03
914 1.51367187500000e-02 2.29120254516602e-04
915 3.61328125000000e-02 1.30558013916016e-03
916 3.02734375000000e-02 9.16481018066406e-04
917 6.05468750000000e-02 3.66592407226562e-03
918 1.49414062500000e-01 2.23245620727539e-02
919 1.81640625000000e-01 3.29933166503906e-02
920 1.70898437500000e-01 2.92062759399414e-02
921 2.01660156250000e-01 4.06668186187744e-02
922 1.65039062500000e-01 2.72378921508789e-02
923 1.63085937500000e-01 2.65970230102539e-02
924 1.93847656250000e-01 3.75769138336182e-02
925 1.67480468750000e-01 2.80497074127197e-02
926 1.48437500000000e-01 2.20336914062500e-02
927 1.98730468750000e-01 3.94937992095947e-02
928 1.94824218750000e-01 3.79564762115479e-02
929 1.03515625000000e-01 1.07154846191406e-02
930 8.30078125000000e-02 6.89029693603516e-03
931 2.88085937500000e-02 8.29935073852539e-04
932 1.36718750000000e-02 1.86920166015625e-04
933 4.34570312500000e-02 1.88851356506348e-03
934 4.34570312500000e-02 1.88851356506348e-03
935 6.44531250000000e-02 4.15420532226562e-03
936 5.27343750000000e-02 2.78091430664062e-03
937 1.03515625000000e-01 1.07154846191406e-02
938 9.42382812500000e-02 8.88085365295410e-03
939 1.26464843750000e-01 1.59933567047119e-02
940 5.37109375000000e-02 2.88486480712891e-03
941 1.07910156250000e-01 1.16446018218994e-02
942 1.27441406250000e-01 1.62413120269775e-02
943 1.83105468750000e-01 3.35276126861572e-02
944 1.37695312500000e-01 1.89599990844727e-02
945 1.76269531250000e-01 3.10709476470947e-02
946 1.53320312500000e-01 2.35071182250977e-02
947 9.91210937500000e-02 9.82499122619629e-03
948 2.19726562500000e-02 4.82797622680664e-04
949 2.19726562500000e-02 4.82797622680664e-04
950 5.56640625000000e-02 3.09848785400391e-03
951 9.17968750000000e-02 8.42666625976562e-03
952 3.12500000000000e-02 9.76562500000000e-04
953 2.73437500000000e-02 7.47680664062500e-04
954 6.88476562500000e-02 4.73999977111816e-03
955 5.90820312500000e-02 3.49068641662598e-03
956 9.57031250000000e-02 9.15908813476562e-03
957 7.32421875000000e-02 5.36441802978516e-03
958 5.17578125000000e-02 2.67887115478516e-03
959 1.24023437500000e-01 1.53818130493164e-02
960 1.05957031250000e-01 1.12268924713135e-02
961 6.64062500000000e-02 4.40979003906250e-03
962 7.27539062500000e-02 5.29313087463379e-03
963 6.34765625000000e-03 4.02927398681641e-05
964 1.95312500000000e-03 3.81469726562500e-06
965 1.36718750000000e-02 1.86920166015625e-04
966 6.73828125000000e-02 4.54044342041016e-03
967 4.10156250000000e-02 1.68228149414062e-03
968 9.76562500000000e-03 9.53674316406250e-05
969 6.00585937500000e-02 3.60703468322754e-03
970 2.14843750000000e-02 4.61578369140625e-04
971 3.17382812500000e-02 1.00731849670410e-03
972 1.85546875000000e-02 3.44276428222656e-04
973 1.85546875000000e-02 3.44276428222656e-04
974 1.46484375000000e-03 2.14576721191406e-06
975 2.34375000000000e-02 5.49316406250000e-04
976 4.54101562500000e-02 2.06208229064941e-03
977 2.49023437500000e-02 6.20126724243164e-04
978 1.51367187500000e-02 2.29120254516602e-04
979 4.29687500000000e-02 1.84631347656250e-03
980 6.73828125000000e-02 4.54044342041016e-03
981 1.56250000000000e-01 2.44140625000000e-02
982 2.08007812500000e-01 4.32672500610352e-02
983 2.51953125000000e-01 6.34803771972656e-02
984 2.91503906250000e-01 8.49745273590088e-02
985 2.83691406250000e-01 8.04808139801025e-02
986 2.39746093750000e-01 5.74781894683838e-02
987 2.35839843750000e-01 5.56204319000244e-02
988 2.33398437500000e-01 5.44748306274414e-02
989 1.89453125000000e-01 3.58924865722656e-02
990 2.93457031250000e-01 8.61170291900635e-02
991 3.60351562500000e-01 1.29853248596191e-01
992 3.75000000000000e-01 1.40625000000000e-01
993 4.20898437500000e-01 1.77155494689941e-01
994 4.37988281250000e-01 1.91833734512329e-01
995 4.25781250000000e-01 1.81289672851562e-01
996 4.21386718750000e-01 1.77566766738892e-01
997 3.85253906250000e-01 1.48420572280884e-01
998 3.44238281250000e-01 1.18499994277954e-01
999 3.63769531250000e-01 1.32328271865845e-01
