0 5.90332031250000e-01 3.48491907119751e-01
1 5.23925781250000e-01 2.74498224258423e-01
2 5.05371093750000e-01 2.55399942398071e-01
3 4.36035156250000e-01 1.90126657485962e-01
4 3.95507812500000e-01 1.56426429748535e-01
5 3.97949218750000e-01 1.58363580703735e-01
6 4.08203125000000e-01 1.66629791259766e-01
7 4.29199218750000e-01 1.84211969375610e-01
8 4.68261718750000e-01 2.19269037246704e-01
9 4.80468750000000e-01 2.30850219726562e-01
10 5.16601562500000e-01 2.66877174377441e-01
11 5.70800781250000e-01 3.25813531875610e-01
12 6.16699218750000e-01 3.80317926406860e-01
13 6.10839843750000e-01 3.73125314712524e-01
14 6.59179687500000e-01 4.34517860412598e-01
15 6.56250000000000e-01 4.30664062500000e-01
16 6.41601562500000e-01 4.11652565002441e-01
17 6.27929687500000e-01 3.94295692443848e-01
18 6.14257812500000e-01 3.77312660217285e-01
19 5.82031250000000e-01 3.38760375976562e-01
20 5.58105468750000e-01 3.11481714248657e-01
21 5.01464843750000e-01 2.51466989517212e-01
22 5.64453125000000e-01 3.18607330322266e-01
23 5.92285156250000e-01 3.50801706314087e-01
24 5.89843750000000e-01 3.47915649414062e-01
25 6.30859375000000e-01 3.97983551025391e-01
26 6.42578125000000e-01 4.12906646728516e-01
27 6.56250000000000e-01 4.30664062500000e-01
28 6.89453125000000e-01 4.75345611572266e-01
29 7.14355468750000e-01 5.10303735733032e-01
30 6.90917968750000e-01 4.77367639541626e-01
31 6.88964843750000e-01 4.74672555923462e-01
32 6.67480468750000e-01 4.45530176162720e-01
33 6.72851562500000e-01 4.52729225158691e-01
34 6.50390625000000e-01 4.23007965087891e-01
35 6.72363281250000e-01 4.52072381973267e-01
36 7.10937500000000e-01 5.05432128906250e-01
37 6.91894531250000e-01 4.78718042373657e-01
38 7.30468750000000e-01 5.33584594726562e-01
39 6.78222656250000e-01 4.59985971450806e-01
40 7.70996093750000e-01 5.94434976577759e-01
41 7.70019531250000e-01 5.92930078506470e-01
42 7.35839843750000e-01 5.41460275650024e-01
43 7.18261718750000e-01 5.15899896621704e-01
44 6.46484375000000e-01 4.17942047119141e-01
45 6.37695312500000e-01 4.06655311584473e-01
46 6.87500000000000e-01 4.72656250000000e-01
47 7.11425781250000e-01 5.06126642227173e-01
48 6.50390625000000e-01 4.23007965087891e-01
49 6.99218750000000e-01 4.88906860351562e-01
50 6.88476562500000e-01 4.73999977111816e-01
51 7.35839843750000e-01 5.41460275650024e-01
52 7.50000000000000e-01 5.62500000000000e-01
53 6.80664062500000e-01 4.63303565979004e-01
54 6.64550781250000e-01 4.41627740859985e-01
55 7.08984375000000e-01 5.02658843994141e-01
56 6.90429687500000e-01 4.76693153381348e-01
57 7.17773437500000e-01 5.15198707580566e-01
58 7.17285156250000e-01 5.14497995376587e-01
59 6.67968750000000e-01 4.46182250976562e-01
60 6.32812500000000e-01 4.00451660156250e-01
61 6.42089843750000e-01 4.12279367446899e-01
62 6.22558593750000e-01 3.87579202651978e-01
63 6.06933593750000e-01 3.68368387222290e-01
64 5.59082031250000e-01 3.12572717666626e-01
65 5.42480468750000e-01 2.94285058975220e-01
66 5.79589843750000e-01 3.35924386978149e-01
67 5.90332031250000e-01 3.48491907119751e-01
68 6.09375000000000e-01 3.71337890625000e-01
69 6.34277343750000e-01 4.02307748794556e-01
70 6.59179687500000e-01 4.34517860412598e-01
71 6.33300781250000e-01 4.01069879531860e-01
72 5.70312500000000e-01 3.25256347656250e-01
73 5.71289062500000e-01 3.26371192932129e-01
74 5.47851562500000e-01 3.00141334533691e-01
75 4.89746093750000e-01 2.39851236343384e-01
76 4.72656250000000e-01 2.23403930664062e-01
77 4.67773437500000e-01 2.18811988830566e-01
78 4.88281250000000e-01 2.38418579101562e-01
79 5.12207031250000e-01 2.62356042861938e-01
80 5.41992187500000e-01 2.93755531311035e-01
81 5.44921875000000e-01 2.96939849853516e-01
82 4.90234375000000e-01 2.40329742431641e-01
83 4.45800781250000e-01 1.98738336563110e-01
84 4.82910156250000e-01 2.33202219009399e-01
85 3.95996093750000e-01 1.56812906265259e-01
86 4.07226562500000e-01 1.65833473205566e-01
87 4.18945312500000e-01 1.75515174865723e-01
88 4.55566406250000e-01 2.07540750503540e-01
89 4.77050781250000e-01 2.27577447891235e-01
90 4.20898437500000e-01 1.77155494689941e-01
91 4.36523437500000e-01 1.90552711486816e-01
92 4.50195312500000e-01 2.02675819396973e-01
93 4.50683593750000e-01 2.03115701675415e-01
94 4.53613281250000e-01 2.05765008926392e-01
95 4.04785156250000e-01 1.63851022720337e-01
96 3.93554687500000e-01 1.54885292053223e-01
97 3.56445312500000e-01 1.27053260803223e-01
98 2.87109375000000e-01 8.24317932128906e-02
99 2.61230468750000e-01 6.82413578033447e-02
100 2.33886718750000e-01 5.47029972076416e-02
101 1.67480468750000e-01 2.80497074127197e-02
102 1.99707031250000e-01 3.98828983306885e-02
103 2.64648437500000e-01 7.00387954711914e-02
104 2.31933593750000e-01 5.37931919097900e-02
105 2.55859375000000e-01 6.54640197753906e-02
106 2.36328125000000e-01 5.58509826660156e-02
107 2.48535156250000e-01 6.17697238922119e-02
108 3.46679687500000e-01 1.20186805725098e-01
109 2.93945312500000e-01 8.64038467407227e-02
110 3.30078125000000e-01 1.08951568603516e-01
111 3.29589843750000e-01 1.08629465103149e-01
112 3.03710937500000e-01 9.22403335571289e-02
113 2.80273437500000e-01 7.85531997680664e-02
114 2.78320312500000e-01 7.74621963500977e-02
115 3.09570312500000e-01 9.58337783813477e-02
116 3.30078125000000e-01 1.08951568603516e-01
117 3.59375000000000e-01 1.29150390625000e-01
118 3.26171875000000e-01 1.06388092041016e-01
119 3.44238281250000e-01 1.18499994277954e-01
120 3.46679687500000e-01 1.20186805725098e-01
121 2.58789062500000e-01 6.69717788696289e-02
122 2.50000000000000e-01 6.25000000000000e-02
123 2.38281250000000e-01 5.67779541015625e-02
124 2.08007812500000e-01 4.32672500610352e-02
125 2.61718750000000e-01 6.84967041015625e-02
126 2.70507812500000e-01 7.31744766235352e-02
127 3.07617187500000e-01 9.46283340454102e-02
128 3.39843750000000e-01 1.15493774414062e-01
129 2.57812500000000e-01 6.64672851562500e-02
130 2.99804687500000e-01 8.98828506469727e-02
131 2.75390625000000e-01 7.58399963378906e-02
132 2.66601562500000e-01 7.10763931274414e-02
133 3.34472656250000e-01 1.11871957778931e-01
134 3.35937500000000e-01 1.12854003906250e-01
135 3.37890625000000e-01 1.14170074462891e-01
136 3.94531250000000e-01 1.55654907226562e-01
137 4.76074218750000e-01 2.26646661758423e-01
138 4.48242187500000e-01 2.00921058654785e-01
139 4.28710937500000e-01 1.83793067932129e-01
140 4.14062500000000e-01 1.71447753906250e-01
141 4.22363281250000e-01 1.78390741348267e-01
142 4.71191406250000e-01 2.22021341323853e-01
143 4.72167968750000e-01 2.22942590713501e-01
144 4.76074218750000e-01 2.26646661758423e-01
145 4.80468750000000e-01 2.30850219726562e-01
146 4.11621093750000e-01 1.69431924819946e-01
147 3.39355468750000e-01 1.15162134170532e-01
148 2.95410156250000e-01 8.72671604156494e-02
149 3.36425781250000e-01 1.13182306289673e-01
150 2.91015625000000e-01 8.46900939941406e-02
151 2.68066406250000e-01 7.18595981597900e-02
152 2.48535156250000e-01 6.17697238922119e-02
153 2.40722656250000e-01 5.79473972320557e-02
154 2.79785156250000e-01 7.82797336578369e-02
155 2.55371093750000e-01 6.52143955230713e-02
156 2.91015625000000e-01 8.46900939941406e-02
157 3.54492187500000e-01 1.25664710998535e-01
158 4.05761718750000e-01 1.64642572402954e-01
159 4.62890625000000e-01 2.14267730712891e-01
160 4.37011718750000e-01 1.90979242324829e-01
161 4.02343750000000e-01 1.61880493164062e-01
162 2.62695312500000e-01 6.90088272094727e-02
163 2.65136718750000e-01 7.02974796295166e-02
164 3.21289062500000e-01 1.03226661682129e-01
165 3.32519531250000e-01 1.10569238662720e-01
166 3.06640625000000e-01 9.40284729003906e-02
167 3.21777343750000e-01 1.03540658950806e-01
168 2.91015625000000e-01 8.46900939941406e-02
169 3.15917968750000e-01 9.98041629791260e-02
170 3.26660156250000e-01 1.06706857681274e-01
171 3.30566406250000e-01 1.09274148941040e-01
172 3.52539062500000e-01 1.24283790588379e-01
173 3.75976562500000e-01 1.41358375549316e-01
174 3.56933593750000e-01 1.27401590347290e-01
175 3.56445312500000e-01 1.27053260803223e-01
176 3.46191406250000e-01 1.19848489761353e-01
177 4.01367187500000e-01 1.61095619201660e-01
178 3.96972656250000e-01 1.57587289810181e-01
179 3.81835937500000e-01 1.45798683166504e-01
180 3.30566406250000e-01 1.09274148941040e-01
181 3.02246093750000e-01 9.13527011871338e-02
182 2.95410156250000e-01 8.72671604156494e-02
183 3.45703125000000e-01 1.19510650634766e-01
184 2.92968750000000e-01 8.58306884765625e-02
185 3.86230468750000e-01 1.49173974990845e-01
186 3.52050781250000e-01 1.23939752578735e-01
187 3.61328125000000e-01 1.30558013916016e-01
188 2.84179687500000e-01 8.07580947875977e-02
189 2.85156250000000e-01 8.13140869140625e-02
190 2.88574218750000e-01 8.32750797271729e-02
191 3.60351562500000e-01 1.29853248596191e-01
192 3.75000000000000e-01 1.40625000000000e-01
193 3.55468750000000e-01 1.26358032226562e-01
194 3.40820312500000e-01 1.16158485412598e-01
195 4.12109375000000e-01 1.69834136962891e-01
196 4.58496093750000e-01 2.10218667984009e-01
197 4.89746093750000e-01 2.39851236343384e-01
198 5.00976562500000e-01 2.50977516174316e-01
199 5.08300781250000e-01 2.58369684219360e-01
200 5.53710937500000e-01 3.06595802307129e-01
201 5.28808593750000e-01 2.79638528823853e-01
202 5.02929687500000e-01 2.52938270568848e-01
203 4.98535156250000e-01 2.48537302017212e-01
204 4.11132812500000e-01 1.69030189514160e-01
205 4.63378906250000e-01 2.14720010757446e-01
206 4.93652343750000e-01 2.43692636489868e-01
207 4.79980468750000e-01 2.30381250381470e-01
208 5.40039062500000e-01 2.91642189025879e-01
209 5.51757812500000e-01 3.04436683654785e-01
210 5.29785156250000e-01 2.80672311782837e-01
211 5.39062500000000e-01 2.90588378906250e-01
212 5.53222656250000e-01 3.06055307388306e-01
213 4.85839843750000e-01 2.36040353775024e-01
214 5.06835937500000e-01 2.56882667541504e-01
215 4.25292968750000e-01 1.80874109268188e-01
216 4.29687500000000e-01 1.84631347656250e-01
217 4.46777343750000e-01 1.99609994888306e-01
218 3.97460937500000e-01 1.57975196838379e-01
219 4.64355468750000e-01 2.15626001358032e-01
220 3.54980468750000e-01 1.26011133193970e-01
221 3.32519531250000e-01 1.10569238662720e-01
222 3.46191406250000e-01 1.19848489761353e-01
223 3.83300781250000e-01 1.46919488906860e-01
224 3.96484375000000e-01 1.57199859619141e-01
225 3.58886718750000e-01 1.28799676895142e-01
226 3.45214843750000e-01 1.19173288345337e-01
227 3.66210937500000e-01 1.34110450744629e-01
228 3.24218750000000e-01 1.05117797851562e-01
229 3.36914062500000e-01 1.13511085510254e-01
230 3.21777343750000e-01 1.03540658950806e-01
231 2.60742187500000e-01 6.79864883422852e-02
232 2.95898437500000e-01 8.75558853149414e-02
233 2.51464843750000e-01 6.32345676422119e-02
234 2.23632812500000e-01 5.00116348266602e-02
235 3.02734375000000e-01 9.16481018066406e-02
236 2.61718750000000e-01 6.84967041015625e-02
237 3.12988281250000e-01 9.79616641998291e-02
238 2.80273437500000e-01 7.85531997680664e-02
239 3.37890625000000e-01 1.14170074462891e-01
240 3.27148437500000e-01 1.07026100158691e-01
241 3.24218750000000e-01 1.05117797851562e-01
242 3.14941406250000e-01 9.91880893707275e-02
243 3.45703125000000e-01 1.19510650634766e-01
244 3.34472656250000e-01 1.11871957778931e-01
245 3.49609375000000e-01 1.22226715087891e-01
246 3.87207031250000e-01 1.49929285049438e-01
247 4.60449218750000e-01 2.12013483047485e-01
248 4.68261718750000e-01 2.19269037246704e-01
249 4.65820312500000e-01 2.16988563537598e-01
250 5.18554687500000e-01 2.68898963928223e-01
251 4.79492187500000e-01 2.29912757873535e-01
252 5.12695312500000e-01 2.62856483459473e-01
253 4.21875000000000e-01 1.77978515625000e-01
254 3.73046875000000e-01 1.39163970947266e-01
255 3.61816406250000e-01 1.30911111831665e-01
256 3.19335937500000e-01 1.01975440979004e-01
257 3.00781250000000e-01 9.04693603515625e-02
258 3.08105468750000e-01 9.49289798736572e-02
259 2.38769531250000e-01 5.70108890533447e-02
260 2.15332031250000e-01 4.63678836822510e-02
261 2.53417968750000e-01 6.42206668853760e-02
262 3.05664062500000e-01 9.34305191040039e-02
263 2.88574218750000e-01 8.32750797271729e-02
264 3.20800781250000e-01 1.02913141250610e-01
265 3.30078125000000e-01 1.08951568603516e-01
266 3.04199218750000e-01 9.25371646881104e-02
267 2.72949218750000e-01 7.45012760162354e-02
268 1.83593750000000e-01 3.37066650390625e-02
269 1.69433593750000e-01 2.87077426910400e-02
270 1.64550781250000e-01 2.70769596099854e-02
271 1.96289062500000e-01 3.85293960571289e-02
272 1.14257812500000e-01 1.30548477172852e-02
273 4.49218750000000e-02 2.01797485351562e-03
274 3.36914062500000e-02 1.13511085510254e-03
275 1.46484375000000e-02 2.14576721191406e-04
276 9.57031250000000e-02 9.15908813476562e-03
277 1.19628906250000e-01 1.43110752105713e-02
278 1.53320312500000e-01 2.35071182250977e-02
279 8.93554687500000e-02 7.98439979553223e-03
280 5.51757812500000e-02 3.04436683654785e-03
281 6.68945312500000e-02 4.47487831115723e-03
282 5.85937500000000e-02 3.43322753906250e-03
283 1.75781250000000e-02 3.08990478515625e-04
284 4.49218750000000e-02 2.01797485351562e-03
285 1.54296875000000e-01 2.38075256347656e-02
286 1.71875000000000e-01 2.95410156250000e-02
287 2.00195312500000e-01 4.00781631469727e-02
288 1.31835937500000e-01 1.73807144165039e-02
289 1.55761718750000e-01 2.42617130279541e-02
290 1.46484375000000e-01 2.14576721191406e-02
291 1.89941406250000e-01 3.60777378082275e-02
292 1.41113281250000e-01 1.99129581451416e-02
293 1.27929687500000e-01 1.63660049438477e-02
294 1.79199218750000e-01 3.21123600006104e-02
295 1.61132812500000e-01 2.59637832641602e-02
296 1.35742187500000e-01 1.84259414672852e-02
297 1.45507812500000e-01 2.11725234985352e-02
298 2.02148437500000e-01 4.08639907836914e-02
299 1.72851562500000e-01 2.98776626586914e-02
300 1.06445312500000e-01 1.13306045532227e-02
301 9.27734375000000e-02 8.60691070556641e-03
302 8.49609375000000e-02 7.21836090087891e-03
303 7.91015625000000e-02 6.25705718994141e-03
304 6.29882812500000e-02 3.96752357482910e-03
305 1.29394531250000e-01 1.67429447174072e-02
306 7.47070312500000e-02 5.58114051818848e-03
307 8.25195312500000e-02 6.80947303771973e-03
308 1.11328125000000e-01 1.23939514160156e-02
309 8.30078125000000e-02 6.89029693603516e-03
310 1.04003906250000e-01 1.08168125152588e-02
311 1.11816406250000e-01 1.25029087066650e-02
312 1.24023437500000e-01 1.53818130493164e-02
313 1.96289062500000e-01 3.85293960571289e-02
314 1.60156250000000e-01 2.56500244140625e-02
315 2.13867187500000e-01 4.57391738891602e-02
316 1.99707031250000e-01 3.98828983306885e-02
317 2.33398437500000e-01 5.44748306274414e-02
318 2.50000000000000e-01 6.25000000000000e-02
319 2.80273437500000e-01 7.85531997680664e-02
320 3.50097656250000e-01 1.22568368911743e-01
321 3.73535156250000e-01 1.39528512954712e-01
322 4.38964843750000e-01 1.92690134048462e-01
323 3.68164062500000e-01 1.35544776916504e-01
324 3.50585937500000e-01 1.22910499572754e-01
325 2.56347656250000e-01 6.57141208648682e-02
326 2.35839843750000e-01 5.56204319000244e-02
327 2.01171875000000e-01 4.04701232910156e-02
328 2.24609375000000e-01 5.04493713378906e-02
329 2.76367187500000e-01 7.63788223266602e-02
330 3.42285156250000e-01 1.17159128189087e-01
331 3.20312500000000e-01 1.02600097656250e-01
332 4.19433593750000e-01 1.75924539566040e-01
333 4.43847656250000e-01 1.97000741958618e-01
334 4.13574218750000e-01 1.71043634414673e-01
335 4.49707031250000e-01 2.02236413955688e-01
336 4.21875000000000e-01 1.77978515625000e-01
337 4.37011718750000e-01 1.90979242324829e-01
338 4.58496093750000e-01 2.10218667984009e-01
339 4.56054687500000e-01 2.07985877990723e-01
340 4.64355468750000e-01 2.15626001358032e-01
341 4.27246093750000e-01 1.82539224624634e-01
342 3.93554687500000e-01 1.54885292053223e-01
343 3.92089843750000e-01 1.53734445571899e-01
344 3.93554687500000e-01 1.54885292053223e-01
345 4.02832031250000e-01 1.62273645401001e-01
346 4.75585937500000e-01 2.26181983947754e-01
347 3.99414062500000e-01 1.59531593322754e-01
348 3.93554687500000e-01 1.54885292053223e-01
349 4.60449218750000e-01 2.12013483047485e-01
350 4.62890625000000e-01 2.14267730712891e-01
351 3.95507812500000e-01 1.56426429748535e-01
352 3.28613281250000e-01 1.07986688613892e-01
353 3.33984375000000e-01 1.11545562744141e-01
354 3.32519531250000e-01 1.10569238662720e-01
355 2.82714843750000e-01 7.99276828765869e-02
356 2.87109375000000e-01 8.24317932128906e-02
357 3.00292968750000e-01 9.01758670806885e-02
358 3.27636718750000e-01 1.07345819473267e-01
359 2.78808593750000e-01 7.77342319488525e-02
360 1.88964843750000e-01 3.57077121734619e-02
361 2.52441406250000e-01 6.37266635894775e-02
362 2.88085937500000e-01 8.29935073852539e-02
363 2.65136718750000e-01 7.02974796295166e-02
364 2.88085937500000e-01 8.29935073852539e-02
365 2.89062500000000e-01 8.35571289062500e-02
366 3.14453125000000e-01 9.88807678222656e-02
367 3.05175781250000e-01 9.31322574615479e-02
368 3.39355468750000e-01 1.15162134170532e-01
369 4.02343750000000e-01 1.61880493164062e-01
370 3.39843750000000e-01 1.15493774414062e-01
371 2.91015625000000e-01 8.46900939941406e-02
372 1.52832031250000e-01 2.33576297760010e-02
373 1.96289062500000e-01 3.85293960571289e-02
374 1.89453125000000e-01 3.58924865722656e-02
375 1.65527343750000e-01 2.73993015289307e-02
376 1.54785156250000e-01 2.39584445953369e-02
377 2.04101562500000e-01 4.16574478149414e-02
378 2.30468750000000e-01 5.31158447265625e-02
379 2.61230468750000e-01 6.82413578033447e-02
380 1.75292968750000e-01 3.07276248931885e-02
381 1.35253906250000e-01 1.82936191558838e-02
382 1.18164062500000e-01 1.39627456665039e-02
383 1.23046875000000e-01 1.51405334472656e-02
384 1.70410156250000e-01 2.90396213531494e-02
385 1.87011718750000e-01 3.49733829498291e-02
386 2.08496093750000e-01 4.34706211090088e-02
387 2.19726562500000e-01 4.82797622680664e-02
388 1.67968750000000e-01 2.82135009765625e-02
389 1.24511718750000e-01 1.55031681060791e-02
390 1.34765625000000e-01 1.81617736816406e-02
391 1.53320312500000e-01 2.35071182250977e-02
392 2.19726562500000e-01 4.82797622680664e-02
393 1.37207031250000e-01 1.88257694244385e-02
394 2.01660156250000e-01 4.06668186187744e-02
395 2.33398437500000e-01 5.44748306274414e-02
396 2.20703125000000e-01 4.87098693847656e-02
397 2.28515625000000e-01 5.22193908691406e-02
398 1.90429687500000e-01 3.62634658813477e-02
399 2.13867187500000e-01 4.57391738891602e-02
400 1.82617187500000e-01 3.33490371704102e-02
401 2.08007812500000e-01 4.32672500610352e-02
402 2.05078125000000e-01 4.20570373535156e-02
403 2.33398437500000e-01 5.44748306274414e-02
404 1.89941406250000e-01 3.60777378082275e-02
405 2.09960937500000e-01 4.40835952758789e-02
406 1.98730468750000e-01 3.94937992095947e-02
407 1.27441406250000e-01 1.62413120269775e-02
408 1.96289062500000e-01 3.85293960571289e-02
409 1.99707031250000e-01 3.98828983306885e-02
410 2.02148437500000e-01 4.08639907836914e-02
411 1.45996093750000e-01 2.13148593902588e-02
412 2.09960937500000e-01 4.40835952758789e-02
413 1.93847656250000e-01 3.75769138336182e-02
414 1.67968750000000e-01 2.82135009765625e-02
415 1.70410156250000e-01 2.90396213531494e-02
416 1.24511718750000e-01 1.55031681060791e-02
417 1.51367187500000e-01 2.29120254516602e-02
418 1.64550781250000e-01 2.70769596099854e-02
419 2.06542968750000e-01 4.26599979400635e-02
420 2.19238281250000e-01 4.80654239654541e-02
421 1.71875000000000e-01 2.95410156250000e-02
422 2.04589843750000e-01 4.18570041656494e-02
423 2.43164062500000e-01 5.91287612915039e-02
424 2.20214843750000e-01 4.84945774078369e-02
425 2.52441406250000e-01 6.37266635894775e-02
426 2.06542968750000e-01 4.26599979400635e-02
427 2.58300781250000e-01 6.67192935943604e-02
428 3.10058593750000e-01 9.61363315582275e-02
429 3.25195312500000e-01 1.05751991271973e-01
430 3.10546875000000e-01 9.64393615722656e-02
431 2.94433593750000e-01 8.66911411285400e-02
432 3.20800781250000e-01 1.02913141250610e-01
433 2.87109375000000e-01 8.24317932128906e-02
434 3.14941406250000e-01 9.91880893707275e-02
435 2.28027343750000e-01 5.19964694976807e-02
436 2.28027343750000e-01 5.19964694976807e-02
437 2.71972656250000e-01 7.39691257476807e-02
438 3.21777343750000e-01 1.03540658950806e-01
439 3.20800781250000e-01 1.02913141250610e-01
440 3.19335937500000e-01 1.01975440979004e-01
441 2.51953125000000e-01 6.34803771972656e-02
442 2.24121093750000e-01 5.02302646636963e-02
443 2.71972656250000e-01 7.39691257476807e-02
444 3.71093750000000e-01 1.37710571289062e-01
445 3.71093750000000e-01 1.37710571289062e-01
446 4.03808593750000e-01 1.63061380386353e-01
447 4.84863281250000e-01 2.35092401504517e-01
448 4.50195312500000e-01 2.02675819396973e-01
449 4.05761718750000e-01 1.64642572402954e-01
450 4.08691406250000e-01 1.67028665542603e-01
451 3.76953125000000e-01 1.42093658447266e-01
452 4.01367187500000e-01 1.61095619201660e-01
453 4.59472656250000e-01 2.11115121841431e-01
454 3.62304687500000e-01 1.31264686584473e-01
455 3.19335937500000e-01 1.01975440979004e-01
456 2.93945312500000e-01 8.64038467407227e-02
457 3.05664062500000e-01 9.34305191040039e-02
458 3.12500000000000e-01 9.76562500000000e-02
459 2.86132812500000e-01 8.18719863891602e-02
460 3.07617187500000e-01 9.46283340454102e-02
461 3.04687500000000e-01 9.28344726562500e-02
462 3.31054687500000e-01 1.09597206115723e-01
463 3.76953125000000e-01 1.42093658447266e-01
464 3.69140625000000e-01 1.36264801025391e-01
465 4.18945312500000e-01 1.75515174865723e-01
466 4.09667968750000e-01 1.67827844619751e-01
467 3.70117187500000e-01 1.36986732482910e-01
468 3.87695312500000e-01 1.50307655334473e-01
469 4.27246093750000e-01 1.82539224624634e-01
470 4.31640625000000e-01 1.86313629150391e-01
471 4.09179687500000e-01 1.67428016662598e-01
472 3.85253906250000e-01 1.48420572280884e-01
473 4.45312500000000e-01 1.98303222656250e-01
474 4.56054687500000e-01 2.07985877990723e-01
475 4.98535156250000e-01 2.48537302017212e-01
476 5.19042968750000e-01 2.69405603408813e-01
477 5.23925781250000e-01 2.74498224258423e-01
478 5.71777343750000e-01 3.26929330825806e-01
479 6.11328125000000e-01 3.73722076416016e-01
480 5.94726562500000e-01 3.53699684143066e-01
481 5.41503906250000e-01 2.93226480484009e-01
482 5.97167968750000e-01 3.56609582901001e-01
483 6.01074218750000e-01 3.61290216445923e-01
484 6.70410156250000e-01 4.49449777603149e-01
485 6.12792968750000e-01 3.75515222549438e-01
486 6.30859375000000e-01 3.97983551025391e-01
487 6.04492187500000e-01 3.65410804748535e-01
488 5.91308593750000e-01 3.49645853042603e-01
489 6.05468750000000e-01 3.66592407226562e-01
490 6.36718750000000e-01 4.05410766601562e-01
491 5.62500000000000e-01 3.16406250000000e-01
492 5.88867187500000e-01 3.46764564514160e-01
493 5.57617187500000e-01 3.10936927795410e-01
494 5.59570312500000e-01 3.13118934631348e-01
495 5.85937500000000e-01 3.43322753906250e-01
496 5.33203125000000e-01 2.84305572509766e-01
497 5.04394531250000e-01 2.54413843154907e-01
498 3.95019531250000e-01 1.56040430068970e-01
499 4.22363281250000e-01 1.78390741348267e-01
500 4.72167968750000e-01 2.22942590713501e-01
501 4.56054687500000e-01 2.07985877990723e-01
502 4.19433593750000e-01 1.75924539566040e-01
503 3.85742187500000e-01 1.48797035217285e-01
504 3.52539062500000e-01 1.24283790588379e-01
505 3.19824218750000e-01 1.02287530899048e-01
506 3.32519531250000e-01 1.10569238662720e-01
507 2.57324218750000e-01 6.62157535552979e-02
508 2.63183593750000e-01 6.92656040191650e-02
509 3.22265625000000e-01 1.03855133056641e-01
510 3.42285156250000e-01 1.17159128189087e-01
511 3.51074218750000e-01 1.23253107070923e-01
512 2.92968750000000e-01 8.58306884765625e-02
513 3.90136718750000e-01 1.52206659317017e-01
514 2.96875000000000e-01 8.81347656250000e-02
515 3.34472656250000e-01 1.11871957778931e-01
516 3.50097656250000e-01 1.22568368911743e-01
517 2.59277343750000e-01 6.72247409820557e-02
518 2.70019531250000e-01 7.29105472564697e-02
519 2.07519531250000e-01 4.30643558502197e-02
520 2.05078125000000e-01 4.20570373535156e-02
521 1.31347656250000e-01 1.72522068023682e-02
522 2.05078125000000e-01 4.20570373535156e-02
523 2.85644531250000e-01 8.15927982330322e-02
524 2.08007812500000e-01 4.32672500610352e-02
525 2.04101562500000e-01 4.16574478149414e-02
526 2.45605468750000e-01 6.03220462799072e-02
527 2.26074218750000e-01 5.11095523834229e-02
528 2.75390625000000e-01 7.58399963378906e-02
529 2.99316406250000e-01 8.95903110504150e-02
530 3.48632812500000e-01 1.21544837951660e-01
531 3.33496093750000e-01 1.11219644546509e-01
532 2.91503906250000e-01 8.49745273590088e-02
533 3.32031250000000e-01 1.10244750976562e-01
534 2.09960937500000e-01 4.40835952758789e-02
535 2.00683593750000e-01 4.02739048004150e-02
536 2.69531250000000e-01 7.26470947265625e-02
537 2.27539062500000e-01 5.17740249633789e-02
538 2.71972656250000e-01 7.39691257476807e-02
539 2.72949218750000e-01 7.45012760162354e-02
540 2.77343750000000e-01 7.69195556640625e-02
541 3.43750000000000e-01 1.18164062500000e-01
542 3.61816406250000e-01 1.30911111831665e-01
543 3.12011718750000e-01 9.73513126373291e-02
544 2.46582031250000e-01 6.08026981353760e-02
545 2.76855468750000e-01 7.66489505767822e-02
546 2.70507812500000e-01 7.31744766235352e-02
547 3.03710937500000e-01 9.22403335571289e-02
548 3.27636718750000e-01 1.07345819473267e-01
549 2.85156250000000e-01 8.13140869140625e-02
550 2.37304687500000e-01 5.63135147094727e-02
551 2.60742187500000e-01 6.79864883422852e-02
552 2.81738281250000e-01 7.93764591217041e-02
553 2.46582031250000e-01 6.08026981353760e-02
554 1.91894531250000e-01 3.68235111236572e-02
555 2.44140625000000e-01 5.96046447753906e-02
556 2.35351562500000e-01 5.53903579711914e-02
557 2.19238281250000e-01 4.80654239654541e-02
558 2.34863281250000e-01 5.51607608795166e-02
559 1.78222656250000e-01 3.17633152008057e-02
560 1.60644531250000e-01 2.58066654205322e-02
561 1.69433593750000e-01 2.87077426910400e-02
562 2.40234375000000e-01 5.77125549316406e-02
563 2.40234375000000e-01 5.77125549316406e-02
564 2.35839843750000e-01 5.56204319000244e-02
565 2.22656250000000e-01 4.95758056640625e-02
566 1.90917968750000e-01 3.64496707916260e-02
567 2.24121093750000e-01 5.02302646636963e-02
568 1.75292968750000e-01 3.07276248931885e-02
569 2.01660156250000e-01 4.06668186187744e-02
570 1.40625000000000e-01 1.97753906250000e-02
571 1.42089843750000e-01 2.01895236968994e-02
572 1.14746093750000e-01 1.31666660308838e-02
573 1.24023437500000e-01 1.53818130493164e-02
574 1.30859375000000e-01 1.71241760253906e-02
575 1.60156250000000e-01 2.56500244140625e-02
576 1.94335937500000e-01 3.77664566040039e-02
577 2.65625000000000e-01 7.05566406250000e-02
578 2.93457031250000e-01 8.61170291900635e-02
579 2.64648437500000e-01 7.00387954711914e-02
580 2.51464843750000e-01 6.32345676422119e-02
581 1.95312500000000e-01 3.81469726562500e-02
582 2.30468750000000e-01 5.31158447265625e-02
583 2.51464843750000e-01 6.32345676422119e-02
584 2.33886718750000e-01 5.47029972076416e-02
585 1.55761718750000e-01 2.42617130279541e-02
586 2.50000000000000e-01 6.25000000000000e-02
587 2.15820312500000e-01 4.65784072875977e-02
588 2.41210937500000e-01 5.81827163696289e-02
589 2.30468750000000e-01 5.31158447265625e-02
590 2.09960937500000e-01 4.40835952758789e-02
591 2.30468750000000e-01 5.31158447265625e-02
592 2.08007812500000e-01 4.32672500610352e-02
593 3.02734375000000e-01 9.16481018066406e-02
594 3.00292968750000e-01 9.01758670806885e-02
595 2.62695312500000e-01 6.90088272094727e-02
596 2.31933593750000e-01 5.37931919097900e-02
597 1.83105468750000e-01 3.35276126861572e-02
598 1.24023437500000e-01 1.53818130493164e-02
599 8.05664062500000e-02 6.49094581604004e-03
600 8.34960937500000e-02 6.97159767150879e-03
601 1.60156250000000e-01 2.56500244140625e-02
602 9.57031250000000e-02 9.15908813476562e-03
603 1.23046875000000e-01 1.51405334472656e-02
604 1.26953125000000e-02 1.61170959472656e-04
605 2.88085937500000e-02 8.29935073852539e-04
606 8.98437500000000e-02 8.07189941406250e-03
607 9.32617187500000e-02 8.69774818420410e-03
608 5.81054687500000e-02 3.37624549865723e-03
609 1.42578125000000e-01 2.03285217285156e-02
610 1.35742187500000e-01 1.84259414672852e-02
611 1.74316406250000e-01 3.03862094879150e-02
612 1.99218750000000e-01 3.96881103515625e-02
613 1.86035156250000e-01 3.46090793609619e-02
614 2.10449218750000e-01 4.42888736724854e-02
615 1.45507812500000e-01 2.11725234985352e-02
616 2.36816406250000e-01 5.60820102691650e-02
617 2.01660156250000e-01 4.06668186187744e-02
618 1.43554687500000e-01 2.06079483032227e-02
619 1.99218750000000e-01 3.96881103515625e-02
620 1.72851562500000e-01 2.98776626586914e-02
621 1.74316406250000e-01 3.03862094879150e-02
622 1.99218750000000e-01 3.96881103515625e-02
623 2.34375000000000e-01 5.49316406250000e-02
624 2.07031250000000e-01 4.28619384765625e-02
625 2.12890625000000e-01 4.53224182128906e-02
626 2.55859375000000e-01 6.54640197753906e-02
627 2.12890625000000e-01 4.53224182128906e-02
628 1.94335937500000e-01 3.77664566040039e-02
629 2.03125000000000e-01 4.12597656250000e-02
630 2.82714843750000e-01 7.99276828765869e-02
631 2.24609375000000e-01 5.04493713378906e-02
632 2.36328125000000e-01 5.58509826660156e-02
633 1.81640625000000e-01 3.29933166503906e-02
634 2.38769531250000e-01 5.70108890533447e-02
635 2.05566406250000e-01 4.22575473785400e-02
636 2.15820312500000e-01 4.65784072875977e-02
637 3.04199218750000e-01 9.25371646881104e-02
638 3.32031250000000e-01 1.10244750976562e-01
639 3.36425781250000e-01 1.13182306289673e-01
640 3.86718750000000e-01 1.49551391601562e-01
641 3.79882812500000e-01 1.44310951232910e-01
642 4.10156250000000e-01 1.68228149414062e-01
643 3.88671875000000e-01 1.51065826416016e-01
644 3.49121093750000e-01 1.21885538101196e-01
645 3.12500000000000e-01 9.76562500000000e-02
646 3.00781250000000e-01 9.04693603515625e-02
647 3.07128906250000e-01 9.43281650543213e-02
648 2.42675781250000e-01 5.88915348052979e-02
649 2.66601562500000e-01 7.10763931274414e-02
650 3.26171875000000e-01 1.06388092041016e-01
651 3.70605468750000e-01 1.37348413467407e-01
652 3.75488281250000e-01 1.40991449356079e-01
653 3.46191406250000e-01 1.19848489761353e-01
654 2.98828125000000e-01 8.92982482910156e-02
655 3.01269531250000e-01 9.07633304595947e-02
656 3.17382812500000e-01 1.00731849670410e-01
657 3.40820312500000e-01 1.16158485412598e-01
658 3.51074218750000e-01 1.23253107070923e-01
659 3.71582031250000e-01 1.38073205947876e-01
660 4.17968750000000e-01 1.74697875976562e-01
661 4.39453125000000e-01 1.93119049072266e-01
662 4.31640625000000e-01 1.86313629150391e-01
663 4.79003906250000e-01 2.29444742202759e-01
664 4.29687500000000e-01 1.84631347656250e-01
665 3.70117187500000e-01 1.36986732482910e-01
666 4.28222656250000e-01 1.83374643325806e-01
667 3.82324218750000e-01 1.46171808242798e-01
668 2.94921875000000e-01 8.69789123535156e-02
669 3.82812500000000e-01 1.46545410156250e-01
670 3.87695312500000e-01 1.50307655334473e-01
671 3.19335937500000e-01 1.01975440979004e-01
672 2.60742187500000e-01 6.79864883422852e-02
673 2.45117187500000e-01 6.00824356079102e-02
674 2.61230468750000e-01 6.82413578033447e-02
675 2.35351562500000e-01 5.53903579711914e-02
676 1.71386718750000e-01 2.93734073638916e-02
677 1.96777343750000e-01 3.87213230133057e-02
678 1.72363281250000e-01 2.97091007232666e-02
679 2.10937500000000e-01 4.44946289062500e-02
680 1.89941406250000e-01 3.60777378082275e-02
681 1.78222656250000e-01 3.17633152008057e-02
682 1.67968750000000e-01 2.82135009765625e-02
683 1.14746093750000e-01 1.31666660308838e-02
684 1.53320312500000e-01 2.35071182250977e-02
685 1.22558593750000e-01 1.50206089019775e-02
686 1.04492187500000e-01 1.09186172485352e-02
687 8.69140625000000e-02 7.55405426025391e-03
688 1.30859375000000e-01 1.71241760253906e-02
689 1.21093750000000e-01 1.46636962890625e-02
690 1.53320312500000e-01 2.35071182250977e-02
691 1.75781250000000e-01 3.08990478515625e-02
692 1.62109375000000e-01 2.62794494628906e-02
693 1.64062500000000e-01 2.69165039062500e-02
694 1.93359375000000e-01 3.73878479003906e-02
695 1.52832031250000e-01 2.33576297760010e-02
696 1.83593750000000e-01 3.37066650390625e-02
697 2.34863281250000e-01 5.51607608795166e-02
698 2.04101562500000e-01 4.16574478149414e-02
699 2.74414062500000e-01 7.53030776977539e-02
700 3.24218750000000e-01 1.05117797851562e-01
701 3.85742187500000e-01 1.48797035217285e-01
702 3.06152343750000e-01 9.37292575836182e-02
703 3.01757812500000e-01 9.10577774047852e-02
704 2.95410156250000e-01 8.72671604156494e-02
705 3.10546875000000e-01 9.64393615722656e-02
706 4.04296875000000e-01 1.63455963134766e-01
707 3.98925781250000e-01 1.59141778945923e-01
708 3.51562500000000e-01 1.23596191406250e-01
709 3.55468750000000e-01 1.26358032226562e-01
710 2.71972656250000e-01 7.39691257476807e-02
711 2.95898437500000e-01 8.75558853149414e-02
712 2.90039062500000e-01 8.41226577758789e-02
713 2.82714843750000e-01 7.99276828765869e-02
714 3.20800781250000e-01 1.02913141250610e-01
715 3.48632812500000e-01 1.21544837951660e-01
716 2.50000000000000e-01 6.25000000000000e-02
717 3.22753906250000e-01 1.04170083999634e-01
718 3.13476562500000e-01 9.82675552368164e-02
719 3.28125000000000e-01 1.07666015625000e-01
720 3.33496093750000e-01 1.11219644546509e-01
721 3.45703125000000e-01 1.19510650634766e-01
722 3.57421875000000e-01 1.27750396728516e-01
723 3.65722656250000e-01 1.33753061294556e-01
724 3.43750000000000e-01 1.18164062500000e-01
725 3.17871093750000e-01 1.01042032241821e-01
726 3.97949218750000e-01 1.58363580703735e-01
727 3.98437500000000e-01 1.58752441406250e-01
728 4.00878906250000e-01 1.60703897476196e-01
729 3.97949218750000e-01 1.58363580703735e-01
730 4.14550781250000e-01 1.71852350234985e-01
731 4.11621093750000e-01 1.69431924819946e-01
732 4.18945312500000e-01 1.75515174865723e-01
733 3.15917968750000e-01 9.98041629791260e-02
734 2.61230468750000e-01 6.82413578033447e-02
735 3.03710937500000e-01 9.22403335571289e-02
736 4.29199218750000e-01 1.84211969375610e-01
737 4.00878906250000e-01 1.60703897476196e-01
738 3.39355468750000e-01 1.15162134170532e-01
739 3.33007812500000e-01 1.10894203186035e-01
740 3.10058593750000e-01 9.61363315582275e-02
741 3.25683593750000e-01 1.06069803237915e-01
742 3.50097656250000e-01 1.22568368911743e-01
743 3.45703125000000e-01 1.19510650634766e-01
744 3.38378906250000e-01 1.14500284194946e-01
745 3.56933593750000e-01 1.27401590347290e-01
746 3.48144531250000e-01 1.21204614639282e-01
747 3.73046875000000e-01 1.39163970947266e-01
748 2.74414062500000e-01 7.53030776977539e-02
749 2.87597656250000e-01 8.27124118804932e-02
750 2.99316406250000e-01 8.95903110504150e-02
751 3.10058593750000e-01 9.61363315582275e-02
752 2.87109375000000e-01 8.24317932128906e-02
753 2.72949218750000e-01 7.45012760162354e-02
754 2.09960937500000e-01 4.40835952758789e-02
755 2.45117187500000e-01 6.00824356079102e-02
756 2.97363281250000e-01 8.84249210357666e-02
757 2.67578125000000e-01 7.15980529785156e-02
758 2.47558593750000e-01 6.12852573394775e-02
759 2.18750000000000e-01 4.78515625000000e-02
760 2.48046875000000e-01 6.15272521972656e-02
761 2.42675781250000e-01 5.88915348052979e-02
762 2.83203125000000e-01 8.02040100097656e-02
763 3.03710937500000e-01 9.22403335571289e-02
764 2.78808593750000e-01 7.77342319488525e-02
765 1.67968750000000e-01 2.82135009765625e-02
766 2.10937500000000e-01 4.44946289062500e-02
767 2.04101562500000e-01 4.16574478149414e-02
768 2.80761718750000e-01 7.88271427154541e-02
769 2.63671875000000e-01 6.95228576660156e-02
770 2.74414062500000e-01 7.53030776977539e-02
771 2.60253906250000e-01 6.77320957183838e-02
772 3.27148437500000e-01 1.07026100158691e-01
773 3.73046875000000e-01 1.39163970947266e-01
774 4.03320312500000e-01 1.62667274475098e-01
775 3.90625000000000e-01 1.52587890625000e-01
776 3.84765625000000e-01 1.48044586181641e-01
777 4.11621093750000e-01 1.69431924819946e-01
778 3.97949218750000e-01 1.58363580703735e-01
779 4.56054687500000e-01 2.07985877990723e-01
780 4.57519531250000e-01 2.09324121475220e-01
781 4.06250000000000e-01 1.65039062500000e-01
782 4.02832031250000e-01 1.62273645401001e-01
783 3.69140625000000e-01 1.36264801025391e-01
784 2.79785156250000e-01 7.82797336578369e-02
785 2.89550781250000e-01 8.38396549224854e-02
786 1.73339843750000e-01 3.00467014312744e-02
787 1.95312500000000e-01 3.81469726562500e-02
788 1.98242187500000e-01 3.92999649047852e-02
789 1.73339843750000e-01 3.00467014312744e-02
790 2.50000000000000e-01 6.25000000000000e-02
791 2.42675781250000e-01 5.88915348052979e-02
792 2.16308593750000e-01 4.67894077301025e-02
793 1.61132812500000e-01 2.59637832641602e-02
794 1.18164062500000e-01 1.39627456665039e-02
795 6.15234375000000e-02 3.78513336181641e-03
796 8.34960937500000e-02 6.97159767150879e-03
797 1.35742187500000e-01 1.84259414672852e-02
798 1.71875000000000e-01 2.95410156250000e-02
799 2.03613281250000e-01 4.14583683013916e-02
800 2.08984375000000e-01 4.36744689941406e-02
801 2.26562500000000e-01 5.13305664062500e-02
802 2.39746093750000e-01 5.74781894683838e-02
803 2.33398437500000e-01 5.44748306274414e-02
804 3.17382812500000e-01 1.00731849670410e-01
805 2.86132812500000e-01 8.18719863891602e-02
806 2.68554687500000e-01 7.21216201782227e-02
807 3.78906250000000e-01 1.43569946289062e-01
808 3.41308593750000e-01 1.16491556167603e-01
809 3.10546875000000e-01 9.64393615722656e-02
810 3.23242187500000e-01 1.04485511779785e-01
811 3.12500000000000e-01 9.76562500000000e-02
812 3.32519531250000e-01 1.10569238662720e-01
813 3.58398437500000e-01 1.28449440002441e-01
814 3.13964843750000e-01 9.85739231109619e-02
815 3.14453125000000e-01 9.88807678222656e-02
816 2.18750000000000e-01 4.78515625000000e-02
817 1.88964843750000e-01 3.57077121734619e-02
818 2.44140625000000e-01 5.96046447753906e-02
819 2.70996093750000e-01 7.34388828277588e-02
820 2.10937500000000e-01 4.44946289062500e-02
821 2.32910156250000e-01 5.42471408843994e-02
822 2.13867187500000e-01 4.57391738891602e-02
823 1.76269531250000e-01 3.10709476470947e-02
824 1.57226562500000e-01 2.47201919555664e-02
825 1.32324218750000e-01 1.75096988677979e-02
826 1.35253906250000e-01 1.82936191558838e-02
827 1.37207031250000e-01 1.88257694244385e-02
828 1.65039062500000e-01 2.72378921508789e-02
829 1.70410156250000e-01 2.90396213531494e-02
830 1.81152343750000e-01 3.28161716461182e-02
831 1.86035156250000e-01 3.46090793609619e-02
832 1.41601562500000e-01 2.00510025024414e-02
833 1.02539062500000e-01 1.05142593383789e-02
834 9.76562500000000e-02 9.53674316406250e-03
835 5.46875000000000e-02 2.99072265625000e-03
836 7.66601562500000e-02 5.87677955627441e-03
837 7.42187500000000e-02 5.50842285156250e-03
838 4.29687500000000e-02 1.84631347656250e-03
839 6.39648437500000e-02 4.09150123596191e-03
840 6.15234375000000e-02 3.78513336181641e-03
841 1.23535156250000e-01 1.52609348297119e-02
842 1.59667968750000e-01 2.54938602447510e-02
843 1.44531250000000e-01 2.08892822265625e-02
844 1.25488281250000e-01 1.57473087310791e-02
845 1.25488281250000e-01 1.57473087310791e-02
846 1.30371093750000e-01 1.69966220855713e-02
847 1.17675781250000e-01 1.38475894927979e-02
848 1.84570312500000e-01 3.40662002563477e-02
849 1.80664062500000e-01 3.26395034790039e-02
850 1.98730468750000e-01 3.94937992095947e-02
851 2.13378906250000e-01 4.55305576324463e-02
852 2.38281250000000e-01 5.67779541015625e-02
853 2.51953125000000e-01 6.34803771972656e-02
854 2.53906250000000e-01 6.44683837890625e-02
855 2.61718750000000e-01 6.84967041015625e-02
856 3.08593750000000e-01 9.52301025390625e-02
857 2.44140625000000e-01 5.96046447753906e-02
858 2.32910156250000e-01 5.42471408843994e-02
859 1.94824218750000e-01 3.79564762115479e-02
860 1.37207031250000e-01 1.88257694244385e-02
861 1.36230468750000e-01 1.85587406158447e-02
862 9.37500000000000e-02 8.78906250000000e-03
863 1.28906250000000e-01 1.66168212890625e-02
864 7.66601562500000e-02 5.87677955627441e-03
865 7.42187500000000e-02 5.50842285156250e-03
866 1.23046875000000e-01 1.51405334472656e-02
867 1.69433593750000e-01 2.87077426910400e-02
868 1.26464843750000e-01 1.59933567047119e-02
869 1.04003906250000e-01 1.08168125152588e-02
870 8.25195312500000e-02 6.80947303771973e-03
871 6.05468750000000e-02 3.66592407226562e-03
872 4.93164062500000e-02 2.43210792541504e-03
873 1.00097656250000e-01 1.00195407867432e-02
874 1.44531250000000e-01 2.08892822265625e-02
875 9.86328125000000e-02 9.72843170166016e-03
876 1.66992187500000e-01 2.78863906860352e-02
877 2.00683593750000e-01 4.02739048004150e-02
878 2.11914062500000e-01 4.49075698852539e-02
879 2.65136718750000e-01 7.02974796295166e-02
880 3.12011718750000e-01 9.73513126373291e-02
881 2.73437500000000e-01 7.47680664062500e-02
882 2.54394531250000e-01 6.47165775299072e-02
883 2.30468750000000e-01 5.31158447265625e-02
884 2.06542968750000e-01 4.26599979400635e-02
885 1.90917968750000e-01 3.64496707916260e-02
886 2.33886718750000e-01 5.47029972076416e-02
887 2.45117187500000e-01 6.00824356079102e-02
888 3.02734375000000e-01 9.16481018066406e-02
889 2.80761718750000e-01 7.88271427154541e-02
890 2.95898437500000e-01 8.75558853149414e-02
891 3.46191406250000e-01 1.19848489761353e-01
892 3.24218750000000e-01 1.05117797851562e-01
893 3.33007812500000e-01 1.10894203186035e-01
894 3.13964843750000e-01 9.85739231109619e-02
895 3.95507812500000e-01 1.56426429748535e-01
896 2.93457031250000e-01 8.61170291900635e-02
897 3.81835937500000e-01 1.45798683166504e-01
898 3.50097656250000e-01 1.22568368911743e-01
899 3.06640625000000e-01 9.40284729003906e-02
900 2.87109375000000e-01 8.24317932128906e-02
901 2.78320312500000e-01 7.74621963500977e-02
902 2.43652343750000e-01 5.93664646148682e-02
903 1.61132812500000e-01 2.59637832641602e-02
904 9.32617187500000e-02 8.69774818420410e-03
905 1.08886718750000e-01 1.18563175201416e-02
906 7.91015625000000e-02 6.25705718994141e-03
907 7.32421875000000e-03 5.36441802978516e-05
908 8.64257812500000e-02 7.46941566467285e-03
909 9.08203125000000e-02 8.24832916259766e-03
910 1.46972656250000e-01 2.16009616851807e-02
911 1.13281250000000e-01 1.28326416015625e-02
912 1.77734375000000e-01 3.15895080566406e-02
913 2.11914062500000e-01 4.49075698852539e-02
914 2.35839843750000e-01 5.56204319000244e-02
915 2.57324218750000e-01 6.62157535552979e-02
916 2.81250000000000e-01 7.91015625000000e-02
917 3.32519531250000e-01 1.10569238662720e-01
918 3.93554687500000e-01 1.54885292053223e-01
919 3.53515625000000e-01 1.24973297119141e-01
920 3.42773437500000e-01 1.17493629455566e-01
921 3.06152343750000e-01 9.37292575836182e-02
922 3.59375000000000e-01 1.29150390625000e-01
923 3.75976562500000e-01 1.41358375549316e-01
924 3.52050781250000e-01 1.23939752578735e-01
925 4.34082031250000e-01 1.88427209854126e-01
926 4.93164062500000e-01 2.43210792541504e-01
927 4.80957031250000e-01 2.31319665908813e-01
928 5.10253906250000e-01 2.60359048843384e-01
929 4.91210937500000e-01 2.41288185119629e-01
930 5.20019531250000e-01 2.70420312881470e-01
931 5.68847656250000e-01 3.23587656021118e-01
932 5.26367187500000e-01 2.77062416076660e-01
933 5.43945312500000e-01 2.95876502990723e-01
934 5.30761718750000e-01 2.81708002090454e-01
935 5.41503906250000e-01 2.93226480484009e-01
936 5.41015625000000e-01 2.92697906494141e-01
937 5.60546875000000e-01 3.14212799072266e-01
938 5.33203125000000e-01 2.84305572509766e-01
939 5.33203125000000e-01 2.84305572509766e-01
940 6.08398437500000e-01 3.70148658752441e-01
941 6.15722656250000e-01 3.79114389419556e-01
942 6.09863281250000e-01 3.71933221817017e-01
943 5.30273437500000e-01 2.81189918518066e-01
944 5.62011718750000e-01 3.15857172012329e-01
945 5.23925781250000e-01 2.74498224258423e-01
946 5.60546875000000e-01 3.14212799072266e-01
947 5.72753906250000e-01 3.28047037124634e-01
948 5.83007812500000e-01 3.39898109436035e-01
949 5.80078125000000e-01 3.36490631103516e-01
950 6.04980468750000e-01 3.66001367568970e-01
951 5.57617187500000e-01 3.10936927795410e-01
952 5.39550781250000e-01 2.91115045547485e-01
953 5.38085937500000e-01 2.89536476135254e-01
954 5.33203125000000e-01 2.84305572509766e-01
955 5.31738281250000e-01 2.82745599746704e-01
956 5.33203125000000e-01 2.84305572509766e-01
957 5.06835937500000e-01 2.56882667541504e-01
958 4.97558593750000e-01 2.47564554214478e-01
959 5.32226562500000e-01 2.83265113830566e-01
960 4.85351562500000e-01 2.35566139221191e-01
961 5.18554687500000e-01 2.68898963928223e-01
962 4.81445312500000e-01 2.31789588928223e-01
963 5.41015625000000e-01 2.92697906494141e-01
964 6.18164062500000e-01 3.82126808166504e-01
965 6.27929687500000e-01 3.94295692443848e-01
966 6.50878906250000e-01 4.23643350601196e-01
967 6.24023437500000e-01 3.89405250549316e-01
968 6.02050781250000e-01 3.62465143203735e-01
969 5.96191406250000e-01 3.55444192886353e-01
970 5.48828125000000e-01 3.01212310791016e-01
971 6.43554687500000e-01 4.14162635803223e-01
972 6.14746093750000e-01 3.77912759780884e-01
973 6.09375000000000e-01 3.71337890625000e-01
974 6.41113281250000e-01 4.11026239395142e-01
975 6.60156250000000e-01 4.35806274414062e-01
976 6.35253906250000e-01 4.03547525405884e-01
977 5.73730468750000e-01 3.29166650772095e-01
978 6.03027343750000e-01 3.63641977310181e-01
979 6.15722656250000e-01 3.79114389419556e-01
980 6.44042968750000e-01 4.14791345596313e-01
981 6.83105468750000e-01 4.66633081436157e-01
982 6.67968750000000e-01 4.46182250976562e-01
983 6.41601562500000e-01 4.11652565002441e-01
984 5.73730468750000e-01 3.29166650772095e-01
985 5.47363281250000e-01 2.99606561660767e-01
986 5.79101562500000e-01 3.35358619689941e-01
987 4.84375000000000e-01 2.34619140625000e-01
988 4.76562500000000e-01 2.27111816406250e-01
989 4.80468750000000e-01 2.30850219726562e-01
990 4.78027343750000e-01 2.28510141372681e-01
991 4.24804687500000e-01 1.80459022521973e-01
992 4.39941406250000e-01 1.93548440933228e-01
993 4.30664062500000e-01 1.85471534729004e-01
994 4.25781250000000e-01 1.81289672851562e-01
995 4.23339843750000e-01 1.79216623306274e-01
996 3.96972656250000e-01 1.57587289810181e-01
997 3.55957031250000e-01 1.26705408096313e-01
998 3.84277343750000e-01 1.47669076919556e-01
999 4.65332031250000e-01 2.16533899307251e-01
