0 5.42480468750000e-01 2.94285058975220e-01
1 5.50781250000000e-01 3.03359985351562e-01
2 5.75195312500000e-01 3.30849647521973e-01
3 5.07812500000000e-01 2.57873535156250e-01
4 5.20019531250000e-01 2.70420312881470e-01
5 4.40917968750000e-01 1.94408655166626e-01
6 4.99023437500000e-01 2.49024391174316e-01
7 6.04980468750000e-01 3.66001367568970e-01
8 6.14257812500000e-01 3.77312660217285e-01
9 6.88476562500000e-01 4.73999977111816e-01
10 6.38183593750000e-01 4.07278299331665e-01
11 6.78710937500000e-01 4.60648536682129e-01
12 6.51855468750000e-01 4.24915552139282e-01
13 6.61621093750000e-01 4.37742471694946e-01
14 6.51855468750000e-01 4.24915552139282e-01
15 6.75292968750000e-01 4.56020593643188e-01
16 7.07519531250000e-01 5.00583887100220e-01
17 7.44140625000000e-01 5.53745269775391e-01
18 7.47558593750000e-01 5.58843851089478e-01
19 6.92871093750000e-01 4.80070352554321e-01
20 6.80664062500000e-01 4.63303565979004e-01
21 7.25097656250000e-01 5.25766611099243e-01
22 7.08007812500000e-01 5.01275062561035e-01
23 6.42578125000000e-01 4.12906646728516e-01
24 6.53808593750000e-01 4.27465677261353e-01
25 6.63574218750000e-01 4.40330743789673e-01
26 6.11816406250000e-01 3.74319314956665e-01
27 5.82031250000000e-01 3.38760375976562e-01
28 5.43457031250000e-01 2.95345544815063e-01
29 5.64941406250000e-01 3.19158792495728e-01
30 6.15722656250000e-01 3.79114389419556e-01
31 6.32812500000000e-01 4.00451660156250e-01
32 6.23535156250000e-01 3.88796091079712e-01
33 6.63574218750000e-01 4.40330743789673e-01
34 6.68945312500000e-01 4.47487831115723e-01
35 6.63574218750000e-01 4.40330743789673e-01
36 6.27929687500000e-01 3.94295692443848e-01
37 6.42089843750000e-01 4.12279367446899e-01
38 6.53320312500000e-01 4.26827430725098e-01
39 6.55273437500000e-01 4.29383277893066e-01
40 6.89941406250000e-01 4.76019144058228e-01
41 6.69433593750000e-01 4.48141336441040e-01
42 5.72265625000000e-01 3.27487945556641e-01
43 5.27832031250000e-01 2.78606653213501e-01
44 5.13671875000000e-01 2.63858795166016e-01
45 5.01464843750000e-01 2.51466989517212e-01
46 4.47753906250000e-01 2.00483560562134e-01
47 4.97070312500000e-01 2.47078895568848e-01
48 5.17089843750000e-01 2.67381906509399e-01
49 4.28222656250000e-01 1.83374643325806e-01
50 4.81933593750000e-01 2.32259988784790e-01
51 5.08789062500000e-01 2.58866310119629e-01
52 4.78515625000000e-01 2.28977203369141e-01
53 4.89257812500000e-01 2.39373207092285e-01
54 4.75097656250000e-01 2.25717782974243e-01
55 4.66796875000000e-01 2.17899322509766e-01
56 4.48730468750000e-01 2.01359033584595e-01
57 4.62402343750000e-01 2.13815927505493e-01
58 5.30761718750000e-01 2.81708002090454e-01
59 5.25878906250000e-01 2.76548624038696e-01
60 5.57617187500000e-01 3.10936927795410e-01
61 5.50781250000000e-01 3.03359985351562e-01
62 6.00585937500000e-01 3.60703468322754e-01
63 6.06445312500000e-01 3.67775917053223e-01
64 5.40527343750000e-01 2.92169809341431e-01
65 5.82519531250000e-01 3.39329004287720e-01
66 5.36132812500000e-01 2.87438392639160e-01
67 5.15625000000000e-01 2.65869140625000e-01
68 5.43457031250000e-01 2.95345544815063e-01
69 5.89843750000000e-01 3.47915649414062e-01
70 5.53222656250000e-01 3.06055307388306e-01
71 4.57519531250000e-01 2.09324121475220e-01
72 4.77050781250000e-01 2.27577447891235e-01
73 5.08789062500000e-01 2.58866310119629e-01
74 4.94628906250000e-01 2.44657754898071e-01
75 4.52636718750000e-01 2.04879999160767e-01
76 4.40917968750000e-01 1.94408655166626e-01
77 4.54589843750000e-01 2.06651926040649e-01
78 4.46777343750000e-01 1.99609994888306e-01
79 5.10742187500000e-01 2.60857582092285e-01
80 5.12207031250000e-01 2.62356042861938e-01
81 5.31738281250000e-01 2.82745599746704e-01
82 5.00976562500000e-01 2.50977516174316e-01
83 5.00976562500000e-01 2.50977516174316e-01
84 4.31152343750000e-01 1.85892343521118e-01
85 4.32128906250000e-01 1.86735391616821e-01
86 4.41406250000000e-01 1.94839477539062e-01
87 4.15039062500000e-01 1.72257423400879e-01
88 3.84765625000000e-01 1.48044586181641e-01
89 3.63769531250000e-01 1.32328271865845e-01
90 3.54980468750000e-01 1.26011133193970e-01
91 3.70117187500000e-01 1.36986732482910e-01
92 3.60351562500000e-01 1.29853248596191e-01
93 3.45214843750000e-01 1.19173288345337e-01
94 3.09570312500000e-01 9.58337783813477e-02
95 3.83789062500000e-01 1.47294044494629e-01
96 3.83300781250000e-01 1.46919488906860e-01
97 3.85742187500000e-01 1.48797035217285e-01
98 3.76953125000000e-01 1.42093658447266e-01
99 3.74511718750000e-01 1.40259027481079e-01
100 4.31152343750000e-01 1.85892343521118e-01
101 3.67187500000000e-01 1.34826660156250e-01
102 4.06738281250000e-01 1.65436029434204e-01
103 3.39843750000000e-01 1.15493774414062e-01
104 3.61328125000000e-01 1.30558013916016e-01
105 3.70605468750000e-01 1.37348413467407e-01
106 3.81835937500000e-01 1.45798683166504e-01
107 3.23730468750000e-01 1.04801416397095e-01
108 3.35449218750000e-01 1.12526178359985e-01
109 3.84277343750000e-01 1.47669076919556e-01
110 3.66210937500000e-01 1.34110450744629e-01
111 2.69042968750000e-01 7.23841190338135e-02
112 2.65136718750000e-01 7.02974796295166e-02
113 3.59863281250000e-01 1.29501581192017e-01
114 3.75488281250000e-01 1.40991449356079e-01
115 3.57910156250000e-01 1.28099679946899e-01
116 3.73535156250000e-01 1.39528512954712e-01
117 3.71093750000000e-01 1.37710571289062e-01
118 4.46289062500000e-01 1.99173927307129e-01
119 4.75097656250000e-01 2.25717782974243e-01
120 4.50683593750000e-01 2.03115701675415e-01
121 4.40917968750000e-01 1.94408655166626e-01
122 4.95605468750000e-01 2.45624780654907e-01
123 4.97070312500000e-01 2.47078895568848e-01
124 4.94140625000000e-01 2.44174957275391e-01
125 5.01953125000000e-01 2.51956939697266e-01
126 5.11230468750000e-01 2.61356592178345e-01
127 5.38574218750000e-01 2.90062189102173e-01
128 5.56640625000000e-01 3.09848785400391e-01
129 5.61523437500000e-01 3.15308570861816e-01
130 5.44433593750000e-01 2.96407938003540e-01
131 4.78027343750000e-01 2.28510141372681e-01
132 5.18554687500000e-01 2.68898963928223e-01
133 4.61914062500000e-01 2.13364601135254e-01
134 4.22363281250000e-01 1.78390741348267e-01
135 4.32617187500000e-01 1.87157630920410e-01
136 3.67675781250000e-01 1.35185480117798e-01
137 3.91601562500000e-01 1.53351783752441e-01
138 3.58398437500000e-01 1.28449440002441e-01
139 4.44335937500000e-01 1.97434425354004e-01
140 3.79394531250000e-01 1.43940210342407e-01
141 3.82812500000000e-01 1.46545410156250e-01
142 3.96972656250000e-01 1.57587289810181e-01
143 4.64355468750000e-01 2.15626001358032e-01
144 4.15039062500000e-01 1.72257423400879e-01
145 4.89257812500000e-01 2.39373207092285e-01
146 5.58593750000000e-01 3.12026977539062e-01
147 5.02441406250000e-01 2.52447366714478e-01
148 5.01464843750000e-01 2.51466989517212e-01
149 4.96582031250000e-01 2.46593713760376e-01
150 4.97558593750000e-01 2.47564554214478e-01
151 4.82910156250000e-01 2.33202219009399e-01
152 4.41406250000000e-01 1.94839477539062e-01
153 4.16015625000000e-01 1.73069000244141e-01
154 4.13574218750000e-01 1.71043634414673e-01
155 4.55078125000000e-01 2.07096099853516e-01
156 4.56542968750000e-01 2.08431482315063e-01
157 4.67285156250000e-01 2.18355417251587e-01
158 4.17480468750000e-01 1.74289941787720e-01
159 4.07714843750000e-01 1.66231393814087e-01
160 4.37011718750000e-01 1.90979242324829e-01
161 4.08691406250000e-01 1.67028665542603e-01
162 4.34082031250000e-01 1.88427209854126e-01
163 4.31640625000000e-01 1.86313629150391e-01
164 4.84375000000000e-01 2.34619140625000e-01
165 5.02929687500000e-01 2.52938270568848e-01
166 5.15136718750000e-01 2.65365839004517e-01
167 4.27246093750000e-01 1.82539224624634e-01
168 4.89257812500000e-01 2.39373207092285e-01
169 5.08789062500000e-01 2.58866310119629e-01
170 5.41015625000000e-01 2.92697906494141e-01
171 5.34179687500000e-01 2.85347938537598e-01
172 4.68261718750000e-01 2.19269037246704e-01
173 4.49707031250000e-01 2.02236413955688e-01
174 4.09667968750000e-01 1.67827844619751e-01
175 4.19433593750000e-01 1.75924539566040e-01
176 4.30664062500000e-01 1.85471534729004e-01
177 3.85742187500000e-01 1.48797035217285e-01
178 2.65136718750000e-01 7.02974796295166e-02
179 2.55371093750000e-01 6.52143955230713e-02
180 2.67089843750000e-01 7.13369846343994e-02
181 2.39257812500000e-01 5.72443008422852e-02
182 2.15820312500000e-01 4.65784072875977e-02
183 2.33886718750000e-01 5.47029972076416e-02
184 2.24609375000000e-01 5.04493713378906e-02
185 1.73828125000000e-01 3.02162170410156e-02
186 1.17187500000000e-01 1.37329101562500e-02
187 9.81445312500000e-02 9.63234901428223e-03
188 1.09863281250000e-01 1.20699405670166e-02
189 1.18164062500000e-01 1.39627456665039e-02
190 1.08886718750000e-01 1.18563175201416e-02
191 1.16699218750000e-01 1.36187076568604e-02
192 1.53808593750000e-01 2.36570835113525e-02
193 1.14257812500000e-01 1.30548477172852e-02
194 1.42089843750000e-01 2.01895236968994e-02
195 1.48925781250000e-01 2.21788883209229e-02
196 8.78906250000000e-02 7.72476196289062e-03
197 1.59667968750000e-01 2.54938602447510e-02
198 1.92871093750000e-01 3.71992588043213e-02
199 2.27539062500000e-01 5.17740249633789e-02
200 2.25097656250000e-01 5.06689548492432e-02
201 1.41113281250000e-01 1.99129581451416e-02
202 1.72851562500000e-01 2.98776626586914e-02
203 2.22656250000000e-01 4.95758056640625e-02
204 2.78320312500000e-01 7.74621963500977e-02
205 3.03710937500000e-01 9.22403335571289e-02
206 3.18359375000000e-01 1.01352691650391e-01
207 2.60742187500000e-01 6.79864883422852e-02
208 1.94824218750000e-01 3.79564762115479e-02
209 2.79296875000000e-01 7.80067443847656e-02
210 2.59765625000000e-01 6.74781799316406e-02
211 2.00195312500000e-01 4.00781631469727e-02
212 2.21679687500000e-01 4.91418838500977e-02
213 1.74804687500000e-01 3.05566787719727e-02
214 1.50878906250000e-01 2.27644443511963e-02
215 1.53320312500000e-01 2.35071182250977e-02
216 1.06445312500000e-01 1.13306045532227e-02
217 1.15722656250000e-01 1.33917331695557e-02
218 1.43554687500000e-01 2.06079483032227e-02
219 1.04980468750000e-01 1.10208988189697e-02
220 8.98437500000000e-02 8.07189941406250e-03
221 1.16699218750000e-01 1.36187076568604e-02
222 1.57226562500000e-01 2.47201919555664e-02
223 8.49609375000000e-02 7.21836090087891e-03
224 1.19628906250000e-01 1.43110752105713e-02
225 9.27734375000000e-03 8.60691070556641e-05
226 4.88281250000000e-02 2.38418579101562e-03
227 3.46679687500000e-02 1.20186805725098e-03
228 2.73437500000000e-02 7.47680664062500e-04
229 4.88281250000000e-03 2.38418579101562e-05
230 2.49023437500000e-02 6.20126724243164e-04
231 3.80859375000000e-02 1.45053863525391e-03
232 2.05078125000000e-02 4.20570373535156e-04
233 6.44531250000000e-02 4.15420532226562e-03
234 4.29687500000000e-02 1.84631347656250e-03
235 3.27148437500000e-02 1.07026100158691e-03
236 4.15039062500000e-02 1.72257423400879e-03
237 2.92968750000000e-03 8.58306884765625e-06
238 3.41796875000000e-02 1.16825103759766e-03
239 1.75781250000000e-02 3.08990478515625e-04
240 4.83398437500000e-02 2.33674049377441e-03
241 9.47265625000000e-02 8.97312164306641e-03
242 1.16210937500000e-01 1.35049819946289e-02
243 1.44042968750000e-01 2.07483768463135e-02
244 1.49902343750000e-01 2.24707126617432e-02
245 1.41113281250000e-01 1.99129581451416e-02
246 1.36230468750000e-01 1.85587406158447e-02
247 6.29882812500000e-02 3.96752357482910e-03
248 1.67968750000000e-01 2.82135009765625e-02
249 1.77734375000000e-01 3.15895080566406e-02
250 1.85546875000000e-01 3.44276428222656e-02
251 2.17285156250000e-01 4.72128391265869e-02
252 2.32421875000000e-01 5.40199279785156e-02
253 2.43164062500000e-01 5.91287612915039e-02
254 1.81640625000000e-01 3.29933166503906e-02
255 1.84082031250000e-01 3.38861942291260e-02
256 1.42089843750000e-01 2.01895236968994e-02
257 2.14843750000000e-01 4.61578369140625e-02
258 1.64062500000000e-01 2.69165039062500e-02
259 1.71386718750000e-01 2.93734073638916e-02
260 1.54785156250000e-01 2.39584445953369e-02
261 1.92871093750000e-01 3.71992588043213e-02
262 1.96777343750000e-01 3.87213230133057e-02
263 2.05566406250000e-01 4.22575473785400e-02
264 1.04492187500000e-01 1.09186172485352e-02
265 9.52148437500000e-02 9.06586647033691e-03
266 9.81445312500000e-02 9.63234901428223e-03
267 1.14746093750000e-01 1.31666660308838e-02
268 1.47949218750000e-01 2.18889713287354e-02
269 1.67968750000000e-01 2.82135009765625e-02
270 1.42578125000000e-01 2.03285217285156e-02
271 1.86035156250000e-01 3.46090793609619e-02
272 1.65527343750000e-01 2.73993015289307e-02
273 2.06054687500000e-01 4.24585342407227e-02
274 2.57812500000000e-01 6.64672851562500e-02
275 2.75390625000000e-01 7.58399963378906e-02
276 2.86621093750000e-01 8.21516513824463e-02
277 2.82714843750000e-01 7.99276828765869e-02
278 3.63769531250000e-01 1.32328271865845e-01
279 3.40820312500000e-01 1.16158485412598e-01
280 3.68652343750000e-01 1.35904550552368e-01
281 3.99902343750000e-01 1.59921884536743e-01
282 3.85742187500000e-01 1.48797035217285e-01
283 3.54492187500000e-01 1.25664710998535e-01
284 4.52148437500000e-01 2.04438209533691e-01
285 4.43847656250000e-01 1.97000741958618e-01
286 4.96582031250000e-01 2.46593713760376e-01
287 4.30175781250000e-01 1.85051202774048e-01
288 4.59960937500000e-01 2.11564064025879e-01
289 5.15625000000000e-01 2.65869140625000e-01
290 5.30273437500000e-01 2.81189918518066e-01
291 5.45410156250000e-01 2.97472238540649e-01
292 5.75683593750000e-01 3.31411600112915e-01
293 6.38183593750000e-01 4.07278299331665e-01
294 6.19140625000000e-01 3.83335113525391e-01
295 6.42578125000000e-01 4.12906646728516e-01
296 5.91308593750000e-01 3.49645853042603e-01
297 5.90332031250000e-01 3.48491907119751e-01
298 5.45898437500000e-01 2.98005104064941e-01
299 5.81054687500000e-01 3.37624549865723e-01
300 5.72265625000000e-01 3.27487945556641e-01
301 5.90332031250000e-01 3.48491907119751e-01
302 6.11328125000000e-01 3.73722076416016e-01
303 6.21582031250000e-01 3.86364221572876e-01
304 6.46972656250000e-01 4.18573617935181e-01
305 5.99121093750000e-01 3.58946084976196e-01
306 6.69921875000000e-01 4.48795318603516e-01
307 6.79687500000000e-01 4.61975097656250e-01
308 7.09472656250000e-01 5.03351449966431e-01
309 6.89453125000000e-01 4.75345611572266e-01
310 6.57226562500000e-01 4.31946754455566e-01
311 6.26953125000000e-01 3.93070220947266e-01
312 6.87500000000000e-01 4.72656250000000e-01
313 6.34277343750000e-01 4.02307748794556e-01
314 5.81542968750000e-01 3.38192224502563e-01
315 5.88867187500000e-01 3.46764564514160e-01
316 5.52246093750000e-01 3.04975748062134e-01
317 5.32226562500000e-01 2.83265113830566e-01
318 5.13183593750000e-01 2.63357400894165e-01
319 5.27832031250000e-01 2.78606653213501e-01
320 5.48828125000000e-01 3.01212310791016e-01
321 6.00097656250000e-01 3.60117197036743e-01
322 6.19628906250000e-01 3.83939981460571e-01
323 5.66406250000000e-01 3.20816040039062e-01
324 5.97656250000000e-01 3.57192993164062e-01
325 5.88867187500000e-01 3.46764564514160e-01
326 6.20605468750000e-01 3.85151147842407e-01
327 5.46875000000000e-01 2.99072265625000e-01
328 5.42480468750000e-01 2.94285058975220e-01
329 5.46875000000000e-01 2.99072265625000e-01
330 5.80078125000000e-01 3.36490631103516e-01
331 5.62988281250000e-01 3.16955804824829e-01
332 6.11816406250000e-01 3.74319314956665e-01
333 6.40625000000000e-01 4.10400390625000e-01
334 6.74316406250000e-01 4.54702615737915e-01
335 7.13867187500000e-01 5.09606361389160e-01
336 6.64550781250000e-01 4.41627740859985e-01
337 6.45507812500000e-01 4.16680335998535e-01
338 6.13281250000000e-01 3.76113891601562e-01
339 6.66992187500000e-01 4.44878578186035e-01
340 6.37695312500000e-01 4.06655311584473e-01
341 6.30371093750000e-01 3.97367715835571e-01
342 6.20117187500000e-01 3.84545326232910e-01
343 5.88867187500000e-01 3.46764564514160e-01
344 5.30761718750000e-01 2.81708002090454e-01
345 5.35156250000000e-01 2.86392211914062e-01
346 5.38085937500000e-01 2.89536476135254e-01
347 5.89355468750000e-01 3.47339868545532e-01
348 5.07812500000000e-01 2.57873535156250e-01
349 4.35058593750000e-01 1.89275979995728e-01
350 4.31640625000000e-01 1.86313629150391e-01
351 3.83789062500000e-01 1.47294044494629e-01
352 3.68652343750000e-01 1.35904550552368e-01
353 4.44335937500000e-01 1.97434425354004e-01
354 4.08203125000000e-01 1.66629791259766e-01
355 4.11621093750000e-01 1.69431924819946e-01
356 3.32031250000000e-01 1.10244750976562e-01
357 3.32519531250000e-01 1.10569238662720e-01
358 3.29589843750000e-01 1.08629465103149e-01
359 3.70117187500000e-01 1.36986732482910e-01
360 4.61425781250000e-01 2.12913751602173e-01
361 4.23339843750000e-01 1.79216623306274e-01
362 4.22363281250000e-01 1.78390741348267e-01
363 3.32031250000000e-01 1.10244750976562e-01
364 3.55957031250000e-01 1.26705408096313e-01
365 3.46191406250000e-01 1.19848489761353e-01
366 4.16015625000000e-01 1.73069000244141e-01
367 3.89648437500000e-01 1.51825904846191e-01
368 3.88671875000000e-01 1.51065826416016e-01
369 3.36914062500000e-01 1.13511085510254e-01
370 3.75488281250000e-01 1.40991449356079e-01
371 3.51562500000000e-01 1.23596191406250e-01
372 3.68164062500000e-01 1.35544776916504e-01
373 3.93066406250000e-01 1.54501199722290e-01
374 3.72070312500000e-01 1.38436317443848e-01
375 4.60449218750000e-01 2.12013483047485e-01
376 4.39941406250000e-01 1.93548440933228e-01
377 4.26757812500000e-01 1.82122230529785e-01
378 3.56445312500000e-01 1.27053260803223e-01
379 3.63281250000000e-01 1.31973266601562e-01
380 3.12011718750000e-01 9.73513126373291e-02
381 3.42285156250000e-01 1.17159128189087e-01
382 3.10058593750000e-01 9.61363315582275e-02
383 3.18359375000000e-01 1.01352691650391e-01
384 2.94433593750000e-01 8.66911411285400e-02
385 3.06640625000000e-01 9.40284729003906e-02
386 3.24707031250000e-01 1.05434656143188e-01
387 4.17968750000000e-01 1.74697875976562e-01
388 4.64355468750000e-01 2.15626001358032e-01
389 3.76953125000000e-01 1.42093658447266e-01
390 4.12597656250000e-01 1.70236825942993e-01
391 4.17480468750000e-01 1.74289941787720e-01
392 4.26757812500000e-01 1.82122230529785e-01
393 3.98925781250000e-01 1.59141778945923e-01
394 3.94531250000000e-01 1.55654907226562e-01
395 3.88183593750000e-01 1.50686502456665e-01
396 3.81347656250000e-01 1.45426034927368e-01
397 3.24707031250000e-01 1.05434656143188e-01
398 2.84667968750000e-01 8.10358524322510e-02
399 2.89062500000000e-01 8.35571289062500e-02
400 3.34960937500000e-01 1.12198829650879e-01
401 2.73437500000000e-01 7.47680664062500e-02
402 2.91015625000000e-01 8.46900939941406e-02
403 3.16894531250000e-01 1.00422143936157e-01
404 2.73925781250000e-01 7.50353336334229e-02
405 3.21777343750000e-01 1.03540658950806e-01
406 3.11523437500000e-01 9.70468521118164e-02
407 3.79394531250000e-01 1.43940210342407e-01
408 3.46191406250000e-01 1.19848489761353e-01
409 3.12011718750000e-01 9.73513126373291e-02
410 2.41210937500000e-01 5.81827163696289e-02
411 2.92968750000000e-01 8.58306884765625e-02
412 3.03222656250000e-01 9.19439792633057e-02
413 4.11621093750000e-01 1.69431924819946e-01
414 4.01855468750000e-01 1.61487817764282e-01
415 3.89160156250000e-01 1.51445627212524e-01
416 2.73925781250000e-01 7.50353336334229e-02
417 2.62695312500000e-01 6.90088272094727e-02
418 3.58886718750000e-01 1.28799676895142e-01
419 3.61328125000000e-01 1.30558013916016e-01
420 3.40332031250000e-01 1.15825891494751e-01
421 4.20898437500000e-01 1.77155494689941e-01
422 4.70214843750000e-01 2.21101999282837e-01
423 4.33105468750000e-01 1.87580347061157e-01
424 4.24804687500000e-01 1.80459022521973e-01
425 3.71582031250000e-01 1.38073205947876e-01
426 4.06250000000000e-01 1.65039062500000e-01
427 4.00878906250000e-01 1.60703897476196e-01
428 4.61425781250000e-01 2.12913751602173e-01
429 3.98925781250000e-01 1.59141778945923e-01
430 3.54492187500000e-01 1.25664710998535e-01
431 3.14941406250000e-01 9.91880893707275e-02
432 3.87695312500000e-01 1.50307655334473e-01
433 4.47753906250000e-01 2.00483560562134e-01
434 3.66699218750000e-01 1.34468317031860e-01
435 2.90527343750000e-01 8.44061374664307e-02
436 3.13964843750000e-01 9.85739231109619e-02
437 3.55468750000000e-01 1.26358032226562e-01
438 3.75488281250000e-01 1.40991449356079e-01
439 3.69140625000000e-01 1.36264801025391e-01
440 4.20898437500000e-01 1.77155494689941e-01
441 3.87207031250000e-01 1.49929285049438e-01
442 3.48144531250000e-01 1.21204614639282e-01
443 3.14453125000000e-01 9.88807678222656e-02
444 2.77343750000000e-01 7.69195556640625e-02
445 2.81738281250000e-01 7.93764591217041e-02
446 2.53906250000000e-01 6.44683837890625e-02
447 2.06054687500000e-01 4.24585342407227e-02
448 1.89453125000000e-01 3.58924865722656e-02
449 2.07519531250000e-01 4.30643558502197e-02
450 2.81738281250000e-01 7.93764591217041e-02
451 2.36816406250000e-01 5.60820102691650e-02
452 1.86035156250000e-01 3.46090793609619e-02
453 2.43652343750000e-01 5.93664646148682e-02
454 2.61230468750000e-01 6.82413578033447e-02
455 2.29492187500000e-01 5.26666641235352e-02
456 2.63671875000000e-01 6.95228576660156e-02
457 2.03125000000000e-01 4.12597656250000e-02
458 2.84667968750000e-01 8.10358524322510e-02
459 1.87500000000000e-01 3.51562500000000e-02
460 1.39160156250000e-01 1.93655490875244e-02
461 9.52148437500000e-02 9.06586647033691e-03
462 1.64062500000000e-01 2.69165039062500e-02
463 1.32812500000000e-01 1.76391601562500e-02
464 8.34960937500000e-02 6.97159767150879e-03
465 1.22558593750000e-01 1.50206089019775e-02
466 7.08007812500000e-02 5.01275062561035e-03
467 1.24023437500000e-01 1.53818130493164e-02
468 1.60156250000000e-01 2.56500244140625e-02
469 1.77734375000000e-01 3.15895080566406e-02
470 1.78710937500000e-01 3.19375991821289e-02
471 1.97753906250000e-01 3.91066074371338e-02
472 1.62597656250000e-01 2.64379978179932e-02
473 2.07031250000000e-01 4.28619384765625e-02
474 2.04101562500000e-01 4.16574478149414e-02
475 1.96289062500000e-01 3.85293960571289e-02
476 2.58789062500000e-01 6.69717788696289e-02
477 3.13964843750000e-01 9.85739231109619e-02
478 2.20703125000000e-01 4.87098693847656e-02
479 2.17773437500000e-01 4.74252700805664e-02
480 2.03613281250000e-01 4.14583683013916e-02
481 2.83203125000000e-01 8.02040100097656e-02
482 2.79296875000000e-01 7.80067443847656e-02
483 3.63769531250000e-01 1.32328271865845e-01
484 3.59375000000000e-01 1.29150390625000e-01
485 3.67675781250000e-01 1.35185480117798e-01
486 2.87109375000000e-01 8.24317932128906e-02
487 3.62792968750000e-01 1.31618738174438e-01
488 3.33984375000000e-01 1.11545562744141e-01
489 3.21289062500000e-01 1.03226661682129e-01
490 2.81738281250000e-01 7.93764591217041e-02
491 2.77343750000000e-01 7.69195556640625e-02
492 3.76464843750000e-01 1.41725778579712e-01
493 4.13085937500000e-01 1.70639991760254e-01
494 5.11230468750000e-01 2.61356592178345e-01
495 5.33691406250000e-01 2.84826517105103e-01
496 4.95605468750000e-01 2.45624780654907e-01
497 5.52734375000000e-01 3.05515289306641e-01
498 4.61425781250000e-01 2.12913751602173e-01
499 4.27734375000000e-01 1.82956695556641e-01
500 5.05859375000000e-01 2.55893707275391e-01
501 5.98144531250000e-01 3.57776880264282e-01
502 5.62988281250000e-01 3.16955804824829e-01
503 5.53222656250000e-01 3.06055307388306e-01
504 5.80566406250000e-01 3.37057352066040e-01
505 6.04003906250000e-01 3.64820718765259e-01
506 5.76660156250000e-01 3.32536935806274e-01
507 5.62011718750000e-01 3.15857172012329e-01
508 5.27832031250000e-01 2.78606653213501e-01
509 6.06445312500000e-01 3.67775917053223e-01
510 6.01562500000000e-01 3.61877441406250e-01
511 5.58593750000000e-01 3.12026977539062e-01
512 6.02539062500000e-01 3.63053321838379e-01
513 5.94726562500000e-01 3.53699684143066e-01
514 6.44531250000000e-01 4.15420532226562e-01
515 6.58203125000000e-01 4.33231353759766e-01
516 6.32324218750000e-01 3.99833917617798e-01
517 6.21582031250000e-01 3.86364221572876e-01
518 6.66015625000000e-01 4.43576812744141e-01
519 6.57714843750000e-01 4.32588815689087e-01
520 6.40625000000000e-01 4.10400390625000e-01
521 6.08398437500000e-01 3.70148658752441e-01
522 5.40527343750000e-01 2.92169809341431e-01
523 5.68359375000000e-01 3.23032379150391e-01
524 5.67382812500000e-01 3.21923255920410e-01
525 5.59082031250000e-01 3.12572717666626e-01
526 5.12207031250000e-01 2.62356042861938e-01
527 5.70800781250000e-01 3.25813531875610e-01
528 5.26855468750000e-01 2.77576684951782e-01
529 4.88769531250000e-01 2.38895654678345e-01
530 4.83886718750000e-01 2.34146356582642e-01
531 4.44335937500000e-01 1.97434425354004e-01
532 4.72167968750000e-01 2.22942590713501e-01
533 4.56542968750000e-01 2.08431482315063e-01
534 4.72167968750000e-01 2.22942590713501e-01
535 4.51171875000000e-01 2.03556060791016e-01
536 5.19042968750000e-01 2.69405603408813e-01
537 5.63476562500000e-01 3.17505836486816e-01
538 5.26855468750000e-01 2.77576684951782e-01
539 5.88867187500000e-01 3.46764564514160e-01
540 5.56152343750000e-01 3.09305429458618e-01
541 5.62011718750000e-01 3.15857172012329e-01
542 5.67871093750000e-01 3.22477579116821e-01
543 5.33203125000000e-01 2.84305572509766e-01
544 4.89746093750000e-01 2.39851236343384e-01
545 4.95117187500000e-01 2.45141029357910e-01
546 5.71289062500000e-01 3.26371192932129e-01
547 5.16601562500000e-01 2.66877174377441e-01
548 6.03027343750000e-01 3.63641977310181e-01
549 6.36230468750000e-01 4.04789209365845e-01
550 5.89843750000000e-01 3.47915649414062e-01
551 5.96191406250000e-01 3.55444192886353e-01
552 5.27343750000000e-01 2.78091430664062e-01
553 4.77050781250000e-01 2.27577447891235e-01
554 4.51660156250000e-01 2.03996896743774e-01
555 4.53613281250000e-01 2.05765008926392e-01
556 4.76074218750000e-01 2.26646661758423e-01
557 4.74609375000000e-01 2.25254058837891e-01
558 4.56054687500000e-01 2.07985877990723e-01
559 4.35546875000000e-01 1.89701080322266e-01
560 4.18457031250000e-01 1.75106287002563e-01
561 4.11621093750000e-01 1.69431924819946e-01
562 4.40429687500000e-01 1.93978309631348e-01
563 4.29199218750000e-01 1.84211969375610e-01
564 3.88671875000000e-01 1.51065826416016e-01
565 3.55957031250000e-01 1.26705408096313e-01
566 3.26660156250000e-01 1.06706857681274e-01
567 4.18457031250000e-01 1.75106287002563e-01
568 4.23339843750000e-01 1.79216623306274e-01
569 4.43847656250000e-01 1.97000741958618e-01
570 4.17968750000000e-01 1.74697875976562e-01
571 4.56542968750000e-01 2.08431482315063e-01
572 4.30664062500000e-01 1.85471534729004e-01
573 4.40429687500000e-01 1.93978309631348e-01
574 4.75097656250000e-01 2.25717782974243e-01
575 5.36132812500000e-01 2.87438392639160e-01
576 5.14648437500000e-01 2.64863014221191e-01
577 4.86816406250000e-01 2.36990213394165e-01
578 4.96582031250000e-01 2.46593713760376e-01
579 5.11230468750000e-01 2.61356592178345e-01
580 5.40039062500000e-01 2.91642189025879e-01
581 5.29785156250000e-01 2.80672311782837e-01
582 4.63867187500000e-01 2.15172767639160e-01
583 4.46777343750000e-01 1.99609994888306e-01
584 5.21972656250000e-01 2.72455453872681e-01
585 5.31250000000000e-01 2.82226562500000e-01
586 4.87792968750000e-01 2.37941980361938e-01
587 4.37011718750000e-01 1.90979242324829e-01
588 4.79003906250000e-01 2.29444742202759e-01
589 5.03417968750000e-01 2.53429651260376e-01
590 5.39062500000000e-01 2.90588378906250e-01
591 4.89746093750000e-01 2.39851236343384e-01
592 4.71191406250000e-01 2.22021341323853e-01
593 4.64843750000000e-01 2.16079711914062e-01
594 4.44335937500000e-01 1.97434425354004e-01
595 4.26269531250000e-01 1.81705713272095e-01
596 3.61328125000000e-01 1.30558013916016e-01
597 3.54003906250000e-01 1.25318765640259e-01
598 2.95898437500000e-01 8.75558853149414e-02
599 2.68066406250000e-01 7.18595981597900e-02
600 3.67187500000000e-01 1.34826660156250e-01
601 4.54589843750000e-01 2.06651926040649e-01
602 4.62890625000000e-01 2.14267730712891e-01
603 5.13183593750000e-01 2.63357400894165e-01
604 5.17578125000000e-01 2.67887115478516e-01
605 5.11718750000000e-01 2.61856079101562e-01
606 5.58105468750000e-01 3.11481714248657e-01
607 6.35253906250000e-01 4.03547525405884e-01
608 6.53808593750000e-01 4.27465677261353e-01
609 7.32910156250000e-01 5.37157297134399e-01
610 7.06542968750000e-01 4.99202966690063e-01
611 6.90429687500000e-01 4.76693153381348e-01
612 6.90429687500000e-01 4.76693153381348e-01
613 6.75781250000000e-01 4.56680297851562e-01
614 6.60644531250000e-01 4.36451196670532e-01
615 6.80664062500000e-01 4.63303565979004e-01
616 6.87988281250000e-01 4.73327875137329e-01
617 6.47949218750000e-01 4.19838190078735e-01
618 6.50878906250000e-01 4.23643350601196e-01
619 6.02050781250000e-01 3.62465143203735e-01
620 6.85058593750000e-01 4.69305276870728e-01
621 6.71386718750000e-01 4.50760126113892e-01
622 6.22558593750000e-01 3.87579202651978e-01
623 6.55761718750000e-01 4.30023431777954e-01
624 6.31347656250000e-01 3.98599863052368e-01
625 6.21093750000000e-01 3.85757446289062e-01
626 5.47363281250000e-01 2.99606561660767e-01
627 5.25390625000000e-01 2.76035308837891e-01
628 5.45410156250000e-01 2.97472238540649e-01
629 5.58593750000000e-01 3.12026977539062e-01
630 5.15625000000000e-01 2.65869140625000e-01
631 4.99511718750000e-01 2.49511957168579e-01
632 5.52734375000000e-01 3.05515289306641e-01
633 5.47363281250000e-01 2.99606561660767e-01
634 5.27343750000000e-01 2.78091430664062e-01
635 5.68847656250000e-01 3.23587656021118e-01
636 5.36621093750000e-01 2.87962198257446e-01
637 4.99511718750000e-01 2.49511957168579e-01
638 4.75585937500000e-01 2.26181983947754e-01
639 4.71679687500000e-01 2.22481727600098e-01
640 4.92675781250000e-01 2.42729425430298e-01
641 5.01464843750000e-01 2.51466989517212e-01
642 4.12109375000000e-01 1.69834136962891e-01
643 4.27246093750000e-01 1.82539224624634e-01
644 5.08789062500000e-01 2.58866310119629e-01
645 4.07226562500000e-01 1.65833473205566e-01
646 4.86328125000000e-01 2.36515045166016e-01
647 5.34667968750000e-01 2.85869836807251e-01
648 5.54199218750000e-01 3.07136774063110e-01
649 5.62500000000000e-01 3.16406250000000e-01
650 5.04882812500000e-01 2.54906654357910e-01
651 5.17089843750000e-01 2.67381906509399e-01
652 4.67285156250000e-01 2.18355417251587e-01
653 4.13085937500000e-01 1.70639991760254e-01
654 3.82324218750000e-01 1.46171808242798e-01
655 4.07226562500000e-01 1.65833473205566e-01
656 4.92675781250000e-01 2.42729425430298e-01
657 4.54101562500000e-01 2.06208229064941e-01
658 4.78515625000000e-01 2.28977203369141e-01
659 4.91699218750000e-01 2.41768121719360e-01
660 5.29785156250000e-01 2.80672311782837e-01
661 4.51660156250000e-01 2.03996896743774e-01
662 4.56054687500000e-01 2.07985877990723e-01
663 4.54589843750000e-01 2.06651926040649e-01
664 4.72656250000000e-01 2.23403930664062e-01
665 4.59472656250000e-01 2.11115121841431e-01
666 4.46289062500000e-01 1.99173927307129e-01
667 4.68750000000000e-01 2.19726562500000e-01
668 4.65332031250000e-01 2.16533899307251e-01
669 5.34179687500000e-01 2.85347938537598e-01
670 4.70214843750000e-01 2.21101999282837e-01
671 4.77050781250000e-01 2.27577447891235e-01
672 4.85839843750000e-01 2.36040353775024e-01
673 4.05761718750000e-01 1.64642572402954e-01
674 4.49218750000000e-01 2.01797485351562e-01
675 4.55078125000000e-01 2.07096099853516e-01
676 4.86328125000000e-01 2.36515045166016e-01
677 4.08203125000000e-01 1.66629791259766e-01
678 4.26269531250000e-01 1.81705713272095e-01
679 4.12109375000000e-01 1.69834136962891e-01
680 4.22851562500000e-01 1.78803443908691e-01
681 4.38964843750000e-01 1.92690134048462e-01
682 4.20898437500000e-01 1.77155494689941e-01
683 4.76562500000000e-01 2.27111816406250e-01
684 5.41992187500000e-01 2.93755531311035e-01
685 5.23437500000000e-01 2.73986816406250e-01
686 5.60546875000000e-01 3.14212799072266e-01
687 4.99511718750000e-01 2.49511957168579e-01
688 4.99511718750000e-01 2.49511957168579e-01
689 3.75000000000000e-01 1.40625000000000e-01
690 3.80859375000000e-01 1.45053863525391e-01
691 3.87695312500000e-01 1.50307655334473e-01
692 3.41796875000000e-01 1.16825103759766e-01
693 3.71093750000000e-01 1.37710571289062e-01
694 3.54980468750000e-01 1.26011133193970e-01
695 3.52050781250000e-01 1.23939752578735e-01
696 3.68652343750000e-01 1.35904550552368e-01
697 3.49609375000000e-01 1.22226715087891e-01
698 3.62792968750000e-01 1.31618738174438e-01
699 3.47656250000000e-01 1.20864868164062e-01
700 3.30078125000000e-01 1.08951568603516e-01
701 2.96386718750000e-01 8.78450870513916e-02
702 2.39257812500000e-01 5.72443008422852e-02
703 2.05078125000000e-01 4.20570373535156e-02
704 1.76269531250000e-01 3.10709476470947e-02
705 1.59667968750000e-01 2.54938602447510e-02
706 2.08496093750000e-01 4.34706211090088e-02
707 2.36328125000000e-01 5.58509826660156e-02
708 2.48046875000000e-01 6.15272521972656e-02
709 2.73925781250000e-01 7.50353336334229e-02
710 2.09472656250000e-01 4.38787937164307e-02
711 1.93359375000000e-01 3.73878479003906e-02
712 1.84082031250000e-01 3.38861942291260e-02
713 1.62109375000000e-01 2.62794494628906e-02
714 1.37207031250000e-01 1.88257694244385e-02
715 1.34277343750000e-01 1.80304050445557e-02
716 7.08007812500000e-02 5.01275062561035e-03
717 6.49414062500000e-02 4.21738624572754e-03
718 9.71679687500000e-02 9.44161415100098e-03
719 1.17187500000000e-02 1.37329101562500e-04
720 3.02734375000000e-02 9.16481018066406e-04
721 3.61328125000000e-02 1.30558013916016e-03
722 2.78320312500000e-02 7.74621963500977e-04
723 6.20117187500000e-02 3.84545326232910e-03
724 6.83593750000000e-03 4.67300415039062e-05
725 5.85937500000000e-03 3.43322753906250e-05
726 1.46484375000000e-02 2.14576721191406e-04
727 3.27148437500000e-02 1.07026100158691e-03
728 4.88281250000000e-04 2.38418579101562e-07
729 8.30078125000000e-03 6.89029693603516e-05
730 3.07617187500000e-02 9.46283340454102e-04
731 6.59179687500000e-02 4.34517860412598e-03
732 6.05468750000000e-02 3.66592407226562e-03
733 8.59375000000000e-02 7.38525390625000e-03
734 7.76367187500000e-02 6.02746009826660e-03
735 1.04980468750000e-01 1.10208988189697e-02
736 9.66796875000000e-02 9.34696197509766e-03
737 1.07421875000000e-01 1.15394592285156e-02
738 1.63574218750000e-01 2.67565250396729e-02
739 1.57714843750000e-01 2.48739719390869e-02
740 5.71289062500000e-02 3.26371192932129e-03
741 7.56835937500000e-02 5.72800636291504e-03
742 1.27441406250000e-01 1.62413120269775e-02
743 1.66992187500000e-01 2.78863906860352e-02
744 2.10937500000000e-01 4.44946289062500e-02
745 1.69921875000000e-01 2.88734436035156e-02
746 2.04101562500000e-01 4.16574478149414e-02
747 1.67480468750000e-01 2.80497074127197e-02
748 2.28515625000000e-01 5.22193908691406e-02
749 2.70996093750000e-01 7.34388828277588e-02
750 2.98339843750000e-01 8.90066623687744e-02
751 3.35449218750000e-01 1.12526178359985e-01
752 3.54980468750000e-01 1.26011133193970e-01
753 3.15429687500000e-01 9.94958877563477e-02
754 3.25195312500000e-01 1.05751991271973e-01
755 2.91992187500000e-01 8.52594375610352e-02
756 3.44238281250000e-01 1.18499994277954e-01
757 3.23730468750000e-01 1.04801416397095e-01
758 3.53515625000000e-01 1.24973297119141e-01
759 4.08691406250000e-01 1.67028665542603e-01
760 3.70605468750000e-01 1.37348413467407e-01
761 3.74023437500000e-01 1.39893531799316e-01
762 3.54980468750000e-01 1.26011133193970e-01
763 3.98437500000000e-01 1.58752441406250e-01
764 3.81835937500000e-01 1.45798683166504e-01
765 4.75097656250000e-01 2.25717782974243e-01
766 5.18554687500000e-01 2.68898963928223e-01
767 5.83496093750000e-01 3.40467691421509e-01
768 5.82031250000000e-01 3.38760375976562e-01
769 5.89355468750000e-01 3.47339868545532e-01
770 5.77636718750000e-01 3.33664178848267e-01
771 5.41992187500000e-01 2.93755531311035e-01
772 5.70800781250000e-01 3.25813531875610e-01
773 5.51757812500000e-01 3.04436683654785e-01
774 5.89355468750000e-01 3.47339868545532e-01
775 5.62011718750000e-01 3.15857172012329e-01
776 5.42968750000000e-01 2.94815063476562e-01
777 5.13671875000000e-01 2.63858795166016e-01
778 5.42968750000000e-01 2.94815063476562e-01
779 5.73730468750000e-01 3.29166650772095e-01
780 6.32812500000000e-01 4.00451660156250e-01
781 6.12304687500000e-01 3.74917030334473e-01
782 6.51367187500000e-01 4.24279212951660e-01
783 6.52832031250000e-01 4.26189661026001e-01
784 6.85546875000000e-01 4.69974517822266e-01
785 6.92871093750000e-01 4.80070352554321e-01
786 7.02148437500000e-01 4.93012428283691e-01
787 7.32910156250000e-01 5.37157297134399e-01
788 7.17773437500000e-01 5.15198707580566e-01
789 7.37792968750000e-01 5.44338464736938e-01
790 6.66503906250000e-01 4.44227457046509e-01
791 6.63085937500000e-01 4.39682960510254e-01
792 6.48925781250000e-01 4.21104669570923e-01
793 6.25000000000000e-01 3.90625000000000e-01
794 6.07910156250000e-01 3.69554758071899e-01
795 5.97656250000000e-01 3.57192993164062e-01
796 6.12792968750000e-01 3.75515222549438e-01
797 6.28906250000000e-01 3.95523071289062e-01
798 6.05957031250000e-01 3.67183923721313e-01
799 5.68359375000000e-01 3.23032379150391e-01
800 5.56640625000000e-01 3.09848785400391e-01
801 5.65917968750000e-01 3.20263147354126e-01
802 5.72753906250000e-01 3.28047037124634e-01
803 6.23046875000000e-01 3.88187408447266e-01
804 5.88378906250000e-01 3.46189737319946e-01
805 6.01562500000000e-01 3.61877441406250e-01
806 6.34277343750000e-01 4.02307748794556e-01
807 5.76660156250000e-01 3.32536935806274e-01
808 5.98632812500000e-01 3.58361244201660e-01
809 6.05468750000000e-01 3.66592407226562e-01
810 5.94238281250000e-01 3.53119134902954e-01
811 5.54199218750000e-01 3.07136774063110e-01
812 5.59570312500000e-01 3.13118934631348e-01
813 5.53710937500000e-01 3.06595802307129e-01
814 5.47363281250000e-01 2.99606561660767e-01
815 5.39062500000000e-01 2.90588378906250e-01
816 5.84960937500000e-01 3.42179298400879e-01
817 5.66406250000000e-01 3.20816040039062e-01
818 6.12304687500000e-01 3.74917030334473e-01
819 6.23046875000000e-01 3.88187408447266e-01
820 5.80078125000000e-01 3.36490631103516e-01
821 5.98632812500000e-01 3.58361244201660e-01
822 5.49316406250000e-01 3.01748514175415e-01
823 5.56152343750000e-01 3.09305429458618e-01
824 5.41992187500000e-01 2.93755531311035e-01
825 5.32714843750000e-01 2.83785104751587e-01
826 5.49804687500000e-01 3.02285194396973e-01
827 5.54687500000000e-01 3.07678222656250e-01
828 5.56640625000000e-01 3.09848785400391e-01
829 5.76171875000000e-01 3.31974029541016e-01
830 5.32226562500000e-01 2.83265113830566e-01
831 5.22460937500000e-01 2.72965431213379e-01
832 5.88867187500000e-01 3.46764564514160e-01
833 6.46972656250000e-01 4.18573617935181e-01
834 5.60546875000000e-01 3.14212799072266e-01
835 6.06445312500000e-01 3.67775917053223e-01
836 6.42089843750000e-01 4.12279367446899e-01
837 6.46484375000000e-01 4.17942047119141e-01
838 6.48437500000000e-01 4.20471191406250e-01
839 6.50390625000000e-01 4.23007965087891e-01
840 6.62597656250000e-01 4.39035654067993e-01
841 6.61621093750000e-01 4.37742471694946e-01
842 6.49414062500000e-01 4.21738624572754e-01
843 6.28417968750000e-01 3.94909143447876e-01
844 5.96679687500000e-01 3.56026649475098e-01
845 5.90820312500000e-01 3.49068641662598e-01
846 6.45996093750000e-01 4.17310953140259e-01
847 5.91308593750000e-01 3.49645853042603e-01
848 6.05957031250000e-01 3.67183923721313e-01
849 5.39062500000000e-01 2.90588378906250e-01
850 5.02441406250000e-01 2.52447366714478e-01
851 5.52734375000000e-01 3.05515289306641e-01
852 5.32226562500000e-01 2.83265113830566e-01
853 5.60546875000000e-01 3.14212799072266e-01
854 5.62500000000000e-01 3.16406250000000e-01
855 5.81542968750000e-01 3.38192224502563e-01
856 5.76171875000000e-01 3.31974029541016e-01
857 5.83007812500000e-01 3.39898109436035e-01
858 6.34765625000000e-01 4.02927398681641e-01
859 5.62500000000000e-01 3.16406250000000e-01
860 6.19628906250000e-01 3.83939981460571e-01
861 6.60156250000000e-01 4.35806274414062e-01
862 6.89453125000000e-01 4.75345611572266e-01
863 7.23144531250000e-01 5.22938013076782e-01
864 7.30957031250000e-01 5.34298181533813e-01
865 6.95312500000000e-01 4.83459472656250e-01
866 6.74804687500000e-01 4.55361366271973e-01
867 6.66015625000000e-01 4.43576812744141e-01
868 6.96777343750000e-01 4.85498666763306e-01
869 6.85546875000000e-01 4.69974517822266e-01
870 6.66015625000000e-01 4.43576812744141e-01
871 6.73828125000000e-01 4.54044342041016e-01
872 7.01171875000000e-01 4.91641998291016e-01
873 6.43066406250000e-01 4.13534402847290e-01
874 6.10351562500000e-01 3.72529029846191e-01
875 6.16699218750000e-01 3.80317926406860e-01
876 5.43457031250000e-01 2.95345544815063e-01
877 4.48242187500000e-01 2.00921058654785e-01
878 5.38574218750000e-01 2.90062189102173e-01
879 5.59082031250000e-01 3.12572717666626e-01
880 5.57617187500000e-01 3.10936927795410e-01
881 5.36132812500000e-01 2.87438392639160e-01
882 5.52246093750000e-01 3.04975748062134e-01
883 5.62500000000000e-01 3.16406250000000e-01
884 6.03515625000000e-01 3.64231109619141e-01
885 6.50878906250000e-01 4.23643350601196e-01
886 6.58691406250000e-01 4.33874368667603e-01
887 6.43554687500000e-01 4.14162635803223e-01
888 5.99609375000000e-01 3.59531402587891e-01
889 5.36132812500000e-01 2.87438392639160e-01
890 6.07421875000000e-01 3.68961334228516e-01
891 5.74707031250000e-01 3.30288171768188e-01
892 5.64453125000000e-01 3.18607330322266e-01
893 5.28808593750000e-01 2.79638528823853e-01
894 4.63867187500000e-01 2.15172767639160e-01
895 5.48339843750000e-01 3.00676584243774e-01
896 5.64453125000000e-01 3.18607330322266e-01
897 5.78125000000000e-01 3.34228515625000e-01
898 4.95117187500000e-01 2.45141029357910e-01
899 5.35644531250000e-01 2.86915063858032e-01
900 5.60546875000000e-01 3.14212799072266e-01
901 5.55175781250000e-01 3.08220148086548e-01
902 6.04492187500000e-01 3.65410804748535e-01
903 5.77636718750000e-01 3.33664178848267e-01
904 6.13281250000000e-01 3.76113891601562e-01
905 5.92773437500000e-01 3.51380348205566e-01
906 6.03027343750000e-01 3.63641977310181e-01
907 5.88378906250000e-01 3.46189737319946e-01
908 5.77148437500000e-01 3.33100318908691e-01
909 5.86425781250000e-01 3.43895196914673e-01
910 5.82031250000000e-01 3.38760375976562e-01
911 5.18066406250000e-01 2.68392801284790e-01
912 5.35156250000000e-01 2.86392211914062e-01
913 5.70312500000000e-01 3.25256347656250e-01
914 5.72753906250000e-01 3.28047037124634e-01
915 6.51367187500000e-01 4.24279212951660e-01
916 6.70898437500000e-01 4.50104713439941e-01
917 6.85058593750000e-01 4.69305276870728e-01
918 7.29003906250000e-01 5.31446695327759e-01
919 7.05078125000000e-01 4.97135162353516e-01
920 6.87500000000000e-01 4.72656250000000e-01
921 6.53808593750000e-01 4.27465677261353e-01
922 6.90917968750000e-01 4.77367639541626e-01
923 6.22070312500000e-01 3.86971473693848e-01
924 5.92285156250000e-01 3.50801706314087e-01
925 5.35644531250000e-01 2.86915063858032e-01
926 5.59082031250000e-01 3.12572717666626e-01
927 5.68847656250000e-01 3.23587656021118e-01
928 5.94726562500000e-01 3.53699684143066e-01
929 6.16699218750000e-01 3.80317926406860e-01
930 6.43554687500000e-01 4.14162635803223e-01
931 6.20117187500000e-01 3.84545326232910e-01
932 6.60644531250000e-01 4.36451196670532e-01
933 6.66503906250000e-01 4.44227457046509e-01
934 6.97753906250000e-01 4.86860513687134e-01
935 6.25488281250000e-01 3.91235589981079e-01
936 6.56250000000000e-01 4.30664062500000e-01
937 6.18164062500000e-01 3.82126808166504e-01
938 6.62597656250000e-01 4.39035654067993e-01
939 6.11328125000000e-01 3.73722076416016e-01
940 6.20117187500000e-01 3.84545326232910e-01
941 6.07421875000000e-01 3.68961334228516e-01
942 5.31738281250000e-01 2.82745599746704e-01
943 5.05859375000000e-01 2.55893707275391e-01
944 5.14648437500000e-01 2.64863014221191e-01
945 5.19531250000000e-01 2.69912719726562e-01
946 5.71777343750000e-01 3.26929330825806e-01
947 6.28417968750000e-01 3.94909143447876e-01
948 6.35742187500000e-01 4.04168128967285e-01
949 6.35253906250000e-01 4.03547525405884e-01
950 6.11816406250000e-01 3.74319314956665e-01
951 5.57617187500000e-01 3.10936927795410e-01
952 5.26367187500000e-01 2.77062416076660e-01
953 5.41015625000000e-01 2.92697906494141e-01
954 5.90820312500000e-01 3.49068641662598e-01
955 5.79589843750000e-01 3.35924386978149e-01
956 5.57617187500000e-01 3.10936927795410e-01
957 5.23925781250000e-01 2.74498224258423e-01
958 5.28320312500000e-01 2.79122352600098e-01
959 5.25878906250000e-01 2.76548624038696e-01
960 5.31250000000000e-01 2.82226562500000e-01
961 5.14160156250000e-01 2.64360666275024e-01
962 5.02929687500000e-01 2.52938270568848e-01
963 5.53222656250000e-01 3.06055307388306e-01
964 5.87402343750000e-01 3.45041513442993e-01
965 5.25390625000000e-01 2.76035308837891e-01
966 4.89746093750000e-01 2.39851236343384e-01
967 4.82421875000000e-01 2.32730865478516e-01
968 4.53125000000000e-01 2.05322265625000e-01
969 4.37011718750000e-01 1.90979242324829e-01
970 4.76074218750000e-01 2.26646661758423e-01
971 4.54589843750000e-01 2.06651926040649e-01
972 4.71191406250000e-01 2.22021341323853e-01
973 4.40917968750000e-01 1.94408655166626e-01
974 3.65722656250000e-01 1.33753061294556e-01
975 3.54003906250000e-01 1.25318765640259e-01
976 2.88085937500000e-01 8.29935073852539e-02
977 2.72460937500000e-01 7.42349624633789e-02
978 2.79785156250000e-01 7.82797336578369e-02
979 3.24707031250000e-01 1.05434656143188e-01
980 2.88085937500000e-01 8.29935073852539e-02
981 3.26660156250000e-01 1.06706857681274e-01
982 3.57910156250000e-01 1.28099679946899e-01
983 3.19335937500000e-01 1.01975440979004e-01
984 2.67578125000000e-01 7.15980529785156e-02
985 2.18750000000000e-01 4.78515625000000e-02
986 2.17285156250000e-01 4.72128391265869e-02
987 2.71484375000000e-01 7.37037658691406e-02
988 2.07031250000000e-01 4.28619384765625e-02
989 1.77246093750000e-01 3.14161777496338e-02
990 1.73339843750000e-01 3.00467014312744e-02
991 1.90429687500000e-01 3.62634658813477e-02
992 2.03613281250000e-01 4.14583683013916e-02
993 1.98242187500000e-01 3.92999649047852e-02
994 1.44042968750000e-01 2.07483768463135e-02
995 1.10351562500000e-01 1.21774673461914e-02
996 5.02929687500000e-02 2.52938270568848e-03
997 5.90820312500000e-02 3.49068641662598e-03
998 1.26464843750000e-01 1.59933567047119e-02
999 6.64062500000000e-02 4.40979003906250e-03
