0 5.52246093750000e-01 3.04975748062134e-01
1 6.39160156250000e-01 4.08525705337524e-01
2 5.93750000000000e-01 3.52539062500000e-01
3 6.27441406250000e-01 3.93682718276978e-01
4 6.75781250000000e-01 4.56680297851562e-01
5 6.48925781250000e-01 4.21104669570923e-01
6 6.47460937500000e-01 4.19205665588379e-01
7 6.32324218750000e-01 3.99833917617798e-01
8 6.11816406250000e-01 3.74319314956665e-01
9 5.84960937500000e-01 3.42179298400879e-01
10 5.42480468750000e-01 2.94285058975220e-01
11 5.10742187500000e-01 2.60857582092285e-01
12 5.00976562500000e-01 2.50977516174316e-01
13 5.50781250000000e-01 3.03359985351562e-01
14 5.84960937500000e-01 3.42179298400879e-01
15 4.90234375000000e-01 2.40329742431641e-01
16 4.93164062500000e-01 2.43210792541504e-01
17 5.47363281250000e-01 2.99606561660767e-01
18 5.76171875000000e-01 3.31974029541016e-01
19 5.34179687500000e-01 2.85347938537598e-01
20 5.41015625000000e-01 2.92697906494141e-01
21 5.10253906250000e-01 2.60359048843384e-01
22 5.37109375000000e-01 2.88486480712891e-01
23 4.99023437500000e-01 2.49024391174316e-01
24 5.02929687500000e-01 2.52938270568848e-01
25 4.85839843750000e-01 2.36040353775024e-01
26 5.31738281250000e-01 2.82745599746704e-01
27 5.01953125000000e-01 2.51956939697266e-01
28 4.99511718750000e-01 2.49511957168579e-01
29 4.96093750000000e-01 2.46109008789062e-01
30 5.15625000000000e-01 2.65869140625000e-01
31 5.87890625000000e-01 3.45615386962891e-01
32 5.95703125000000e-01 3.54862213134766e-01
33 5.26855468750000e-01 2.77576684951782e-01
34 5.42968750000000e-01 2.94815063476562e-01
35 5.45410156250000e-01 2.97472238540649e-01
36 5.84472656250000e-01 3.41608285903931e-01
37 5.69824218750000e-01 3.24699640274048e-01
38 6.25976562500000e-01 3.91846656799316e-01
39 6.08398437500000e-01 3.70148658752441e-01
40 5.97656250000000e-01 3.57192993164062e-01
41 5.63476562500000e-01 3.17505836486816e-01
42 5.52734375000000e-01 3.05515289306641e-01
43 6.26953125000000e-01 3.93070220947266e-01
44 5.93261718750000e-01 3.51959466934204e-01
45 5.99609375000000e-01 3.59531402587891e-01
46 5.51757812500000e-01 3.04436683654785e-01
47 4.87304687500000e-01 2.37465858459473e-01
48 5.61035156250000e-01 3.14760446548462e-01
49 5.58593750000000e-01 3.12026977539062e-01
50 5.13671875000000e-01 2.63858795166016e-01
51 5.57128906250000e-01 3.10392618179321e-01
52 5.36621093750000e-01 2.87962198257446e-01
53 5.51757812500000e-01 3.04436683654785e-01
54 5.97167968750000e-01 3.56609582901001e-01
55 6.05468750000000e-01 3.66592407226562e-01
56 5.73242187500000e-01 3.28606605529785e-01
57 6.37695312500000e-01 4.06655311584473e-01
58 6.95312500000000e-01 4.83459472656250e-01
59 6.88964843750000e-01 4.74672555923462e-01
60 7.03613281250000e-01 4.95071649551392e-01
61 6.87500000000000e-01 4.72656250000000e-01
62 6.52832031250000e-01 4.26189661026001e-01
63 6.80175781250000e-01 4.62639093399048e-01
64 7.02636718750000e-01 4.93698358535767e-01
65 6.82617187500000e-01 4.65966224670410e-01
66 6.48437500000000e-01 4.20471191406250e-01
67 6.20117187500000e-01 3.84545326232910e-01
68 5.42480468750000e-01 2.94285058975220e-01
69 5.28320312500000e-01 2.79122352600098e-01
70 5.63476562500000e-01 3.17505836486816e-01
71 6.10839843750000e-01 3.73125314712524e-01
72 5.58593750000000e-01 3.12026977539062e-01
73 6.11816406250000e-01 3.74319314956665e-01
74 6.37207031250000e-01 4.06032800674438e-01
75 6.52343750000000e-01 4.25552368164062e-01
76 7.23632812500000e-01 5.23644447326660e-01
77 6.96777343750000e-01 4.85498666763306e-01
78 7.04101562500000e-01 4.95759010314941e-01
79 7.12402343750000e-01 5.07517099380493e-01
80 6.46972656250000e-01 4.18573617935181e-01
81 6.40625000000000e-01 4.10400390625000e-01
82 6.38671875000000e-01 4.07901763916016e-01
83 6.87011718750000e-01 4.71985101699829e-01
84 6.91406250000000e-01 4.78042602539062e-01
85 6.34277343750000e-01 4.02307748794556e-01
86 6.17187500000000e-01 3.80920410156250e-01
87 6.18652343750000e-01 3.82730722427368e-01
88 5.97656250000000e-01 3.57192993164062e-01
89 5.72265625000000e-01 3.27487945556641e-01
90 5.41503906250000e-01 2.93226480484009e-01
91 4.80468750000000e-01 2.30850219726562e-01
92 4.73144531250000e-01 2.23865747451782e-01
93 4.91210937500000e-01 2.41288185119629e-01
94 5.22949218750000e-01 2.73475885391235e-01
95 4.81933593750000e-01 2.32259988784790e-01
96 3.77441406250000e-01 1.42462015151978e-01
97 3.29101562500000e-01 1.08307838439941e-01
98 3.97949218750000e-01 1.58363580703735e-01
99 3.56933593750000e-01 1.27401590347290e-01
100 3.97460937500000e-01 1.57975196838379e-01
101 3.78417968750000e-01 1.43200159072876e-01
102 4.54589843750000e-01 2.06651926040649e-01
103 4.94628906250000e-01 2.44657754898071e-01
104 5.46386718750000e-01 2.98538446426392e-01
105 5.94726562500000e-01 3.53699684143066e-01
106 5.98632812500000e-01 3.58361244201660e-01
107 6.29394531250000e-01 3.96137475967407e-01
108 6.55761718750000e-01 4.30023431777954e-01
109 6.88476562500000e-01 4.73999977111816e-01
110 6.15234375000000e-01 3.78513336181641e-01
111 5.89843750000000e-01 3.47915649414062e-01
112 5.35156250000000e-01 2.86392211914062e-01
113 5.27343750000000e-01 2.78091430664062e-01
114 5.44433593750000e-01 2.96407938003540e-01
115 5.17578125000000e-01 2.67887115478516e-01
116 5.29296875000000e-01 2.80155181884766e-01
117 4.99023437500000e-01 2.49024391174316e-01
118 4.74121093750000e-01 2.24790811538696e-01
119 5.07324218750000e-01 2.57377862930298e-01
120 4.63378906250000e-01 2.14720010757446e-01
121 4.92675781250000e-01 2.42729425430298e-01
122 5.32714843750000e-01 2.83785104751587e-01
123 5.75683593750000e-01 3.31411600112915e-01
124 5.70312500000000e-01 3.25256347656250e-01
125 5.39550781250000e-01 2.91115045547485e-01
126 5.80078125000000e-01 3.36490631103516e-01
127 5.85449218750000e-01 3.42750787734985e-01
128 5.77148437500000e-01 3.33100318908691e-01
129 5.12695312500000e-01 2.62856483459473e-01
130 5.39062500000000e-01 2.90588378906250e-01
131 5.41503906250000e-01 2.93226480484009e-01
132 6.29394531250000e-01 3.96137475967407e-01
133 6.34277343750000e-01 4.02307748794556e-01
134 5.97656250000000e-01 3.57192993164062e-01
135 6.20605468750000e-01 3.85151147842407e-01
136 5.71289062500000e-01 3.26371192932129e-01
137 6.09375000000000e-01 3.71337890625000e-01
138 6.05468750000000e-01 3.66592407226562e-01
139 6.31347656250000e-01 3.98599863052368e-01
140 6.00585937500000e-01 3.60703468322754e-01
141 5.65429687500000e-01 3.19710731506348e-01
142 6.19628906250000e-01 3.83939981460571e-01
143 6.05468750000000e-01 3.66592407226562e-01
144 6.01562500000000e-01 3.61877441406250e-01
145 5.95214843750000e-01 3.54280710220337e-01
146 5.92285156250000e-01 3.50801706314087e-01
147 6.28417968750000e-01 3.94909143447876e-01
148 6.63085937500000e-01 4.39682960510254e-01
149 6.27441406250000e-01 3.93682718276978e-01
150 6.53320312500000e-01 4.26827430725098e-01
151 6.18164062500000e-01 3.82126808166504e-01
152 5.98632812500000e-01 3.58361244201660e-01
153 5.44433593750000e-01 2.96407938003540e-01
154 5.37597656250000e-01 2.89011240005493e-01
155 5.36132812500000e-01 2.87438392639160e-01
156 4.62402343750000e-01 2.13815927505493e-01
157 4.92187500000000e-01 2.42248535156250e-01
158 4.41894531250000e-01 1.95270776748657e-01
159 4.37011718750000e-01 1.90979242324829e-01
160 4.71679687500000e-01 2.22481727600098e-01
161 4.57519531250000e-01 2.09324121475220e-01
162 5.39062500000000e-01 2.90588378906250e-01
163 5.28808593750000e-01 2.79638528823853e-01
164 4.86816406250000e-01 2.36990213394165e-01
165 5.18554687500000e-01 2.68898963928223e-01
166 5.02441406250000e-01 2.52447366714478e-01
167 5.27832031250000e-01 2.78606653213501e-01
168 4.86816406250000e-01 2.36990213394165e-01
169 5.00000000000000e-01 2.50000000000000e-01
170 4.42382812500000e-01 1.95702552795410e-01
171 4.05761718750000e-01 1.64642572402954e-01
172 3.45703125000000e-01 1.19510650634766e-01
173 3.76464843750000e-01 1.41725778579712e-01
174 3.71093750000000e-01 1.37710571289062e-01
175 4.13085937500000e-01 1.70639991760254e-01
176 4.78027343750000e-01 2.28510141372681e-01
177 4.60449218750000e-01 2.12013483047485e-01
178 4.35058593750000e-01 1.89275979995728e-01
179 4.64843750000000e-01 2.16079711914062e-01
180 4.18945312500000e-01 1.75515174865723e-01
181 3.78417968750000e-01 1.43200159072876e-01
182 3.75000000000000e-01 1.40625000000000e-01
183 4.27734375000000e-01 1.82956695556641e-01
184 4.43847656250000e-01 1.97000741958618e-01
185 5.08789062500000e-01 2.58866310119629e-01
186 5.21972656250000e-01 2.72455453872681e-01
187 4.78515625000000e-01 2.28977203369141e-01
188 5.00000000000000e-01 2.50000000000000e-01
189 5.03906250000000e-01 2.53921508789062e-01
190 5.54687500000000e-01 3.07678222656250e-01
191 6.01562500000000e-01 3.61877441406250e-01
192 6.39160156250000e-01 4.08525705337524e-01
193 6.03515625000000e-01 3.64231109619141e-01
194 5.97167968750000e-01 3.56609582901001e-01
195 5.74707031250000e-01 3.30288171768188e-01
196 5.37597656250000e-01 2.89011240005493e-01
197 5.54687500000000e-01 3.07678222656250e-01
198 5.28320312500000e-01 2.79122352600098e-01
199 5.45410156250000e-01 2.97472238540649e-01
200 5.16113281250000e-01 2.66372919082642e-01
201 5.34667968750000e-01 2.85869836807251e-01
202 5.53710937500000e-01 3.06595802307129e-01
203 5.52734375000000e-01 3.05515289306641e-01
204 5.24414062500000e-01 2.75010108947754e-01
205 5.78125000000000e-01 3.34228515625000e-01
206 5.70800781250000e-01 3.25813531875610e-01
207 5.60546875000000e-01 3.14212799072266e-01
208 5.35644531250000e-01 2.86915063858032e-01
209 5.50292968750000e-01 3.02822351455688e-01
210 5.21972656250000e-01 2.72455453872681e-01
211 5.41992187500000e-01 2.93755531311035e-01
212 6.05957031250000e-01 3.67183923721313e-01
213 5.56640625000000e-01 3.09848785400391e-01
214 5.20507812500000e-01 2.70928382873535e-01
215 5.31250000000000e-01 2.82226562500000e-01
216 5.24414062500000e-01 2.75010108947754e-01
217 4.98046875000000e-01 2.48050689697266e-01
218 5.07812500000000e-01 2.57873535156250e-01
219 4.87304687500000e-01 2.37465858459473e-01
220 5.19531250000000e-01 2.69912719726562e-01
221 5.03417968750000e-01 2.53429651260376e-01
222 4.30664062500000e-01 1.85471534729004e-01
223 3.89160156250000e-01 1.51445627212524e-01
224 3.66210937500000e-01 1.34110450744629e-01
225 3.86230468750000e-01 1.49173974990845e-01
226 4.48730468750000e-01 2.01359033584595e-01
227 4.38964843750000e-01 1.92690134048462e-01
228 4.04296875000000e-01 1.63455963134766e-01
229 3.39843750000000e-01 1.15493774414062e-01
230 3.68164062500000e-01 1.35544776916504e-01
231 3.47656250000000e-01 1.20864868164062e-01
232 2.51464843750000e-01 6.32345676422119e-02
233 3.15429687500000e-01 9.94958877563477e-02
234 2.72949218750000e-01 7.45012760162354e-02
235 2.76367187500000e-01 7.63788223266602e-02
236 2.39257812500000e-01 5.72443008422852e-02
237 2.83203125000000e-01 8.02040100097656e-02
238 3.42773437500000e-01 1.17493629455566e-01
239 3.70117187500000e-01 1.36986732482910e-01
240 3.05175781250000e-01 9.31322574615479e-02
241 3.02734375000000e-01 9.16481018066406e-02
242 3.53515625000000e-01 1.24973297119141e-01
243 3.30566406250000e-01 1.09274148941040e-01
244 3.08105468750000e-01 9.49289798736572e-02
245 3.73046875000000e-01 1.39163970947266e-01
246 3.19335937500000e-01 1.01975440979004e-01
247 3.01269531250000e-01 9.07633304595947e-02
248 2.61718750000000e-01 6.84967041015625e-02
249 3.50585937500000e-01 1.22910499572754e-01
250 2.74902343750000e-01 7.55712985992432e-02
251 2.63671875000000e-01 6.95228576660156e-02
252 2.67089843750000e-01 7.13369846343994e-02
253 2.95898437500000e-01 8.75558853149414e-02
254 2.27050781250000e-01 5.15520572662354e-02
255 1.84082031250000e-01 3.38861942291260e-02
256 2.06542968750000e-01 4.26599979400635e-02
257 2.35351562500000e-01 5.53903579711914e-02
258 1.96777343750000e-01 3.87213230133057e-02
259 1.35742187500000e-01 1.84259414672852e-02
260 1.25000000000000e-01 1.56250000000000e-02
261 1.23046875000000e-01 1.51405334472656e-02
262 1.51855468750000e-01 2.30600833892822e-02
263 1.81152343750000e-01 3.28161716461182e-02
264 1.69433593750000e-01 2.87077426910400e-02
265 1.39648437500000e-01 1.95016860961914e-02
266 1.71875000000000e-01 2.95410156250000e-02
267 1.55273437500000e-01 2.41098403930664e-02
268 1.84082031250000e-01 3.38861942291260e-02
269 2.08984375000000e-01 4.36744689941406e-02
270 1.86035156250000e-01 3.46090793609619e-02
271 2.02148437500000e-01 4.08639907836914e-02
272 1.88476562500000e-01 3.55234146118164e-02
273 1.71386718750000e-01 2.93734073638916e-02
274 2.59765625000000e-01 6.74781799316406e-02
275 2.33886718750000e-01 5.47029972076416e-02
276 1.55273437500000e-01 2.41098403930664e-02
277 1.86523437500000e-01 3.47909927368164e-02
278 2.29980468750000e-01 5.28910160064697e-02
279 2.81250000000000e-01 7.91015625000000e-02
280 2.50976562500000e-01 6.29892349243164e-02
281 2.57324218750000e-01 6.62157535552979e-02
282 2.39257812500000e-01 5.72443008422852e-02
283 2.70996093750000e-01 7.34388828277588e-02
284 2.08496093750000e-01 4.34706211090088e-02
285 2.78808593750000e-01 7.77342319488525e-02
286 3.32519531250000e-01 1.10569238662720e-01
287 3.87695312500000e-01 1.50307655334473e-01
288 4.22363281250000e-01 1.78390741348267e-01
289 4.52636718750000e-01 2.04879999160767e-01
290 4.31640625000000e-01 1.86313629150391e-01
291 4.14550781250000e-01 1.71852350234985e-01
292 4.34082031250000e-01 1.88427209854126e-01
293 4.19433593750000e-01 1.75924539566040e-01
294 3.68164062500000e-01 1.35544776916504e-01
295 2.71484375000000e-01 7.37037658691406e-02
296 2.58300781250000e-01 6.67192935943604e-02
297 2.49023437500000e-01 6.20126724243164e-02
298 2.42675781250000e-01 5.88915348052979e-02
299 2.31933593750000e-01 5.37931919097900e-02
300 2.36328125000000e-01 5.58509826660156e-02
301 2.84667968750000e-01 8.10358524322510e-02
302 2.57812500000000e-01 6.64672851562500e-02
303 2.47558593750000e-01 6.12852573394775e-02
304 1.49414062500000e-01 2.23245620727539e-02
305 1.82617187500000e-01 3.33490371704102e-02
306 2.15332031250000e-01 4.63678836822510e-02
307 2.25097656250000e-01 5.06689548492432e-02
308 2.40234375000000e-01 5.77125549316406e-02
309 2.53417968750000e-01 6.42206668853760e-02
310 2.42187500000000e-01 5.86547851562500e-02
311 2.89062500000000e-01 8.35571289062500e-02
312 2.70019531250000e-01 7.29105472564697e-02
313 2.72460937500000e-01 7.42349624633789e-02
314 2.87597656250000e-01 8.27124118804932e-02
315 2.98339843750000e-01 8.90066623687744e-02
316 3.09082031250000e-01 9.55317020416260e-02
317 2.70996093750000e-01 7.34388828277588e-02
318 2.51953125000000e-01 6.34803771972656e-02
319 2.86621093750000e-01 8.21516513824463e-02
320 2.75878906250000e-01 7.61091709136963e-02
321 3.22753906250000e-01 1.04170083999634e-01
322 3.82324218750000e-01 1.46171808242798e-01
323 3.52050781250000e-01 1.23939752578735e-01
324 3.23730468750000e-01 1.04801416397095e-01
325 3.06152343750000e-01 9.37292575836182e-02
326 3.22753906250000e-01 1.04170083999634e-01
327 2.70507812500000e-01 7.31744766235352e-02
328 3.10058593750000e-01 9.61363315582275e-02
329 2.91503906250000e-01 8.49745273590088e-02
330 3.14453125000000e-01 9.88807678222656e-02
331 3.26171875000000e-01 1.06388092041016e-01
332 3.26171875000000e-01 1.06388092041016e-01
333 3.72070312500000e-01 1.38436317443848e-01
334 3.62792968750000e-01 1.31618738174438e-01
335 3.53515625000000e-01 1.24973297119141e-01
336 3.23242187500000e-01 1.04485511779785e-01
337 3.52050781250000e-01 1.23939752578735e-01
338 2.67578125000000e-01 7.15980529785156e-02
339 2.41699218750000e-01 5.84185123443604e-02
340 1.78710937500000e-01 3.19375991821289e-02
341 1.91894531250000e-01 3.68235111236572e-02
342 1.90917968750000e-01 3.64496707916260e-02
343 2.67089843750000e-01 7.13369846343994e-02
344 3.05664062500000e-01 9.34305191040039e-02
345 2.86621093750000e-01 8.21516513824463e-02
346 3.88183593750000e-01 1.50686502456665e-01
347 3.60839843750000e-01 1.30205392837524e-01
348 3.52539062500000e-01 1.24283790588379e-01
349 3.68652343750000e-01 1.35904550552368e-01
350 4.04785156250000e-01 1.63851022720337e-01
351 4.25781250000000e-01 1.81289672851562e-01
352 4.61914062500000e-01 2.13364601135254e-01
353 4.24804687500000e-01 1.80459022521973e-01
354 3.91601562500000e-01 1.53351783752441e-01
355 3.97460937500000e-01 1.57975196838379e-01
356 4.44335937500000e-01 1.97434425354004e-01
357 4.80468750000000e-01 2.30850219726562e-01
358 5.12695312500000e-01 2.62856483459473e-01
359 5.50292968750000e-01 3.02822351455688e-01
360 5.41503906250000e-01 2.93226480484009e-01
361 5.55175781250000e-01 3.08220148086548e-01
362 5.48339843750000e-01 3.00676584243774e-01
363 5.82031250000000e-01 3.38760375976562e-01
364 6.01562500000000e-01 3.61877441406250e-01
365 5.91796875000000e-01 3.50223541259766e-01
366 6.60156250000000e-01 4.35806274414062e-01
367 6.74804687500000e-01 4.55361366271973e-01
368 6.83105468750000e-01 4.66633081436157e-01
369 6.78710937500000e-01 4.60648536682129e-01
370 7.37304687500000e-01 5.43618202209473e-01
371 7.10449218750000e-01 5.04738092422485e-01
372 6.41601562500000e-01 4.11652565002441e-01
373 6.00585937500000e-01 3.60703468322754e-01
374 6.32812500000000e-01 4.00451660156250e-01
375 5.74218750000000e-01 3.29727172851562e-01
376 5.76171875000000e-01 3.31974029541016e-01
377 5.59570312500000e-01 3.13118934631348e-01
378 5.03906250000000e-01 2.53921508789062e-01
379 5.38085937500000e-01 2.89536476135254e-01
380 5.70800781250000e-01 3.25813531875610e-01
381 6.38671875000000e-01 4.07901763916016e-01
382 7.01660156250000e-01 4.92326974868774e-01
383 6.80664062500000e-01 4.63303565979004e-01
384 6.19140625000000e-01 3.83335113525391e-01
385 6.70410156250000e-01 4.49449777603149e-01
386 6.32324218750000e-01 3.99833917617798e-01
387 6.85058593750000e-01 4.69305276870728e-01
388 6.12304687500000e-01 3.74917030334473e-01
389 6.47460937500000e-01 4.19205665588379e-01
390 6.47460937500000e-01 4.19205665588379e-01
391 6.10839843750000e-01 3.73125314712524e-01
392 6.41601562500000e-01 4.11652565002441e-01
393 6.05957031250000e-01 3.67183923721313e-01
394 6.13281250000000e-01 3.76113891601562e-01
395 6.87988281250000e-01 4.73327875137329e-01
396 6.73828125000000e-01 4.54044342041016e-01
397 6.64062500000000e-01 4.40979003906250e-01
398 7.03125000000000e-01 4.94384765625000e-01
399 6.77246093750000e-01 4.58662271499634e-01
400 6.43066406250000e-01 4.13534402847290e-01
401 6.21582031250000e-01 3.86364221572876e-01
402 5.26367187500000e-01 2.77062416076660e-01
403 5.23437500000000e-01 2.73986816406250e-01
404 5.29296875000000e-01 2.80155181884766e-01
405 5.34667968750000e-01 2.85869836807251e-01
406 5.31250000000000e-01 2.82226562500000e-01
407 4.79492187500000e-01 2.29912757873535e-01
408 4.55078125000000e-01 2.07096099853516e-01
409 5.36621093750000e-01 2.87962198257446e-01
410 5.22460937500000e-01 2.72965431213379e-01
411 4.19433593750000e-01 1.75924539566040e-01
412 4.35058593750000e-01 1.89275979995728e-01
413 4.55566406250000e-01 2.07540750503540e-01
414 4.91210937500000e-01 2.41288185119629e-01
415 5.41015625000000e-01 2.92697906494141e-01
416 6.09863281250000e-01 3.71933221817017e-01
417 6.26464843750000e-01 3.92458200454712e-01
418 5.97656250000000e-01 3.57192993164062e-01
419 5.83984375000000e-01 3.41037750244141e-01
420 6.19628906250000e-01 3.83939981460571e-01
421 6.14257812500000e-01 3.77312660217285e-01
422 5.90820312500000e-01 3.49068641662598e-01
423 5.98144531250000e-01 3.57776880264282e-01
424 5.65429687500000e-01 3.19710731506348e-01
425 5.67871093750000e-01 3.22477579116821e-01
426 5.75683593750000e-01 3.31411600112915e-01
427 6.00097656250000e-01 3.60117197036743e-01
428 5.88867187500000e-01 3.46764564514160e-01
429 6.09375000000000e-01 3.71337890625000e-01
430 6.02050781250000e-01 3.62465143203735e-01
431 5.42480468750000e-01 2.94285058975220e-01
432 6.41601562500000e-01 4.11652565002441e-01
433 5.95703125000000e-01 3.54862213134766e-01
434 6.16210937500000e-01 3.79715919494629e-01
435 5.66894531250000e-01 3.21369409561157e-01
436 5.66406250000000e-01 3.20816040039062e-01
437 5.67382812500000e-01 3.21923255920410e-01
438 5.74707031250000e-01 3.30288171768188e-01
439 6.44531250000000e-01 4.15420532226562e-01
440 6.11816406250000e-01 3.74319314956665e-01
441 6.84570312500000e-01 4.68636512756348e-01
442 6.22070312500000e-01 3.86971473693848e-01
443 6.37695312500000e-01 4.06655311584473e-01
444 6.27929687500000e-01 3.94295692443848e-01
445 6.19628906250000e-01 3.83939981460571e-01
446 6.33300781250000e-01 4.01069879531860e-01
447 5.65429687500000e-01 3.19710731506348e-01
448 5.83496093750000e-01 3.40467691421509e-01
449 5.93261718750000e-01 3.51959466934204e-01
450 6.52343750000000e-01 4.25552368164062e-01
451 6.56250000000000e-01 4.30664062500000e-01
452 6.70898437500000e-01 4.50104713439941e-01
453 6.33789062500000e-01 4.01688575744629e-01
454 5.98632812500000e-01 3.58361244201660e-01
455 6.31835937500000e-01 3.99216651916504e-01
456 5.88378906250000e-01 3.46189737319946e-01
457 6.30371093750000e-01 3.97367715835571e-01
458 7.05078125000000e-01 4.97135162353516e-01
459 7.01171875000000e-01 4.91641998291016e-01
460 6.62109375000000e-01 4.38388824462891e-01
461 6.62597656250000e-01 4.39035654067993e-01
462 6.19140625000000e-01 3.83335113525391e-01
463 6.67968750000000e-01 4.46182250976562e-01
464 6.06445312500000e-01 3.67775917053223e-01
465 6.26464843750000e-01 3.92458200454712e-01
466 6.34277343750000e-01 4.02307748794556e-01
467 6.86523437500000e-01 4.71314430236816e-01
468 6.74804687500000e-01 4.55361366271973e-01
469 6.02050781250000e-01 3.62465143203735e-01
470 6.15722656250000e-01 3.79114389419556e-01
471 6.29882812500000e-01 3.96752357482910e-01
472 6.24023437500000e-01 3.89405250549316e-01
473 6.46972656250000e-01 4.18573617935181e-01
474 6.27929687500000e-01 3.94295692443848e-01
475 6.29394531250000e-01 3.96137475967407e-01
476 6.66503906250000e-01 4.44227457046509e-01
477 6.71386718750000e-01 4.50760126113892e-01
478 6.48925781250000e-01 4.21104669570923e-01
479 6.57714843750000e-01 4.32588815689087e-01
480 6.35253906250000e-01 4.03547525405884e-01
481 6.51855468750000e-01 4.24915552139282e-01
482 5.89355468750000e-01 3.47339868545532e-01
483 6.36718750000000e-01 4.05410766601562e-01
484 6.62109375000000e-01 4.38388824462891e-01
485 6.14746093750000e-01 3.77912759780884e-01
486 5.53710937500000e-01 3.06595802307129e-01
487 6.24023437500000e-01 3.89405250549316e-01
488 5.86425781250000e-01 3.43895196914673e-01
489 5.98632812500000e-01 3.58361244201660e-01
490 6.02539062500000e-01 3.63053321838379e-01
491 6.34765625000000e-01 4.02927398681641e-01
492 6.21582031250000e-01 3.86364221572876e-01
493 6.12792968750000e-01 3.75515222549438e-01
494 6.16210937500000e-01 3.79715919494629e-01
495 6.01562500000000e-01 3.61877441406250e-01
496 6.24511718750000e-01 3.90014886856079e-01
497 6.43554687500000e-01 4.14162635803223e-01
498 5.76171875000000e-01 3.31974029541016e-01
499 5.19531250000000e-01 2.69912719726562e-01
500 4.93164062500000e-01 2.43210792541504e-01
501 4.19433593750000e-01 1.75924539566040e-01
502 4.14062500000000e-01 1.71447753906250e-01
503 4.16992187500000e-01 1.73882484436035e-01
504 4.17968750000000e-01 1.74697875976562e-01
505 3.82812500000000e-01 1.46545410156250e-01
506 3.40332031250000e-01 1.15825891494751e-01
507 3.41796875000000e-01 1.16825103759766e-01
508 3.72558593750000e-01 1.38799905776978e-01
509 3.74023437500000e-01 1.39893531799316e-01
510 3.46679687500000e-01 1.20186805725098e-01
511 2.98828125000000e-01 8.92982482910156e-02
512 2.95898437500000e-01 8.75558853149414e-02
513 2.45605468750000e-01 6.03220462799072e-02
514 2.41210937500000e-01 5.81827163696289e-02
515 2.85156250000000e-01 8.13140869140625e-02
516 3.11523437500000e-01 9.70468521118164e-02
517 2.99804687500000e-01 8.98828506469727e-02
518 3.42285156250000e-01 1.17159128189087e-01
519 4.90722656250000e-01 2.40808725357056e-01
520 5.13183593750000e-01 2.63357400894165e-01
521 5.14648437500000e-01 2.64863014221191e-01
522 4.65332031250000e-01 2.16533899307251e-01
523 4.58496093750000e-01 2.10218667984009e-01
524 4.62402343750000e-01 2.13815927505493e-01
525 4.96582031250000e-01 2.46593713760376e-01
526 4.91210937500000e-01 2.41288185119629e-01
527 4.36035156250000e-01 1.90126657485962e-01
528 4.81445312500000e-01 2.31789588928223e-01
529 5.00976562500000e-01 2.50977516174316e-01
530 4.91210937500000e-01 2.41288185119629e-01
531 4.85839843750000e-01 2.36040353775024e-01
532 5.20507812500000e-01 2.70928382873535e-01
533 5.18066406250000e-01 2.68392801284790e-01
534 4.64355468750000e-01 2.15626001358032e-01
535 5.87402343750000e-01 3.45041513442993e-01
536 5.50292968750000e-01 3.02822351455688e-01
537 4.99023437500000e-01 2.49024391174316e-01
538 5.60058593750000e-01 3.13665628433228e-01
539 5.30273437500000e-01 2.81189918518066e-01
540 5.37597656250000e-01 2.89011240005493e-01
541 4.79980468750000e-01 2.30381250381470e-01
542 5.79589843750000e-01 3.35924386978149e-01
543 5.83007812500000e-01 3.39898109436035e-01
544 5.75683593750000e-01 3.31411600112915e-01
545 5.76171875000000e-01 3.31974029541016e-01
546 6.20117187500000e-01 3.84545326232910e-01
547 6.41601562500000e-01 4.11652565002441e-01
548 6.20117187500000e-01 3.84545326232910e-01
549 5.91796875000000e-01 3.50223541259766e-01
550 5.77636718750000e-01 3.33664178848267e-01
551 6.25000000000000e-01 3.90625000000000e-01
552 6.24023437500000e-01 3.89405250549316e-01
553 6.43066406250000e-01 4.13534402847290e-01
554 6.22558593750000e-01 3.87579202651978e-01
555 6.57714843750000e-01 4.32588815689087e-01
556 6.01074218750000e-01 3.61290216445923e-01
557 6.08398437500000e-01 3.70148658752441e-01
558 5.94726562500000e-01 3.53699684143066e-01
559 5.75195312500000e-01 3.30849647521973e-01
560 6.32324218750000e-01 3.99833917617798e-01
561 6.17187500000000e-01 3.80920410156250e-01
562 5.81054687500000e-01 3.37624549865723e-01
563 5.51269531250000e-01 3.03898096084595e-01
564 5.21484375000000e-01 2.71945953369141e-01
565 5.73242187500000e-01 3.28606605529785e-01
566 5.45898437500000e-01 2.98005104064941e-01
567 5.45898437500000e-01 2.98005104064941e-01
568 5.34667968750000e-01 2.85869836807251e-01
569 6.02050781250000e-01 3.62465143203735e-01
570 6.04492187500000e-01 3.65410804748535e-01
571 6.90429687500000e-01 4.76693153381348e-01
572 6.57226562500000e-01 4.31946754455566e-01
573 6.78710937500000e-01 4.60648536682129e-01
574 6.72363281250000e-01 4.52072381973267e-01
575 6.41601562500000e-01 4.11652565002441e-01
576 7.14355468750000e-01 5.10303735733032e-01
577 6.86035156250000e-01 4.70644235610962e-01
578 7.19238281250000e-01 5.17303705215454e-01
579 7.41210937500000e-01 5.49393653869629e-01
580 7.19238281250000e-01 5.17303705215454e-01
581 6.48437500000000e-01 4.20471191406250e-01
582 6.64062500000000e-01 4.40979003906250e-01
583 6.46484375000000e-01 4.17942047119141e-01
584 6.43066406250000e-01 4.13534402847290e-01
585 6.50390625000000e-01 4.23007965087891e-01
586 5.80078125000000e-01 3.36490631103516e-01
587 6.74804687500000e-01 4.55361366271973e-01
588 6.47949218750000e-01 4.19838190078735e-01
589 6.44042968750000e-01 4.14791345596313e-01
590 6.36718750000000e-01 4.05410766601562e-01
591 5.89355468750000e-01 3.47339868545532e-01
592 5.74707031250000e-01 3.30288171768188e-01
593 5.23437500000000e-01 2.73986816406250e-01
594 5.18066406250000e-01 2.68392801284790e-01
595 5.09277343750000e-01 2.59363412857056e-01
596 5.23925781250000e-01 2.74498224258423e-01
597 5.06347656250000e-01 2.56387948989868e-01
598 5.52734375000000e-01 3.05515289306641e-01
599 5.19042968750000e-01 2.69405603408813e-01
600 5.30273437500000e-01 2.81189918518066e-01
601 4.10156250000000e-01 1.68228149414062e-01
602 3.97949218750000e-01 1.58363580703735e-01
603 3.73535156250000e-01 1.39528512954712e-01
604 4.17968750000000e-01 1.74697875976562e-01
605 4.17968750000000e-01 1.74697875976562e-01
606 4.07714843750000e-01 1.66231393814087e-01
607 4.49707031250000e-01 2.02236413955688e-01
608 4.48242187500000e-01 2.00921058654785e-01
609 4.66796875000000e-01 2.17899322509766e-01
610 5.06347656250000e-01 2.56387948989868e-01
611 5.53710937500000e-01 3.06595802307129e-01
612 5.30273437500000e-01 2.81189918518066e-01
613 5.15625000000000e-01 2.65869140625000e-01
614 5.52246093750000e-01 3.04975748062134e-01
615 6.07910156250000e-01 3.69554758071899e-01
616 5.74218750000000e-01 3.29727172851562e-01
617 5.39550781250000e-01 2.91115045547485e-01
618 4.99023437500000e-01 2.49024391174316e-01
619 5.50292968750000e-01 3.02822351455688e-01
620 5.21972656250000e-01 2.72455453872681e-01
621 4.83398437500000e-01 2.33674049377441e-01
622 5.06835937500000e-01 2.56882667541504e-01
623 5.14648437500000e-01 2.64863014221191e-01
624 5.08300781250000e-01 2.58369684219360e-01
625 5.24902343750000e-01 2.75522470474243e-01
626 4.71191406250000e-01 2.22021341323853e-01
627 4.99023437500000e-01 2.49024391174316e-01
628 5.04394531250000e-01 2.54413843154907e-01
629 5.81542968750000e-01 3.38192224502563e-01
630 5.33203125000000e-01 2.84305572509766e-01
631 5.98632812500000e-01 3.58361244201660e-01
632 5.57128906250000e-01 3.10392618179321e-01
633 5.36621093750000e-01 2.87962198257446e-01
634 4.91699218750000e-01 2.41768121719360e-01
635 4.74609375000000e-01 2.25254058837891e-01
636 4.12109375000000e-01 1.69834136962891e-01
637 3.43261718750000e-01 1.17828607559204e-01
638 3.56445312500000e-01 1.27053260803223e-01
639 3.69140625000000e-01 1.36264801025391e-01
640 3.33984375000000e-01 1.11545562744141e-01
641 3.48144531250000e-01 1.21204614639282e-01
642 3.51074218750000e-01 1.23253107070923e-01
643 3.60839843750000e-01 1.30205392837524e-01
644 3.30566406250000e-01 1.09274148941040e-01
645 4.17968750000000e-01 1.74697875976562e-01
646 4.49218750000000e-01 2.01797485351562e-01
647 5.08300781250000e-01 2.58369684219360e-01
648 5.38574218750000e-01 2.90062189102173e-01
649 5.73242187500000e-01 3.28606605529785e-01
650 6.00585937500000e-01 3.60703468322754e-01
651 6.49414062500000e-01 4.21738624572754e-01
652 5.94726562500000e-01 3.53699684143066e-01
653 6.20117187500000e-01 3.84545326232910e-01
654 6.23046875000000e-01 3.88187408447266e-01
655 6.30371093750000e-01 3.97367715835571e-01
656 6.07910156250000e-01 3.69554758071899e-01
657 6.41601562500000e-01 4.11652565002441e-01
658 6.23046875000000e-01 3.88187408447266e-01
659 6.46972656250000e-01 4.18573617935181e-01
660 6.49902343750000e-01 4.22373056411743e-01
661 6.66503906250000e-01 4.44227457046509e-01
662 6.90917968750000e-01 4.77367639541626e-01
663 6.84570312500000e-01 4.68636512756348e-01
664 6.66015625000000e-01 4.43576812744141e-01
665 6.84082031250000e-01 4.67968225479126e-01
666 7.09960937500000e-01 5.04044532775879e-01
667 7.57324218750000e-01 5.73539972305298e-01
668 7.27539062500000e-01 5.29313087463379e-01
669 7.25097656250000e-01 5.25766611099243e-01
670 7.23144531250000e-01 5.22938013076782e-01
671 7.34375000000000e-01 5.39306640625000e-01
672 7.59277343750000e-01 5.76502084732056e-01
673 7.11914062500000e-01 5.06821632385254e-01
674 7.23632812500000e-01 5.23644447326660e-01
675 6.87011718750000e-01 4.71985101699829e-01
676 7.14355468750000e-01 5.10303735733032e-01
677 6.72851562500000e-01 4.52729225158691e-01
678 7.33886718750000e-01 5.38589715957642e-01
679 6.84570312500000e-01 4.68636512756348e-01
680 6.87011718750000e-01 4.71985101699829e-01
681 6.56250000000000e-01 4.30664062500000e-01
682 6.99218750000000e-01 4.88906860351562e-01
683 6.85058593750000e-01 4.69305276870728e-01
684 6.26464843750000e-01 3.92458200454712e-01
685 6.34277343750000e-01 4.02307748794556e-01
686 5.78125000000000e-01 3.34228515625000e-01
687 5.65917968750000e-01 3.20263147354126e-01
688 6.06933593750000e-01 3.68368387222290e-01
689 6.74804687500000e-01 4.55361366271973e-01
690 6.91894531250000e-01 4.78718042373657e-01
691 6.53320312500000e-01 4.26827430725098e-01
692 6.16699218750000e-01 3.80317926406860e-01
693 5.96679687500000e-01 3.56026649475098e-01
694 6.13281250000000e-01 3.76113891601562e-01
695 6.72851562500000e-01 4.52729225158691e-01
696 6.53320312500000e-01 4.26827430725098e-01
697 6.43554687500000e-01 4.14162635803223e-01
698 6.83105468750000e-01 4.66633081436157e-01
699 7.25097656250000e-01 5.25766611099243e-01
700 7.61718750000000e-01 5.80215454101562e-01
701 7.60742187500000e-01 5.78728675842285e-01
702 7.34375000000000e-01 5.39306640625000e-01
703 6.46484375000000e-01 4.17942047119141e-01
704 6.65527343750000e-01 4.42926645278931e-01
705 7.26074218750000e-01 5.27183771133423e-01
706 7.15820312500000e-01 5.12398719787598e-01
707 6.88964843750000e-01 4.74672555923462e-01
708 7.37304687500000e-01 5.43618202209473e-01
709 6.95312500000000e-01 4.83459472656250e-01
710 7.27050781250000e-01 5.28602838516235e-01
711 7.06054687500000e-01 4.98513221740723e-01
712 6.76269531250000e-01 4.57340478897095e-01
713 6.47460937500000e-01 4.19205665588379e-01
714 5.96191406250000e-01 3.55444192886353e-01
715 5.94238281250000e-01 3.53119134902954e-01
716 5.75683593750000e-01 3.31411600112915e-01
717 6.39160156250000e-01 4.08525705337524e-01
718 6.65039062500000e-01 4.42276954650879e-01
719 6.12792968750000e-01 3.75515222549438e-01
720 5.81054687500000e-01 3.37624549865723e-01
721 5.82519531250000e-01 3.39329004287720e-01
722 6.20117187500000e-01 3.84545326232910e-01
723 6.52832031250000e-01 4.26189661026001e-01
724 6.13769531250000e-01 3.76713037490845e-01
725 5.80566406250000e-01 3.37057352066040e-01
726 6.17675781250000e-01 3.81523370742798e-01
727 5.75683593750000e-01 3.31411600112915e-01
728 5.75195312500000e-01 3.30849647521973e-01
729 5.33203125000000e-01 2.84305572509766e-01
730 5.62500000000000e-01 3.16406250000000e-01
731 5.93750000000000e-01 3.52539062500000e-01
732 6.01074218750000e-01 3.61290216445923e-01
733 6.09375000000000e-01 3.71337890625000e-01
734 6.07910156250000e-01 3.69554758071899e-01
735 6.02539062500000e-01 3.63053321838379e-01
736 5.66894531250000e-01 3.21369409561157e-01
737 5.93261718750000e-01 3.51959466934204e-01
738 6.26953125000000e-01 3.93070220947266e-01
739 6.33789062500000e-01 4.01688575744629e-01
740 5.98632812500000e-01 3.58361244201660e-01
741 6.89941406250000e-01 4.76019144058228e-01
742 6.94335937500000e-01 4.82102394104004e-01
743 5.79589843750000e-01 3.35924386978149e-01
744 5.88378906250000e-01 3.46189737319946e-01
745 5.94238281250000e-01 3.53119134902954e-01
746 5.60058593750000e-01 3.13665628433228e-01
747 5.20507812500000e-01 2.70928382873535e-01
748 6.02050781250000e-01 3.62465143203735e-01
749 6.32812500000000e-01 4.00451660156250e-01
750 6.77246093750000e-01 4.58662271499634e-01
751 6.45019531250000e-01 4.16050195693970e-01
752 6.54296875000000e-01 4.28104400634766e-01
753 6.67968750000000e-01 4.46182250976562e-01
754 6.25976562500000e-01 3.91846656799316e-01
755 6.46484375000000e-01 4.17942047119141e-01
756 6.62597656250000e-01 4.39035654067993e-01
757 6.25976562500000e-01 3.91846656799316e-01
758 6.43554687500000e-01 4.14162635803223e-01
759 6.39648437500000e-01 4.09150123596191e-01
760 6.52832031250000e-01 4.26189661026001e-01
761 6.36718750000000e-01 4.05410766601562e-01
762 6.11816406250000e-01 3.74319314956665e-01
763 5.87402343750000e-01 3.45041513442993e-01
764 6.06933593750000e-01 3.68368387222290e-01
765 6.31835937500000e-01 3.99216651916504e-01
766 6.04980468750000e-01 3.66001367568970e-01
767 6.78222656250000e-01 4.59985971450806e-01
768 6.89453125000000e-01 4.75345611572266e-01
769 6.93359375000000e-01 4.80747222900391e-01
770 6.87500000000000e-01 4.72656250000000e-01
771 7.19238281250000e-01 5.17303705215454e-01
772 7.00195312500000e-01 4.90273475646973e-01
773 6.16210937500000e-01 3.79715919494629e-01
774 6.02539062500000e-01 3.63053321838379e-01
775 5.87890625000000e-01 3.45615386962891e-01
776 5.63964843750000e-01 3.18056344985962e-01
777 4.90722656250000e-01 2.40808725357056e-01
778 5.08300781250000e-01 2.58369684219360e-01
779 4.80468750000000e-01 2.30850219726562e-01
780 4.64355468750000e-01 2.15626001358032e-01
781 4.73144531250000e-01 2.23865747451782e-01
782 4.76562500000000e-01 2.27111816406250e-01
783 4.85351562500000e-01 2.35566139221191e-01
784 5.39550781250000e-01 2.91115045547485e-01
785 5.49316406250000e-01 3.01748514175415e-01
786 5.87890625000000e-01 3.45615386962891e-01
787 5.70312500000000e-01 3.25256347656250e-01
788 5.69824218750000e-01 3.24699640274048e-01
789 5.24414062500000e-01 2.75010108947754e-01
790 6.20605468750000e-01 3.85151147842407e-01
791 5.70312500000000e-01 3.25256347656250e-01
792 5.70800781250000e-01 3.25813531875610e-01
793 5.45898437500000e-01 2.98005104064941e-01
794 5.55664062500000e-01 3.08762550354004e-01
795 5.71777343750000e-01 3.26929330825806e-01
796 5.45410156250000e-01 2.97472238540649e-01
797 5.75195312500000e-01 3.30849647521973e-01
798 5.45898437500000e-01 2.98005104064941e-01
799 5.28320312500000e-01 2.79122352600098e-01
800 5.18554687500000e-01 2.68898963928223e-01
801 5.17578125000000e-01 2.67887115478516e-01
802 5.67871093750000e-01 3.22477579116821e-01
803 5.17089843750000e-01 2.67381906509399e-01
804 5.33691406250000e-01 2.84826517105103e-01
805 6.05957031250000e-01 3.67183923721313e-01
806 6.30371093750000e-01 3.97367715835571e-01
807 5.89355468750000e-01 3.47339868545532e-01
808 6.57714843750000e-01 4.32588815689087e-01
809 6.74804687500000e-01 4.55361366271973e-01
810 6.72851562500000e-01 4.52729225158691e-01
811 7.06542968750000e-01 4.99202966690063e-01
812 7.13378906250000e-01 5.08909463882446e-01
813 7.66601562500000e-01 5.87677955627441e-01
814 7.55371093750000e-01 5.70585489273071e-01
815 7.12890625000000e-01 5.08213043212891e-01
816 7.01171875000000e-01 4.91641998291016e-01
817 6.68457031250000e-01 4.46834802627563e-01
818 6.53808593750000e-01 4.27465677261353e-01
819 6.63574218750000e-01 4.40330743789673e-01
820 6.67480468750000e-01 4.45530176162720e-01
821 6.94335937500000e-01 4.82102394104004e-01
822 7.10449218750000e-01 5.04738092422485e-01
823 7.50976562500000e-01 5.63965797424316e-01
824 7.50976562500000e-01 5.63965797424316e-01
825 6.38671875000000e-01 4.07901763916016e-01
826 6.51855468750000e-01 4.24915552139282e-01
827 6.97753906250000e-01 4.86860513687134e-01
828 6.53808593750000e-01 4.27465677261353e-01
829 6.16699218750000e-01 3.80317926406860e-01
830 5.84472656250000e-01 3.41608285903931e-01
831 5.56640625000000e-01 3.09848785400391e-01
832 5.95214843750000e-01 3.54280710220337e-01
833 5.11718750000000e-01 2.61856079101562e-01
834 5.46386718750000e-01 2.98538446426392e-01
835 5.02441406250000e-01 2.52447366714478e-01
836 5.29296875000000e-01 2.80155181884766e-01
837 5.65429687500000e-01 3.19710731506348e-01
838 6.31835937500000e-01 3.99216651916504e-01
839 6.28417968750000e-01 3.94909143447876e-01
840 6.10351562500000e-01 3.72529029846191e-01
841 6.31347656250000e-01 3.98599863052368e-01
842 6.07421875000000e-01 3.68961334228516e-01
843 6.74316406250000e-01 4.54702615737915e-01
844 6.24023437500000e-01 3.89405250549316e-01
845 5.99609375000000e-01 3.59531402587891e-01
846 6.37207031250000e-01 4.06032800674438e-01
847 6.67480468750000e-01 4.45530176162720e-01
848 6.71875000000000e-01 4.51416015625000e-01
849 6.95312500000000e-01 4.83459472656250e-01
850 6.68457031250000e-01 4.46834802627563e-01
851 6.38183593750000e-01 4.07278299331665e-01
852 6.65039062500000e-01 4.42276954650879e-01
853 7.09472656250000e-01 5.03351449966431e-01
854 7.32421875000000e-01 5.36441802978516e-01
855 6.89941406250000e-01 4.76019144058228e-01
856 7.09960937500000e-01 5.04044532775879e-01
857 6.84082031250000e-01 4.67968225479126e-01
858 6.36230468750000e-01 4.04789209365845e-01
859 6.94824218750000e-01 4.82780694961548e-01
860 6.49902343750000e-01 4.22373056411743e-01
861 6.23046875000000e-01 3.88187408447266e-01
862 6.03515625000000e-01 3.64231109619141e-01
863 6.19140625000000e-01 3.83335113525391e-01
864 6.86523437500000e-01 4.71314430236816e-01
865 6.11816406250000e-01 3.74319314956665e-01
866 5.93750000000000e-01 3.52539062500000e-01
867 5.41992187500000e-01 2.93755531311035e-01
868 6.05468750000000e-01 3.66592407226562e-01
869 5.95214843750000e-01 3.54280710220337e-01
870 6.36718750000000e-01 4.05410766601562e-01
871 5.96679687500000e-01 3.56026649475098e-01
872 6.16210937500000e-01 3.79715919494629e-01
873 5.88867187500000e-01 3.46764564514160e-01
874 5.85937500000000e-01 3.43322753906250e-01
875 5.51757812500000e-01 3.04436683654785e-01
876 5.50781250000000e-01 3.03359985351562e-01
877 5.29296875000000e-01 2.80155181884766e-01
878 5.42968750000000e-01 2.94815063476562e-01
879 5.81542968750000e-01 3.38192224502563e-01
880 6.41601562500000e-01 4.11652565002441e-01
881 6.94335937500000e-01 4.82102394104004e-01
882 6.61621093750000e-01 4.37742471694946e-01
883 6.64062500000000e-01 4.40979003906250e-01
884 6.17187500000000e-01 3.80920410156250e-01
885 5.70312500000000e-01 3.25256347656250e-01
886 5.46386718750000e-01 2.98538446426392e-01
887 5.52734375000000e-01 3.05515289306641e-01
888 5.97167968750000e-01 3.56609582901001e-01
889 6.22558593750000e-01 3.87579202651978e-01
890 6.26953125000000e-01 3.93070220947266e-01
891 6.11328125000000e-01 3.73722076416016e-01
892 5.57128906250000e-01 3.10392618179321e-01
893 5.23437500000000e-01 2.73986816406250e-01
894 5.44921875000000e-01 2.96939849853516e-01
895 5.70800781250000e-01 3.25813531875610e-01
896 6.36230468750000e-01 4.04789209365845e-01
897 6.28906250000000e-01 3.95523071289062e-01
898 6.46484375000000e-01 4.17942047119141e-01
899 6.98242187500000e-01 4.87542152404785e-01
900 6.81152343750000e-01 4.63968515396118e-01
901 6.43066406250000e-01 4.13534402847290e-01
902 6.25000000000000e-01 3.90625000000000e-01
903 6.33300781250000e-01 4.01069879531860e-01
904 6.50878906250000e-01 4.23643350601196e-01
905 6.39648437500000e-01 4.09150123596191e-01
906 6.39160156250000e-01 4.08525705337524e-01
907 5.94238281250000e-01 3.53119134902954e-01
908 5.74218750000000e-01 3.29727172851562e-01
909 5.09765625000000e-01 2.59860992431641e-01
910 5.42480468750000e-01 2.94285058975220e-01
911 5.69824218750000e-01 3.24699640274048e-01
912 5.61035156250000e-01 3.14760446548462e-01
913 6.12304687500000e-01 3.74917030334473e-01
914 6.91406250000000e-01 4.78042602539062e-01
915 6.68945312500000e-01 4.47487831115723e-01
916 6.95800781250000e-01 4.84138727188110e-01
917 6.38671875000000e-01 4.07901763916016e-01
918 6.70410156250000e-01 4.49449777603149e-01
919 6.08886718750000e-01 3.70743036270142e-01
920 6.11816406250000e-01 3.74319314956665e-01
921 6.29882812500000e-01 3.96752357482910e-01
922 6.56738281250000e-01 4.31305170059204e-01
923 6.22558593750000e-01 3.87579202651978e-01
924 6.25488281250000e-01 3.91235589981079e-01
925 5.81054687500000e-01 3.37624549865723e-01
926 5.87890625000000e-01 3.45615386962891e-01
927 6.55761718750000e-01 4.30023431777954e-01
928 6.80175781250000e-01 4.62639093399048e-01
929 6.64062500000000e-01 4.40979003906250e-01
930 6.70410156250000e-01 4.49449777603149e-01
931 6.47460937500000e-01 4.19205665588379e-01
932 6.46972656250000e-01 4.18573617935181e-01
933 6.70898437500000e-01 4.50104713439941e-01
934 6.66015625000000e-01 4.43576812744141e-01
935 6.07421875000000e-01 3.68961334228516e-01
936 6.22070312500000e-01 3.86971473693848e-01
937 5.65429687500000e-01 3.19710731506348e-01
938 6.05957031250000e-01 3.67183923721313e-01
939 5.82031250000000e-01 3.38760375976562e-01
940 5.22460937500000e-01 2.72965431213379e-01
941 5.45898437500000e-01 2.98005104064941e-01
942 5.75683593750000e-01 3.31411600112915e-01
943 5.52734375000000e-01 3.05515289306641e-01
944 5.83496093750000e-01 3.40467691421509e-01
945 5.82031250000000e-01 3.38760375976562e-01
946 5.94726562500000e-01 3.53699684143066e-01
947 5.88378906250000e-01 3.46189737319946e-01
948 5.63964843750000e-01 3.18056344985962e-01
949 5.20019531250000e-01 2.70420312881470e-01
950 5.33691406250000e-01 2.84826517105103e-01
951 5.42968750000000e-01 2.94815063476562e-01
952 5.11718750000000e-01 2.61856079101562e-01
953 5.46875000000000e-01 2.99072265625000e-01
954 5.92773437500000e-01 3.51380348205566e-01
955 5.55664062500000e-01 3.08762550354004e-01
956 5.21972656250000e-01 2.72455453872681e-01
957 5.17578125000000e-01 2.67887115478516e-01
958 5.90332031250000e-01 3.48491907119751e-01
959 5.65917968750000e-01 3.20263147354126e-01
960 6.15234375000000e-01 3.78513336181641e-01
961 5.69824218750000e-01 3.24699640274048e-01
962 6.87500000000000e-01 4.72656250000000e-01
963 6.96289062500000e-01 4.84818458557129e-01
964 6.39648437500000e-01 4.09150123596191e-01
965 6.67480468750000e-01 4.45530176162720e-01
966 6.94335937500000e-01 4.82102394104004e-01
967 5.95703125000000e-01 3.54862213134766e-01
968 5.04394531250000e-01 2.54413843154907e-01
969 5.43457031250000e-01 2.95345544815063e-01
970 5.38574218750000e-01 2.90062189102173e-01
971 5.69335937500000e-01 3.24143409729004e-01
972 6.59667968750000e-01 4.35161828994751e-01
973 6.11816406250000e-01 3.74319314956665e-01
974 6.01562500000000e-01 3.61877441406250e-01
975 5.99121093750000e-01 3.58946084976196e-01
976 5.62988281250000e-01 3.16955804824829e-01
977 5.46875000000000e-01 2.99072265625000e-01
978 5.70800781250000e-01 3.25813531875610e-01
979 5.54199218750000e-01 3.07136774063110e-01
980 5.94238281250000e-01 3.53119134902954e-01
981 5.65917968750000e-01 3.20263147354126e-01
982 5.86425781250000e-01 3.43895196914673e-01
983 5.45898437500000e-01 2.98005104064941e-01
984 5.60058593750000e-01 3.13665628433228e-01
985 5.75195312500000e-01 3.30849647521973e-01
986 5.38085937500000e-01 2.89536476135254e-01
987 6.42578125000000e-01 4.12906646728516e-01
988 5.68847656250000e-01 3.23587656021118e-01
989 5.91308593750000e-01 3.49645853042603e-01
990 5.64453125000000e-01 3.18607330322266e-01
991 5.81542968750000e-01 3.38192224502563e-01
992 5.24414062500000e-01 2.75010108947754e-01
993 5.38085937500000e-01 2.89536476135254e-01
994 5.43945312500000e-01 2.95876502990723e-01
995 5.38574218750000e-01 2.90062189102173e-01
996 5.45410156250000e-01 2.97472238540649e-01
997 5.86914062500000e-01 3.44468116760254e-01
998 5.36132812500000e-01 2.87438392639160e-01
999 5.41015625000000e-01 2.92697906494141e-01
