0 6.43554687500000e-01 4.14162635803223e-01
1 6.18164062500000e-01 3.82126808166504e-01
2 6.29394531250000e-01 3.96137475967407e-01
3 5.77636718750000e-01 3.33664178848267e-01
4 6.50390625000000e-01 4.23007965087891e-01
5 6.36230468750000e-01 4.04789209365845e-01
6 6.04492187500000e-01 3.65410804748535e-01
7 5.45410156250000e-01 2.97472238540649e-01
8 4.59472656250000e-01 2.11115121841431e-01
9 4.58496093750000e-01 2.10218667984009e-01
10 4.81933593750000e-01 2.32259988784790e-01
11 4.70214843750000e-01 2.21101999282837e-01
12 4.80957031250000e-01 2.31319665908813e-01
13 4.79492187500000e-01 2.29912757873535e-01
14 4.98535156250000e-01 2.48537302017212e-01
15 5.23437500000000e-01 2.73986816406250e-01
16 5.81542968750000e-01 3.38192224502563e-01
17 5.75683593750000e-01 3.31411600112915e-01
18 5.38574218750000e-01 2.90062189102173e-01
19 5.70312500000000e-01 3.25256347656250e-01
20 5.98632812500000e-01 3.58361244201660e-01
21 6.02539062500000e-01 3.63053321838379e-01
22 4.91699218750000e-01 2.41768121719360e-01
23 4.72167968750000e-01 2.22942590713501e-01
24 4.21875000000000e-01 1.77978515625000e-01
25 3.72070312500000e-01 1.38436317443848e-01
26 3.39355468750000e-01 1.15162134170532e-01
27 2.73925781250000e-01 7.50353336334229e-02
28 3.72070312500000e-01 1.38436317443848e-01
29 3.59375000000000e-01 1.29150390625000e-01
30 3.98925781250000e-01 1.59141778945923e-01
31 3.71093750000000e-01 1.37710571289062e-01
32 4.16015625000000e-01 1.73069000244141e-01
33 4.68750000000000e-01 2.19726562500000e-01
34 5.71289062500000e-01 3.26371192932129e-01
35 5.63476562500000e-01 3.17505836486816e-01
36 5.35644531250000e-01 2.86915063858032e-01
37 5.53710937500000e-01 3.06595802307129e-01
38 5.65917968750000e-01 3.20263147354126e-01
39 5.38085937500000e-01 2.89536476135254e-01
40 5.11230468750000e-01 2.61356592178345e-01
41 5.44921875000000e-01 2.96939849853516e-01
42 5.90820312500000e-01 3.49068641662598e-01
43 6.20117187500000e-01 3.84545326232910e-01
44 6.30371093750000e-01 3.97367715835571e-01
45 5.72265625000000e-01 3.27487945556641e-01
46 5.62011718750000e-01 3.15857172012329e-01
47 5.47851562500000e-01 3.00141334533691e-01
48 5.35156250000000e-01 2.86392211914062e-01
49 4.95117187500000e-01 2.45141029357910e-01
50 4.76074218750000e-01 2.26646661758423e-01
51 3.89160156250000e-01 1.51445627212524e-01
52 4.24804687500000e-01 1.80459022521973e-01
53 4.13085937500000e-01 1.70639991760254e-01
54 4.62402343750000e-01 2.13815927505493e-01
55 4.99511718750000e-01 2.49511957168579e-01
56 5.26855468750000e-01 2.77576684951782e-01
57 4.60937500000000e-01 2.12463378906250e-01
58 5.23925781250000e-01 2.74498224258423e-01
59 5.40039062500000e-01 2.91642189025879e-01
60 5.63476562500000e-01 3.17505836486816e-01
61 5.74218750000000e-01 3.29727172851562e-01
62 5.01953125000000e-01 2.51956939697266e-01
63 5.29296875000000e-01 2.80155181884766e-01
64 4.56054687500000e-01 2.07985877990723e-01
65 4.09667968750000e-01 1.67827844619751e-01
66 4.18457031250000e-01 1.75106287002563e-01
67 3.04687500000000e-01 9.28344726562500e-02
68 3.15429687500000e-01 9.94958877563477e-02
69 3.58886718750000e-01 1.28799676895142e-01
70 3.64746093750000e-01 1.33039712905884e-01
71 4.06250000000000e-01 1.65039062500000e-01
72 3.63281250000000e-01 1.31973266601562e-01
73 3.49609375000000e-01 1.22226715087891e-01
74 4.06738281250000e-01 1.65436029434204e-01
75 4.44824218750000e-01 1.97868585586548e-01
76 3.61328125000000e-01 1.30558013916016e-01
77 3.51562500000000e-01 1.23596191406250e-01
78 2.77832031250000e-01 7.71906375885010e-02
79 2.35839843750000e-01 5.56204319000244e-02
80 2.42675781250000e-01 5.88915348052979e-02
81 2.35839843750000e-01 5.56204319000244e-02
82 1.85058593750000e-01 3.42466831207275e-02
83 1.48925781250000e-01 2.21788883209229e-02
84 1.81640625000000e-01 3.29933166503906e-02
85 2.24121093750000e-01 5.02302646636963e-02
86 2.75878906250000e-01 7.61091709136963e-02
87 2.52441406250000e-01 6.37266635894775e-02
88 2.16308593750000e-01 4.67894077301025e-02
89 2.20703125000000e-01 4.87098693847656e-02
90 2.10937500000000e-01 4.44946289062500e-02
91 1.37695312500000e-01 1.89599990844727e-02
92 1.46484375000000e-01 2.14576721191406e-02
93 1.35253906250000e-01 1.82936191558838e-02
94 1.31835937500000e-01 1.73807144165039e-02
95 1.56738281250000e-01 2.45668888092041e-02
96 1.50390625000000e-01 2.26173400878906e-02
97 1.05957031250000e-01 1.12268924713135e-02
98 1.75292968750000e-01 3.07276248931885e-02
99 1.33789062500000e-01 1.78995132446289e-02
100 1.18652343750000e-01 1.40783786773682e-02
101 9.08203125000000e-02 8.24832916259766e-03
102 8.54492187500000e-02 7.30156898498535e-03
103 4.39453125000000e-02 1.93119049072266e-03
104 1.12792968750000e-01 1.27222537994385e-02
105 1.53320312500000e-01 2.35071182250977e-02
106 1.39648437500000e-01 1.95016860961914e-02
107 2.42187500000000e-01 5.86547851562500e-02
108 2.64160156250000e-01 6.97805881500244e-02
109 2.90039062500000e-01 8.41226577758789e-02
110 2.52929687500000e-01 6.39734268188477e-02
111 2.69042968750000e-01 7.23841190338135e-02
112 2.37304687500000e-01 5.63135147094727e-02
113 3.02246093750000e-01 9.13527011871338e-02
114 2.89550781250000e-01 8.38396549224854e-02
115 2.73437500000000e-01 7.47680664062500e-02
116 2.76367187500000e-01 7.63788223266602e-02
117 2.87597656250000e-01 8.27124118804932e-02
118 3.08593750000000e-01 9.52301025390625e-02
119 2.45117187500000e-01 6.00824356079102e-02
120 1.61621093750000e-01 2.61213779449463e-02
121 2.04101562500000e-01 4.16574478149414e-02
122 1.84082031250000e-01 3.38861942291260e-02
123 1.51855468750000e-01 2.30600833892822e-02
124 1.92871093750000e-01 3.71992588043213e-02
125 1.56738281250000e-01 2.45668888092041e-02
126 1.15722656250000e-01 1.33917331695557e-02
127 6.88476562500000e-02 4.73999977111816e-03
128 3.71093750000000e-02 1.37710571289062e-03
129 1.56250000000000e-02 2.44140625000000e-04
130 4.49218750000000e-02 2.01797485351562e-03
131 7.76367187500000e-02 6.02746009826660e-03
132 7.51953125000000e-02 5.65433502197266e-03
133 9.81445312500000e-02 9.63234901428223e-03
134 8.39843750000000e-02 7.05337524414062e-03
135 2.68554687500000e-02 7.21216201782227e-04
136 9.86328125000000e-02 9.72843170166016e-03
137 9.47265625000000e-02 8.97312164306641e-03
138 9.86328125000000e-02 9.72843170166016e-03
139 7.71484375000000e-02 5.95188140869141e-03
140 2.14843750000000e-02 4.61578369140625e-04
141 1.75781250000000e-02 3.08990478515625e-04
142 2.19726562500000e-02 4.82797622680664e-04
143 6.88476562500000e-02 4.73999977111816e-03
144 3.51562500000000e-02 1.23596191406250e-03
145 1.51367187500000e-02 2.29120254516602e-04
146 8.59375000000000e-02 7.38525390625000e-03
147 1.56250000000000e-02 2.44140625000000e-04
148 9.27734375000000e-02 8.60691070556641e-03
149 1.35742187500000e-01 1.84259414672852e-02
150 1.01074218750000e-01 1.02159976959229e-02
151 9.17968750000000e-02 8.42666625976562e-03
152 7.71484375000000e-02 5.95188140869141e-03
153 2.09960937500000e-02 4.40835952758789e-04
154 1.01562500000000e-01 1.03149414062500e-02
155 9.37500000000000e-02 8.78906250000000e-03
156 7.66601562500000e-02 5.87677955627441e-03
157 4.63867187500000e-02 2.15172767639160e-03
158 4.49218750000000e-02 2.01797485351562e-03
159 5.37109375000000e-03 2.88486480712891e-05
160 9.22851562500000e-02 8.51655006408691e-03
161 8.78906250000000e-02 7.72476196289062e-03
162 6.44531250000000e-02 4.15420532226562e-03
163 3.36914062500000e-02 1.13511085510254e-03
164 4.88281250000000e-04 2.38418579101562e-07
165 1.51367187500000e-02 2.29120254516602e-04
166 8.30078125000000e-03 6.89029693603516e-05
167 5.41992187500000e-02 2.93755531311035e-03
168 4.19921875000000e-02 1.76334381103516e-03
169 1.36718750000000e-02 1.86920166015625e-04
170 1.36718750000000e-02 1.86920166015625e-04
171 3.95507812500000e-02 1.56426429748535e-03
172 3.51562500000000e-02 1.23596191406250e-03
173 8.10546875000000e-02 6.56986236572266e-03
174 8.74023437500000e-02 7.63916969299316e-03
175 8.93554687500000e-02 7.98439979553223e-03
176 6.49414062500000e-02 4.21738624572754e-03
177 1.87011718750000e-01 3.49733829498291e-02
178 2.25097656250000e-01 5.06689548492432e-02
179 2.21679687500000e-01 4.91418838500977e-02
180 2.22167968750000e-01 4.93586063385010e-02
181 2.63671875000000e-01 6.95228576660156e-02
182 3.14941406250000e-01 9.91880893707275e-02
183 3.64257812500000e-01 1.32683753967285e-01
184 3.31542968750000e-01 1.09920740127563e-01
185 2.98339843750000e-01 8.90066623687744e-02
186 2.28515625000000e-01 5.22193908691406e-02
187 1.81640625000000e-01 3.29933166503906e-02
188 1.83105468750000e-01 3.35276126861572e-02
189 1.46484375000000e-01 2.14576721191406e-02
190 1.67480468750000e-01 2.80497074127197e-02
191 1.40136718750000e-01 1.96382999420166e-02
192 9.71679687500000e-02 9.44161415100098e-03
193 1.00585937500000e-01 1.01175308227539e-02
194 1.45507812500000e-01 2.11725234985352e-02
195 1.32324218750000e-01 1.75096988677979e-02
196 1.21582031250000e-01 1.47821903228760e-02
197 7.91015625000000e-02 6.25705718994141e-03
198 9.52148437500000e-02 9.06586647033691e-03
199 1.01074218750000e-01 1.02159976959229e-02
200 1.31835937500000e-01 1.73807144165039e-02
201 1.45996093750000e-01 2.13148593902588e-02
202 1.67480468750000e-01 2.80497074127197e-02
203 1.27929687500000e-01 1.63660049438477e-02
204 1.47949218750000e-01 2.18889713287354e-02
205 9.52148437500000e-02 9.06586647033691e-03
206 1.11816406250000e-01 1.25029087066650e-02
207 1.16699218750000e-01 1.36187076568604e-02
208 9.17968750000000e-02 8.42666625976562e-03
209 9.52148437500000e-02 9.06586647033691e-03
210 2.44140625000000e-02 5.96046447753906e-04
211 6.00585937500000e-02 3.60703468322754e-03
212 4.39453125000000e-02 1.93119049072266e-03
213 6.10351562500000e-02 3.72529029846191e-03
214 5.61523437500000e-02 3.15308570861816e-03
215 2.19726562500000e-02 4.82797622680664e-04
216 4.88281250000000e-03 2.38418579101562e-05
217 4.88281250000000e-03 2.38418579101562e-05
218 4.58984375000000e-02 2.10666656494141e-03
219 8.39843750000000e-02 7.05337524414062e-03
220 1.46972656250000e-01 2.16009616851807e-02
221 1.78710937500000e-01 3.19375991821289e-02
222 1.43066406250000e-01 2.04679965972900e-02
223 8.98437500000000e-02 8.07189941406250e-03
224 1.38183593750000e-01 1.90947055816650e-02
225 1.80175781250000e-01 3.24633121490479e-02
226 1.62109375000000e-01 2.62794494628906e-02
227 1.54785156250000e-01 2.39584445953369e-02
228 1.12792968750000e-01 1.27222537994385e-02
229 6.39648437500000e-02 4.09150123596191e-03
230 8.98437500000000e-02 8.07189941406250e-03
231 9.08203125000000e-02 8.24832916259766e-03
232 1.63085937500000e-01 2.65970230102539e-02
233 1.51367187500000e-01 2.29120254516602e-02
234 1.54785156250000e-01 2.39584445953369e-02
235 1.50878906250000e-01 2.27644443511963e-02
236 1.42578125000000e-01 2.03285217285156e-02
237 1.20605468750000e-01 1.45456790924072e-02
238 1.67480468750000e-01 2.80497074127197e-02
239 2.10937500000000e-01 4.44946289062500e-02
240 1.80175781250000e-01 3.24633121490479e-02
241 1.72851562500000e-01 2.98776626586914e-02
242 1.96777343750000e-01 3.87213230133057e-02
243 2.33886718750000e-01 5.47029972076416e-02
244 1.63574218750000e-01 2.67565250396729e-02
245 2.09472656250000e-01 4.38787937164307e-02
246 2.81738281250000e-01 7.93764591217041e-02
247 2.85644531250000e-01 8.15927982330322e-02
248 3.29589843750000e-01 1.08629465103149e-01
249 3.26171875000000e-01 1.06388092041016e-01
250 3.19335937500000e-01 1.01975440979004e-01
251 3.27148437500000e-01 1.07026100158691e-01
252 4.13574218750000e-01 1.71043634414673e-01
253 4.20410156250000e-01 1.76744699478149e-01
254 4.44335937500000e-01 1.97434425354004e-01
255 4.36035156250000e-01 1.90126657485962e-01
256 4.08691406250000e-01 1.67028665542603e-01
257 4.33105468750000e-01 1.87580347061157e-01
258 4.49218750000000e-01 2.01797485351562e-01
259 4.63378906250000e-01 2.14720010757446e-01
260 3.85742187500000e-01 1.48797035217285e-01
261 4.28222656250000e-01 1.83374643325806e-01
262 4.53613281250000e-01 2.05765008926392e-01
263 4.27734375000000e-01 1.82956695556641e-01
264 4.11621093750000e-01 1.69431924819946e-01
265 4.53125000000000e-01 2.05322265625000e-01
266 4.63378906250000e-01 2.14720010757446e-01
267 4.36035156250000e-01 1.90126657485962e-01
268 3.51074218750000e-01 1.23253107070923e-01
269 3.32031250000000e-01 1.10244750976562e-01
270 3.08593750000000e-01 9.52301025390625e-02
271 4.34082031250000e-01 1.88427209854126e-01
272 4.62402343750000e-01 2.13815927505493e-01
273 5.18066406250000e-01 2.68392801284790e-01
274 5.33691406250000e-01 2.84826517105103e-01
275 4.79492187500000e-01 2.29912757873535e-01
276 5.13671875000000e-01 2.63858795166016e-01
277 5.08789062500000e-01 2.58866310119629e-01
278 5.06835937500000e-01 2.56882667541504e-01
279 5.41015625000000e-01 2.92697906494141e-01
280 5.00976562500000e-01 2.50977516174316e-01
281 4.71191406250000e-01 2.22021341323853e-01
282 5.48828125000000e-01 3.01212310791016e-01
283 4.63867187500000e-01 2.15172767639160e-01
284 5.44433593750000e-01 2.96407938003540e-01
285 5.71289062500000e-01 3.26371192932129e-01
286 5.94726562500000e-01 3.53699684143066e-01
287 5.43945312500000e-01 2.95876502990723e-01
288 5.66406250000000e-01 3.20816040039062e-01
289 5.10742187500000e-01 2.60857582092285e-01
290 5.49804687500000e-01 3.02285194396973e-01
291 5.41992187500000e-01 2.93755531311035e-01
292 4.82421875000000e-01 2.32730865478516e-01
293 4.92187500000000e-01 2.42248535156250e-01
294 5.13183593750000e-01 2.63357400894165e-01
295 5.38574218750000e-01 2.90062189102173e-01
296 5.43945312500000e-01 2.95876502990723e-01
297 4.83398437500000e-01 2.33674049377441e-01
298 5.17089843750000e-01 2.67381906509399e-01
299 5.33203125000000e-01 2.84305572509766e-01
300 4.95605468750000e-01 2.45624780654907e-01
301 4.97070312500000e-01 2.47078895568848e-01
302 5.92773437500000e-01 3.51380348205566e-01
303 5.73242187500000e-01 3.28606605529785e-01
304 5.77148437500000e-01 3.33100318908691e-01
305 6.38183593750000e-01 4.07278299331665e-01
306 6.57714843750000e-01 4.32588815689087e-01
307 6.09375000000000e-01 3.71337890625000e-01
308 6.52832031250000e-01 4.26189661026001e-01
309 5.83496093750000e-01 3.40467691421509e-01
310 6.20605468750000e-01 3.85151147842407e-01
311 6.85058593750000e-01 4.69305276870728e-01
312 6.55273437500000e-01 4.29383277893066e-01
313 6.92871093750000e-01 4.80070352554321e-01
314 6.46484375000000e-01 4.17942047119141e-01
315 6.87500000000000e-01 4.72656250000000e-01
316 7.32421875000000e-01 5.36441802978516e-01
317 6.29394531250000e-01 3.96137475967407e-01
318 6.50878906250000e-01 4.23643350601196e-01
319 6.38183593750000e-01 4.07278299331665e-01
320 6.94824218750000e-01 4.82780694961548e-01
321 6.85546875000000e-01 4.69974517822266e-01
322 5.99121093750000e-01 3.58946084976196e-01
323 5.68847656250000e-01 3.23587656021118e-01
324 7.11425781250000e-01 5.06126642227173e-01
325 6.69433593750000e-01 4.48141336441040e-01
326 6.51367187500000e-01 4.24279212951660e-01
327 6.52832031250000e-01 4.26189661026001e-01
328 6.16210937500000e-01 3.79715919494629e-01
329 6.02050781250000e-01 3.62465143203735e-01
330 5.84960937500000e-01 3.42179298400879e-01
331 6.72851562500000e-01 4.52729225158691e-01
332 6.77246093750000e-01 4.58662271499634e-01
333 7.40722656250000e-01 5.48670053482056e-01
334 7.44140625000000e-01 5.53745269775391e-01
335 7.37792968750000e-01 5.44338464736938e-01
336 6.93359375000000e-01 4.80747222900391e-01
337 6.80175781250000e-01 4.62639093399048e-01
338 6.20117187500000e-01 3.84545326232910e-01
339 6.26464843750000e-01 3.92458200454712e-01
340 6.20605468750000e-01 3.85151147842407e-01
341 6.51367187500000e-01 4.24279212951660e-01
342 5.92773437500000e-01 3.51380348205566e-01
343 5.74218750000000e-01 3.29727172851562e-01
344 4.97070312500000e-01 2.47078895568848e-01
345 5.06347656250000e-01 2.56387948989868e-01
346 5.32714843750000e-01 2.83785104751587e-01
347 5.06347656250000e-01 2.56387948989868e-01
348 5.56152343750000e-01 3.09305429458618e-01
349 6.09375000000000e-01 3.71337890625000e-01
350 6.02539062500000e-01 3.63053321838379e-01
351 6.17187500000000e-01 3.80920410156250e-01
352 6.43066406250000e-01 4.13534402847290e-01
353 6.14746093750000e-01 3.77912759780884e-01
354 6.38671875000000e-01 4.07901763916016e-01
355 7.14843750000000e-01 5.11001586914062e-01
356 8.12011718750000e-01 6.59363031387329e-01
357 7.35839843750000e-01 5.41460275650024e-01
358 7.78808593750000e-01 6.06542825698853e-01
359 7.70019531250000e-01 5.92930078506470e-01
360 7.73925781250000e-01 5.98961114883423e-01
361 7.23144531250000e-01 5.22938013076782e-01
362 7.18750000000000e-01 5.16601562500000e-01
363 7.46582031250000e-01 5.57384729385376e-01
364 7.14355468750000e-01 5.10303735733032e-01
365 7.52929687500000e-01 5.66903114318848e-01
366 7.40722656250000e-01 5.48670053482056e-01
367 7.00195312500000e-01 4.90273475646973e-01
368 6.82128906250000e-01 4.65299844741821e-01
369 6.27441406250000e-01 3.93682718276978e-01
370 6.46484375000000e-01 4.17942047119141e-01
371 6.76269531250000e-01 4.57340478897095e-01
372 6.56250000000000e-01 4.30664062500000e-01
373 6.60644531250000e-01 4.36451196670532e-01
374 6.00097656250000e-01 3.60117197036743e-01
375 5.96191406250000e-01 3.55444192886353e-01
376 5.62500000000000e-01 3.16406250000000e-01
377 4.44824218750000e-01 1.97868585586548e-01
378 4.77050781250000e-01 2.27577447891235e-01
379 4.74121093750000e-01 2.24790811538696e-01
380 4.69238281250000e-01 2.20184564590454e-01
381 5.04394531250000e-01 2.54413843154907e-01
382 5.17578125000000e-01 2.67887115478516e-01
383 4.91699218750000e-01 2.41768121719360e-01
384 4.51171875000000e-01 2.03556060791016e-01
385 4.28710937500000e-01 1.83793067932129e-01
386 4.76074218750000e-01 2.26646661758423e-01
387 4.97070312500000e-01 2.47078895568848e-01
388 4.54101562500000e-01 2.06208229064941e-01
389 5.20019531250000e-01 2.70420312881470e-01
390 5.48828125000000e-01 3.01212310791016e-01
391 5.75195312500000e-01 3.30849647521973e-01
392 5.73730468750000e-01 3.29166650772095e-01
393 6.30371093750000e-01 3.97367715835571e-01
394 6.54785156250000e-01 4.28743600845337e-01
395 6.39160156250000e-01 4.08525705337524e-01
396 5.96191406250000e-01 3.55444192886353e-01
397 6.12304687500000e-01 3.74917030334473e-01
398 6.31347656250000e-01 3.98599863052368e-01
399 6.22070312500000e-01 3.86971473693848e-01
400 5.71777343750000e-01 3.26929330825806e-01
401 5.77636718750000e-01 3.33664178848267e-01
402 5.26367187500000e-01 2.77062416076660e-01
403 5.84472656250000e-01 3.41608285903931e-01
404 5.41992187500000e-01 2.93755531311035e-01
405 5.87402343750000e-01 3.45041513442993e-01
406 5.67871093750000e-01 3.22477579116821e-01
407 6.27929687500000e-01 3.94295692443848e-01
408 5.43457031250000e-01 2.95345544815063e-01
409 6.06445312500000e-01 3.67775917053223e-01
410 6.63574218750000e-01 4.40330743789673e-01
411 6.32812500000000e-01 4.00451660156250e-01
412 6.24511718750000e-01 3.90014886856079e-01
413 6.15722656250000e-01 3.79114389419556e-01
414 6.45019531250000e-01 4.16050195693970e-01
415 6.31835937500000e-01 3.99216651916504e-01
416 6.23046875000000e-01 3.88187408447266e-01
417 5.47851562500000e-01 3.00141334533691e-01
418 6.12304687500000e-01 3.74917030334473e-01
419 5.62500000000000e-01 3.16406250000000e-01
420 5.98632812500000e-01 3.58361244201660e-01
421 6.32324218750000e-01 3.99833917617798e-01
422 6.69433593750000e-01 4.48141336441040e-01
423 5.91796875000000e-01 3.50223541259766e-01
424 5.58105468750000e-01 3.11481714248657e-01
425 5.52734375000000e-01 3.05515289306641e-01
426 5.52734375000000e-01 3.05515289306641e-01
427 4.98535156250000e-01 2.48537302017212e-01
428 5.19042968750000e-01 2.69405603408813e-01
429 5.36132812500000e-01 2.87438392639160e-01
430 5.27343750000000e-01 2.78091430664062e-01
431 5.12695312500000e-01 2.62856483459473e-01
432 4.79003906250000e-01 2.29444742202759e-01
433 4.72656250000000e-01 2.23403930664062e-01
434 4.73632812500000e-01 2.24328041076660e-01
435 4.43847656250000e-01 1.97000741958618e-01
436 3.88671875000000e-01 1.51065826416016e-01
437 3.50585937500000e-01 1.22910499572754e-01
438 3.76953125000000e-01 1.42093658447266e-01
439 3.97949218750000e-01 1.58363580703735e-01
440 4.85839843750000e-01 2.36040353775024e-01
441 4.75585937500000e-01 2.26181983947754e-01
442 5.13183593750000e-01 2.63357400894165e-01
443 5.56640625000000e-01 3.09848785400391e-01
444 5.28808593750000e-01 2.79638528823853e-01
445 4.88769531250000e-01 2.38895654678345e-01
446 4.88769531250000e-01 2.38895654678345e-01
447 5.01464843750000e-01 2.51466989517212e-01
448 4.75097656250000e-01 2.25717782974243e-01
449 5.00488281250000e-01 2.50488519668579e-01
450 4.76074218750000e-01 2.26646661758423e-01
451 4.72656250000000e-01 2.23403930664062e-01
452 4.69238281250000e-01 2.20184564590454e-01
453 4.92675781250000e-01 2.42729425430298e-01
454 4.94628906250000e-01 2.44657754898071e-01
455 4.09179687500000e-01 1.67428016662598e-01
456 3.89160156250000e-01 1.51445627212524e-01
457 3.79882812500000e-01 1.44310951232910e-01
458 2.94921875000000e-01 8.69789123535156e-02
459 2.75390625000000e-01 7.58399963378906e-02
460 2.60742187500000e-01 6.79864883422852e-02
461 2.03125000000000e-01 4.12597656250000e-02
462 2.37304687500000e-01 5.63135147094727e-02
463 2.49023437500000e-01 6.20126724243164e-02
464 2.39746093750000e-01 5.74781894683838e-02
465 2.30957031250000e-01 5.33411502838135e-02
466 2.03125000000000e-01 4.12597656250000e-02
467 1.17675781250000e-01 1.38475894927979e-02
468 8.25195312500000e-02 6.80947303771973e-03
469 1.22070312500000e-02 1.49011611938477e-04
470 8.30078125000000e-03 6.89029693603516e-05
471 1.36718750000000e-02 1.86920166015625e-04
472 1.70898437500000e-02 2.92062759399414e-04
473 8.54492187500000e-02 7.30156898498535e-03
474 1.11816406250000e-01 1.25029087066650e-02
475 5.12695312500000e-02 2.62856483459473e-03
476 7.71484375000000e-02 5.95188140869141e-03
477 8.59375000000000e-02 7.38525390625000e-03
478 1.90429687500000e-02 3.62634658813477e-04
479 4.39453125000000e-03 1.93119049072266e-05
480 3.12500000000000e-02 9.76562500000000e-04
481 6.10351562500000e-02 3.72529029846191e-03
482 1.50390625000000e-01 2.26173400878906e-02
483 1.77246093750000e-01 3.14161777496338e-02
484 1.55761718750000e-01 2.42617130279541e-02
485 2.12890625000000e-01 4.53224182128906e-02
486 2.34375000000000e-01 5.49316406250000e-02
487 2.94433593750000e-01 8.66911411285400e-02
488 2.99316406250000e-01 8.95903110504150e-02
489 3.34960937500000e-01 1.12198829650879e-01
490 3.12500000000000e-01 9.76562500000000e-02
491 3.47656250000000e-01 1.20864868164062e-01
492 3.29589843750000e-01 1.08629465103149e-01
493 3.92089843750000e-01 1.53734445571899e-01
494 3.65722656250000e-01 1.33753061294556e-01
495 3.15917968750000e-01 9.98041629791260e-02
496 3.65234375000000e-01 1.33396148681641e-01
497 3.73535156250000e-01 1.39528512954712e-01
498 3.75976562500000e-01 1.41358375549316e-01
499 4.23828125000000e-01 1.79630279541016e-01
500 3.68164062500000e-01 1.35544776916504e-01
501 3.54003906250000e-01 1.25318765640259e-01
502 3.79882812500000e-01 1.44310951232910e-01
503 4.29199218750000e-01 1.84211969375610e-01
504 4.47265625000000e-01 2.00046539306641e-01
505 4.11132812500000e-01 1.69030189514160e-01
506 4.34082031250000e-01 1.88427209854126e-01
507 4.33105468750000e-01 1.87580347061157e-01
508 4.03808593750000e-01 1.63061380386353e-01
509 4.30175781250000e-01 1.85051202774048e-01
510 4.29687500000000e-01 1.84631347656250e-01
511 4.43847656250000e-01 1.97000741958618e-01
512 4.88281250000000e-01 2.38418579101562e-01
513 5.09277343750000e-01 2.59363412857056e-01
514 4.97070312500000e-01 2.47078895568848e-01
515 4.71679687500000e-01 2.22481727600098e-01
516 5.20996093750000e-01 2.71436929702759e-01
517 5.32226562500000e-01 2.83265113830566e-01
518 4.66796875000000e-01 2.17899322509766e-01
519 5.55175781250000e-01 3.08220148086548e-01
520 5.70800781250000e-01 3.25813531875610e-01
521 5.61035156250000e-01 3.14760446548462e-01
522 5.73730468750000e-01 3.29166650772095e-01
523 5.34667968750000e-01 2.85869836807251e-01
524 4.36523437500000e-01 1.90552711486816e-01
525 4.64843750000000e-01 2.16079711914062e-01
526 5.00488281250000e-01 2.50488519668579e-01
527 5.53710937500000e-01 3.06595802307129e-01
528 5.51269531250000e-01 3.03898096084595e-01
529 4.84375000000000e-01 2.34619140625000e-01
530 5.34179687500000e-01 2.85347938537598e-01
531 5.10253906250000e-01 2.60359048843384e-01
532 6.03515625000000e-01 3.64231109619141e-01
533 6.18164062500000e-01 3.82126808166504e-01
534 5.98144531250000e-01 3.57776880264282e-01
535 6.01074218750000e-01 3.61290216445923e-01
536 5.53222656250000e-01 3.06055307388306e-01
537 4.85351562500000e-01 2.35566139221191e-01
538 4.99511718750000e-01 2.49511957168579e-01
539 4.91210937500000e-01 2.41288185119629e-01
540 5.25878906250000e-01 2.76548624038696e-01
541 5.23437500000000e-01 2.73986816406250e-01
542 5.40527343750000e-01 2.92169809341431e-01
543 5.31738281250000e-01 2.82745599746704e-01
544 5.23437500000000e-01 2.73986816406250e-01
545 5.83984375000000e-01 3.41037750244141e-01
546 5.86425781250000e-01 3.43895196914673e-01
547 5.74707031250000e-01 3.30288171768188e-01
548 6.00585937500000e-01 3.60703468322754e-01
549 6.41601562500000e-01 4.11652565002441e-01
550 6.36718750000000e-01 4.05410766601562e-01
551 5.85449218750000e-01 3.42750787734985e-01
552 6.18652343750000e-01 3.82730722427368e-01
553 6.16699218750000e-01 3.80317926406860e-01
554 6.22070312500000e-01 3.86971473693848e-01
555 5.41503906250000e-01 2.93226480484009e-01
556 5.38574218750000e-01 2.90062189102173e-01
557 6.28906250000000e-01 3.95523071289062e-01
558 6.66992187500000e-01 4.44878578186035e-01
559 6.48925781250000e-01 4.21104669570923e-01
560 6.73339843750000e-01 4.53386545181274e-01
561 7.03125000000000e-01 4.94384765625000e-01
562 6.63574218750000e-01 4.40330743789673e-01
563 6.16210937500000e-01 3.79715919494629e-01
564 7.11425781250000e-01 5.06126642227173e-01
565 6.63574218750000e-01 4.40330743789673e-01
566 6.32324218750000e-01 3.99833917617798e-01
567 5.95703125000000e-01 3.54862213134766e-01
568 6.02050781250000e-01 3.62465143203735e-01
569 5.21972656250000e-01 2.72455453872681e-01
570 5.08300781250000e-01 2.58369684219360e-01
571 4.82421875000000e-01 2.32730865478516e-01
572 4.88281250000000e-01 2.38418579101562e-01
573 5.16113281250000e-01 2.66372919082642e-01
574 5.50781250000000e-01 3.03359985351562e-01
575 5.72753906250000e-01 3.28047037124634e-01
576 5.80566406250000e-01 3.37057352066040e-01
577 6.57226562500000e-01 4.31946754455566e-01
578 6.28906250000000e-01 3.95523071289062e-01
579 6.03027343750000e-01 3.63641977310181e-01
580 5.87402343750000e-01 3.45041513442993e-01
581 5.93261718750000e-01 3.51959466934204e-01
582 6.11816406250000e-01 3.74319314956665e-01
583 6.40136718750000e-01 4.09775018692017e-01
584 6.10351562500000e-01 3.72529029846191e-01
585 5.63964843750000e-01 3.18056344985962e-01
586 5.61035156250000e-01 3.14760446548462e-01
587 5.62011718750000e-01 3.15857172012329e-01
588 6.14257812500000e-01 3.77312660217285e-01
589 6.97265625000000e-01 4.86179351806641e-01
590 6.26953125000000e-01 3.93070220947266e-01
591 6.07421875000000e-01 3.68961334228516e-01
592 5.73730468750000e-01 3.29166650772095e-01
593 5.31738281250000e-01 2.82745599746704e-01
594 5.36621093750000e-01 2.87962198257446e-01
595 5.32714843750000e-01 2.83785104751587e-01
596 5.22460937500000e-01 2.72965431213379e-01
597 4.88769531250000e-01 2.38895654678345e-01
598 5.87402343750000e-01 3.45041513442993e-01
599 5.99121093750000e-01 3.58946084976196e-01
600 4.57519531250000e-01 2.09324121475220e-01
601 5.01953125000000e-01 2.51956939697266e-01
602 5.00000000000000e-01 2.50000000000000e-01
603 4.99511718750000e-01 2.49511957168579e-01
604 4.45800781250000e-01 1.98738336563110e-01
605 4.81933593750000e-01 2.32259988784790e-01
606 5.01953125000000e-01 2.51956939697266e-01
607 5.03417968750000e-01 2.53429651260376e-01
608 5.50781250000000e-01 3.03359985351562e-01
609 5.12207031250000e-01 2.62356042861938e-01
610 5.16601562500000e-01 2.66877174377441e-01
611 5.57128906250000e-01 3.10392618179321e-01
612 5.50781250000000e-01 3.03359985351562e-01
613 5.75195312500000e-01 3.30849647521973e-01
614 6.02050781250000e-01 3.62465143203735e-01
615 5.13183593750000e-01 2.63357400894165e-01
616 4.86328125000000e-01 2.36515045166016e-01
617 4.51171875000000e-01 2.03556060791016e-01
618 3.53515625000000e-01 1.24973297119141e-01
619 4.10156250000000e-01 1.68228149414062e-01
620 3.75000000000000e-01 1.40625000000000e-01
621 3.90625000000000e-01 1.52587890625000e-01
622 4.40917968750000e-01 1.94408655166626e-01
623 5.20019531250000e-01 2.70420312881470e-01
624 5.21484375000000e-01 2.71945953369141e-01
625 5.54199218750000e-01 3.07136774063110e-01
626 5.09765625000000e-01 2.59860992431641e-01
627 5.79589843750000e-01 3.35924386978149e-01
628 6.31347656250000e-01 3.98599863052368e-01
629 6.07421875000000e-01 3.68961334228516e-01
630 5.70800781250000e-01 3.25813531875610e-01
631 5.32714843750000e-01 2.83785104751587e-01
632 5.36132812500000e-01 2.87438392639160e-01
633 5.40527343750000e-01 2.92169809341431e-01
634 5.01464843750000e-01 2.51466989517212e-01
635 4.52636718750000e-01 2.04879999160767e-01
636 4.26269531250000e-01 1.81705713272095e-01
637 4.29199218750000e-01 1.84211969375610e-01
638 4.54589843750000e-01 2.06651926040649e-01
639 4.86816406250000e-01 2.36990213394165e-01
640 4.26757812500000e-01 1.82122230529785e-01
641 3.90136718750000e-01 1.52206659317017e-01
642 4.30664062500000e-01 1.85471534729004e-01
643 4.98535156250000e-01 2.48537302017212e-01
644 5.57617187500000e-01 3.10936927795410e-01
645 5.87402343750000e-01 3.45041513442993e-01
646 6.31835937500000e-01 3.99216651916504e-01
647 7.08496093750000e-01 5.01966714859009e-01
648 6.58691406250000e-01 4.33874368667603e-01
649 6.23046875000000e-01 3.88187408447266e-01
650 6.43066406250000e-01 4.13534402847290e-01
651 5.10742187500000e-01 2.60857582092285e-01
652 5.50292968750000e-01 3.02822351455688e-01
653 5.44433593750000e-01 2.96407938003540e-01
654 5.54199218750000e-01 3.07136774063110e-01
655 5.85449218750000e-01 3.42750787734985e-01
656 6.24023437500000e-01 3.89405250549316e-01
657 5.87402343750000e-01 3.45041513442993e-01
658 6.88476562500000e-01 4.73999977111816e-01
659 6.67480468750000e-01 4.45530176162720e-01
660 6.99707031250000e-01 4.89589929580688e-01
661 7.17285156250000e-01 5.14497995376587e-01
662 6.82617187500000e-01 4.65966224670410e-01
663 6.79687500000000e-01 4.61975097656250e-01
664 6.71386718750000e-01 4.50760126113892e-01
665 7.04589843750000e-01 4.96446847915649e-01
666 7.90527343750000e-01 6.24933481216431e-01
667 7.43652343750000e-01 5.53018808364868e-01
668 7.08496093750000e-01 5.01966714859009e-01
669 7.38281250000000e-01 5.45059204101562e-01
670 6.96777343750000e-01 4.85498666763306e-01
671 6.92871093750000e-01 4.80070352554321e-01
672 6.27929687500000e-01 3.94295692443848e-01
673 6.42578125000000e-01 4.12906646728516e-01
674 5.55175781250000e-01 3.08220148086548e-01
675 5.65917968750000e-01 3.20263147354126e-01
676 6.45996093750000e-01 4.17310953140259e-01
677 6.75781250000000e-01 4.56680297851562e-01
678 6.79199218750000e-01 4.61311578750610e-01
679 6.40625000000000e-01 4.10400390625000e-01
680 7.07519531250000e-01 5.00583887100220e-01
681 7.51953125000000e-01 5.65433502197266e-01
682 7.70996093750000e-01 5.94434976577759e-01
683 8.03710937500000e-01 6.45951271057129e-01
684 7.71972656250000e-01 5.95941781997681e-01
685 7.63183593750000e-01 5.82449197769165e-01
686 7.71484375000000e-01 5.95188140869141e-01
687 7.94921875000000e-01 6.31900787353516e-01
688 7.67089843750000e-01 5.88426828384399e-01
689 7.31933593750000e-01 5.35726785659790e-01
690 7.26074218750000e-01 5.27183771133423e-01
691 7.21679687500000e-01 5.20821571350098e-01
692 7.59765625000000e-01 5.77243804931641e-01
693 7.58789062500000e-01 5.75760841369629e-01
694 6.61132812500000e-01 4.37096595764160e-01
695 7.17773437500000e-01 5.15198707580566e-01
696 7.12402343750000e-01 5.07517099380493e-01
697 6.93359375000000e-01 4.80747222900391e-01
698 6.27929687500000e-01 3.94295692443848e-01
699 6.06445312500000e-01 3.67775917053223e-01
700 5.70800781250000e-01 3.25813531875610e-01
701 5.95703125000000e-01 3.54862213134766e-01
702 5.67871093750000e-01 3.22477579116821e-01
703 5.39062500000000e-01 2.90588378906250e-01
704 5.62988281250000e-01 3.16955804824829e-01
705 5.55664062500000e-01 3.08762550354004e-01
706 5.45410156250000e-01 2.97472238540649e-01
707 5.43457031250000e-01 2.95345544815063e-01
708 5.20507812500000e-01 2.70928382873535e-01
709 4.47753906250000e-01 2.00483560562134e-01
710 4.95117187500000e-01 2.45141029357910e-01
711 4.79003906250000e-01 2.29444742202759e-01
712 5.00488281250000e-01 2.50488519668579e-01
713 4.95605468750000e-01 2.45624780654907e-01
714 5.56640625000000e-01 3.09848785400391e-01
715 5.68359375000000e-01 3.23032379150391e-01
716 5.62011718750000e-01 3.15857172012329e-01
717 5.97656250000000e-01 3.57192993164062e-01
718 5.04394531250000e-01 2.54413843154907e-01
719 5.00000000000000e-01 2.50000000000000e-01
720 5.75195312500000e-01 3.30849647521973e-01
721 5.15136718750000e-01 2.65365839004517e-01
722 6.02539062500000e-01 3.63053321838379e-01
723 6.16699218750000e-01 3.80317926406860e-01
724 5.94238281250000e-01 3.53119134902954e-01
725 6.23535156250000e-01 3.88796091079712e-01
726 6.22070312500000e-01 3.86971473693848e-01
727 5.60546875000000e-01 3.14212799072266e-01
728 5.62011718750000e-01 3.15857172012329e-01
729 5.10742187500000e-01 2.60857582092285e-01
730 4.49218750000000e-01 2.01797485351562e-01
731 4.68750000000000e-01 2.19726562500000e-01
732 4.50683593750000e-01 2.03115701675415e-01
733 4.43847656250000e-01 1.97000741958618e-01
734 5.25390625000000e-01 2.76035308837891e-01
735 5.67382812500000e-01 3.21923255920410e-01
736 5.59082031250000e-01 3.12572717666626e-01
737 4.94628906250000e-01 2.44657754898071e-01
738 4.88281250000000e-01 2.38418579101562e-01
739 5.23437500000000e-01 2.73986816406250e-01
740 4.83886718750000e-01 2.34146356582642e-01
741 5.22949218750000e-01 2.73475885391235e-01
742 5.50781250000000e-01 3.03359985351562e-01
743 5.28320312500000e-01 2.79122352600098e-01
744 4.82910156250000e-01 2.33202219009399e-01
745 5.07324218750000e-01 2.57377862930298e-01
746 4.97558593750000e-01 2.47564554214478e-01
747 5.11718750000000e-01 2.61856079101562e-01
748 6.04980468750000e-01 3.66001367568970e-01
749 6.39648437500000e-01 4.09150123596191e-01
750 6.15234375000000e-01 3.78513336181641e-01
751 6.23046875000000e-01 3.88187408447266e-01
752 6.28417968750000e-01 3.94909143447876e-01
753 5.94238281250000e-01 3.53119134902954e-01
754 5.83496093750000e-01 3.40467691421509e-01
755 6.13281250000000e-01 3.76113891601562e-01
756 5.52246093750000e-01 3.04975748062134e-01
757 5.42480468750000e-01 2.94285058975220e-01
758 5.29296875000000e-01 2.80155181884766e-01
759 4.99511718750000e-01 2.49511957168579e-01
760 4.61425781250000e-01 2.12913751602173e-01
761 4.23339843750000e-01 1.79216623306274e-01
762 4.25292968750000e-01 1.80874109268188e-01
763 4.41406250000000e-01 1.94839477539062e-01
764 4.90722656250000e-01 2.40808725357056e-01
765 5.27343750000000e-01 2.78091430664062e-01
766 5.54199218750000e-01 3.07136774063110e-01
767 5.15136718750000e-01 2.65365839004517e-01
768 4.53613281250000e-01 2.05765008926392e-01
769 4.36523437500000e-01 1.90552711486816e-01
770 4.68261718750000e-01 2.19269037246704e-01
771 4.66308593750000e-01 2.17443704605103e-01
772 5.03417968750000e-01 2.53429651260376e-01
773 5.56152343750000e-01 3.09305429458618e-01
774 5.76171875000000e-01 3.31974029541016e-01
775 6.16210937500000e-01 3.79715919494629e-01
776 6.51855468750000e-01 4.24915552139282e-01
777 6.39648437500000e-01 4.09150123596191e-01
778 5.88378906250000e-01 3.46189737319946e-01
779 5.87402343750000e-01 3.45041513442993e-01
780 6.26953125000000e-01 3.93070220947266e-01
781 6.34277343750000e-01 4.02307748794556e-01
782 6.28417968750000e-01 3.94909143447876e-01
783 6.14746093750000e-01 3.77912759780884e-01
784 6.45996093750000e-01 4.17310953140259e-01
785 7.00195312500000e-01 4.90273475646973e-01
786 6.88964843750000e-01 4.74672555923462e-01
787 6.79687500000000e-01 4.61975097656250e-01
788 6.92382812500000e-01 4.79393959045410e-01
789 6.58691406250000e-01 4.33874368667603e-01
790 6.48437500000000e-01 4.20471191406250e-01
791 5.84472656250000e-01 3.41608285903931e-01
792 5.44921875000000e-01 2.96939849853516e-01
793 5.76171875000000e-01 3.31974029541016e-01
794 5.05371093750000e-01 2.55399942398071e-01
795 5.40527343750000e-01 2.92169809341431e-01
796 5.42480468750000e-01 2.94285058975220e-01
797 6.40625000000000e-01 4.10400390625000e-01
798 6.69433593750000e-01 4.48141336441040e-01
799 6.83105468750000e-01 4.66633081436157e-01
800 6.80175781250000e-01 4.62639093399048e-01
801 6.29394531250000e-01 3.96137475967407e-01
802 5.93750000000000e-01 3.52539062500000e-01
803 5.91308593750000e-01 3.49645853042603e-01
804 6.31835937500000e-01 3.99216651916504e-01
805 5.69335937500000e-01 3.24143409729004e-01
806 5.45898437500000e-01 2.98005104064941e-01
807 5.06347656250000e-01 2.56387948989868e-01
808 4.37011718750000e-01 1.90979242324829e-01
809 4.87304687500000e-01 2.37465858459473e-01
810 5.71777343750000e-01 3.26929330825806e-01
811 5.65429687500000e-01 3.19710731506348e-01
812 5.48828125000000e-01 3.01212310791016e-01
813 5.80078125000000e-01 3.36490631103516e-01
814 6.08398437500000e-01 3.70148658752441e-01
815 6.08398437500000e-01 3.70148658752441e-01
816 5.86914062500000e-01 3.44468116760254e-01
817 5.81054687500000e-01 3.37624549865723e-01
818 5.25878906250000e-01 2.76548624038696e-01
819 5.13183593750000e-01 2.63357400894165e-01
820 5.62500000000000e-01 3.16406250000000e-01
821 5.48828125000000e-01 3.01212310791016e-01
822 6.07421875000000e-01 3.68961334228516e-01
823 6.03515625000000e-01 3.64231109619141e-01
824 6.47949218750000e-01 4.19838190078735e-01
825 5.98632812500000e-01 3.58361244201660e-01
826 6.32812500000000e-01 4.00451660156250e-01
827 6.63574218750000e-01 4.40330743789673e-01
828 6.71875000000000e-01 4.51416015625000e-01
829 6.88476562500000e-01 4.73999977111816e-01
830 6.99707031250000e-01 4.89589929580688e-01
831 6.97753906250000e-01 4.86860513687134e-01
832 7.11914062500000e-01 5.06821632385254e-01
833 7.30468750000000e-01 5.33584594726562e-01
834 7.40722656250000e-01 5.48670053482056e-01
835 6.98730468750000e-01 4.88224267959595e-01
836 6.56738281250000e-01 4.31305170059204e-01
837 7.50976562500000e-01 5.63965797424316e-01
838 7.66113281250000e-01 5.86929559707642e-01
839 7.06542968750000e-01 4.99202966690063e-01
840 7.24121093750000e-01 5.24351358413696e-01
841 6.88964843750000e-01 4.74672555923462e-01
842 6.38671875000000e-01 4.07901763916016e-01
843 6.66992187500000e-01 4.44878578186035e-01
844 6.30371093750000e-01 3.97367715835571e-01
845 6.34277343750000e-01 4.02307748794556e-01
846 6.12792968750000e-01 3.75515222549438e-01
847 6.62109375000000e-01 4.38388824462891e-01
848 6.46484375000000e-01 4.17942047119141e-01
849 7.41210937500000e-01 5.49393653869629e-01
850 7.42675781250000e-01 5.51567316055298e-01
851 7.55859375000000e-01 5.71323394775391e-01
852 7.55371093750000e-01 5.70585489273071e-01
853 7.26562500000000e-01 5.27893066406250e-01
854 7.23632812500000e-01 5.23644447326660e-01
855 6.77246093750000e-01 4.58662271499634e-01
856 7.25585937500000e-01 5.26474952697754e-01
857 7.04101562500000e-01 4.95759010314941e-01
858 7.09472656250000e-01 5.03351449966431e-01
859 7.25585937500000e-01 5.26474952697754e-01
860 6.59667968750000e-01 4.35161828994751e-01
861 6.56738281250000e-01 4.31305170059204e-01
862 6.23046875000000e-01 3.88187408447266e-01
863 6.19140625000000e-01 3.83335113525391e-01
864 5.72265625000000e-01 3.27487945556641e-01
865 6.10839843750000e-01 3.73125314712524e-01
866 6.37207031250000e-01 4.06032800674438e-01
867 6.36718750000000e-01 4.05410766601562e-01
868 5.65429687500000e-01 3.19710731506348e-01
869 5.18554687500000e-01 2.68898963928223e-01
870 5.25390625000000e-01 2.76035308837891e-01
871 5.16113281250000e-01 2.66372919082642e-01
872 4.41406250000000e-01 1.94839477539062e-01
873 4.68750000000000e-01 2.19726562500000e-01
874 5.19531250000000e-01 2.69912719726562e-01
875 5.18066406250000e-01 2.68392801284790e-01
876 5.84472656250000e-01 3.41608285903931e-01
877 5.43945312500000e-01 2.95876502990723e-01
878 5.08300781250000e-01 2.58369684219360e-01
879 4.50195312500000e-01 2.02675819396973e-01
880 5.04882812500000e-01 2.54906654357910e-01
881 4.50683593750000e-01 2.03115701675415e-01
882 4.05761718750000e-01 1.64642572402954e-01
883 4.40917968750000e-01 1.94408655166626e-01
884 3.78417968750000e-01 1.43200159072876e-01
885 3.88183593750000e-01 1.50686502456665e-01
886 4.08691406250000e-01 1.67028665542603e-01
887 4.25781250000000e-01 1.81289672851562e-01
888 3.52539062500000e-01 1.24283790588379e-01
889 3.17871093750000e-01 1.01042032241821e-01
890 3.78417968750000e-01 1.43200159072876e-01
891 3.91601562500000e-01 1.53351783752441e-01
892 3.21289062500000e-01 1.03226661682129e-01
893 2.51464843750000e-01 6.32345676422119e-02
894 2.78808593750000e-01 7.77342319488525e-02
895 3.87207031250000e-01 1.49929285049438e-01
896 3.61816406250000e-01 1.30911111831665e-01
897 3.02246093750000e-01 9.13527011871338e-02
898 2.79785156250000e-01 7.82797336578369e-02
899 3.81347656250000e-01 1.45426034927368e-01
900 4.05761718750000e-01 1.64642572402954e-01
901 4.10156250000000e-01 1.68228149414062e-01
902 4.71191406250000e-01 2.22021341323853e-01
903 4.54101562500000e-01 2.06208229064941e-01
904 4.97070312500000e-01 2.47078895568848e-01
905 4.65332031250000e-01 2.16533899307251e-01
906 4.79492187500000e-01 2.29912757873535e-01
907 4.34570312500000e-01 1.88851356506348e-01
908 5.34667968750000e-01 2.85869836807251e-01
909 4.74609375000000e-01 2.25254058837891e-01
910 5.01464843750000e-01 2.51466989517212e-01
911 4.87304687500000e-01 2.37465858459473e-01
912 4.74121093750000e-01 2.24790811538696e-01
913 4.89746093750000e-01 2.39851236343384e-01
914 4.74609375000000e-01 2.25254058837891e-01
915 4.86328125000000e-01 2.36515045166016e-01
916 4.52148437500000e-01 2.04438209533691e-01
917 5.07812500000000e-01 2.57873535156250e-01
918 5.02929687500000e-01 2.52938270568848e-01
919 4.72167968750000e-01 2.22942590713501e-01
920 4.66308593750000e-01 2.17443704605103e-01
921 5.07812500000000e-01 2.57873535156250e-01
922 5.58593750000000e-01 3.12026977539062e-01
923 6.06933593750000e-01 3.68368387222290e-01
924 6.27441406250000e-01 3.93682718276978e-01
925 5.51757812500000e-01 3.04436683654785e-01
926 5.57617187500000e-01 3.10936927795410e-01
927 5.17578125000000e-01 2.67887115478516e-01
928 5.68847656250000e-01 3.23587656021118e-01
929 5.98144531250000e-01 3.57776880264282e-01
930 5.61035156250000e-01 3.14760446548462e-01
931 5.67382812500000e-01 3.21923255920410e-01
932 5.62011718750000e-01 3.15857172012329e-01
933 6.02539062500000e-01 3.63053321838379e-01
934 5.74707031250000e-01 3.30288171768188e-01
935 6.24511718750000e-01 3.90014886856079e-01
936 5.78613281250000e-01 3.34793329238892e-01
937 5.93750000000000e-01 3.52539062500000e-01
938 6.49902343750000e-01 4.22373056411743e-01
939 6.65039062500000e-01 4.42276954650879e-01
940 7.19726562500000e-01 5.18006324768066e-01
941 7.43164062500000e-01 5.52292823791504e-01
942 6.92871093750000e-01 4.80070352554321e-01
943 6.76269531250000e-01 4.57340478897095e-01
944 6.32324218750000e-01 3.99833917617798e-01
945 6.27929687500000e-01 3.94295692443848e-01
946 6.10351562500000e-01 3.72529029846191e-01
947 6.12792968750000e-01 3.75515222549438e-01
948 6.03515625000000e-01 3.64231109619141e-01
949 5.79101562500000e-01 3.35358619689941e-01
950 6.03027343750000e-01 3.63641977310181e-01
951 5.30761718750000e-01 2.81708002090454e-01
952 5.44433593750000e-01 2.96407938003540e-01
953 5.29296875000000e-01 2.80155181884766e-01
954 5.18554687500000e-01 2.68898963928223e-01
955 4.47753906250000e-01 2.00483560562134e-01
956 4.44824218750000e-01 1.97868585586548e-01
957 4.95117187500000e-01 2.45141029357910e-01
958 5.28320312500000e-01 2.79122352600098e-01
959 5.54199218750000e-01 3.07136774063110e-01
960 4.93652343750000e-01 2.43692636489868e-01
961 5.79101562500000e-01 3.35358619689941e-01
962 5.19042968750000e-01 2.69405603408813e-01
963 5.54687500000000e-01 3.07678222656250e-01
964 4.76074218750000e-01 2.26646661758423e-01
965 4.72167968750000e-01 2.22942590713501e-01
966 5.12695312500000e-01 2.62856483459473e-01
967 5.43457031250000e-01 2.95345544815063e-01
968 5.29785156250000e-01 2.80672311782837e-01
969 5.88378906250000e-01 3.46189737319946e-01
970 5.62011718750000e-01 3.15857172012329e-01
971 5.21972656250000e-01 2.72455453872681e-01
972 5.09277343750000e-01 2.59363412857056e-01
973 4.76562500000000e-01 2.27111816406250e-01
974 4.57519531250000e-01 2.09324121475220e-01
975 3.66699218750000e-01 1.34468317031860e-01
976 4.13085937500000e-01 1.70639991760254e-01
977 4.57031250000000e-01 2.08877563476562e-01
978 4.97070312500000e-01 2.47078895568848e-01
979 4.72656250000000e-01 2.23403930664062e-01
980 5.19042968750000e-01 2.69405603408813e-01
981 4.84375000000000e-01 2.34619140625000e-01
982 5.09765625000000e-01 2.59860992431641e-01
983 5.33203125000000e-01 2.84305572509766e-01
984 5.41503906250000e-01 2.93226480484009e-01
985 5.27832031250000e-01 2.78606653213501e-01
986 5.21484375000000e-01 2.71945953369141e-01
987 5.38574218750000e-01 2.90062189102173e-01
988 5.17578125000000e-01 2.67887115478516e-01
989 5.12207031250000e-01 2.62356042861938e-01
990 5.35644531250000e-01 2.86915063858032e-01
991 5.70800781250000e-01 3.25813531875610e-01
992 6.22558593750000e-01 3.87579202651978e-01
993 5.49316406250000e-01 3.01748514175415e-01
994 5.60058593750000e-01 3.13665628433228e-01
995 5.43945312500000e-01 2.95876502990723e-01
996 5.25878906250000e-01 2.76548624038696e-01
997 5.90332031250000e-01 3.48491907119751e-01
998 6.35253906250000e-01 4.03547525405884e-01
999 5.89355468750000e-01 3.47339868545532e-01
