0 5.90820312500000e-01 3.49068641662598e-01
1 5.88378906250000e-01 3.46189737319946e-01
2 6.16699218750000e-01 3.80317926406860e-01
3 5.98632812500000e-01 3.58361244201660e-01
4 5.71777343750000e-01 3.26929330825806e-01
5 5.39550781250000e-01 2.91115045547485e-01
6 4.90234375000000e-01 2.40329742431641e-01
7 5.55664062500000e-01 3.08762550354004e-01
8 5.61035156250000e-01 3.14760446548462e-01
9 6.18164062500000e-01 3.82126808166504e-01
10 6.76269531250000e-01 4.57340478897095e-01
11 6.37207031250000e-01 4.06032800674438e-01
12 5.83984375000000e-01 3.41037750244141e-01
13 5.68359375000000e-01 3.23032379150391e-01
14 5.64941406250000e-01 3.19158792495728e-01
15 5.02929687500000e-01 2.52938270568848e-01
16 5.74707031250000e-01 3.30288171768188e-01
17 5.65917968750000e-01 3.20263147354126e-01
18 5.83984375000000e-01 3.41037750244141e-01
19 5.34667968750000e-01 2.85869836807251e-01
20 5.47363281250000e-01 2.99606561660767e-01
21 5.36132812500000e-01 2.87438392639160e-01
22 4.75585937500000e-01 2.26181983947754e-01
23 5.46875000000000e-01 2.99072265625000e-01
24 5.12207031250000e-01 2.62356042861938e-01
25 4.76074218750000e-01 2.26646661758423e-01
26 4.61425781250000e-01 2.12913751602173e-01
27 3.91113281250000e-01 1.52969598770142e-01
28 3.39843750000000e-01 1.15493774414062e-01
29 2.88085937500000e-01 8.29935073852539e-02
30 3.03710937500000e-01 9.22403335571289e-02
31 2.75390625000000e-01 7.58399963378906e-02
32 3.10058593750000e-01 9.61363315582275e-02
33 3.27148437500000e-01 1.07026100158691e-01
34 3.81835937500000e-01 1.45798683166504e-01
35 3.53027343750000e-01 1.24628305435181e-01
36 3.45703125000000e-01 1.19510650634766e-01
37 3.41796875000000e-01 1.16825103759766e-01
38 3.43750000000000e-01 1.18164062500000e-01
39 3.29589843750000e-01 1.08629465103149e-01
40 2.91992187500000e-01 8.52594375610352e-02
41 2.64648437500000e-01 7.00387954711914e-02
42 2.38281250000000e-01 5.67779541015625e-02
43 1.56250000000000e-01 2.44140625000000e-02
44 5.85937500000000e-02 3.43322753906250e-03
45 3.07617187500000e-02 9.46283340454102e-04
46 8.64257812500000e-02 7.46941566467285e-03
47 6.83593750000000e-02 4.67300415039062e-03
48 1.06445312500000e-01 1.13306045532227e-02
49 1.10351562500000e-01 1.21774673461914e-02
50 4.88281250000000e-02 2.38418579101562e-03
51 1.66015625000000e-02 2.75611877441406e-04
52 4.39453125000000e-02 1.93119049072266e-03
53 6.44531250000000e-02 4.15420532226562e-03
54 7.56835937500000e-02 5.72800636291504e-03
55 1.06933593750000e-01 1.14347934722900e-02
56 6.34765625000000e-02 4.02927398681641e-03
57 3.36914062500000e-02 1.13511085510254e-03
58 4.49218750000000e-02 2.01797485351562e-03
59 1.46484375000000e-02 2.14576721191406e-04
60 3.12500000000000e-02 9.76562500000000e-04
61 4.78515625000000e-02 2.28977203369141e-03
62 7.22656250000000e-02 5.22232055664062e-03
63 9.96093750000000e-02 9.92202758789062e-03
64 6.39648437500000e-02 4.09150123596191e-03
65 3.27148437500000e-02 1.07026100158691e-03
66 7.32421875000000e-02 5.36441802978516e-03
67 5.32226562500000e-02 2.83265113830566e-03
68 1.70898437500000e-02 2.92062759399414e-04
69 1.13281250000000e-01 1.28326416015625e-02
70 1.85546875000000e-02 3.44276428222656e-04
71 6.64062500000000e-02 4.40979003906250e-03
72 8.05664062500000e-02 6.49094581604004e-03
73 1.26953125000000e-01 1.61170959472656e-02
74 7.91015625000000e-02 6.25705718994141e-03
75 7.22656250000000e-02 5.22232055664062e-03
76 8.15429687500000e-02 6.64925575256348e-03
77 2.49023437500000e-02 6.20126724243164e-04
78 7.66601562500000e-02 5.87677955627441e-03
79 2.49023437500000e-02 6.20126724243164e-04
80 4.73632812500000e-02 2.24328041076660e-03
81 1.95312500000000e-03 3.81469726562500e-06
82 2.53906250000000e-02 6.44683837890625e-04
83 6.34765625000000e-03 4.02927398681641e-05
84 2.09960937500000e-02 4.40835952758789e-04
85 7.32421875000000e-03 5.36441802978516e-05
86 4.24804687500000e-02 1.80459022521973e-03
87 6.54296875000000e-02 4.28104400634766e-03
88 4.39453125000000e-02 1.93119049072266e-03
89 5.56640625000000e-02 3.09848785400391e-03
90 6.78710937500000e-02 4.60648536682129e-03
91 8.25195312500000e-02 6.80947303771973e-03
92 6.68945312500000e-02 4.47487831115723e-03
93 3.46679687500000e-02 1.20186805725098e-03
94 1.02539062500000e-02 1.05142593383789e-04
95 2.92968750000000e-02 8.58306884765625e-04
96 9.47265625000000e-02 8.97312164306641e-03
97 1.27929687500000e-01 1.63660049438477e-02
98 1.09863281250000e-01 1.20699405670166e-02
99 1.15722656250000e-01 1.33917331695557e-02
100 1.13769531250000e-01 1.29435062408447e-02
101 1.49414062500000e-01 2.23245620727539e-02
102 9.27734375000000e-02 8.60691070556641e-03
103 6.15234375000000e-02 3.78513336181641e-03
104 1.61132812500000e-02 2.59637832641602e-04
105 4.88281250000000e-03 2.38418579101562e-05
106 1.17187500000000e-02 1.37329101562500e-04
107 4.73632812500000e-02 2.24328041076660e-03
108 7.81250000000000e-02 6.10351562500000e-03
109 8.59375000000000e-02 7.38525390625000e-03
110 1.08398437500000e-01 1.17502212524414e-02
111 1.15722656250000e-01 1.33917331695557e-02
112 1.32812500000000e-01 1.76391601562500e-02
113 8.20312500000000e-02 6.72912597656250e-03
114 7.56835937500000e-02 5.72800636291504e-03
115 2.88085937500000e-02 8.29935073852539e-04
116 6.64062500000000e-02 4.40979003906250e-03
117 4.00390625000000e-02 1.60312652587891e-03
118 6.78710937500000e-02 4.60648536682129e-03
119 6.05468750000000e-02 3.66592407226562e-03
120 1.28417968750000e-01 1.64911746978760e-02
121 6.49414062500000e-02 4.21738624572754e-03
122 9.27734375000000e-03 8.60691070556641e-05
123 2.19726562500000e-02 4.82797622680664e-04
124 3.27148437500000e-02 1.07026100158691e-03
125 8.74023437500000e-02 7.63916969299316e-03
126 1.09863281250000e-01 1.20699405670166e-02
127 9.76562500000000e-02 9.53674316406250e-03
128 9.61914062500000e-02 9.25278663635254e-03
129 1.13769531250000e-01 1.29435062408447e-02
130 6.34765625000000e-03 4.02927398681641e-05
131 2.53906250000000e-02 6.44683837890625e-04
132 8.54492187500000e-02 7.30156898498535e-03
133 8.10546875000000e-02 6.56986236572266e-03
134 7.81250000000000e-02 6.10351562500000e-03
135 2.29492187500000e-02 5.26666641235352e-04
136 2.78320312500000e-02 7.74621963500977e-04
137 4.83398437500000e-02 2.33674049377441e-03
138 4.10156250000000e-02 1.68228149414062e-03
139 5.56640625000000e-02 3.09848785400391e-03
140 6.73828125000000e-02 4.54044342041016e-03
141 1.42578125000000e-01 2.03285217285156e-02
142 1.47460937500000e-01 2.17447280883789e-02
143 1.51855468750000e-01 2.30600833892822e-02
144 9.08203125000000e-02 8.24832916259766e-03
145 6.98242187500000e-02 4.87542152404785e-03
146 1.43554687500000e-01 2.06079483032227e-02
147 1.72851562500000e-01 2.98776626586914e-02
148 1.92871093750000e-01 3.71992588043213e-02
149 2.48535156250000e-01 6.17697238922119e-02
150 2.98828125000000e-01 8.92982482910156e-02
151 3.27148437500000e-01 1.07026100158691e-01
152 3.38378906250000e-01 1.14500284194946e-01
153 3.64257812500000e-01 1.32683753967285e-01
154 3.81347656250000e-01 1.45426034927368e-01
155 4.57031250000000e-01 2.08877563476562e-01
156 4.58496093750000e-01 2.10218667984009e-01
157 4.54101562500000e-01 2.06208229064941e-01
158 4.13085937500000e-01 1.70639991760254e-01
159 4.21386718750000e-01 1.77566766738892e-01
160 4.16503906250000e-01 1.73475503921509e-01
161 3.51074218750000e-01 1.23253107070923e-01
162 2.89062500000000e-01 8.35571289062500e-02
163 3.26171875000000e-01 1.06388092041016e-01
164 3.34472656250000e-01 1.11871957778931e-01
165 2.95898437500000e-01 8.75558853149414e-02
166 2.85156250000000e-01 8.13140869140625e-02
167 3.18359375000000e-01 1.01352691650391e-01
168 2.97363281250000e-01 8.84249210357666e-02
169 3.56933593750000e-01 1.27401590347290e-01
170 3.57421875000000e-01 1.27750396728516e-01
171 3.06152343750000e-01 9.37292575836182e-02
172 2.89062500000000e-01 8.35571289062500e-02
173 3.15917968750000e-01 9.98041629791260e-02
174 3.39843750000000e-01 1.15493774414062e-01
175 3.36914062500000e-01 1.13511085510254e-01
176 3.48632812500000e-01 1.21544837951660e-01
177 3.29101562500000e-01 1.08307838439941e-01
178 3.75000000000000e-01 1.40625000000000e-01
179 3.55468750000000e-01 1.26358032226562e-01
180 3.77441406250000e-01 1.42462015151978e-01
181 4.08203125000000e-01 1.66629791259766e-01
182 4.35546875000000e-01 1.89701080322266e-01
183 3.52539062500000e-01 1.24283790588379e-01
184 4.17480468750000e-01 1.74289941787720e-01
185 4.53613281250000e-01 2.05765008926392e-01
186 5.10742187500000e-01 2.60857582092285e-01
187 4.61425781250000e-01 2.12913751602173e-01
188 4.11132812500000e-01 1.69030189514160e-01
189 3.95996093750000e-01 1.56812906265259e-01
190 4.37500000000000e-01 1.91406250000000e-01
191 4.30175781250000e-01 1.85051202774048e-01
192 4.86328125000000e-01 2.36515045166016e-01
193 4.81933593750000e-01 2.32259988784790e-01
194 5.11230468750000e-01 2.61356592178345e-01
195 4.64843750000000e-01 2.16079711914062e-01
196 5.14648437500000e-01 2.64863014221191e-01
197 5.40527343750000e-01 2.92169809341431e-01
198 5.74218750000000e-01 3.29727172851562e-01
199 5.57617187500000e-01 3.10936927795410e-01
200 6.55761718750000e-01 4.30023431777954e-01
201 6.47949218750000e-01 4.19838190078735e-01
202 6.09863281250000e-01 3.71933221817017e-01
203 5.97167968750000e-01 3.56609582901001e-01
204 6.27929687500000e-01 3.94295692443848e-01
205 6.70410156250000e-01 4.49449777603149e-01
206 6.42578125000000e-01 4.12906646728516e-01
207 6.72851562500000e-01 4.52729225158691e-01
208 6.91894531250000e-01 4.78718042373657e-01
209 7.25097656250000e-01 5.25766611099243e-01
210 7.12402343750000e-01 5.07517099380493e-01
211 6.80175781250000e-01 4.62639093399048e-01
212 6.45507812500000e-01 4.16680335998535e-01
213 6.70410156250000e-01 4.49449777603149e-01
214 6.87500000000000e-01 4.72656250000000e-01
215 6.45019531250000e-01 4.16050195693970e-01
216 6.39648437500000e-01 4.09150123596191e-01
217 6.43066406250000e-01 4.13534402847290e-01
218 6.70410156250000e-01 4.49449777603149e-01
219 6.17675781250000e-01 3.81523370742798e-01
220 6.09863281250000e-01 3.71933221817017e-01
221 6.56738281250000e-01 4.31305170059204e-01
222 6.07421875000000e-01 3.68961334228516e-01
223 6.33300781250000e-01 4.01069879531860e-01
224 5.96679687500000e-01 3.56026649475098e-01
225 5.54199218750000e-01 3.07136774063110e-01
226 5.10253906250000e-01 2.60359048843384e-01
227 4.46289062500000e-01 1.99173927307129e-01
228 4.58007812500000e-01 2.09771156311035e-01
229 4.80957031250000e-01 2.31319665908813e-01
230 4.84863281250000e-01 2.35092401504517e-01
231 4.76074218750000e-01 2.26646661758423e-01
232 4.14062500000000e-01 1.71447753906250e-01
233 3.48632812500000e-01 1.21544837951660e-01
234 3.51074218750000e-01 1.23253107070923e-01
235 3.54492187500000e-01 1.25664710998535e-01
236 3.67187500000000e-01 1.34826660156250e-01
237 4.57519531250000e-01 2.09324121475220e-01
238 3.69140625000000e-01 1.36264801025391e-01
239 3.28613281250000e-01 1.07986688613892e-01
240 3.34960937500000e-01 1.12198829650879e-01
241 3.02734375000000e-01 9.16481018066406e-02
242 2.04589843750000e-01 4.18570041656494e-02
243 2.08007812500000e-01 4.32672500610352e-02
244 2.47558593750000e-01 6.12852573394775e-02
245 2.07519531250000e-01 4.30643558502197e-02
246 1.90917968750000e-01 3.64496707916260e-02
247 2.06054687500000e-01 4.24585342407227e-02
248 1.65039062500000e-01 2.72378921508789e-02
249 2.78320312500000e-01 7.74621963500977e-02
250 2.41699218750000e-01 5.84185123443604e-02
251 2.05078125000000e-01 4.20570373535156e-02
252 2.03125000000000e-01 4.12597656250000e-02
253 2.21679687500000e-01 4.91418838500977e-02
254 3.15429687500000e-01 9.94958877563477e-02
255 3.07617187500000e-01 9.46283340454102e-02
256 2.84179687500000e-01 8.07580947875977e-02
257 2.52441406250000e-01 6.37266635894775e-02
258 2.14843750000000e-01 4.61578369140625e-02
259 2.22656250000000e-01 4.95758056640625e-02
260 3.07617187500000e-01 9.46283340454102e-02
261 3.28613281250000e-01 1.07986688613892e-01
262 3.05175781250000e-01 9.31322574615479e-02
263 2.73925781250000e-01 7.50353336334229e-02
264 2.91015625000000e-01 8.46900939941406e-02
265 2.30468750000000e-01 5.31158447265625e-02
266 1.79687500000000e-01 3.22875976562500e-02
267 1.50878906250000e-01 2.27644443511963e-02
268 7.81250000000000e-02 6.10351562500000e-03
269 6.44531250000000e-02 4.15420532226562e-03
270 8.15429687500000e-02 6.64925575256348e-03
271 6.10351562500000e-02 3.72529029846191e-03
272 7.71484375000000e-02 5.95188140869141e-03
273 6.68945312500000e-02 4.47487831115723e-03
274 7.08007812500000e-02 5.01275062561035e-03
275 5.66406250000000e-02 3.20816040039062e-03
276 9.32617187500000e-02 8.69774818420410e-03
277 1.04980468750000e-01 1.10208988189697e-02
278 2.44140625000000e-02 5.96046447753906e-04
279 8.34960937500000e-02 6.97159767150879e-03
280 1.12792968750000e-01 1.27222537994385e-02
281 5.46875000000000e-02 2.99072265625000e-03
282 1.12304687500000e-02 1.26123428344727e-04
283 2.92968750000000e-02 8.58306884765625e-04
284 1.02539062500000e-02 1.05142593383789e-04
285 1.12304687500000e-02 1.26123428344727e-04
286 4.00390625000000e-02 1.60312652587891e-03
287 8.74023437500000e-02 7.63916969299316e-03
288 5.51757812500000e-02 3.04436683654785e-03
289 2.68554687500000e-02 7.21216201782227e-04
290 5.66406250000000e-02 3.20816040039062e-03
291 1.61132812500000e-02 2.59637832641602e-04
292 1.06445312500000e-01 1.13306045532227e-02
293 8.74023437500000e-02 7.63916969299316e-03
294 1.15722656250000e-01 1.33917331695557e-02
295 1.32324218750000e-01 1.75096988677979e-02
296 1.71386718750000e-01 2.93734073638916e-02
297 1.12304687500000e-01 1.26123428344727e-02
298 1.70410156250000e-01 2.90396213531494e-02
299 1.25000000000000e-01 1.56250000000000e-02
300 7.47070312500000e-02 5.58114051818848e-03
301 6.44531250000000e-02 4.15420532226562e-03
302 6.54296875000000e-02 4.28104400634766e-03
303 9.76562500000000e-02 9.53674316406250e-03
304 1.18164062500000e-01 1.39627456665039e-02
305 4.19921875000000e-02 1.76334381103516e-03
306 3.12500000000000e-02 9.76562500000000e-04
307 3.66210937500000e-02 1.34110450744629e-03
308 2.44140625000000e-03 5.96046447753906e-06
309 4.00390625000000e-02 1.60312652587891e-03
310 2.68554687500000e-02 7.21216201782227e-04
311 1.46484375000000e-02 2.14576721191406e-04
312 2.92968750000000e-02 8.58306884765625e-04
313 1.12304687500000e-01 1.26123428344727e-02
314 4.58984375000000e-02 2.10666656494141e-03
315 4.73632812500000e-02 2.24328041076660e-03
316 1.02539062500000e-02 1.05142593383789e-04
317 7.81250000000000e-03 6.10351562500000e-05
318 6.34765625000000e-03 4.02927398681641e-05
319 3.85742187500000e-02 1.48797035217285e-03
320 2.83203125000000e-02 8.02040100097656e-04
321 2.19726562500000e-02 4.82797622680664e-04
322 2.14843750000000e-02 4.61578369140625e-04
323 6.34765625000000e-03 4.02927398681641e-05
324 2.49023437500000e-02 6.20126724243164e-04
325 1.02539062500000e-02 1.05142593383789e-04
326 2.88085937500000e-02 8.29935073852539e-04
327 4.19921875000000e-02 1.76334381103516e-03
328 5.66406250000000e-02 3.20816040039062e-03
329 2.00195312500000e-02 4.00781631469727e-04
330 2.97851562500000e-02 8.87155532836914e-04
331 1.12304687500000e-02 1.26123428344727e-04
332 8.93554687500000e-02 7.98439979553223e-03
333 9.71679687500000e-02 9.44161415100098e-03
334 1.27441406250000e-01 1.62413120269775e-02
335 1.31835937500000e-01 1.73807144165039e-02
336 1.51855468750000e-01 2.30600833892822e-02
337 1.72363281250000e-01 2.97091007232666e-02
338 2.37304687500000e-01 5.63135147094727e-02
339 2.91503906250000e-01 8.49745273590088e-02
340 2.60253906250000e-01 6.77320957183838e-02
341 2.26074218750000e-01 5.11095523834229e-02
342 2.14843750000000e-01 4.61578369140625e-02
343 2.61718750000000e-01 6.84967041015625e-02
344 2.59277343750000e-01 6.72247409820557e-02
345 2.98339843750000e-01 8.90066623687744e-02
346 3.23730468750000e-01 1.04801416397095e-01
347 3.22753906250000e-01 1.04170083999634e-01
348 3.23242187500000e-01 1.04485511779785e-01
349 2.95410156250000e-01 8.72671604156494e-02
350 2.67089843750000e-01 7.13369846343994e-02
351 2.46582031250000e-01 6.08026981353760e-02
352 1.96777343750000e-01 3.87213230133057e-02
353 2.11914062500000e-01 4.49075698852539e-02
354 2.53906250000000e-01 6.44683837890625e-02
355 2.17285156250000e-01 4.72128391265869e-02
356 2.07519531250000e-01 4.30643558502197e-02
357 2.92480468750000e-01 8.55448246002197e-02
358 3.12500000000000e-01 9.76562500000000e-02
359 3.23242187500000e-01 1.04485511779785e-01
360 3.76953125000000e-01 1.42093658447266e-01
361 3.73535156250000e-01 1.39528512954712e-01
362 3.38378906250000e-01 1.14500284194946e-01
363 3.70605468750000e-01 1.37348413467407e-01
364 4.17480468750000e-01 1.74289941787720e-01
365 5.00488281250000e-01 2.50488519668579e-01
366 4.50195312500000e-01 2.02675819396973e-01
367 4.47265625000000e-01 2.00046539306641e-01
368 4.16503906250000e-01 1.73475503921509e-01
369 4.97558593750000e-01 2.47564554214478e-01
370 5.46386718750000e-01 2.98538446426392e-01
371 6.52832031250000e-01 4.26189661026001e-01
372 6.30371093750000e-01 3.97367715835571e-01
373 5.65917968750000e-01 3.20263147354126e-01
374 5.53710937500000e-01 3.06595802307129e-01
375 5.21484375000000e-01 2.71945953369141e-01
376 5.24414062500000e-01 2.75010108947754e-01
377 4.64843750000000e-01 2.16079711914062e-01
378 4.46289062500000e-01 1.99173927307129e-01
379 4.16503906250000e-01 1.73475503921509e-01
380 4.18945312500000e-01 1.75515174865723e-01
381 4.41894531250000e-01 1.95270776748657e-01
382 3.95996093750000e-01 1.56812906265259e-01
383 3.16894531250000e-01 1.00422143936157e-01
384 3.09570312500000e-01 9.58337783813477e-02
385 2.75878906250000e-01 7.61091709136963e-02
386 2.93945312500000e-01 8.64038467407227e-02
387 2.91015625000000e-01 8.46900939941406e-02
388 2.33398437500000e-01 5.44748306274414e-02
389 2.34375000000000e-01 5.49316406250000e-02
390 2.36816406250000e-01 5.60820102691650e-02
391 2.29492187500000e-01 5.26666641235352e-02
392 2.70507812500000e-01 7.31744766235352e-02
393 2.81250000000000e-01 7.91015625000000e-02
394 2.57812500000000e-01 6.64672851562500e-02
395 2.42675781250000e-01 5.88915348052979e-02
396 2.56835937500000e-01 6.59646987915039e-02
397 2.35351562500000e-01 5.53903579711914e-02
398 2.50976562500000e-01 6.29892349243164e-02
399 2.45605468750000e-01 6.03220462799072e-02
400 2.45117187500000e-01 6.00824356079102e-02
401 2.56835937500000e-01 6.59646987915039e-02
402 2.32910156250000e-01 5.42471408843994e-02
403 2.31933593750000e-01 5.37931919097900e-02
404 2.13378906250000e-01 4.55305576324463e-02
405 1.55761718750000e-01 2.42617130279541e-02
406 1.91894531250000e-01 3.68235111236572e-02
407 2.03125000000000e-01 4.12597656250000e-02
408 1.48437500000000e-01 2.20336914062500e-02
409 1.49414062500000e-01 2.23245620727539e-02
410 1.13769531250000e-01 1.29435062408447e-02
411 8.39843750000000e-02 7.05337524414062e-03
412 5.46875000000000e-02 2.99072265625000e-03
413 5.07812500000000e-02 2.57873535156250e-03
414 3.51562500000000e-02 1.23596191406250e-03
415 6.05468750000000e-02 3.66592407226562e-03
416 3.56445312500000e-02 1.27053260803223e-03
417 2.14843750000000e-02 4.61578369140625e-04
418 4.05273437500000e-02 1.64246559143066e-03
419 5.07812500000000e-02 2.57873535156250e-03
420 2.24609375000000e-02 5.04493713378906e-04
421 4.49218750000000e-02 2.01797485351562e-03
422 9.42382812500000e-02 8.88085365295410e-03
423 9.76562500000000e-02 9.53674316406250e-03
424 9.66796875000000e-02 9.34696197509766e-03
425 9.22851562500000e-02 8.51655006408691e-03
426 1.64550781250000e-01 2.70769596099854e-02
427 1.41601562500000e-01 2.00510025024414e-02
428 1.30859375000000e-01 1.71241760253906e-02
429 6.73828125000000e-02 4.54044342041016e-03
430 8.30078125000000e-03 6.89029693603516e-05
431 2.92968750000000e-02 8.58306884765625e-04
432 1.46484375000000e-02 2.14576721191406e-04
433 2.58789062500000e-02 6.69717788696289e-04
434 1.80664062500000e-02 3.26395034790039e-04
435 3.46679687500000e-02 1.20186805725098e-03
436 4.19921875000000e-02 1.76334381103516e-03
437 6.59179687500000e-02 4.34517860412598e-03
438 1.04003906250000e-01 1.08168125152588e-02
439 1.19628906250000e-01 1.43110752105713e-02
440 1.08398437500000e-01 1.17502212524414e-02
441 1.28417968750000e-01 1.64911746978760e-02
442 9.37500000000000e-02 8.78906250000000e-03
443 1.21582031250000e-01 1.47821903228760e-02
444 1.64062500000000e-01 2.69165039062500e-02
445 5.32226562500000e-02 2.83265113830566e-03
446 4.49218750000000e-02 2.01797485351562e-03
447 3.95507812500000e-02 1.56426429748535e-03
448 5.51757812500000e-02 3.04436683654785e-03
449 5.85937500000000e-02 3.43322753906250e-03
450 1.35742187500000e-01 1.84259414672852e-02
451 1.70410156250000e-01 2.90396213531494e-02
452 1.96289062500000e-01 3.85293960571289e-02
453 1.68945312500000e-01 2.85425186157227e-02
454 1.85546875000000e-01 3.44276428222656e-02
455 1.57226562500000e-01 2.47201919555664e-02
456 1.54296875000000e-01 2.38075256347656e-02
457 1.37207031250000e-01 1.88257694244385e-02
458 1.31347656250000e-01 1.72522068023682e-02
459 1.46972656250000e-01 2.16009616851807e-02
460 1.24511718750000e-01 1.55031681060791e-02
461 1.17675781250000e-01 1.38475894927979e-02
462 1.04492187500000e-01 1.09186172485352e-02
463 1.24511718750000e-01 1.55031681060791e-02
464 1.49902343750000e-01 2.24707126617432e-02
465 2.18750000000000e-01 4.78515625000000e-02
466 1.88476562500000e-01 3.55234146118164e-02
467 1.76757812500000e-01 3.12433242797852e-02
468 1.45507812500000e-01 2.11725234985352e-02
469 1.08886718750000e-01 1.18563175201416e-02
470 7.32421875000000e-02 5.36441802978516e-03
471 1.35253906250000e-01 1.82936191558838e-02
472 1.22558593750000e-01 1.50206089019775e-02
473 1.30859375000000e-01 1.71241760253906e-02
474 1.59667968750000e-01 2.54938602447510e-02
475 8.30078125000000e-02 6.89029693603516e-03
476 7.56835937500000e-02 5.72800636291504e-03
477 4.88281250000000e-03 2.38418579101562e-05
478 6.34765625000000e-02 4.02927398681641e-03
479 8.05664062500000e-02 6.49094581604004e-03
480 4.39453125000000e-02 1.93119049072266e-03
481 1.26953125000000e-02 1.61170959472656e-04
482 5.22460937500000e-02 2.72965431213379e-03
483 2.92968750000000e-03 8.58306884765625e-06
484 1.36718750000000e-02 1.86920166015625e-04
485 4.00390625000000e-02 1.60312652587891e-03
486 4.10156250000000e-02 1.68228149414062e-03
487 2.34375000000000e-02 5.49316406250000e-04
488 1.25976562500000e-01 1.58700942993164e-02
489 1.25976562500000e-01 1.58700942993164e-02
490 1.13769531250000e-01 1.29435062408447e-02
491 1.17187500000000e-01 1.37329101562500e-02
492 1.57226562500000e-01 2.47201919555664e-02
493 1.24511718750000e-01 1.55031681060791e-02
494 1.39648437500000e-01 1.95016860961914e-02
495 1.51367187500000e-01 2.29120254516602e-02
496 2.08007812500000e-01 4.32672500610352e-02
497 2.40722656250000e-01 5.79473972320557e-02
498 3.41796875000000e-01 1.16825103759766e-01
499 3.30566406250000e-01 1.09274148941040e-01
500 2.78320312500000e-01 7.74621963500977e-02
501 2.92480468750000e-01 8.55448246002197e-02
502 3.02734375000000e-01 9.16481018066406e-02
503 1.99707031250000e-01 3.98828983306885e-02
504 2.14843750000000e-01 4.61578369140625e-02
505 2.37792968750000e-01 5.65454959869385e-02
506 2.23144531250000e-01 4.97934818267822e-02
507 1.75292968750000e-01 3.07276248931885e-02
508 2.53906250000000e-01 6.44683837890625e-02
509 2.99316406250000e-01 8.95903110504150e-02
510 2.59277343750000e-01 6.72247409820557e-02
511 2.73437500000000e-01 7.47680664062500e-02
512 2.01171875000000e-01 4.04701232910156e-02
513 2.64160156250000e-01 6.97805881500244e-02
514 2.93945312500000e-01 8.64038467407227e-02
515 2.95898437500000e-01 8.75558853149414e-02
516 2.01171875000000e-01 4.04701232910156e-02
517 2.59277343750000e-01 6.72247409820557e-02
518 2.50488281250000e-01 6.27443790435791e-02
519 3.02246093750000e-01 9.13527011871338e-02
520 3.37402343750000e-01 1.13840341567993e-01
521 2.80273437500000e-01 7.85531997680664e-02
522 2.73925781250000e-01 7.50353336334229e-02
523 2.29492187500000e-01 5.26666641235352e-02
524 2.97851562500000e-01 8.87155532836914e-02
525 2.52441406250000e-01 6.37266635894775e-02
526 1.94335937500000e-01 3.77664566040039e-02
527 2.02636718750000e-01 4.10616397857666e-02
528 1.85546875000000e-01 3.44276428222656e-02
529 1.87500000000000e-01 3.51562500000000e-02
530 2.36816406250000e-01 5.60820102691650e-02
531 2.16796875000000e-01 4.70008850097656e-02
532 2.89062500000000e-01 8.35571289062500e-02
533 2.88574218750000e-01 8.32750797271729e-02
534 2.94921875000000e-01 8.69789123535156e-02
535 2.10937500000000e-01 4.44946289062500e-02
536 1.76757812500000e-01 3.12433242797852e-02
537 1.77734375000000e-01 3.15895080566406e-02
538 1.78710937500000e-01 3.19375991821289e-02
539 1.55273437500000e-01 2.41098403930664e-02
540 2.27539062500000e-01 5.17740249633789e-02
541 2.27539062500000e-01 5.17740249633789e-02
542 2.11425781250000e-01 4.47008609771729e-02
543 2.68554687500000e-01 7.21216201782227e-02
544 3.03710937500000e-01 9.22403335571289e-02
545 2.91503906250000e-01 8.49745273590088e-02
546 2.81738281250000e-01 7.93764591217041e-02
547 3.15429687500000e-01 9.94958877563477e-02
548 2.74414062500000e-01 7.53030776977539e-02
549 3.47656250000000e-01 1.20864868164062e-01
550 3.71093750000000e-01 1.37710571289062e-01
551 4.21875000000000e-01 1.77978515625000e-01
552 4.98535156250000e-01 2.48537302017212e-01
553 4.86328125000000e-01 2.36515045166016e-01
554 4.21386718750000e-01 1.77566766738892e-01
555 4.24804687500000e-01 1.80459022521973e-01
556 4.06738281250000e-01 1.65436029434204e-01
557 4.01367187500000e-01 1.61095619201660e-01
558 4.46777343750000e-01 1.99609994888306e-01
559 4.95605468750000e-01 2.45624780654907e-01
560 5.03417968750000e-01 2.53429651260376e-01
561 5.31738281250000e-01 2.82745599746704e-01
562 5.21484375000000e-01 2.71945953369141e-01
563 5.59570312500000e-01 3.13118934631348e-01
564 5.73242187500000e-01 3.28606605529785e-01
565 4.98046875000000e-01 2.48050689697266e-01
566 5.43457031250000e-01 2.95345544815063e-01
567 5.33691406250000e-01 2.84826517105103e-01
568 5.22949218750000e-01 2.73475885391235e-01
569 4.69726562500000e-01 2.20643043518066e-01
570 4.48242187500000e-01 2.00921058654785e-01
571 4.92187500000000e-01 2.42248535156250e-01
572 4.89257812500000e-01 2.39373207092285e-01
573 5.18554687500000e-01 2.68898963928223e-01
574 5.34179687500000e-01 2.85347938537598e-01
575 5.96679687500000e-01 3.56026649475098e-01
576 6.59667968750000e-01 4.35161828994751e-01
577 6.19140625000000e-01 3.83335113525391e-01
578 6.71386718750000e-01 4.50760126113892e-01
579 6.44531250000000e-01 4.15420532226562e-01
580 6.44531250000000e-01 4.15420532226562e-01
581 6.45019531250000e-01 4.16050195693970e-01
582 6.30859375000000e-01 3.97983551025391e-01
583 5.94726562500000e-01 3.53699684143066e-01
584 5.88378906250000e-01 3.46189737319946e-01
585 6.16210937500000e-01 3.79715919494629e-01
586 5.96191406250000e-01 3.55444192886353e-01
587 6.02539062500000e-01 3.63053321838379e-01
588 5.53710937500000e-01 3.06595802307129e-01
589 5.85449218750000e-01 3.42750787734985e-01
590 5.85937500000000e-01 3.43322753906250e-01
591 5.92773437500000e-01 3.51380348205566e-01
592 6.06445312500000e-01 3.67775917053223e-01
593 5.53710937500000e-01 3.06595802307129e-01
594 5.63964843750000e-01 3.18056344985962e-01
595 5.06347656250000e-01 2.56387948989868e-01
596 5.62011718750000e-01 3.15857172012329e-01
597 6.25488281250000e-01 3.91235589981079e-01
598 5.86425781250000e-01 3.43895196914673e-01
599 6.20117187500000e-01 3.84545326232910e-01
600 6.33789062500000e-01 4.01688575744629e-01
601 6.10351562500000e-01 3.72529029846191e-01
602 5.99609375000000e-01 3.59531402587891e-01
603 5.63476562500000e-01 3.17505836486816e-01
604 6.19628906250000e-01 3.83939981460571e-01
605 6.19628906250000e-01 3.83939981460571e-01
606 5.92773437500000e-01 3.51380348205566e-01
607 6.41113281250000e-01 4.11026239395142e-01
608 6.34765625000000e-01 4.02927398681641e-01
609 6.65039062500000e-01 4.42276954650879e-01
610 6.45996093750000e-01 4.17310953140259e-01
611 6.69921875000000e-01 4.48795318603516e-01
612 6.79687500000000e-01 4.61975097656250e-01
613 6.37207031250000e-01 4.06032800674438e-01
614 6.17187500000000e-01 3.80920410156250e-01
615 6.33789062500000e-01 4.01688575744629e-01
616 6.70410156250000e-01 4.49449777603149e-01
617 6.48437500000000e-01 4.20471191406250e-01
618 5.72753906250000e-01 3.28047037124634e-01
619 6.25488281250000e-01 3.91235589981079e-01
620 6.95800781250000e-01 4.84138727188110e-01
621 6.91894531250000e-01 4.78718042373657e-01
622 6.83105468750000e-01 4.66633081436157e-01
623 7.06542968750000e-01 4.99202966690063e-01
624 6.87988281250000e-01 4.73327875137329e-01
625 7.19238281250000e-01 5.17303705215454e-01
626 7.04589843750000e-01 4.96446847915649e-01
627 7.22167968750000e-01 5.21526575088501e-01
628 7.54394531250000e-01 5.69111108779907e-01
629 7.02636718750000e-01 4.93698358535767e-01
630 5.92773437500000e-01 3.51380348205566e-01
631 5.65917968750000e-01 3.20263147354126e-01
632 6.12792968750000e-01 3.75515222549438e-01
633 6.65527343750000e-01 4.42926645278931e-01
634 6.54785156250000e-01 4.28743600845337e-01
635 6.48437500000000e-01 4.20471191406250e-01
636 6.75781250000000e-01 4.56680297851562e-01
637 6.64550781250000e-01 4.41627740859985e-01
638 6.45507812500000e-01 4.16680335998535e-01
639 6.73339843750000e-01 4.53386545181274e-01
640 6.98242187500000e-01 4.87542152404785e-01
641 7.59277343750000e-01 5.76502084732056e-01
642 7.46582031250000e-01 5.57384729385376e-01
643 7.66601562500000e-01 5.87677955627441e-01
644 7.65136718750000e-01 5.85434198379517e-01
645 7.27050781250000e-01 5.28602838516235e-01
646 6.59179687500000e-01 4.34517860412598e-01
647 7.17773437500000e-01 5.15198707580566e-01
648 7.59765625000000e-01 5.77243804931641e-01
649 7.69531250000000e-01 5.92178344726562e-01
650 7.21191406250000e-01 5.20117044448853e-01
651 7.59765625000000e-01 5.77243804931641e-01
652 7.63183593750000e-01 5.82449197769165e-01
653 7.25585937500000e-01 5.26474952697754e-01
654 7.40234375000000e-01 5.47946929931641e-01
655 7.05078125000000e-01 4.97135162353516e-01
656 7.86621093750000e-01 6.18772745132446e-01
657 7.39746093750000e-01 5.47224283218384e-01
658 7.56347656250000e-01 5.72061777114868e-01
659 7.25585937500000e-01 5.26474952697754e-01
660 7.12402343750000e-01 5.07517099380493e-01
661 6.79687500000000e-01 4.61975097656250e-01
662 6.04003906250000e-01 3.64820718765259e-01
663 5.85937500000000e-01 3.43322753906250e-01
664 5.48828125000000e-01 3.01212310791016e-01
665 5.29785156250000e-01 2.80672311782837e-01
666 5.31250000000000e-01 2.82226562500000e-01
667 5.45410156250000e-01 2.97472238540649e-01
668 5.82519531250000e-01 3.39329004287720e-01
669 5.95214843750000e-01 3.54280710220337e-01
670 5.57617187500000e-01 3.10936927795410e-01
671 5.10253906250000e-01 2.60359048843384e-01
672 5.60546875000000e-01 3.14212799072266e-01
673 5.43457031250000e-01 2.95345544815063e-01
674 5.35644531250000e-01 2.86915063858032e-01
675 6.13281250000000e-01 3.76113891601562e-01
676 5.84960937500000e-01 3.42179298400879e-01
677 5.66894531250000e-01 3.21369409561157e-01
678 6.19628906250000e-01 3.83939981460571e-01
679 5.69824218750000e-01 3.24699640274048e-01
680 6.16210937500000e-01 3.79715919494629e-01
681 6.12792968750000e-01 3.75515222549438e-01
682 6.59179687500000e-01 4.34517860412598e-01
683 6.45996093750000e-01 4.17310953140259e-01
684 6.43066406250000e-01 4.13534402847290e-01
685 5.06835937500000e-01 2.56882667541504e-01
686 5.69824218750000e-01 3.24699640274048e-01
687 5.48828125000000e-01 3.01212310791016e-01
688 5.60058593750000e-01 3.13665628433228e-01
689 5.44433593750000e-01 2.96407938003540e-01
690 6.07910156250000e-01 3.69554758071899e-01
691 6.58203125000000e-01 4.33231353759766e-01
692 6.70410156250000e-01 4.49449777603149e-01
693 5.93261718750000e-01 3.51959466934204e-01
694 5.97656250000000e-01 3.57192993164062e-01
695 6.06933593750000e-01 3.68368387222290e-01
696 5.85449218750000e-01 3.42750787734985e-01
697 6.55761718750000e-01 4.30023431777954e-01
698 6.21582031250000e-01 3.86364221572876e-01
699 6.12304687500000e-01 3.74917030334473e-01
700 6.67968750000000e-01 4.46182250976562e-01
701 6.59667968750000e-01 4.35161828994751e-01
702 6.68945312500000e-01 4.47487831115723e-01
703 6.46972656250000e-01 4.18573617935181e-01
704 6.23046875000000e-01 3.88187408447266e-01
705 5.60058593750000e-01 3.13665628433228e-01
706 5.52246093750000e-01 3.04975748062134e-01
707 5.83496093750000e-01 3.40467691421509e-01
708 4.90722656250000e-01 2.40808725357056e-01
709 5.31738281250000e-01 2.82745599746704e-01
710 4.59960937500000e-01 2.11564064025879e-01
711 4.69726562500000e-01 2.20643043518066e-01
712 3.56445312500000e-01 1.27053260803223e-01
713 4.16992187500000e-01 1.73882484436035e-01
714 4.35058593750000e-01 1.89275979995728e-01
715 4.79003906250000e-01 2.29444742202759e-01
716 5.37109375000000e-01 2.88486480712891e-01
717 6.23535156250000e-01 3.88796091079712e-01
718 5.97656250000000e-01 3.57192993164062e-01
719 5.62011718750000e-01 3.15857172012329e-01
720 5.75195312500000e-01 3.30849647521973e-01
721 5.40527343750000e-01 2.92169809341431e-01
722 5.42480468750000e-01 2.94285058975220e-01
723 5.82031250000000e-01 3.38760375976562e-01
724 5.49804687500000e-01 3.02285194396973e-01
725 5.89843750000000e-01 3.47915649414062e-01
726 6.25488281250000e-01 3.91235589981079e-01
727 6.06933593750000e-01 3.68368387222290e-01
728 6.29882812500000e-01 3.96752357482910e-01
729 6.57714843750000e-01 4.32588815689087e-01
730 6.39648437500000e-01 4.09150123596191e-01
731 6.60156250000000e-01 4.35806274414062e-01
732 6.94335937500000e-01 4.82102394104004e-01
733 6.84570312500000e-01 4.68636512756348e-01
734 6.83593750000000e-01 4.67300415039062e-01
735 6.68945312500000e-01 4.47487831115723e-01
736 6.95312500000000e-01 4.83459472656250e-01
737 7.07031250000000e-01 4.99893188476562e-01
738 6.84570312500000e-01 4.68636512756348e-01
739 6.96777343750000e-01 4.85498666763306e-01
740 6.63574218750000e-01 4.40330743789673e-01
741 6.92871093750000e-01 4.80070352554321e-01
742 6.42578125000000e-01 4.12906646728516e-01
743 6.35253906250000e-01 4.03547525405884e-01
744 6.45996093750000e-01 4.17310953140259e-01
745 6.45996093750000e-01 4.17310953140259e-01
746 6.33789062500000e-01 4.01688575744629e-01
747 5.68847656250000e-01 3.23587656021118e-01
748 6.19140625000000e-01 3.83335113525391e-01
749 6.05957031250000e-01 3.67183923721313e-01
750 6.30371093750000e-01 3.97367715835571e-01
751 5.85937500000000e-01 3.43322753906250e-01
752 6.52832031250000e-01 4.26189661026001e-01
753 6.40625000000000e-01 4.10400390625000e-01
754 6.11328125000000e-01 3.73722076416016e-01
755 6.04980468750000e-01 3.66001367568970e-01
756 6.59667968750000e-01 4.35161828994751e-01
757 6.67968750000000e-01 4.46182250976562e-01
758 5.81542968750000e-01 3.38192224502563e-01
759 5.87890625000000e-01 3.45615386962891e-01
760 5.36621093750000e-01 2.87962198257446e-01
761 5.55664062500000e-01 3.08762550354004e-01
762 5.53222656250000e-01 3.06055307388306e-01
763 5.62500000000000e-01 3.16406250000000e-01
764 6.19140625000000e-01 3.83335113525391e-01
765 6.52832031250000e-01 4.26189661026001e-01
766 6.54785156250000e-01 4.28743600845337e-01
767 6.30371093750000e-01 3.97367715835571e-01
768 6.29882812500000e-01 3.96752357482910e-01
769 6.25488281250000e-01 3.91235589981079e-01
770 6.43066406250000e-01 4.13534402847290e-01
771 6.88476562500000e-01 4.73999977111816e-01
772 6.70898437500000e-01 4.50104713439941e-01
773 6.67968750000000e-01 4.46182250976562e-01
774 6.45996093750000e-01 4.17310953140259e-01
775 6.87988281250000e-01 4.73327875137329e-01
776 6.45507812500000e-01 4.16680335998535e-01
777 6.32324218750000e-01 3.99833917617798e-01
778 5.54687500000000e-01 3.07678222656250e-01
779 4.85351562500000e-01 2.35566139221191e-01
780 5.21484375000000e-01 2.71945953369141e-01
781 5.66406250000000e-01 3.20816040039062e-01
782 5.85449218750000e-01 3.42750787734985e-01
783 5.99121093750000e-01 3.58946084976196e-01
784 6.09375000000000e-01 3.71337890625000e-01
785 5.78125000000000e-01 3.34228515625000e-01
786 5.59570312500000e-01 3.13118934631348e-01
787 6.01562500000000e-01 3.61877441406250e-01
788 5.81054687500000e-01 3.37624549865723e-01
789 5.83496093750000e-01 3.40467691421509e-01
790 5.79101562500000e-01 3.35358619689941e-01
791 5.91308593750000e-01 3.49645853042603e-01
792 6.67480468750000e-01 4.45530176162720e-01
793 6.47949218750000e-01 4.19838190078735e-01
794 6.03515625000000e-01 3.64231109619141e-01
795 6.49902343750000e-01 4.22373056411743e-01
796 5.83496093750000e-01 3.40467691421509e-01
797 6.74316406250000e-01 4.54702615737915e-01
798 6.11328125000000e-01 3.73722076416016e-01
799 6.36230468750000e-01 4.04789209365845e-01
800 6.31835937500000e-01 3.99216651916504e-01
801 6.34277343750000e-01 4.02307748794556e-01
802 6.32812500000000e-01 4.00451660156250e-01
803 6.53808593750000e-01 4.27465677261353e-01
804 6.54785156250000e-01 4.28743600845337e-01
805 6.42089843750000e-01 4.12279367446899e-01
806 6.51367187500000e-01 4.24279212951660e-01
807 5.99121093750000e-01 3.58946084976196e-01
808 6.06445312500000e-01 3.67775917053223e-01
809 5.84472656250000e-01 3.41608285903931e-01
810 5.79101562500000e-01 3.35358619689941e-01
811 5.77636718750000e-01 3.33664178848267e-01
812 5.45898437500000e-01 2.98005104064941e-01
813 5.71777343750000e-01 3.26929330825806e-01
814 5.28808593750000e-01 2.79638528823853e-01
815 5.57617187500000e-01 3.10936927795410e-01
816 5.36132812500000e-01 2.87438392639160e-01
817 5.26855468750000e-01 2.77576684951782e-01
818 4.89257812500000e-01 2.39373207092285e-01
819 5.23925781250000e-01 2.74498224258423e-01
820 5.00488281250000e-01 2.50488519668579e-01
821 4.92675781250000e-01 2.42729425430298e-01
822 4.64355468750000e-01 2.15626001358032e-01
823 4.16992187500000e-01 1.73882484436035e-01
824 4.13085937500000e-01 1.70639991760254e-01
825 4.53125000000000e-01 2.05322265625000e-01
826 4.14550781250000e-01 1.71852350234985e-01
827 3.88183593750000e-01 1.50686502456665e-01
828 3.57910156250000e-01 1.28099679946899e-01
829 3.61816406250000e-01 1.30911111831665e-01
830 4.34082031250000e-01 1.88427209854126e-01
831 3.71582031250000e-01 1.38073205947876e-01
832 4.08203125000000e-01 1.66629791259766e-01
833 4.47265625000000e-01 2.00046539306641e-01
834 4.09179687500000e-01 1.67428016662598e-01
835 4.11132812500000e-01 1.69030189514160e-01
836 4.07714843750000e-01 1.66231393814087e-01
837 3.71582031250000e-01 1.38073205947876e-01
838 3.57910156250000e-01 1.28099679946899e-01
839 3.69140625000000e-01 1.36264801025391e-01
840 2.97851562500000e-01 8.87155532836914e-02
841 3.43750000000000e-01 1.18164062500000e-01
842 3.45703125000000e-01 1.19510650634766e-01
843 3.13964843750000e-01 9.85739231109619e-02
844 3.89648437500000e-01 1.51825904846191e-01
845 4.18457031250000e-01 1.75106287002563e-01
846 4.56054687500000e-01 2.07985877990723e-01
847 4.86328125000000e-01 2.36515045166016e-01
848 4.61425781250000e-01 2.12913751602173e-01
849 5.17089843750000e-01 2.67381906509399e-01
850 5.86425781250000e-01 3.43895196914673e-01
851 6.69433593750000e-01 4.48141336441040e-01
852 5.69335937500000e-01 3.24143409729004e-01
853 6.37207031250000e-01 4.06032800674438e-01
854 6.04492187500000e-01 3.65410804748535e-01
855 6.29882812500000e-01 3.96752357482910e-01
856 6.43066406250000e-01 4.13534402847290e-01
857 6.07910156250000e-01 3.69554758071899e-01
858 6.62109375000000e-01 4.38388824462891e-01
859 6.67968750000000e-01 4.46182250976562e-01
860 6.72363281250000e-01 4.52072381973267e-01
861 6.24511718750000e-01 3.90014886856079e-01
862 5.96679687500000e-01 3.56026649475098e-01
863 6.26464843750000e-01 3.92458200454712e-01
864 5.85449218750000e-01 3.42750787734985e-01
865 6.00585937500000e-01 3.60703468322754e-01
866 5.71289062500000e-01 3.26371192932129e-01
867 5.41992187500000e-01 2.93755531311035e-01
868 5.91308593750000e-01 3.49645853042603e-01
869 5.93750000000000e-01 3.52539062500000e-01
870 5.92773437500000e-01 3.51380348205566e-01
871 5.91796875000000e-01 3.50223541259766e-01
872 5.71777343750000e-01 3.26929330825806e-01
873 5.42480468750000e-01 2.94285058975220e-01
874 5.27832031250000e-01 2.78606653213501e-01
875 5.45410156250000e-01 2.97472238540649e-01
876 5.20996093750000e-01 2.71436929702759e-01
877 5.23437500000000e-01 2.73986816406250e-01
878 5.34179687500000e-01 2.85347938537598e-01
879 5.50292968750000e-01 3.02822351455688e-01
880 5.82031250000000e-01 3.38760375976562e-01
881 6.15234375000000e-01 3.78513336181641e-01
882 6.96289062500000e-01 4.84818458557129e-01
883 6.79687500000000e-01 4.61975097656250e-01
884 6.61621093750000e-01 4.37742471694946e-01
885 6.39160156250000e-01 4.08525705337524e-01
886 6.99707031250000e-01 4.89589929580688e-01
887 7.03125000000000e-01 4.94384765625000e-01
888 6.95312500000000e-01 4.83459472656250e-01
889 7.28515625000000e-01 5.30735015869141e-01
890 7.49023437500000e-01 5.61036109924316e-01
891 7.15332031250000e-01 5.11699914932251e-01
892 6.84082031250000e-01 4.67968225479126e-01
893 7.10449218750000e-01 5.04738092422485e-01
894 7.48046875000000e-01 5.59574127197266e-01
895 7.42187500000000e-01 5.50842285156250e-01
896 7.59765625000000e-01 5.77243804931641e-01
897 7.58300781250000e-01 5.75020074844360e-01
898 7.59765625000000e-01 5.77243804931641e-01
899 7.60253906250000e-01 5.77986001968384e-01
900 7.31933593750000e-01 5.35726785659790e-01
901 7.33398437500000e-01 5.37873268127441e-01
902 6.83105468750000e-01 4.66633081436157e-01
903 6.98730468750000e-01 4.88224267959595e-01
904 6.48437500000000e-01 4.20471191406250e-01
905 6.46484375000000e-01 4.17942047119141e-01
906 6.30859375000000e-01 3.97983551025391e-01
907 6.31347656250000e-01 3.98599863052368e-01
908 6.66015625000000e-01 4.43576812744141e-01
909 6.83593750000000e-01 4.67300415039062e-01
910 6.84570312500000e-01 4.68636512756348e-01
911 6.85546875000000e-01 4.69974517822266e-01
912 6.47949218750000e-01 4.19838190078735e-01
913 6.32324218750000e-01 3.99833917617798e-01
914 6.67480468750000e-01 4.45530176162720e-01
915 7.07031250000000e-01 4.99893188476562e-01
916 7.05566406250000e-01 4.97823953628540e-01
917 7.22167968750000e-01 5.21526575088501e-01
918 7.06054687500000e-01 4.98513221740723e-01
919 6.99218750000000e-01 4.88906860351562e-01
920 6.97265625000000e-01 4.86179351806641e-01
921 7.59765625000000e-01 5.77243804931641e-01
922 8.03222656250000e-01 6.45166635513306e-01
923 7.64648437500000e-01 5.84687232971191e-01
924 7.17773437500000e-01 5.15198707580566e-01
925 7.05566406250000e-01 4.97823953628540e-01
926 6.46484375000000e-01 4.17942047119141e-01
927 6.45507812500000e-01 4.16680335998535e-01
928 6.56250000000000e-01 4.30664062500000e-01
929 6.03027343750000e-01 3.63641977310181e-01
930 6.26953125000000e-01 3.93070220947266e-01
931 5.95703125000000e-01 3.54862213134766e-01
932 5.98632812500000e-01 3.58361244201660e-01
933 5.60058593750000e-01 3.13665628433228e-01
934 5.15625000000000e-01 2.65869140625000e-01
935 5.08789062500000e-01 2.58866310119629e-01
936 5.43457031250000e-01 2.95345544815063e-01
937 5.49804687500000e-01 3.02285194396973e-01
938 5.13671875000000e-01 2.63858795166016e-01
939 5.63964843750000e-01 3.18056344985962e-01
940 5.81542968750000e-01 3.38192224502563e-01
941 5.40527343750000e-01 2.92169809341431e-01
942 5.40527343750000e-01 2.92169809341431e-01
943 5.37597656250000e-01 2.89011240005493e-01
944 5.13671875000000e-01 2.63858795166016e-01
945 4.87304687500000e-01 2.37465858459473e-01
946 4.62890625000000e-01 2.14267730712891e-01
947 4.73144531250000e-01 2.23865747451782e-01
948 4.21386718750000e-01 1.77566766738892e-01
949 4.31152343750000e-01 1.85892343521118e-01
950 4.49707031250000e-01 2.02236413955688e-01
951 3.52539062500000e-01 1.24283790588379e-01
952 4.46777343750000e-01 1.99609994888306e-01
953 4.16503906250000e-01 1.73475503921509e-01
954 4.04296875000000e-01 1.63455963134766e-01
955 4.22363281250000e-01 1.78390741348267e-01
956 3.42773437500000e-01 1.17493629455566e-01
957 3.28125000000000e-01 1.07666015625000e-01
958 3.41796875000000e-01 1.16825103759766e-01
959 4.25781250000000e-01 1.81289672851562e-01
960 4.52148437500000e-01 2.04438209533691e-01
961 4.22363281250000e-01 1.78390741348267e-01
962 4.62890625000000e-01 2.14267730712891e-01
963 5.20019531250000e-01 2.70420312881470e-01
964 5.79101562500000e-01 3.35358619689941e-01
965 6.42578125000000e-01 4.12906646728516e-01
966 6.96777343750000e-01 4.85498666763306e-01
967 6.72363281250000e-01 4.52072381973267e-01
968 6.88476562500000e-01 4.73999977111816e-01
969 6.05468750000000e-01 3.66592407226562e-01
970 5.83984375000000e-01 3.41037750244141e-01
971 5.43945312500000e-01 2.95876502990723e-01
972 5.06347656250000e-01 2.56387948989868e-01
973 5.19042968750000e-01 2.69405603408813e-01
974 4.48730468750000e-01 2.01359033584595e-01
975 5.20507812500000e-01 2.70928382873535e-01
976 5.65917968750000e-01 3.20263147354126e-01
977 4.95117187500000e-01 2.45141029357910e-01
978 4.46777343750000e-01 1.99609994888306e-01
979 3.38378906250000e-01 1.14500284194946e-01
980 3.08105468750000e-01 9.49289798736572e-02
981 3.11035156250000e-01 9.67428684234619e-02
982 2.08984375000000e-01 4.36744689941406e-02
983 2.49511718750000e-01 6.22560977935791e-02
984 2.26074218750000e-01 5.11095523834229e-02
985 1.94824218750000e-01 3.79564762115479e-02
986 1.76269531250000e-01 3.10709476470947e-02
987 1.96289062500000e-01 3.85293960571289e-02
988 1.29882812500000e-01 1.68695449829102e-02
989 2.02636718750000e-01 4.10616397857666e-02
990 2.02148437500000e-01 4.08639907836914e-02
991 1.50390625000000e-01 2.26173400878906e-02
992 1.12304687500000e-01 1.26123428344727e-02
993 1.29882812500000e-01 1.68695449829102e-02
994 1.28906250000000e-01 1.66168212890625e-02
995 1.09863281250000e-01 1.20699405670166e-02
996 4.39453125000000e-02 1.93119049072266e-03
997 1.15234375000000e-01 1.32789611816406e-02
998 1.41113281250000e-01 1.99129581451416e-02
999 1.52343750000000e-01 2.32086181640625e-02
