0 5.36132812500000e-01 2.87438392639160e-01
1 5.35644531250000e-01 2.86915063858032e-01
2 5.26367187500000e-01 2.77062416076660e-01
3 5.20996093750000e-01 2.71436929702759e-01
4 4.78515625000000e-01 2.28977203369141e-01
5 4.92187500000000e-01 2.42248535156250e-01
6 5.37597656250000e-01 2.89011240005493e-01
7 5.35156250000000e-01 2.86392211914062e-01
8 5.38574218750000e-01 2.90062189102173e-01
9 5.49804687500000e-01 3.02285194396973e-01
10 5.61523437500000e-01 3.15308570861816e-01
11 5.65429687500000e-01 3.19710731506348e-01
12 6.07910156250000e-01 3.69554758071899e-01
13 5.82519531250000e-01 3.39329004287720e-01
14 5.36621093750000e-01 2.87962198257446e-01
15 4.84375000000000e-01 2.34619140625000e-01
16 5.25878906250000e-01 2.76548624038696e-01
17 5.66406250000000e-01 3.20816040039062e-01
18 6.87500000000000e-01 4.72656250000000e-01
19 6.59667968750000e-01 4.35161828994751e-01
20 6.64062500000000e-01 4.40979003906250e-01
21 6.66992187500000e-01 4.44878578186035e-01
22 5.85937500000000e-01 3.43322753906250e-01
23 6.27929687500000e-01 3.94295692443848e-01
24 6.10839843750000e-01 3.73125314712524e-01
25 6.78222656250000e-01 4.59985971450806e-01
26 6.79687500000000e-01 4.61975097656250e-01
27 6.51367187500000e-01 4.24279212951660e-01
28 6.66015625000000e-01 4.43576812744141e-01
29 6.88964843750000e-01 4.74672555923462e-01
30 6.91406250000000e-01 4.78042602539062e-01
31 6.70898437500000e-01 4.50104713439941e-01
32 6.91894531250000e-01 4.78718042373657e-01
33 6.99707031250000e-01 4.89589929580688e-01
34 6.68457031250000e-01 4.46834802627563e-01
35 6.98242187500000e-01 4.87542152404785e-01
36 7.10937500000000e-01 5.05432128906250e-01
37 7.05566406250000e-01 4.97823953628540e-01
38 6.75292968750000e-01 4.56020593643188e-01
39 6.81640625000000e-01 4.64633941650391e-01
40 6.51855468750000e-01 4.24915552139282e-01
41 6.85546875000000e-01 4.69974517822266e-01
42 6.62597656250000e-01 4.39035654067993e-01
43 7.17773437500000e-01 5.15198707580566e-01
44 7.45605468750000e-01 5.55927515029907e-01
45 7.77343750000000e-01 6.04263305664062e-01
46 7.63671875000000e-01 5.83194732666016e-01
47 7.54394531250000e-01 5.69111108779907e-01
48 7.28027343750000e-01 5.30023813247681e-01
49 6.87500000000000e-01 4.72656250000000e-01
50 6.82617187500000e-01 4.65966224670410e-01
51 7.25097656250000e-01 5.25766611099243e-01
52 6.88964843750000e-01 4.74672555923462e-01
53 6.92382812500000e-01 4.79393959045410e-01
54 6.29394531250000e-01 3.96137475967407e-01
55 6.28906250000000e-01 3.95523071289062e-01
56 6.17675781250000e-01 3.81523370742798e-01
57 6.04492187500000e-01 3.65410804748535e-01
58 6.32324218750000e-01 3.99833917617798e-01
59 6.15234375000000e-01 3.78513336181641e-01
60 6.05957031250000e-01 3.67183923721313e-01
61 6.28417968750000e-01 3.94909143447876e-01
62 6.56250000000000e-01 4.30664062500000e-01
63 6.12792968750000e-01 3.75515222549438e-01
64 6.08886718750000e-01 3.70743036270142e-01
65 6.13281250000000e-01 3.76113891601562e-01
66 5.25390625000000e-01 2.76035308837891e-01
67 5.45898437500000e-01 2.98005104064941e-01
68 5.43457031250000e-01 2.95345544815063e-01
69 5.37109375000000e-01 2.88486480712891e-01
70 5.60058593750000e-01 3.13665628433228e-01
71 5.05859375000000e-01 2.55893707275391e-01
72 4.90722656250000e-01 2.40808725357056e-01
73 4.48730468750000e-01 2.01359033584595e-01
74 4.26757812500000e-01 1.82122230529785e-01
75 4.35058593750000e-01 1.89275979995728e-01
76 4.34082031250000e-01 1.88427209854126e-01
77 4.37500000000000e-01 1.91406250000000e-01
78 4.44824218750000e-01 1.97868585586548e-01
79 4.21875000000000e-01 1.77978515625000e-01
80 3.50585937500000e-01 1.22910499572754e-01
81 3.41796875000000e-01 1.16825103759766e-01
82 3.45703125000000e-01 1.19510650634766e-01
83 3.77441406250000e-01 1.42462015151978e-01
84 3.21777343750000e-01 1.03540658950806e-01
85 3.72070312500000e-01 1.38436317443848e-01
86 3.49609375000000e-01 1.22226715087891e-01
87 3.38867187500000e-01 1.14830970764160e-01
88 4.05273437500000e-01 1.64246559143066e-01
89 3.99902343750000e-01 1.59921884536743e-01
90 3.69628906250000e-01 1.36625528335571e-01
91 4.47265625000000e-01 2.00046539306641e-01
92 4.21875000000000e-01 1.77978515625000e-01
93 4.98535156250000e-01 2.48537302017212e-01
94 4.98046875000000e-01 2.48050689697266e-01
95 5.92773437500000e-01 3.51380348205566e-01
96 6.24023437500000e-01 3.89405250549316e-01
97 6.77246093750000e-01 4.58662271499634e-01
98 7.32910156250000e-01 5.37157297134399e-01
99 7.13378906250000e-01 5.08909463882446e-01
100 7.41210937500000e-01 5.49393653869629e-01
101 7.34863281250000e-01 5.40024042129517e-01
102 7.69531250000000e-01 5.92178344726562e-01
103 7.58789062500000e-01 5.75760841369629e-01
104 7.26562500000000e-01 5.27893066406250e-01
105 7.14355468750000e-01 5.10303735733032e-01
106 7.01660156250000e-01 4.92326974868774e-01
107 6.66503906250000e-01 4.44227457046509e-01
108 6.94824218750000e-01 4.82780694961548e-01
109 7.44628906250000e-01 5.54472208023071e-01
110 7.18261718750000e-01 5.15899896621704e-01
111 6.53320312500000e-01 4.26827430725098e-01
112 6.55273437500000e-01 4.29383277893066e-01
113 6.14746093750000e-01 3.77912759780884e-01
114 6.72363281250000e-01 4.52072381973267e-01
115 6.73828125000000e-01 4.54044342041016e-01
116 7.20214843750000e-01 5.18709421157837e-01
117 7.19726562500000e-01 5.18006324768066e-01
118 6.76757812500000e-01 4.58001136779785e-01
119 6.78710937500000e-01 4.60648536682129e-01
120 6.79687500000000e-01 4.61975097656250e-01
121 6.41601562500000e-01 4.11652565002441e-01
122 6.16699218750000e-01 3.80317926406860e-01
123 6.03027343750000e-01 3.63641977310181e-01
124 5.39062500000000e-01 2.90588378906250e-01
125 5.15136718750000e-01 2.65365839004517e-01
126 5.53710937500000e-01 3.06595802307129e-01
127 6.13769531250000e-01 3.76713037490845e-01
128 6.35742187500000e-01 4.04168128967285e-01
129 6.12304687500000e-01 3.74917030334473e-01
130 5.13671875000000e-01 2.63858795166016e-01
131 4.87792968750000e-01 2.37941980361938e-01
132 5.02441406250000e-01 2.52447366714478e-01
133 5.09765625000000e-01 2.59860992431641e-01
134 4.71679687500000e-01 2.22481727600098e-01
135 4.95605468750000e-01 2.45624780654907e-01
136 5.14648437500000e-01 2.64863014221191e-01
137 5.28320312500000e-01 2.79122352600098e-01
138 4.76562500000000e-01 2.27111816406250e-01
139 4.50683593750000e-01 2.03115701675415e-01
140 4.52636718750000e-01 2.04879999160767e-01
141 4.55078125000000e-01 2.07096099853516e-01
142 4.44335937500000e-01 1.97434425354004e-01
143 4.02832031250000e-01 1.62273645401001e-01
144 3.90625000000000e-01 1.52587890625000e-01
145 4.27246093750000e-01 1.82539224624634e-01
146 5.19531250000000e-01 2.69912719726562e-01
147 5.72753906250000e-01 3.28047037124634e-01
148 5.83007812500000e-01 3.39898109436035e-01
149 5.25878906250000e-01 2.76548624038696e-01
150 5.62988281250000e-01 3.16955804824829e-01
151 5.70800781250000e-01 3.25813531875610e-01
152 5.76171875000000e-01 3.31974029541016e-01
153 5.56640625000000e-01 3.09848785400391e-01
154 5.93750000000000e-01 3.52539062500000e-01
155 6.18164062500000e-01 3.82126808166504e-01
156 5.82031250000000e-01 3.38760375976562e-01
157 5.81542968750000e-01 3.38192224502563e-01
158 5.93750000000000e-01 3.52539062500000e-01
159 5.62011718750000e-01 3.15857172012329e-01
160 5.26367187500000e-01 2.77062416076660e-01
161 5.66894531250000e-01 3.21369409561157e-01
162 6.26464843750000e-01 3.92458200454712e-01
163 6.19628906250000e-01 3.83939981460571e-01
164 6.37207031250000e-01 4.06032800674438e-01
165 6.48437500000000e-01 4.20471191406250e-01
166 5.93261718750000e-01 3.51959466934204e-01
167 5.72753906250000e-01 3.28047037124634e-01
168 5.23437500000000e-01 2.73986816406250e-01
169 5.23925781250000e-01 2.74498224258423e-01
170 5.52734375000000e-01 3.05515289306641e-01
171 5.38574218750000e-01 2.90062189102173e-01
172 5.33203125000000e-01 2.84305572509766e-01
173 5.84960937500000e-01 3.42179298400879e-01
174 5.52246093750000e-01 3.04975748062134e-01
175 5.37109375000000e-01 2.88486480712891e-01
176 4.47265625000000e-01 2.00046539306641e-01
177 5.03906250000000e-01 2.53921508789062e-01
178 5.01953125000000e-01 2.51956939697266e-01
179 5.97167968750000e-01 3.56609582901001e-01
180 5.73242187500000e-01 3.28606605529785e-01
181 6.37695312500000e-01 4.06655311584473e-01
182 6.67968750000000e-01 4.46182250976562e-01
183 6.57714843750000e-01 4.32588815689087e-01
184 6.92382812500000e-01 4.79393959045410e-01
185 6.20117187500000e-01 3.84545326232910e-01
186 6.38671875000000e-01 4.07901763916016e-01
187 6.52832031250000e-01 4.26189661026001e-01
188 6.89453125000000e-01 4.75345611572266e-01
189 6.58691406250000e-01 4.33874368667603e-01
190 6.16699218750000e-01 3.80317926406860e-01
191 6.24023437500000e-01 3.89405250549316e-01
192 5.64453125000000e-01 3.18607330322266e-01
193 5.83007812500000e-01 3.39898109436035e-01
194 5.53710937500000e-01 3.06595802307129e-01
195 5.95214843750000e-01 3.54280710220337e-01
196 5.66894531250000e-01 3.21369409561157e-01
197 5.62988281250000e-01 3.16955804824829e-01
198 5.32226562500000e-01 2.83265113830566e-01
199 5.44921875000000e-01 2.96939849853516e-01
200 5.41503906250000e-01 2.93226480484009e-01
201 5.41015625000000e-01 2.92697906494141e-01
202 4.99511718750000e-01 2.49511957168579e-01
203 5.59570312500000e-01 3.13118934631348e-01
204 6.04003906250000e-01 3.64820718765259e-01
205 5.95703125000000e-01 3.54862213134766e-01
206 5.96191406250000e-01 3.55444192886353e-01
207 5.90332031250000e-01 3.48491907119751e-01
208 5.24902343750000e-01 2.75522470474243e-01
209 6.16210937500000e-01 3.79715919494629e-01
210 6.33789062500000e-01 4.01688575744629e-01
211 6.85058593750000e-01 4.69305276870728e-01
212 6.12792968750000e-01 3.75515222549438e-01
213 6.25976562500000e-01 3.91846656799316e-01
214 5.79101562500000e-01 3.35358619689941e-01
215 5.66406250000000e-01 3.20816040039062e-01
216 5.58105468750000e-01 3.11481714248657e-01
217 6.49902343750000e-01 4.22373056411743e-01
218 6.19628906250000e-01 3.83939981460571e-01
219 6.08398437500000e-01 3.70148658752441e-01
220 5.77148437500000e-01 3.33100318908691e-01
221 5.06835937500000e-01 2.56882667541504e-01
222 4.71679687500000e-01 2.22481727600098e-01
223 5.33203125000000e-01 2.84305572509766e-01
224 5.30273437500000e-01 2.81189918518066e-01
225 5.14648437500000e-01 2.64863014221191e-01
226 4.65820312500000e-01 2.16988563537598e-01
227 5.21484375000000e-01 2.71945953369141e-01
228 4.40917968750000e-01 1.94408655166626e-01
229 4.04785156250000e-01 1.63851022720337e-01
230 3.66210937500000e-01 1.34110450744629e-01
231 3.49121093750000e-01 1.21885538101196e-01
232 3.05664062500000e-01 9.34305191040039e-02
233 3.15429687500000e-01 9.94958877563477e-02
234 3.60351562500000e-01 1.29853248596191e-01
235 3.75000000000000e-01 1.40625000000000e-01
236 3.35449218750000e-01 1.12526178359985e-01
237 2.98339843750000e-01 8.90066623687744e-02
238 2.71972656250000e-01 7.39691257476807e-02
239 2.94921875000000e-01 8.69789123535156e-02
240 2.81738281250000e-01 7.93764591217041e-02
241 3.19335937500000e-01 1.01975440979004e-01
242 4.01367187500000e-01 1.61095619201660e-01
243 3.90625000000000e-01 1.52587890625000e-01
244 4.54589843750000e-01 2.06651926040649e-01
245 4.80957031250000e-01 2.31319665908813e-01
246 4.59472656250000e-01 2.11115121841431e-01
247 5.08300781250000e-01 2.58369684219360e-01
248 4.86816406250000e-01 2.36990213394165e-01
249 5.52734375000000e-01 3.05515289306641e-01
250 5.75195312500000e-01 3.30849647521973e-01
251 5.28320312500000e-01 2.79122352600098e-01
252 5.27832031250000e-01 2.78606653213501e-01
253 5.98632812500000e-01 3.58361244201660e-01
254 5.12207031250000e-01 2.62356042861938e-01
255 4.56054687500000e-01 2.07985877990723e-01
256 4.36035156250000e-01 1.90126657485962e-01
257 4.70703125000000e-01 2.21561431884766e-01
258 5.18066406250000e-01 2.68392801284790e-01
259 4.75097656250000e-01 2.25717782974243e-01
260 4.52148437500000e-01 2.04438209533691e-01
261 4.67285156250000e-01 2.18355417251587e-01
262 4.38964843750000e-01 1.92690134048462e-01
263 4.52148437500000e-01 2.04438209533691e-01
264 5.34179687500000e-01 2.85347938537598e-01
265 4.82421875000000e-01 2.32730865478516e-01
266 4.78027343750000e-01 2.28510141372681e-01
267 4.59472656250000e-01 2.11115121841431e-01
268 4.59960937500000e-01 2.11564064025879e-01
269 4.66796875000000e-01 2.17899322509766e-01
270 4.88281250000000e-01 2.38418579101562e-01
271 5.03906250000000e-01 2.53921508789062e-01
272 5.18554687500000e-01 2.68898963928223e-01
273 5.06347656250000e-01 2.56387948989868e-01
274 5.04394531250000e-01 2.54413843154907e-01
275 5.72753906250000e-01 3.28047037124634e-01
276 5.57617187500000e-01 3.10936927795410e-01
277 5.52246093750000e-01 3.04975748062134e-01
278 5.44433593750000e-01 2.96407938003540e-01
279 4.94628906250000e-01 2.44657754898071e-01
280 5.25878906250000e-01 2.76548624038696e-01
281 5.21972656250000e-01 2.72455453872681e-01
282 5.74707031250000e-01 3.30288171768188e-01
283 5.81054687500000e-01 3.37624549865723e-01
284 5.62011718750000e-01 3.15857172012329e-01
285 6.03027343750000e-01 3.63641977310181e-01
286 5.92773437500000e-01 3.51380348205566e-01
287 5.55664062500000e-01 3.08762550354004e-01
288 5.65917968750000e-01 3.20263147354126e-01
289 5.32714843750000e-01 2.83785104751587e-01
290 5.53222656250000e-01 3.06055307388306e-01
291 5.43945312500000e-01 2.95876502990723e-01
292 5.11718750000000e-01 2.61856079101562e-01
293 5.23925781250000e-01 2.74498224258423e-01
294 4.79003906250000e-01 2.29444742202759e-01
295 5.21972656250000e-01 2.72455453872681e-01
296 5.19531250000000e-01 2.69912719726562e-01
297 5.46386718750000e-01 2.98538446426392e-01
298 5.43457031250000e-01 2.95345544815063e-01
299 5.72265625000000e-01 3.27487945556641e-01
300 5.58105468750000e-01 3.11481714248657e-01
301 5.29785156250000e-01 2.80672311782837e-01
302 5.23437500000000e-01 2.73986816406250e-01
303 5.52734375000000e-01 3.05515289306641e-01
304 5.00000000000000e-01 2.50000000000000e-01
305 5.35644531250000e-01 2.86915063858032e-01
306 5.59570312500000e-01 3.13118934631348e-01
307 5.47363281250000e-01 2.99606561660767e-01
308 5.39062500000000e-01 2.90588378906250e-01
309 5.28808593750000e-01 2.79638528823853e-01
310 5.03417968750000e-01 2.53429651260376e-01
311 5.03417968750000e-01 2.53429651260376e-01
312 4.93652343750000e-01 2.43692636489868e-01
313 4.73144531250000e-01 2.23865747451782e-01
314 4.91210937500000e-01 2.41288185119629e-01
315 5.06835937500000e-01 2.56882667541504e-01
316 4.19433593750000e-01 1.75924539566040e-01
317 4.48730468750000e-01 2.01359033584595e-01
318 3.32519531250000e-01 1.10569238662720e-01
319 3.72070312500000e-01 1.38436317443848e-01
320 3.99902343750000e-01 1.59921884536743e-01
321 3.63281250000000e-01 1.31973266601562e-01
322 4.15039062500000e-01 1.72257423400879e-01
323 3.28613281250000e-01 1.07986688613892e-01
324 3.50585937500000e-01 1.22910499572754e-01
325 3.44726562500000e-01 1.18836402893066e-01
326 3.58398437500000e-01 1.28449440002441e-01
327 3.54980468750000e-01 1.26011133193970e-01
328 2.71484375000000e-01 7.37037658691406e-02
329 2.85644531250000e-01 8.15927982330322e-02
330 2.43164062500000e-01 5.91287612915039e-02
331 2.52929687500000e-01 6.39734268188477e-02
332 2.50488281250000e-01 6.27443790435791e-02
333 3.07617187500000e-01 9.46283340454102e-02
334 3.83789062500000e-01 1.47294044494629e-01
335 3.45214843750000e-01 1.19173288345337e-01
336 3.63769531250000e-01 1.32328271865845e-01
337 4.19433593750000e-01 1.75924539566040e-01
338 4.67773437500000e-01 2.18811988830566e-01
339 4.88281250000000e-01 2.38418579101562e-01
340 5.14160156250000e-01 2.64360666275024e-01
341 4.64355468750000e-01 2.15626001358032e-01
342 4.65820312500000e-01 2.16988563537598e-01
343 5.35644531250000e-01 2.86915063858032e-01
344 5.66894531250000e-01 3.21369409561157e-01
345 5.81542968750000e-01 3.38192224502563e-01
346 5.82031250000000e-01 3.38760375976562e-01
347 4.97558593750000e-01 2.47564554214478e-01
348 4.79492187500000e-01 2.29912757873535e-01
349 4.58007812500000e-01 2.09771156311035e-01
350 3.70117187500000e-01 1.36986732482910e-01
351 3.98437500000000e-01 1.58752441406250e-01
352 3.89160156250000e-01 1.51445627212524e-01
353 4.27246093750000e-01 1.82539224624634e-01
354 4.50195312500000e-01 2.02675819396973e-01
355 5.31738281250000e-01 2.82745599746704e-01
356 5.29785156250000e-01 2.80672311782837e-01
357 5.65429687500000e-01 3.19710731506348e-01
358 6.06933593750000e-01 3.68368387222290e-01
359 5.85937500000000e-01 3.43322753906250e-01
360 5.45898437500000e-01 2.98005104064941e-01
361 4.99511718750000e-01 2.49511957168579e-01
362 5.36621093750000e-01 2.87962198257446e-01
363 5.27832031250000e-01 2.78606653213501e-01
364 5.01464843750000e-01 2.51466989517212e-01
365 4.89746093750000e-01 2.39851236343384e-01
366 5.47851562500000e-01 3.00141334533691e-01
367 5.73242187500000e-01 3.28606605529785e-01
368 5.41503906250000e-01 2.93226480484009e-01
369 4.80957031250000e-01 2.31319665908813e-01
370 5.00488281250000e-01 2.50488519668579e-01
371 5.03906250000000e-01 2.53921508789062e-01
372 4.94628906250000e-01 2.44657754898071e-01
373 5.20507812500000e-01 2.70928382873535e-01
374 5.45898437500000e-01 2.98005104064941e-01
375 4.80957031250000e-01 2.31319665908813e-01
376 5.00488281250000e-01 2.50488519668579e-01
377 4.60449218750000e-01 2.12013483047485e-01
378 3.84765625000000e-01 1.48044586181641e-01
379 3.57910156250000e-01 1.28099679946899e-01
380 4.04785156250000e-01 1.63851022720337e-01
381 3.54980468750000e-01 1.26011133193970e-01
382 4.02343750000000e-01 1.61880493164062e-01
383 3.19335937500000e-01 1.01975440979004e-01
384 2.50976562500000e-01 6.29892349243164e-02
385 2.42675781250000e-01 5.88915348052979e-02
386 1.96289062500000e-01 3.85293960571289e-02
387 2.03613281250000e-01 4.14583683013916e-02
388 2.26074218750000e-01 5.11095523834229e-02
389 2.47070312500000e-01 6.10437393188477e-02
390 2.50488281250000e-01 6.27443790435791e-02
391 2.99804687500000e-01 8.98828506469727e-02
392 2.47558593750000e-01 6.12852573394775e-02
393 1.80664062500000e-01 3.26395034790039e-02
394 2.20214843750000e-01 4.84945774078369e-02
395 2.89062500000000e-01 8.35571289062500e-02
396 2.98828125000000e-01 8.92982482910156e-02
397 3.09570312500000e-01 9.58337783813477e-02
398 3.25683593750000e-01 1.06069803237915e-01
399 3.01757812500000e-01 9.10577774047852e-02
400 3.48632812500000e-01 1.21544837951660e-01
401 4.59960937500000e-01 2.11564064025879e-01
402 4.48730468750000e-01 2.01359033584595e-01
403 4.30175781250000e-01 1.85051202774048e-01
404 4.10644531250000e-01 1.68628931045532e-01
405 3.93554687500000e-01 1.54885292053223e-01
406 4.26269531250000e-01 1.81705713272095e-01
407 3.60839843750000e-01 1.30205392837524e-01
408 4.27246093750000e-01 1.82539224624634e-01
409 4.31640625000000e-01 1.86313629150391e-01
410 3.72558593750000e-01 1.38799905776978e-01
411 4.06738281250000e-01 1.65436029434204e-01
412 4.03808593750000e-01 1.63061380386353e-01
413 3.45214843750000e-01 1.19173288345337e-01
414 3.81347656250000e-01 1.45426034927368e-01
415 3.82324218750000e-01 1.46171808242798e-01
416 3.51562500000000e-01 1.23596191406250e-01
417 3.81835937500000e-01 1.45798683166504e-01
418 4.16992187500000e-01 1.73882484436035e-01
419 5.25878906250000e-01 2.76548624038696e-01
420 5.32714843750000e-01 2.83785104751587e-01
421 4.55566406250000e-01 2.07540750503540e-01
422 4.29687500000000e-01 1.84631347656250e-01
423 4.08691406250000e-01 1.67028665542603e-01
424 3.43261718750000e-01 1.17828607559204e-01
425 3.24218750000000e-01 1.05117797851562e-01
426 3.31054687500000e-01 1.09597206115723e-01
427 3.16894531250000e-01 1.00422143936157e-01
428 4.15527343750000e-01 1.72662973403931e-01
429 3.36425781250000e-01 1.13182306289673e-01
430 3.55468750000000e-01 1.26358032226562e-01
431 3.55957031250000e-01 1.26705408096313e-01
432 3.50097656250000e-01 1.22568368911743e-01
433 3.60839843750000e-01 1.30205392837524e-01
434 3.66699218750000e-01 1.34468317031860e-01
435 3.90625000000000e-01 1.52587890625000e-01
436 4.40429687500000e-01 1.93978309631348e-01
437 3.61328125000000e-01 1.30558013916016e-01
438 4.80468750000000e-01 2.30850219726562e-01
439 4.97558593750000e-01 2.47564554214478e-01
440 4.81933593750000e-01 2.32259988784790e-01
441 5.09277343750000e-01 2.59363412857056e-01
442 5.28320312500000e-01 2.79122352600098e-01
443 5.77636718750000e-01 3.33664178848267e-01
444 5.32714843750000e-01 2.83785104751587e-01
445 5.68359375000000e-01 3.23032379150391e-01
446 5.04394531250000e-01 2.54413843154907e-01
447 4.24316406250000e-01 1.80044412612915e-01
448 4.40917968750000e-01 1.94408655166626e-01
449 4.78515625000000e-01 2.28977203369141e-01
450 4.88769531250000e-01 2.38895654678345e-01
451 4.83398437500000e-01 2.33674049377441e-01
452 4.92187500000000e-01 2.42248535156250e-01
453 4.76562500000000e-01 2.27111816406250e-01
454 4.72656250000000e-01 2.23403930664062e-01
455 3.53027343750000e-01 1.24628305435181e-01
456 3.55957031250000e-01 1.26705408096313e-01
457 4.12109375000000e-01 1.69834136962891e-01
458 4.10644531250000e-01 1.68628931045532e-01
459 4.00390625000000e-01 1.60312652587891e-01
460 4.62890625000000e-01 2.14267730712891e-01
461 4.08203125000000e-01 1.66629791259766e-01
462 3.95996093750000e-01 1.56812906265259e-01
463 4.34570312500000e-01 1.88851356506348e-01
464 4.84863281250000e-01 2.35092401504517e-01
465 4.83886718750000e-01 2.34146356582642e-01
466 5.02929687500000e-01 2.52938270568848e-01
467 4.83886718750000e-01 2.34146356582642e-01
468 4.15527343750000e-01 1.72662973403931e-01
469 3.74511718750000e-01 1.40259027481079e-01
470 4.02343750000000e-01 1.61880493164062e-01
471 4.28710937500000e-01 1.83793067932129e-01
472 4.81445312500000e-01 2.31789588928223e-01
473 4.05761718750000e-01 1.64642572402954e-01
474 4.00878906250000e-01 1.60703897476196e-01
475 3.69628906250000e-01 1.36625528335571e-01
476 3.93554687500000e-01 1.54885292053223e-01
477 4.31152343750000e-01 1.85892343521118e-01
478 3.93066406250000e-01 1.54501199722290e-01
479 4.00878906250000e-01 1.60703897476196e-01
480 3.52050781250000e-01 1.23939752578735e-01
481 4.26757812500000e-01 1.82122230529785e-01
482 4.48730468750000e-01 2.01359033584595e-01
483 3.29101562500000e-01 1.08307838439941e-01
484 3.86718750000000e-01 1.49551391601562e-01
485 2.99316406250000e-01 8.95903110504150e-02
486 1.86035156250000e-01 3.46090793609619e-02
487 1.49902343750000e-01 2.24707126617432e-02
488 1.23535156250000e-01 1.52609348297119e-02
489 1.90917968750000e-01 3.64496707916260e-02
490 1.96289062500000e-01 3.85293960571289e-02
491 2.19238281250000e-01 4.80654239654541e-02
492 2.37792968750000e-01 5.65454959869385e-02
493 2.44140625000000e-01 5.96046447753906e-02
494 3.15917968750000e-01 9.98041629791260e-02
495 2.90039062500000e-01 8.41226577758789e-02
496 3.15917968750000e-01 9.98041629791260e-02
497 3.16406250000000e-01 1.00112915039062e-01
498 3.04199218750000e-01 9.25371646881104e-02
499 3.60351562500000e-01 1.29853248596191e-01
500 2.76367187500000e-01 7.63788223266602e-02
501 3.08105468750000e-01 9.49289798736572e-02
502 2.59765625000000e-01 6.74781799316406e-02
503 2.06542968750000e-01 4.26599979400635e-02
504 2.51953125000000e-01 6.34803771972656e-02
505 2.35839843750000e-01 5.56204319000244e-02
506 2.53417968750000e-01 6.42206668853760e-02
507 2.50000000000000e-01 6.25000000000000e-02
508 3.32031250000000e-01 1.10244750976562e-01
509 3.12988281250000e-01 9.79616641998291e-02
510 3.51562500000000e-01 1.23596191406250e-01
511 3.93554687500000e-01 1.54885292053223e-01
512 4.58496093750000e-01 2.10218667984009e-01
513 4.87792968750000e-01 2.37941980361938e-01
514 5.17089843750000e-01 2.67381906509399e-01
515 5.43457031250000e-01 2.95345544815063e-01
516 5.85449218750000e-01 3.42750787734985e-01
517 5.93261718750000e-01 3.51959466934204e-01
518 6.41113281250000e-01 4.11026239395142e-01
519 6.39648437500000e-01 4.09150123596191e-01
520 6.59667968750000e-01 4.35161828994751e-01
521 6.40136718750000e-01 4.09775018692017e-01
522 6.50878906250000e-01 4.23643350601196e-01
523 6.55273437500000e-01 4.29383277893066e-01
524 6.38183593750000e-01 4.07278299331665e-01
525 5.74707031250000e-01 3.30288171768188e-01
526 5.88867187500000e-01 3.46764564514160e-01
527 6.23535156250000e-01 3.88796091079712e-01
528 5.83984375000000e-01 3.41037750244141e-01
529 6.24023437500000e-01 3.89405250549316e-01
530 6.94335937500000e-01 4.82102394104004e-01
531 6.70898437500000e-01 4.50104713439941e-01
532 6.52343750000000e-01 4.25552368164062e-01
533 6.66992187500000e-01 4.44878578186035e-01
534 6.85546875000000e-01 4.69974517822266e-01
535 7.07031250000000e-01 4.99893188476562e-01
536 6.78222656250000e-01 4.59985971450806e-01
537 7.24609375000000e-01 5.25058746337891e-01
538 7.48535156250000e-01 5.60304880142212e-01
539 7.63671875000000e-01 5.83194732666016e-01
540 7.32421875000000e-01 5.36441802978516e-01
541 6.95312500000000e-01 4.83459472656250e-01
542 7.21191406250000e-01 5.20117044448853e-01
543 7.11914062500000e-01 5.06821632385254e-01
544 7.49023437500000e-01 5.61036109924316e-01
545 7.63183593750000e-01 5.82449197769165e-01
546 6.88964843750000e-01 4.74672555923462e-01
547 7.26074218750000e-01 5.27183771133423e-01
548 7.68066406250000e-01 5.89926004409790e-01
549 6.66503906250000e-01 4.44227457046509e-01
550 7.18750000000000e-01 5.16601562500000e-01
551 7.28027343750000e-01 5.30023813247681e-01
552 7.05566406250000e-01 4.97823953628540e-01
553 7.17285156250000e-01 5.14497995376587e-01
554 7.46582031250000e-01 5.57384729385376e-01
555 7.11914062500000e-01 5.06821632385254e-01
556 6.88964843750000e-01 4.74672555923462e-01
557 6.54296875000000e-01 4.28104400634766e-01
558 6.53320312500000e-01 4.26827430725098e-01
559 6.00585937500000e-01 3.60703468322754e-01
560 5.80566406250000e-01 3.37057352066040e-01
561 5.18554687500000e-01 2.68898963928223e-01
562 4.97070312500000e-01 2.47078895568848e-01
563 4.54589843750000e-01 2.06651926040649e-01
564 4.63378906250000e-01 2.14720010757446e-01
565 4.29687500000000e-01 1.84631347656250e-01
566 4.45800781250000e-01 1.98738336563110e-01
567 4.72167968750000e-01 2.22942590713501e-01
568 4.07714843750000e-01 1.66231393814087e-01
569 4.27246093750000e-01 1.82539224624634e-01
570 4.59960937500000e-01 2.11564064025879e-01
571 4.19921875000000e-01 1.76334381103516e-01
572 4.01855468750000e-01 1.61487817764282e-01
573 4.30175781250000e-01 1.85051202774048e-01
574 4.42871093750000e-01 1.96134805679321e-01
575 4.73144531250000e-01 2.23865747451782e-01
576 4.51660156250000e-01 2.03996896743774e-01
577 4.28222656250000e-01 1.83374643325806e-01
578 3.94042968750000e-01 1.55269861221313e-01
579 4.45800781250000e-01 1.98738336563110e-01
580 4.44335937500000e-01 1.97434425354004e-01
581 5.07324218750000e-01 2.57377862930298e-01
582 5.38574218750000e-01 2.90062189102173e-01
583 4.73632812500000e-01 2.24328041076660e-01
584 5.07812500000000e-01 2.57873535156250e-01
585 5.03906250000000e-01 2.53921508789062e-01
586 4.80957031250000e-01 2.31319665908813e-01
587 4.65820312500000e-01 2.16988563537598e-01
588 4.90722656250000e-01 2.40808725357056e-01
589 5.60058593750000e-01 3.13665628433228e-01
590 5.74218750000000e-01 3.29727172851562e-01
591 5.40527343750000e-01 2.92169809341431e-01
592 5.18554687500000e-01 2.68898963928223e-01
593 5.20019531250000e-01 2.70420312881470e-01
594 4.97558593750000e-01 2.47564554214478e-01
595 5.35156250000000e-01 2.86392211914062e-01
596 5.26367187500000e-01 2.77062416076660e-01
597 5.34667968750000e-01 2.85869836807251e-01
598 5.78613281250000e-01 3.34793329238892e-01
599 5.82519531250000e-01 3.39329004287720e-01
600 5.29785156250000e-01 2.80672311782837e-01
601 5.27832031250000e-01 2.78606653213501e-01
602 5.43457031250000e-01 2.95345544815063e-01
603 5.69824218750000e-01 3.24699640274048e-01
604 6.15722656250000e-01 3.79114389419556e-01
605 6.26953125000000e-01 3.93070220947266e-01
606 6.23046875000000e-01 3.88187408447266e-01
607 6.40136718750000e-01 4.09775018692017e-01
608 6.67480468750000e-01 4.45530176162720e-01
609 6.29882812500000e-01 3.96752357482910e-01
610 6.24023437500000e-01 3.89405250549316e-01
611 7.08984375000000e-01 5.02658843994141e-01
612 7.26562500000000e-01 5.27893066406250e-01
613 6.96289062500000e-01 4.84818458557129e-01
614 7.00195312500000e-01 4.90273475646973e-01
615 7.39257812500000e-01 5.46502113342285e-01
616 6.26464843750000e-01 3.92458200454712e-01
617 6.35742187500000e-01 4.04168128967285e-01
618 6.86523437500000e-01 4.71314430236816e-01
619 6.28906250000000e-01 3.95523071289062e-01
620 6.63574218750000e-01 4.40330743789673e-01
621 6.59667968750000e-01 4.35161828994751e-01
622 6.91894531250000e-01 4.78718042373657e-01
623 7.26562500000000e-01 5.27893066406250e-01
624 7.52441406250000e-01 5.66168069839478e-01
625 7.20703125000000e-01 5.19412994384766e-01
626 6.98730468750000e-01 4.88224267959595e-01
627 6.76269531250000e-01 4.57340478897095e-01
628 6.85546875000000e-01 4.69974517822266e-01
629 7.38281250000000e-01 5.45059204101562e-01
630 7.21191406250000e-01 5.20117044448853e-01
631 7.05566406250000e-01 4.97823953628540e-01
632 7.13867187500000e-01 5.09606361389160e-01
633 6.98242187500000e-01 4.87542152404785e-01
634 6.87500000000000e-01 4.72656250000000e-01
635 6.36718750000000e-01 4.05410766601562e-01
636 6.42089843750000e-01 4.12279367446899e-01
637 6.01562500000000e-01 3.61877441406250e-01
638 5.82031250000000e-01 3.38760375976562e-01
639 5.18554687500000e-01 2.68898963928223e-01
640 5.10742187500000e-01 2.60857582092285e-01
641 5.31738281250000e-01 2.82745599746704e-01
642 4.93164062500000e-01 2.43210792541504e-01
643 5.44433593750000e-01 2.96407938003540e-01
644 5.91796875000000e-01 3.50223541259766e-01
645 5.83496093750000e-01 3.40467691421509e-01
646 5.76171875000000e-01 3.31974029541016e-01
647 5.85449218750000e-01 3.42750787734985e-01
648 6.02050781250000e-01 3.62465143203735e-01
649 5.96191406250000e-01 3.55444192886353e-01
650 5.05859375000000e-01 2.55893707275391e-01
651 5.26855468750000e-01 2.77576684951782e-01
652 5.54199218750000e-01 3.07136774063110e-01
653 6.17187500000000e-01 3.80920410156250e-01
654 6.79687500000000e-01 4.61975097656250e-01
655 6.88476562500000e-01 4.73999977111816e-01
656 7.02148437500000e-01 4.93012428283691e-01
657 7.01171875000000e-01 4.91641998291016e-01
658 6.55273437500000e-01 4.29383277893066e-01
659 6.41113281250000e-01 4.11026239395142e-01
660 6.45507812500000e-01 4.16680335998535e-01
661 5.99609375000000e-01 3.59531402587891e-01
662 6.44531250000000e-01 4.15420532226562e-01
663 6.08886718750000e-01 3.70743036270142e-01
664 5.66894531250000e-01 3.21369409561157e-01
665 5.71777343750000e-01 3.26929330825806e-01
666 5.18554687500000e-01 2.68898963928223e-01
667 5.27343750000000e-01 2.78091430664062e-01
668 4.91699218750000e-01 2.41768121719360e-01
669 4.84863281250000e-01 2.35092401504517e-01
670 5.37597656250000e-01 2.89011240005493e-01
671 6.26464843750000e-01 3.92458200454712e-01
672 6.38183593750000e-01 4.07278299331665e-01
673 5.89843750000000e-01 3.47915649414062e-01
674 5.76660156250000e-01 3.32536935806274e-01
675 6.49414062500000e-01 4.21738624572754e-01
676 6.52343750000000e-01 4.25552368164062e-01
677 6.61132812500000e-01 4.37096595764160e-01
678 6.48925781250000e-01 4.21104669570923e-01
679 6.73339843750000e-01 4.53386545181274e-01
680 6.87500000000000e-01 4.72656250000000e-01
681 6.07910156250000e-01 3.69554758071899e-01
682 6.30859375000000e-01 3.97983551025391e-01
683 6.71386718750000e-01 4.50760126113892e-01
684 6.45507812500000e-01 4.16680335998535e-01
685 6.79199218750000e-01 4.61311578750610e-01
686 6.42578125000000e-01 4.12906646728516e-01
687 6.57714843750000e-01 4.32588815689087e-01
688 6.21093750000000e-01 3.85757446289062e-01
689 6.28417968750000e-01 3.94909143447876e-01
690 6.76269531250000e-01 4.57340478897095e-01
691 6.75781250000000e-01 4.56680297851562e-01
692 6.79199218750000e-01 4.61311578750610e-01
693 7.14843750000000e-01 5.11001586914062e-01
694 6.38671875000000e-01 4.07901763916016e-01
695 6.19628906250000e-01 3.83939981460571e-01
696 6.30859375000000e-01 3.97983551025391e-01
697 6.18164062500000e-01 3.82126808166504e-01
698 6.51855468750000e-01 4.24915552139282e-01
699 6.26953125000000e-01 3.93070220947266e-01
700 6.48925781250000e-01 4.21104669570923e-01
701 6.75781250000000e-01 4.56680297851562e-01
702 6.86035156250000e-01 4.70644235610962e-01
703 6.70898437500000e-01 4.50104713439941e-01
704 7.16308593750000e-01 5.13098001480103e-01
705 7.19726562500000e-01 5.18006324768066e-01
706 7.27050781250000e-01 5.28602838516235e-01
707 7.26562500000000e-01 5.27893066406250e-01
708 7.82226562500000e-01 6.11878395080566e-01
709 7.68066406250000e-01 5.89926004409790e-01
710 7.24609375000000e-01 5.25058746337891e-01
711 6.90917968750000e-01 4.77367639541626e-01
712 7.39257812500000e-01 5.46502113342285e-01
713 7.37304687500000e-01 5.43618202209473e-01
714 7.67578125000000e-01 5.89176177978516e-01
715 7.30468750000000e-01 5.33584594726562e-01
716 6.12792968750000e-01 3.75515222549438e-01
717 5.70312500000000e-01 3.25256347656250e-01
718 6.22070312500000e-01 3.86971473693848e-01
719 6.12792968750000e-01 3.75515222549438e-01
720 6.30371093750000e-01 3.97367715835571e-01
721 6.38183593750000e-01 4.07278299331665e-01
722 6.12792968750000e-01 3.75515222549438e-01
723 6.28417968750000e-01 3.94909143447876e-01
724 6.00585937500000e-01 3.60703468322754e-01
725 5.82031250000000e-01 3.38760375976562e-01
726 6.23535156250000e-01 3.88796091079712e-01
727 6.31835937500000e-01 3.99216651916504e-01
728 6.53320312500000e-01 4.26827430725098e-01
729 6.55273437500000e-01 4.29383277893066e-01
730 6.35742187500000e-01 4.04168128967285e-01
731 6.22070312500000e-01 3.86971473693848e-01
732 6.15722656250000e-01 3.79114389419556e-01
733 5.72265625000000e-01 3.27487945556641e-01
734 6.24023437500000e-01 3.89405250549316e-01
735 6.76757812500000e-01 4.58001136779785e-01
736 6.76757812500000e-01 4.58001136779785e-01
737 6.19628906250000e-01 3.83939981460571e-01
738 7.34375000000000e-01 5.39306640625000e-01
739 7.05566406250000e-01 4.97823953628540e-01
740 6.39648437500000e-01 4.09150123596191e-01
741 5.94726562500000e-01 3.53699684143066e-01
742 6.62109375000000e-01 4.38388824462891e-01
743 6.16699218750000e-01 3.80317926406860e-01
744 5.88378906250000e-01 3.46189737319946e-01
745 5.80078125000000e-01 3.36490631103516e-01
746 5.84960937500000e-01 3.42179298400879e-01
747 6.34765625000000e-01 4.02927398681641e-01
748 6.56738281250000e-01 4.31305170059204e-01
749 7.01171875000000e-01 4.91641998291016e-01
750 6.98242187500000e-01 4.87542152404785e-01
751 6.60156250000000e-01 4.35806274414062e-01
752 6.64062500000000e-01 4.40979003906250e-01
753 6.24511718750000e-01 3.90014886856079e-01
754 6.34765625000000e-01 4.02927398681641e-01
755 6.78710937500000e-01 4.60648536682129e-01
756 5.98144531250000e-01 3.57776880264282e-01
757 6.01562500000000e-01 3.61877441406250e-01
758 6.06445312500000e-01 3.67775917053223e-01
759 6.14257812500000e-01 3.77312660217285e-01
760 6.55273437500000e-01 4.29383277893066e-01
761 6.54296875000000e-01 4.28104400634766e-01
762 6.20117187500000e-01 3.84545326232910e-01
763 5.82519531250000e-01 3.39329004287720e-01
764 5.55664062500000e-01 3.08762550354004e-01
765 6.01562500000000e-01 3.61877441406250e-01
766 5.74707031250000e-01 3.30288171768188e-01
767 6.01562500000000e-01 3.61877441406250e-01
768 6.07910156250000e-01 3.69554758071899e-01
769 6.13281250000000e-01 3.76113891601562e-01
770 6.14746093750000e-01 3.77912759780884e-01
771 6.29394531250000e-01 3.96137475967407e-01
772 6.82128906250000e-01 4.65299844741821e-01
773 6.56250000000000e-01 4.30664062500000e-01
774 6.87988281250000e-01 4.73327875137329e-01
775 6.71386718750000e-01 4.50760126113892e-01
776 6.75781250000000e-01 4.56680297851562e-01
777 6.87500000000000e-01 4.72656250000000e-01
778 7.37304687500000e-01 5.43618202209473e-01
779 7.25097656250000e-01 5.25766611099243e-01
780 7.42187500000000e-01 5.50842285156250e-01
781 6.88964843750000e-01 4.74672555923462e-01
782 5.61035156250000e-01 3.14760446548462e-01
783 5.34667968750000e-01 2.85869836807251e-01
784 5.24902343750000e-01 2.75522470474243e-01
785 5.21484375000000e-01 2.71945953369141e-01
786 5.03417968750000e-01 2.53429651260376e-01
787 5.00976562500000e-01 2.50977516174316e-01
788 4.79003906250000e-01 2.29444742202759e-01
789 5.00000000000000e-01 2.50000000000000e-01
790 4.94628906250000e-01 2.44657754898071e-01
791 4.99511718750000e-01 2.49511957168579e-01
792 5.58105468750000e-01 3.11481714248657e-01
793 5.21972656250000e-01 2.72455453872681e-01
794 5.29785156250000e-01 2.80672311782837e-01
795 5.46875000000000e-01 2.99072265625000e-01
796 5.18554687500000e-01 2.68898963928223e-01
797 5.19531250000000e-01 2.69912719726562e-01
798 5.31250000000000e-01 2.82226562500000e-01
799 5.09765625000000e-01 2.59860992431641e-01
800 5.49316406250000e-01 3.01748514175415e-01
801 6.17187500000000e-01 3.80920410156250e-01
802 5.98632812500000e-01 3.58361244201660e-01
803 6.18164062500000e-01 3.82126808166504e-01
804 6.09375000000000e-01 3.71337890625000e-01
805 5.53222656250000e-01 3.06055307388306e-01
806 5.75195312500000e-01 3.30849647521973e-01
807 5.55175781250000e-01 3.08220148086548e-01
808 5.95214843750000e-01 3.54280710220337e-01
809 6.37695312500000e-01 4.06655311584473e-01
810 6.23535156250000e-01 3.88796091079712e-01
811 6.01074218750000e-01 3.61290216445923e-01
812 6.87988281250000e-01 4.73327875137329e-01
813 6.82128906250000e-01 4.65299844741821e-01
814 6.79687500000000e-01 4.61975097656250e-01
815 6.89453125000000e-01 4.75345611572266e-01
816 6.66503906250000e-01 4.44227457046509e-01
817 6.76269531250000e-01 4.57340478897095e-01
818 7.12890625000000e-01 5.08213043212891e-01
819 6.64550781250000e-01 4.41627740859985e-01
820 6.55273437500000e-01 4.29383277893066e-01
821 6.54785156250000e-01 4.28743600845337e-01
822 6.36230468750000e-01 4.04789209365845e-01
823 6.36718750000000e-01 4.05410766601562e-01
824 5.45898437500000e-01 2.98005104064941e-01
825 5.81542968750000e-01 3.38192224502563e-01
826 5.63964843750000e-01 3.18056344985962e-01
827 6.22070312500000e-01 3.86971473693848e-01
828 6.19628906250000e-01 3.83939981460571e-01
829 5.47363281250000e-01 2.99606561660767e-01
830 5.67871093750000e-01 3.22477579116821e-01
831 5.98144531250000e-01 3.57776880264282e-01
832 6.02050781250000e-01 3.62465143203735e-01
833 5.68359375000000e-01 3.23032379150391e-01
834 6.20605468750000e-01 3.85151147842407e-01
835 5.89355468750000e-01 3.47339868545532e-01
836 5.42480468750000e-01 2.94285058975220e-01
837 5.17089843750000e-01 2.67381906509399e-01
838 5.87890625000000e-01 3.45615386962891e-01
839 6.28906250000000e-01 3.95523071289062e-01
840 5.56152343750000e-01 3.09305429458618e-01
841 6.26464843750000e-01 3.92458200454712e-01
842 6.15234375000000e-01 3.78513336181641e-01
843 5.36621093750000e-01 2.87962198257446e-01
844 5.63476562500000e-01 3.17505836486816e-01
845 5.32714843750000e-01 2.83785104751587e-01
846 5.16113281250000e-01 2.66372919082642e-01
847 4.30175781250000e-01 1.85051202774048e-01
848 4.79003906250000e-01 2.29444742202759e-01
849 5.40527343750000e-01 2.92169809341431e-01
850 5.46386718750000e-01 2.98538446426392e-01
851 5.20019531250000e-01 2.70420312881470e-01
852 5.67382812500000e-01 3.21923255920410e-01
853 5.66406250000000e-01 3.20816040039062e-01
854 5.72753906250000e-01 3.28047037124634e-01
855 5.29296875000000e-01 2.80155181884766e-01
856 4.83886718750000e-01 2.34146356582642e-01
857 4.64355468750000e-01 2.15626001358032e-01
858 4.88281250000000e-01 2.38418579101562e-01
859 4.65332031250000e-01 2.16533899307251e-01
860 4.96582031250000e-01 2.46593713760376e-01
861 4.90722656250000e-01 2.40808725357056e-01
862 4.86816406250000e-01 2.36990213394165e-01
863 4.60937500000000e-01 2.12463378906250e-01
864 4.62402343750000e-01 2.13815927505493e-01
865 5.05859375000000e-01 2.55893707275391e-01
866 4.56054687500000e-01 2.07985877990723e-01
867 4.81933593750000e-01 2.32259988784790e-01
868 5.01953125000000e-01 2.51956939697266e-01
869 4.82421875000000e-01 2.32730865478516e-01
870 4.71679687500000e-01 2.22481727600098e-01
871 5.41503906250000e-01 2.93226480484009e-01
872 5.76660156250000e-01 3.32536935806274e-01
873 5.82031250000000e-01 3.38760375976562e-01
874 6.18164062500000e-01 3.82126808166504e-01
875 6.02050781250000e-01 3.62465143203735e-01
876 6.09375000000000e-01 3.71337890625000e-01
877 6.34277343750000e-01 4.02307748794556e-01
878 6.02050781250000e-01 3.62465143203735e-01
879 5.60546875000000e-01 3.14212799072266e-01
880 5.55175781250000e-01 3.08220148086548e-01
881 5.90332031250000e-01 3.48491907119751e-01
882 5.62011718750000e-01 3.15857172012329e-01
883 6.52343750000000e-01 4.25552368164062e-01
884 6.72363281250000e-01 4.52072381973267e-01
885 6.56250000000000e-01 4.30664062500000e-01
886 6.12304687500000e-01 3.74917030334473e-01
887 5.95214843750000e-01 3.54280710220337e-01
888 5.80566406250000e-01 3.37057352066040e-01
889 4.86328125000000e-01 2.36515045166016e-01
890 5.46875000000000e-01 2.99072265625000e-01
891 5.20019531250000e-01 2.70420312881470e-01
892 5.72753906250000e-01 3.28047037124634e-01
893 5.44433593750000e-01 2.96407938003540e-01
894 4.95605468750000e-01 2.45624780654907e-01
895 4.79980468750000e-01 2.30381250381470e-01
896 4.18945312500000e-01 1.75515174865723e-01
897 3.92578125000000e-01 1.54117584228516e-01
898 4.10156250000000e-01 1.68228149414062e-01
899 4.80468750000000e-01 2.30850219726562e-01
900 5.25878906250000e-01 2.76548624038696e-01
901 5.08300781250000e-01 2.58369684219360e-01
902 5.33691406250000e-01 2.84826517105103e-01
903 5.57128906250000e-01 3.10392618179321e-01
904 4.49707031250000e-01 2.02236413955688e-01
905 5.26855468750000e-01 2.77576684951782e-01
906 5.42480468750000e-01 2.94285058975220e-01
907 5.83007812500000e-01 3.39898109436035e-01
908 6.22558593750000e-01 3.87579202651978e-01
909 6.19628906250000e-01 3.83939981460571e-01
910 6.23535156250000e-01 3.88796091079712e-01
911 5.89355468750000e-01 3.47339868545532e-01
912 5.78613281250000e-01 3.34793329238892e-01
913 6.33300781250000e-01 4.01069879531860e-01
914 5.16113281250000e-01 2.66372919082642e-01
915 4.78515625000000e-01 2.28977203369141e-01
916 4.62402343750000e-01 2.13815927505493e-01
917 4.90234375000000e-01 2.40329742431641e-01
918 4.34570312500000e-01 1.88851356506348e-01
919 4.72167968750000e-01 2.22942590713501e-01
920 4.75097656250000e-01 2.25717782974243e-01
921 5.04394531250000e-01 2.54413843154907e-01
922 4.34082031250000e-01 1.88427209854126e-01
923 4.48242187500000e-01 2.00921058654785e-01
924 4.24804687500000e-01 1.80459022521973e-01
925 4.73632812500000e-01 2.24328041076660e-01
926 4.41406250000000e-01 1.94839477539062e-01
927 4.30664062500000e-01 1.85471534729004e-01
928 3.58886718750000e-01 1.28799676895142e-01
929 3.22753906250000e-01 1.04170083999634e-01
930 3.63281250000000e-01 1.31973266601562e-01
931 3.81347656250000e-01 1.45426034927368e-01
932 3.49121093750000e-01 1.21885538101196e-01
933 3.01757812500000e-01 9.10577774047852e-02
934 2.87109375000000e-01 8.24317932128906e-02
935 2.48046875000000e-01 6.15272521972656e-02
936 2.01171875000000e-01 4.04701232910156e-02
937 2.04589843750000e-01 4.18570041656494e-02
938 2.39257812500000e-01 5.72443008422852e-02
939 1.57226562500000e-01 2.47201919555664e-02
940 1.12304687500000e-01 1.26123428344727e-02
941 7.27539062500000e-02 5.29313087463379e-03
942 1.38183593750000e-01 1.90947055816650e-02
943 2.07031250000000e-01 4.28619384765625e-02
944 1.87988281250000e-01 3.53395938873291e-02
945 1.11816406250000e-01 1.25029087066650e-02
946 9.52148437500000e-02 9.06586647033691e-03
947 2.24609375000000e-02 5.04493713378906e-04
948 6.83593750000000e-02 4.67300415039062e-03
949 2.44140625000000e-02 5.96046447753906e-04
950 3.41796875000000e-02 1.16825103759766e-03
951 9.57031250000000e-02 9.15908813476562e-03
952 6.98242187500000e-02 4.87542152404785e-03
953 1.10839843750000e-01 1.22854709625244e-02
954 8.54492187500000e-02 7.30156898498535e-03
955 1.01074218750000e-01 1.02159976959229e-02
956 1.09863281250000e-01 1.20699405670166e-02
957 1.33789062500000e-01 1.78995132446289e-02
958 5.71289062500000e-02 3.26371192932129e-03
959 6.49414062500000e-02 4.21738624572754e-03
960 1.05468750000000e-01 1.11236572265625e-02
961 9.03320312500000e-02 8.15987586975098e-03
962 6.88476562500000e-02 4.73999977111816e-03
963 1.25000000000000e-01 1.56250000000000e-02
964 1.78710937500000e-01 3.19375991821289e-02
965 9.27734375000000e-02 8.60691070556641e-03
966 6.59179687500000e-02 4.34517860412598e-03
967 3.51562500000000e-02 1.23596191406250e-03
968 2.34375000000000e-02 5.49316406250000e-04
969 3.07617187500000e-02 9.46283340454102e-04
970 3.27148437500000e-02 1.07026100158691e-03
971 4.88281250000000e-04 2.38418579101562e-07
972 6.20117187500000e-02 3.84545326232910e-03
973 2.39257812500000e-02 5.72443008422852e-04
974 1.10351562500000e-01 1.21774673461914e-02
975 1.44042968750000e-01 2.07483768463135e-02
976 1.79199218750000e-01 3.21123600006104e-02
977 2.10937500000000e-01 4.44946289062500e-02
978 1.43066406250000e-01 2.04679965972900e-02
979 1.49902343750000e-01 2.24707126617432e-02
980 1.70898437500000e-01 2.92062759399414e-02
981 1.31835937500000e-01 1.73807144165039e-02
982 1.32812500000000e-01 1.76391601562500e-02
983 1.29394531250000e-01 1.67429447174072e-02
984 1.12792968750000e-01 1.27222537994385e-02
985 8.98437500000000e-02 8.07189941406250e-03
986 1.43554687500000e-01 2.06079483032227e-02
987 1.18164062500000e-01 1.39627456665039e-02
988 1.47949218750000e-01 2.18889713287354e-02
989 8.98437500000000e-02 8.07189941406250e-03
990 1.25488281250000e-01 1.57473087310791e-02
991 1.45996093750000e-01 2.13148593902588e-02
992 1.62109375000000e-01 2.62794494628906e-02
993 9.71679687500000e-02 9.44161415100098e-03
994 6.20117187500000e-02 3.84545326232910e-03
995 2.49023437500000e-02 6.20126724243164e-04
996 1.56250000000000e-02 2.44140625000000e-04
997 5.17578125000000e-02 2.67887115478516e-03
998 1.22070312500000e-02 1.49011611938477e-04
999 1.85546875000000e-02 3.44276428222656e-04
