0 6.66503906250000e-01 4.44227457046509e-01
1 6.61132812500000e-01 4.37096595764160e-01
2 6.60156250000000e-01 4.35806274414062e-01
3 6.18164062500000e-01 3.82126808166504e-01
4 6.74316406250000e-01 4.54702615737915e-01
5 6.66015625000000e-01 4.43576812744141e-01
6 6.16699218750000e-01 3.80317926406860e-01
7 5.88378906250000e-01 3.46189737319946e-01
8 6.05957031250000e-01 3.67183923721313e-01
9 6.74316406250000e-01 4.54702615737915e-01
10 6.80664062500000e-01 4.63303565979004e-01
11 6.37695312500000e-01 4.06655311584473e-01
12 6.45019531250000e-01 4.16050195693970e-01
13 6.30859375000000e-01 3.97983551025391e-01
14 6.78222656250000e-01 4.59985971450806e-01
15 6.26953125000000e-01 3.93070220947266e-01
16 6.06933593750000e-01 3.68368387222290e-01
17 6.47949218750000e-01 4.19838190078735e-01
18 6.61621093750000e-01 4.37742471694946e-01
19 6.65039062500000e-01 4.42276954650879e-01
20 6.51855468750000e-01 4.24915552139282e-01
21 6.48925781250000e-01 4.21104669570923e-01
22 6.37695312500000e-01 4.06655311584473e-01
23 6.54785156250000e-01 4.28743600845337e-01
24 6.30859375000000e-01 3.97983551025391e-01
25 6.63574218750000e-01 4.40330743789673e-01
26 6.28417968750000e-01 3.94909143447876e-01
27 5.64453125000000e-01 3.18607330322266e-01
28 6.02539062500000e-01 3.63053321838379e-01
29 5.54687500000000e-01 3.07678222656250e-01
30 5.41503906250000e-01 2.93226480484009e-01
31 5.12207031250000e-01 2.62356042861938e-01
32 5.60058593750000e-01 3.13665628433228e-01
33 6.60644531250000e-01 4.36451196670532e-01
34 6.79199218750000e-01 4.61311578750610e-01
35 6.86523437500000e-01 4.71314430236816e-01
36 6.78710937500000e-01 4.60648536682129e-01
37 6.31347656250000e-01 3.98599863052368e-01
38 6.29882812500000e-01 3.96752357482910e-01
39 6.00097656250000e-01 3.60117197036743e-01
40 6.38183593750000e-01 4.07278299331665e-01
41 6.37207031250000e-01 4.06032800674438e-01
42 7.15332031250000e-01 5.11699914932251e-01
43 7.17285156250000e-01 5.14497995376587e-01
44 7.28515625000000e-01 5.30735015869141e-01
45 7.21191406250000e-01 5.20117044448853e-01
46 6.92382812500000e-01 4.79393959045410e-01
47 6.69921875000000e-01 4.48795318603516e-01
48 6.79199218750000e-01 4.61311578750610e-01
49 6.80664062500000e-01 4.63303565979004e-01
50 6.88476562500000e-01 4.73999977111816e-01
51 6.56738281250000e-01 4.31305170059204e-01
52 6.31347656250000e-01 3.98599863052368e-01
53 6.34765625000000e-01 4.02927398681641e-01
54 5.87890625000000e-01 3.45615386962891e-01
55 6.17187500000000e-01 3.80920410156250e-01
56 6.56250000000000e-01 4.30664062500000e-01
57 6.20605468750000e-01 3.85151147842407e-01
58 6.35742187500000e-01 4.04168128967285e-01
59 5.96679687500000e-01 3.56026649475098e-01
60 6.27929687500000e-01 3.94295692443848e-01
61 6.21093750000000e-01 3.85757446289062e-01
62 6.30859375000000e-01 3.97983551025391e-01
63 6.18652343750000e-01 3.82730722427368e-01
64 6.50878906250000e-01 4.23643350601196e-01
65 6.93359375000000e-01 4.80747222900391e-01
66 6.29394531250000e-01 3.96137475967407e-01
67 6.24511718750000e-01 3.90014886856079e-01
68 6.33789062500000e-01 4.01688575744629e-01
69 6.40136718750000e-01 4.09775018692017e-01
70 6.28906250000000e-01 3.95523071289062e-01
71 6.61132812500000e-01 4.37096595764160e-01
72 6.18164062500000e-01 3.82126808166504e-01
73 6.01562500000000e-01 3.61877441406250e-01
74 6.17187500000000e-01 3.80920410156250e-01
75 6.56250000000000e-01 4.30664062500000e-01
76 6.47460937500000e-01 4.19205665588379e-01
77 6.79687500000000e-01 4.61975097656250e-01
78 7.11425781250000e-01 5.06126642227173e-01
79 6.56250000000000e-01 4.30664062500000e-01
80 7.04101562500000e-01 4.95759010314941e-01
81 6.93847656250000e-01 4.81424570083618e-01
82 7.36816406250000e-01 5.42898416519165e-01
83 6.92871093750000e-01 4.80070352554321e-01
84 7.60742187500000e-01 5.78728675842285e-01
85 6.88964843750000e-01 4.74672555923462e-01
86 7.26074218750000e-01 5.27183771133423e-01
87 6.95800781250000e-01 4.84138727188110e-01
88 6.71875000000000e-01 4.51416015625000e-01
89 7.17773437500000e-01 5.15198707580566e-01
90 6.88476562500000e-01 4.73999977111816e-01
91 7.61718750000000e-01 5.80215454101562e-01
92 7.31933593750000e-01 5.35726785659790e-01
93 7.50488281250000e-01 5.63232660293579e-01
94 6.57226562500000e-01 4.31946754455566e-01
95 6.35742187500000e-01 4.04168128967285e-01
96 6.38183593750000e-01 4.07278299331665e-01
97 6.36230468750000e-01 4.04789209365845e-01
98 5.86425781250000e-01 3.43895196914673e-01
99 5.48828125000000e-01 3.01212310791016e-01
100 5.72753906250000e-01 3.28047037124634e-01
101 5.49316406250000e-01 3.01748514175415e-01
102 5.47851562500000e-01 3.00141334533691e-01
103 5.77148437500000e-01 3.33100318908691e-01
104 6.37695312500000e-01 4.06655311584473e-01
105 6.85546875000000e-01 4.69974517822266e-01
106 6.87011718750000e-01 4.71985101699829e-01
107 6.97265625000000e-01 4.86179351806641e-01
108 6.90429687500000e-01 4.76693153381348e-01
109 7.97851562500000e-01 6.36567115783691e-01
110 7.60253906250000e-01 5.77986001968384e-01
111 7.06054687500000e-01 4.98513221740723e-01
112 7.24609375000000e-01 5.25058746337891e-01
113 7.28027343750000e-01 5.30023813247681e-01
114 6.24511718750000e-01 3.90014886856079e-01
115 5.63476562500000e-01 3.17505836486816e-01
116 5.13671875000000e-01 2.63858795166016e-01
117 5.25878906250000e-01 2.76548624038696e-01
118 5.63964843750000e-01 3.18056344985962e-01
119 5.08300781250000e-01 2.58369684219360e-01
120 5.16113281250000e-01 2.66372919082642e-01
121 5.54199218750000e-01 3.07136774063110e-01
122 6.59179687500000e-01 4.34517860412598e-01
123 6.33789062500000e-01 4.01688575744629e-01
124 5.20019531250000e-01 2.70420312881470e-01
125 5.24414062500000e-01 2.75010108947754e-01
126 5.62988281250000e-01 3.16955804824829e-01
127 5.54687500000000e-01 3.07678222656250e-01
128 5.58105468750000e-01 3.11481714248657e-01
129 6.03027343750000e-01 3.63641977310181e-01
130 6.32812500000000e-01 4.00451660156250e-01
131 6.47460937500000e-01 4.19205665588379e-01
132 6.22070312500000e-01 3.86971473693848e-01
133 5.42480468750000e-01 2.94285058975220e-01
134 5.89843750000000e-01 3.47915649414062e-01
135 5.88378906250000e-01 3.46189737319946e-01
136 6.56738281250000e-01 4.31305170059204e-01
137 6.26953125000000e-01 3.93070220947266e-01
138 5.94726562500000e-01 3.53699684143066e-01
139 6.48925781250000e-01 4.21104669570923e-01
140 6.81152343750000e-01 4.63968515396118e-01
141 6.78222656250000e-01 4.59985971450806e-01
142 6.63574218750000e-01 4.40330743789673e-01
143 6.44042968750000e-01 4.14791345596313e-01
144 6.32324218750000e-01 3.99833917617798e-01
145 6.38671875000000e-01 4.07901763916016e-01
146 6.51367187500000e-01 4.24279212951660e-01
147 6.18652343750000e-01 3.82730722427368e-01
148 6.46972656250000e-01 4.18573617935181e-01
149 6.90917968750000e-01 4.77367639541626e-01
150 6.43066406250000e-01 4.13534402847290e-01
151 6.53320312500000e-01 4.26827430725098e-01
152 6.72363281250000e-01 4.52072381973267e-01
153 6.36718750000000e-01 4.05410766601562e-01
154 6.37695312500000e-01 4.06655311584473e-01
155 6.86523437500000e-01 4.71314430236816e-01
156 6.68945312500000e-01 4.47487831115723e-01
157 6.52343750000000e-01 4.25552368164062e-01
158 7.02636718750000e-01 4.93698358535767e-01
159 7.19726562500000e-01 5.18006324768066e-01
160 7.23632812500000e-01 5.23644447326660e-01
161 7.02636718750000e-01 4.93698358535767e-01
162 6.71875000000000e-01 4.51416015625000e-01
163 6.63574218750000e-01 4.40330743789673e-01
164 6.62109375000000e-01 4.38388824462891e-01
165 6.39160156250000e-01 4.08525705337524e-01
166 6.24511718750000e-01 3.90014886856079e-01
167 6.13769531250000e-01 3.76713037490845e-01
168 6.21582031250000e-01 3.86364221572876e-01
169 6.01562500000000e-01 3.61877441406250e-01
170 5.37597656250000e-01 2.89011240005493e-01
171 6.05468750000000e-01 3.66592407226562e-01
172 6.22070312500000e-01 3.86971473693848e-01
173 6.76757812500000e-01 4.58001136779785e-01
174 6.86035156250000e-01 4.70644235610962e-01
175 7.10937500000000e-01 5.05432128906250e-01
176 6.93359375000000e-01 4.80747222900391e-01
177 7.24609375000000e-01 5.25058746337891e-01
178 7.70507812500000e-01 5.93682289123535e-01
179 7.08496093750000e-01 5.01966714859009e-01
180 7.04101562500000e-01 4.95759010314941e-01
181 7.04101562500000e-01 4.95759010314941e-01
182 7.05566406250000e-01 4.97823953628540e-01
183 6.78710937500000e-01 4.60648536682129e-01
184 6.48437500000000e-01 4.20471191406250e-01
185 6.10351562500000e-01 3.72529029846191e-01
186 5.86914062500000e-01 3.44468116760254e-01
187 6.18652343750000e-01 3.82730722427368e-01
188 6.03027343750000e-01 3.63641977310181e-01
189 6.14746093750000e-01 3.77912759780884e-01
190 6.54785156250000e-01 4.28743600845337e-01
191 6.32324218750000e-01 3.99833917617798e-01
192 6.45507812500000e-01 4.16680335998535e-01
193 6.40625000000000e-01 4.10400390625000e-01
194 6.12792968750000e-01 3.75515222549438e-01
195 6.30371093750000e-01 3.97367715835571e-01
196 5.98632812500000e-01 3.58361244201660e-01
197 6.22070312500000e-01 3.86971473693848e-01
198 6.66992187500000e-01 4.44878578186035e-01
199 5.99121093750000e-01 3.58946084976196e-01
200 5.95214843750000e-01 3.54280710220337e-01
201 5.97656250000000e-01 3.57192993164062e-01
202 6.10839843750000e-01 3.73125314712524e-01
203 6.71875000000000e-01 4.51416015625000e-01
204 6.32324218750000e-01 3.99833917617798e-01
205 6.59667968750000e-01 4.35161828994751e-01
206 5.59570312500000e-01 3.13118934631348e-01
207 5.97167968750000e-01 3.56609582901001e-01
208 5.73730468750000e-01 3.29166650772095e-01
209 5.90820312500000e-01 3.49068641662598e-01
210 5.54687500000000e-01 3.07678222656250e-01
211 5.47363281250000e-01 2.99606561660767e-01
212 5.41015625000000e-01 2.92697906494141e-01
213 5.41992187500000e-01 2.93755531311035e-01
214 6.26953125000000e-01 3.93070220947266e-01
215 6.34277343750000e-01 4.02307748794556e-01
216 6.37695312500000e-01 4.06655311584473e-01
217 6.62597656250000e-01 4.39035654067993e-01
218 6.45996093750000e-01 4.17310953140259e-01
219 5.95214843750000e-01 3.54280710220337e-01
220 5.69335937500000e-01 3.24143409729004e-01
221 5.25390625000000e-01 2.76035308837891e-01
222 5.82031250000000e-01 3.38760375976562e-01
223 5.47851562500000e-01 3.00141334533691e-01
224 5.81054687500000e-01 3.37624549865723e-01
225 6.37695312500000e-01 4.06655311584473e-01
226 6.99218750000000e-01 4.88906860351562e-01
227 7.08984375000000e-01 5.02658843994141e-01
228 6.95312500000000e-01 4.83459472656250e-01
229 7.08984375000000e-01 5.02658843994141e-01
230 7.18261718750000e-01 5.15899896621704e-01
231 6.65527343750000e-01 4.42926645278931e-01
232 6.42089843750000e-01 4.12279367446899e-01
233 6.58691406250000e-01 4.33874368667603e-01
234 7.01171875000000e-01 4.91641998291016e-01
235 6.66503906250000e-01 4.44227457046509e-01
236 6.72851562500000e-01 4.52729225158691e-01
237 6.39648437500000e-01 4.09150123596191e-01
238 6.05957031250000e-01 3.67183923721313e-01
239 6.73828125000000e-01 4.54044342041016e-01
240 6.67480468750000e-01 4.45530176162720e-01
241 6.32812500000000e-01 4.00451660156250e-01
242 6.20605468750000e-01 3.85151147842407e-01
243 5.78613281250000e-01 3.34793329238892e-01
244 6.03027343750000e-01 3.63641977310181e-01
245 6.13281250000000e-01 3.76113891601562e-01
246 5.99121093750000e-01 3.58946084976196e-01
247 5.95703125000000e-01 3.54862213134766e-01
248 5.62988281250000e-01 3.16955804824829e-01
249 5.84960937500000e-01 3.42179298400879e-01
250 5.73242187500000e-01 3.28606605529785e-01
251 5.55664062500000e-01 3.08762550354004e-01
252 5.39550781250000e-01 2.91115045547485e-01
253 5.32226562500000e-01 2.83265113830566e-01
254 5.96191406250000e-01 3.55444192886353e-01
255 6.04003906250000e-01 3.64820718765259e-01
256 6.41601562500000e-01 4.11652565002441e-01
257 6.63085937500000e-01 4.39682960510254e-01
258 6.92871093750000e-01 4.80070352554321e-01
259 6.15722656250000e-01 3.79114389419556e-01
260 5.82519531250000e-01 3.39329004287720e-01
261 6.30859375000000e-01 3.97983551025391e-01
262 6.08886718750000e-01 3.70743036270142e-01
263 5.86425781250000e-01 3.43895196914673e-01
264 5.51757812500000e-01 3.04436683654785e-01
265 5.45898437500000e-01 2.98005104064941e-01
266 5.84960937500000e-01 3.42179298400879e-01
267 5.21972656250000e-01 2.72455453872681e-01
268 5.29785156250000e-01 2.80672311782837e-01
269 5.64453125000000e-01 3.18607330322266e-01
270 6.00585937500000e-01 3.60703468322754e-01
271 5.37109375000000e-01 2.88486480712891e-01
272 5.41992187500000e-01 2.93755531311035e-01
273 5.62011718750000e-01 3.15857172012329e-01
274 5.56640625000000e-01 3.09848785400391e-01
275 5.90820312500000e-01 3.49068641662598e-01
276 5.20019531250000e-01 2.70420312881470e-01
277 4.86328125000000e-01 2.36515045166016e-01
278 4.72167968750000e-01 2.22942590713501e-01
279 4.71191406250000e-01 2.22021341323853e-01
280 4.85839843750000e-01 2.36040353775024e-01
281 4.69726562500000e-01 2.20643043518066e-01
282 4.57519531250000e-01 2.09324121475220e-01
283 5.22949218750000e-01 2.73475885391235e-01
284 5.48339843750000e-01 3.00676584243774e-01
285 5.60546875000000e-01 3.14212799072266e-01
286 4.99511718750000e-01 2.49511957168579e-01
287 5.52246093750000e-01 3.04975748062134e-01
288 5.34179687500000e-01 2.85347938537598e-01
289 5.71289062500000e-01 3.26371192932129e-01
290 6.09375000000000e-01 3.71337890625000e-01
291 6.17675781250000e-01 3.81523370742798e-01
292 5.74707031250000e-01 3.30288171768188e-01
293 5.63476562500000e-01 3.17505836486816e-01
294 5.22949218750000e-01 2.73475885391235e-01
295 5.60058593750000e-01 3.13665628433228e-01
296 5.72753906250000e-01 3.28047037124634e-01
297 5.94726562500000e-01 3.53699684143066e-01
298 5.70312500000000e-01 3.25256347656250e-01
299 5.97656250000000e-01 3.57192993164062e-01
300 5.84472656250000e-01 3.41608285903931e-01
301 5.69824218750000e-01 3.24699640274048e-01
302 6.21093750000000e-01 3.85757446289062e-01
303 5.45898437500000e-01 2.98005104064941e-01
304 5.27832031250000e-01 2.78606653213501e-01
305 5.18554687500000e-01 2.68898963928223e-01
306 5.51757812500000e-01 3.04436683654785e-01
307 4.59472656250000e-01 2.11115121841431e-01
308 4.89746093750000e-01 2.39851236343384e-01
309 4.75585937500000e-01 2.26181983947754e-01
310 4.73632812500000e-01 2.24328041076660e-01
311 5.15136718750000e-01 2.65365839004517e-01
312 5.31738281250000e-01 2.82745599746704e-01
313 5.78125000000000e-01 3.34228515625000e-01
314 5.56640625000000e-01 3.09848785400391e-01
315 5.40039062500000e-01 2.91642189025879e-01
316 4.75585937500000e-01 2.26181983947754e-01
317 4.81933593750000e-01 2.32259988784790e-01
318 4.74121093750000e-01 2.24790811538696e-01
319 5.02441406250000e-01 2.52447366714478e-01
320 5.15625000000000e-01 2.65869140625000e-01
321 5.40039062500000e-01 2.91642189025879e-01
322 5.64941406250000e-01 3.19158792495728e-01
323 5.44921875000000e-01 2.96939849853516e-01
324 5.72753906250000e-01 3.28047037124634e-01
325 6.36230468750000e-01 4.04789209365845e-01
326 6.42089843750000e-01 4.12279367446899e-01
327 6.56738281250000e-01 4.31305170059204e-01
328 6.25488281250000e-01 3.91235589981079e-01
329 5.64941406250000e-01 3.19158792495728e-01
330 5.77148437500000e-01 3.33100318908691e-01
331 5.51269531250000e-01 3.03898096084595e-01
332 6.05957031250000e-01 3.67183923721313e-01
333 6.17675781250000e-01 3.81523370742798e-01
334 6.10839843750000e-01 3.73125314712524e-01
335 6.25000000000000e-01 3.90625000000000e-01
336 7.22167968750000e-01 5.21526575088501e-01
337 6.69433593750000e-01 4.48141336441040e-01
338 6.56738281250000e-01 4.31305170059204e-01
339 6.16699218750000e-01 3.80317926406860e-01
340 5.90820312500000e-01 3.49068641662598e-01
341 5.58105468750000e-01 3.11481714248657e-01
342 5.84960937500000e-01 3.42179298400879e-01
343 5.64453125000000e-01 3.18607330322266e-01
344 6.22558593750000e-01 3.87579202651978e-01
345 6.47460937500000e-01 4.19205665588379e-01
346 6.44531250000000e-01 4.15420532226562e-01
347 6.13769531250000e-01 3.76713037490845e-01
348 6.06933593750000e-01 3.68368387222290e-01
349 6.07421875000000e-01 3.68961334228516e-01
350 5.83984375000000e-01 3.41037750244141e-01
351 6.04492187500000e-01 3.65410804748535e-01
352 5.86425781250000e-01 3.43895196914673e-01
353 5.79589843750000e-01 3.35924386978149e-01
354 5.34667968750000e-01 2.85869836807251e-01
355 5.22460937500000e-01 2.72965431213379e-01
356 5.35644531250000e-01 2.86915063858032e-01
357 5.89355468750000e-01 3.47339868545532e-01
358 5.57617187500000e-01 3.10936927795410e-01
359 5.52246093750000e-01 3.04975748062134e-01
360 4.97070312500000e-01 2.47078895568848e-01
361 5.44433593750000e-01 2.96407938003540e-01
362 5.33203125000000e-01 2.84305572509766e-01
363 5.87890625000000e-01 3.45615386962891e-01
364 5.71289062500000e-01 3.26371192932129e-01
365 5.99121093750000e-01 3.58946084976196e-01
366 5.68847656250000e-01 3.23587656021118e-01
367 6.21093750000000e-01 3.85757446289062e-01
368 6.30859375000000e-01 3.97983551025391e-01
369 6.80175781250000e-01 4.62639093399048e-01
370 7.15332031250000e-01 5.11699914932251e-01
371 7.46093750000000e-01 5.56655883789062e-01
372 7.28515625000000e-01 5.30735015869141e-01
373 7.28027343750000e-01 5.30023813247681e-01
374 6.90429687500000e-01 4.76693153381348e-01
375 6.64550781250000e-01 4.41627740859985e-01
376 6.56738281250000e-01 4.31305170059204e-01
377 6.86523437500000e-01 4.71314430236816e-01
378 6.70898437500000e-01 4.50104713439941e-01
379 7.16308593750000e-01 5.13098001480103e-01
380 7.73437500000000e-01 5.98205566406250e-01
381 7.25097656250000e-01 5.25766611099243e-01
382 7.78320312500000e-01 6.05782508850098e-01
383 7.54394531250000e-01 5.69111108779907e-01
384 6.99218750000000e-01 4.88906860351562e-01
385 7.28027343750000e-01 5.30023813247681e-01
386 6.77734375000000e-01 4.59323883056641e-01
387 7.08984375000000e-01 5.02658843994141e-01
388 7.28027343750000e-01 5.30023813247681e-01
389 7.23144531250000e-01 5.22938013076782e-01
390 7.12402343750000e-01 5.07517099380493e-01
391 6.79199218750000e-01 4.61311578750610e-01
392 6.77246093750000e-01 4.58662271499634e-01
393 6.94824218750000e-01 4.82780694961548e-01
394 6.60156250000000e-01 4.35806274414062e-01
395 6.86035156250000e-01 4.70644235610962e-01
396 6.70898437500000e-01 4.50104713439941e-01
397 7.07519531250000e-01 5.00583887100220e-01
398 7.19238281250000e-01 5.17303705215454e-01
399 7.24609375000000e-01 5.25058746337891e-01
400 7.29980468750000e-01 5.32871484756470e-01
401 6.96289062500000e-01 4.84818458557129e-01
402 6.63085937500000e-01 4.39682960510254e-01
403 6.74804687500000e-01 4.55361366271973e-01
404 7.34375000000000e-01 5.39306640625000e-01
405 6.88476562500000e-01 4.73999977111816e-01
406 6.82128906250000e-01 4.65299844741821e-01
407 6.71875000000000e-01 4.51416015625000e-01
408 6.86523437500000e-01 4.71314430236816e-01
409 7.10937500000000e-01 5.05432128906250e-01
410 6.94824218750000e-01 4.82780694961548e-01
411 6.45996093750000e-01 4.17310953140259e-01
412 6.60156250000000e-01 4.35806274414062e-01
413 6.58203125000000e-01 4.33231353759766e-01
414 6.33300781250000e-01 4.01069879531860e-01
415 6.49414062500000e-01 4.21738624572754e-01
416 5.41015625000000e-01 2.92697906494141e-01
417 5.73242187500000e-01 3.28606605529785e-01
418 5.82031250000000e-01 3.38760375976562e-01
419 6.10351562500000e-01 3.72529029846191e-01
420 6.26953125000000e-01 3.93070220947266e-01
421 5.95214843750000e-01 3.54280710220337e-01
422 5.72753906250000e-01 3.28047037124634e-01
423 5.75683593750000e-01 3.31411600112915e-01
424 4.96582031250000e-01 2.46593713760376e-01
425 5.03417968750000e-01 2.53429651260376e-01
426 5.19042968750000e-01 2.69405603408813e-01
427 5.38574218750000e-01 2.90062189102173e-01
428 6.16699218750000e-01 3.80317926406860e-01
429 5.52246093750000e-01 3.04975748062134e-01
430 5.05859375000000e-01 2.55893707275391e-01
431 5.40527343750000e-01 2.92169809341431e-01
432 5.59082031250000e-01 3.12572717666626e-01
433 5.37597656250000e-01 2.89011240005493e-01
434 5.05859375000000e-01 2.55893707275391e-01
435 4.79003906250000e-01 2.29444742202759e-01
436 4.80957031250000e-01 2.31319665908813e-01
437 4.44824218750000e-01 1.97868585586548e-01
438 4.54101562500000e-01 2.06208229064941e-01
439 4.28222656250000e-01 1.83374643325806e-01
440 4.24316406250000e-01 1.80044412612915e-01
441 3.88671875000000e-01 1.51065826416016e-01
442 4.52148437500000e-01 2.04438209533691e-01
443 4.34570312500000e-01 1.88851356506348e-01
444 4.85839843750000e-01 2.36040353775024e-01
445 5.43945312500000e-01 2.95876502990723e-01
446 4.48730468750000e-01 2.01359033584595e-01
447 5.40527343750000e-01 2.92169809341431e-01
448 4.97558593750000e-01 2.47564554214478e-01
449 5.00000000000000e-01 2.50000000000000e-01
450 4.76074218750000e-01 2.26646661758423e-01
451 4.77050781250000e-01 2.27577447891235e-01
452 4.50195312500000e-01 2.02675819396973e-01
453 4.41406250000000e-01 1.94839477539062e-01
454 4.04785156250000e-01 1.63851022720337e-01
455 3.85253906250000e-01 1.48420572280884e-01
456 4.22363281250000e-01 1.78390741348267e-01
457 3.97460937500000e-01 1.57975196838379e-01
458 3.95996093750000e-01 1.56812906265259e-01
459 4.42871093750000e-01 1.96134805679321e-01
460 4.63867187500000e-01 2.15172767639160e-01
461 4.84375000000000e-01 2.34619140625000e-01
462 4.43359375000000e-01 1.96567535400391e-01
463 4.61425781250000e-01 2.12913751602173e-01
464 5.45898437500000e-01 2.98005104064941e-01
465 5.21484375000000e-01 2.71945953369141e-01
466 5.74218750000000e-01 3.29727172851562e-01
467 6.10839843750000e-01 3.73125314712524e-01
468 6.45019531250000e-01 4.16050195693970e-01
469 6.36718750000000e-01 4.05410766601562e-01
470 5.87890625000000e-01 3.45615386962891e-01
471 5.98144531250000e-01 3.57776880264282e-01
472 6.00097656250000e-01 3.60117197036743e-01
473 6.30371093750000e-01 3.97367715835571e-01
474 6.24511718750000e-01 3.90014886856079e-01
475 6.29394531250000e-01 3.96137475967407e-01
476 6.53320312500000e-01 4.26827430725098e-01
477 6.98730468750000e-01 4.88224267959595e-01
478 7.16796875000000e-01 5.13797760009766e-01
479 6.72363281250000e-01 4.52072381973267e-01
480 6.36230468750000e-01 4.04789209365845e-01
481 6.14257812500000e-01 3.77312660217285e-01
482 5.75195312500000e-01 3.30849647521973e-01
483 6.27929687500000e-01 3.94295692443848e-01
484 6.38183593750000e-01 4.07278299331665e-01
485 6.75292968750000e-01 4.56020593643188e-01
486 5.81542968750000e-01 3.38192224502563e-01
487 6.23535156250000e-01 3.88796091079712e-01
488 6.38183593750000e-01 4.07278299331665e-01
489 5.90820312500000e-01 3.49068641662598e-01
490 5.98632812500000e-01 3.58361244201660e-01
491 6.06933593750000e-01 3.68368387222290e-01
492 6.11816406250000e-01 3.74319314956665e-01
493 6.66015625000000e-01 4.43576812744141e-01
494 7.08984375000000e-01 5.02658843994141e-01
495 6.66992187500000e-01 4.44878578186035e-01
496 6.95312500000000e-01 4.83459472656250e-01
497 6.79199218750000e-01 4.61311578750610e-01
498 6.78710937500000e-01 4.60648536682129e-01
499 6.93359375000000e-01 4.80747222900391e-01
500 6.83105468750000e-01 4.66633081436157e-01
501 6.78710937500000e-01 4.60648536682129e-01
502 6.43066406250000e-01 4.13534402847290e-01
503 6.79687500000000e-01 4.61975097656250e-01
504 6.72363281250000e-01 4.52072381973267e-01
505 6.84570312500000e-01 4.68636512756348e-01
506 6.59667968750000e-01 4.35161828994751e-01
507 6.99218750000000e-01 4.88906860351562e-01
508 7.34863281250000e-01 5.40024042129517e-01
509 7.38769531250000e-01 5.45780420303345e-01
510 6.91894531250000e-01 4.78718042373657e-01
511 6.83105468750000e-01 4.66633081436157e-01
512 6.26953125000000e-01 3.93070220947266e-01
513 5.87402343750000e-01 3.45041513442993e-01
514 5.80566406250000e-01 3.37057352066040e-01
515 5.55664062500000e-01 3.08762550354004e-01
516 5.07812500000000e-01 2.57873535156250e-01
517 5.59082031250000e-01 3.12572717666626e-01
518 5.61035156250000e-01 3.14760446548462e-01
519 6.05468750000000e-01 3.66592407226562e-01
520 4.98046875000000e-01 2.48050689697266e-01
521 5.16113281250000e-01 2.66372919082642e-01
522 5.32226562500000e-01 2.83265113830566e-01
523 5.37109375000000e-01 2.88486480712891e-01
524 5.56640625000000e-01 3.09848785400391e-01
525 4.11132812500000e-01 1.69030189514160e-01
526 3.86718750000000e-01 1.49551391601562e-01
527 4.61425781250000e-01 2.12913751602173e-01
528 4.39941406250000e-01 1.93548440933228e-01
529 4.26757812500000e-01 1.82122230529785e-01
530 4.10156250000000e-01 1.68228149414062e-01
531 3.16894531250000e-01 1.00422143936157e-01
532 2.93457031250000e-01 8.61170291900635e-02
533 3.45703125000000e-01 1.19510650634766e-01
534 4.28222656250000e-01 1.83374643325806e-01
535 4.65820312500000e-01 2.16988563537598e-01
536 5.61523437500000e-01 3.15308570861816e-01
537 5.58593750000000e-01 3.12026977539062e-01
538 6.00097656250000e-01 3.60117197036743e-01
539 5.76660156250000e-01 3.32536935806274e-01
540 6.65527343750000e-01 4.42926645278931e-01
541 7.17285156250000e-01 5.14497995376587e-01
542 7.59277343750000e-01 5.76502084732056e-01
543 7.31445312500000e-01 5.35012245178223e-01
544 7.41210937500000e-01 5.49393653869629e-01
545 7.61230468750000e-01 5.79471826553345e-01
546 7.26074218750000e-01 5.27183771133423e-01
547 6.93359375000000e-01 4.80747222900391e-01
548 6.79199218750000e-01 4.61311578750610e-01
549 6.32812500000000e-01 4.00451660156250e-01
550 6.05957031250000e-01 3.67183923721313e-01
551 6.60644531250000e-01 4.36451196670532e-01
552 6.55761718750000e-01 4.30023431777954e-01
553 6.06933593750000e-01 3.68368387222290e-01
554 6.02050781250000e-01 3.62465143203735e-01
555 6.36718750000000e-01 4.05410766601562e-01
556 5.87402343750000e-01 3.45041513442993e-01
557 5.79589843750000e-01 3.35924386978149e-01
558 6.14746093750000e-01 3.77912759780884e-01
559 6.16210937500000e-01 3.79715919494629e-01
560 6.35742187500000e-01 4.04168128967285e-01
561 6.57226562500000e-01 4.31946754455566e-01
562 7.07519531250000e-01 5.00583887100220e-01
563 7.01660156250000e-01 4.92326974868774e-01
564 6.79687500000000e-01 4.61975097656250e-01
565 7.14843750000000e-01 5.11001586914062e-01
566 7.19238281250000e-01 5.17303705215454e-01
567 7.08984375000000e-01 5.02658843994141e-01
568 6.95800781250000e-01 4.84138727188110e-01
569 7.42187500000000e-01 5.50842285156250e-01
570 6.87500000000000e-01 4.72656250000000e-01
571 6.15722656250000e-01 3.79114389419556e-01
572 5.66894531250000e-01 3.21369409561157e-01
573 5.82519531250000e-01 3.39329004287720e-01
574 5.62988281250000e-01 3.16955804824829e-01
575 5.88378906250000e-01 3.46189737319946e-01
576 7.15332031250000e-01 5.11699914932251e-01
577 7.39746093750000e-01 5.47224283218384e-01
578 7.34375000000000e-01 5.39306640625000e-01
579 7.52929687500000e-01 5.66903114318848e-01
580 7.29003906250000e-01 5.31446695327759e-01
581 7.22656250000000e-01 5.22232055664062e-01
582 7.20214843750000e-01 5.18709421157837e-01
583 6.88964843750000e-01 4.74672555923462e-01
584 6.13769531250000e-01 3.76713037490845e-01
585 6.58691406250000e-01 4.33874368667603e-01
586 6.98242187500000e-01 4.87542152404785e-01
587 6.56250000000000e-01 4.30664062500000e-01
588 7.23632812500000e-01 5.23644447326660e-01
589 6.88964843750000e-01 4.74672555923462e-01
590 7.65136718750000e-01 5.85434198379517e-01
591 6.94824218750000e-01 4.82780694961548e-01
592 6.60644531250000e-01 4.36451196670532e-01
593 6.76757812500000e-01 4.58001136779785e-01
594 6.91894531250000e-01 4.78718042373657e-01
595 7.05078125000000e-01 4.97135162353516e-01
596 6.96289062500000e-01 4.84818458557129e-01
597 6.61621093750000e-01 4.37742471694946e-01
598 6.99218750000000e-01 4.88906860351562e-01
599 7.22656250000000e-01 5.22232055664062e-01
600 7.25097656250000e-01 5.25766611099243e-01
601 6.86523437500000e-01 4.71314430236816e-01
602 6.98242187500000e-01 4.87542152404785e-01
603 7.04589843750000e-01 4.96446847915649e-01
604 7.13867187500000e-01 5.09606361389160e-01
605 6.82617187500000e-01 4.65966224670410e-01
606 7.13867187500000e-01 5.09606361389160e-01
607 6.21093750000000e-01 3.85757446289062e-01
608 6.94824218750000e-01 4.82780694961548e-01
609 6.63574218750000e-01 4.40330743789673e-01
610 6.37695312500000e-01 4.06655311584473e-01
611 6.26464843750000e-01 3.92458200454712e-01
612 6.27441406250000e-01 3.93682718276978e-01
613 6.47949218750000e-01 4.19838190078735e-01
614 6.70410156250000e-01 4.49449777603149e-01
615 5.83984375000000e-01 3.41037750244141e-01
616 6.11816406250000e-01 3.74319314956665e-01
617 6.22558593750000e-01 3.87579202651978e-01
618 6.48925781250000e-01 4.21104669570923e-01
619 7.11425781250000e-01 5.06126642227173e-01
620 6.97753906250000e-01 4.86860513687134e-01
621 6.40625000000000e-01 4.10400390625000e-01
622 7.09472656250000e-01 5.03351449966431e-01
623 7.10937500000000e-01 5.05432128906250e-01
624 7.14355468750000e-01 5.10303735733032e-01
625 7.47558593750000e-01 5.58843851089478e-01
626 7.12402343750000e-01 5.07517099380493e-01
627 7.19238281250000e-01 5.17303705215454e-01
628 7.24121093750000e-01 5.24351358413696e-01
629 6.73339843750000e-01 4.53386545181274e-01
630 5.72753906250000e-01 3.28047037124634e-01
631 5.83007812500000e-01 3.39898109436035e-01
632 5.98632812500000e-01 3.58361244201660e-01
633 5.00976562500000e-01 2.50977516174316e-01
634 5.33691406250000e-01 2.84826517105103e-01
635 5.25390625000000e-01 2.76035308837891e-01
636 5.23437500000000e-01 2.73986816406250e-01
637 4.72167968750000e-01 2.22942590713501e-01
638 4.94628906250000e-01 2.44657754898071e-01
639 5.20019531250000e-01 2.70420312881470e-01
640 4.84863281250000e-01 2.35092401504517e-01
641 5.11230468750000e-01 2.61356592178345e-01
642 5.34667968750000e-01 2.85869836807251e-01
643 5.34667968750000e-01 2.85869836807251e-01
644 5.21972656250000e-01 2.72455453872681e-01
645 5.24902343750000e-01 2.75522470474243e-01
646 6.01562500000000e-01 3.61877441406250e-01
647 6.66992187500000e-01 4.44878578186035e-01
648 6.63085937500000e-01 4.39682960510254e-01
649 6.95312500000000e-01 4.83459472656250e-01
650 7.24121093750000e-01 5.24351358413696e-01
651 6.94824218750000e-01 4.82780694961548e-01
652 7.23144531250000e-01 5.22938013076782e-01
653 7.39257812500000e-01 5.46502113342285e-01
654 7.39257812500000e-01 5.46502113342285e-01
655 7.29492187500000e-01 5.32158851623535e-01
656 6.74316406250000e-01 4.54702615737915e-01
657 7.69042968750000e-01 5.91427087783813e-01
658 8.00292968750000e-01 6.40468835830688e-01
659 7.72460937500000e-01 5.96695899963379e-01
660 7.21679687500000e-01 5.20821571350098e-01
661 6.49414062500000e-01 4.21738624572754e-01
662 6.50390625000000e-01 4.23007965087891e-01
663 7.18261718750000e-01 5.15899896621704e-01
664 6.95800781250000e-01 4.84138727188110e-01
665 6.69433593750000e-01 4.48141336441040e-01
666 5.88378906250000e-01 3.46189737319946e-01
667 6.45996093750000e-01 4.17310953140259e-01
668 6.62109375000000e-01 4.38388824462891e-01
669 6.60156250000000e-01 4.35806274414062e-01
670 6.63085937500000e-01 4.39682960510254e-01
671 6.81640625000000e-01 4.64633941650391e-01
672 7.29980468750000e-01 5.32871484756470e-01
673 7.15332031250000e-01 5.11699914932251e-01
674 7.01660156250000e-01 4.92326974868774e-01
675 6.89941406250000e-01 4.76019144058228e-01
676 7.02148437500000e-01 4.93012428283691e-01
677 6.79199218750000e-01 4.61311578750610e-01
678 6.74804687500000e-01 4.55361366271973e-01
679 6.50878906250000e-01 4.23643350601196e-01
680 6.20605468750000e-01 3.85151147842407e-01
681 6.24511718750000e-01 3.90014886856079e-01
682 6.17675781250000e-01 3.81523370742798e-01
683 6.02050781250000e-01 3.62465143203735e-01
684 6.77246093750000e-01 4.58662271499634e-01
685 6.51855468750000e-01 4.24915552139282e-01
686 6.24511718750000e-01 3.90014886856079e-01
687 4.79980468750000e-01 2.30381250381470e-01
688 4.56054687500000e-01 2.07985877990723e-01
689 5.11230468750000e-01 2.61356592178345e-01
690 5.14160156250000e-01 2.64360666275024e-01
691 5.43945312500000e-01 2.95876502990723e-01
692 5.37597656250000e-01 2.89011240005493e-01
693 5.19042968750000e-01 2.69405603408813e-01
694 4.85839843750000e-01 2.36040353775024e-01
695 4.54101562500000e-01 2.06208229064941e-01
696 4.17480468750000e-01 1.74289941787720e-01
697 3.51074218750000e-01 1.23253107070923e-01
698 3.34960937500000e-01 1.12198829650879e-01
699 2.81250000000000e-01 7.91015625000000e-02
700 3.89648437500000e-01 1.51825904846191e-01
701 3.85742187500000e-01 1.48797035217285e-01
702 4.09179687500000e-01 1.67428016662598e-01
703 3.92578125000000e-01 1.54117584228516e-01
704 2.91015625000000e-01 8.46900939941406e-02
705 2.62207031250000e-01 6.87525272369385e-02
706 2.82226562500000e-01 7.96518325805664e-02
707 2.80761718750000e-01 7.88271427154541e-02
708 2.51953125000000e-01 6.34803771972656e-02
709 2.95898437500000e-01 8.75558853149414e-02
710 3.02734375000000e-01 9.16481018066406e-02
711 2.86621093750000e-01 8.21516513824463e-02
712 2.81738281250000e-01 7.93764591217041e-02
713 2.63183593750000e-01 6.92656040191650e-02
714 2.31933593750000e-01 5.37931919097900e-02
715 1.92382812500000e-01 3.70111465454102e-02
716 1.34765625000000e-01 1.81617736816406e-02
717 1.84570312500000e-01 3.40662002563477e-02
718 2.20703125000000e-01 4.87098693847656e-02
719 2.34375000000000e-01 5.49316406250000e-02
720 1.47460937500000e-01 2.17447280883789e-02
721 2.06542968750000e-01 4.26599979400635e-02
722 2.53417968750000e-01 6.42206668853760e-02
723 2.77832031250000e-01 7.71906375885010e-02
724 3.17382812500000e-01 1.00731849670410e-01
725 3.05175781250000e-01 9.31322574615479e-02
726 3.35449218750000e-01 1.12526178359985e-01
727 3.03222656250000e-01 9.19439792633057e-02
728 2.50488281250000e-01 6.27443790435791e-02
729 3.50585937500000e-01 1.22910499572754e-01
730 3.61328125000000e-01 1.30558013916016e-01
731 4.00878906250000e-01 1.60703897476196e-01
732 3.65722656250000e-01 1.33753061294556e-01
733 3.81835937500000e-01 1.45798683166504e-01
734 3.98925781250000e-01 1.59141778945923e-01
735 3.69140625000000e-01 1.36264801025391e-01
736 3.50097656250000e-01 1.22568368911743e-01
737 3.73535156250000e-01 1.39528512954712e-01
738 3.08105468750000e-01 9.49289798736572e-02
739 3.49609375000000e-01 1.22226715087891e-01
740 3.05175781250000e-01 9.31322574615479e-02
741 2.67089843750000e-01 7.13369846343994e-02
742 3.54492187500000e-01 1.25664710998535e-01
743 3.68652343750000e-01 1.35904550552368e-01
744 4.04785156250000e-01 1.63851022720337e-01
745 4.71679687500000e-01 2.22481727600098e-01
746 5.23437500000000e-01 2.73986816406250e-01
747 5.27832031250000e-01 2.78606653213501e-01
748 5.83007812500000e-01 3.39898109436035e-01
749 5.61523437500000e-01 3.15308570861816e-01
750 6.03027343750000e-01 3.63641977310181e-01
751 5.76660156250000e-01 3.32536935806274e-01
752 6.02539062500000e-01 3.63053321838379e-01
753 6.05468750000000e-01 3.66592407226562e-01
754 6.11328125000000e-01 3.73722076416016e-01
755 6.22070312500000e-01 3.86971473693848e-01
756 5.45898437500000e-01 2.98005104064941e-01
757 6.37695312500000e-01 4.06655311584473e-01
758 5.22460937500000e-01 2.72965431213379e-01
759 5.12207031250000e-01 2.62356042861938e-01
760 4.79492187500000e-01 2.29912757873535e-01
761 4.16015625000000e-01 1.73069000244141e-01
762 4.71679687500000e-01 2.22481727600098e-01
763 5.14648437500000e-01 2.64863014221191e-01
764 4.43359375000000e-01 1.96567535400391e-01
765 4.30175781250000e-01 1.85051202774048e-01
766 3.72070312500000e-01 1.38436317443848e-01
767 3.63769531250000e-01 1.32328271865845e-01
768 4.00878906250000e-01 1.60703897476196e-01
769 3.92578125000000e-01 1.54117584228516e-01
770 4.25292968750000e-01 1.80874109268188e-01
771 3.20800781250000e-01 1.02913141250610e-01
772 4.16503906250000e-01 1.73475503921509e-01
773 3.93066406250000e-01 1.54501199722290e-01
774 4.48730468750000e-01 2.01359033584595e-01
775 4.02343750000000e-01 1.61880493164062e-01
776 4.76562500000000e-01 2.27111816406250e-01
777 4.95117187500000e-01 2.45141029357910e-01
778 4.08691406250000e-01 1.67028665542603e-01
779 4.19433593750000e-01 1.75924539566040e-01
780 4.18457031250000e-01 1.75106287002563e-01
781 4.20898437500000e-01 1.77155494689941e-01
782 4.01855468750000e-01 1.61487817764282e-01
783 3.74511718750000e-01 1.40259027481079e-01
784 3.60351562500000e-01 1.29853248596191e-01
785 3.39843750000000e-01 1.15493774414062e-01
786 2.64160156250000e-01 6.97805881500244e-02
787 2.92480468750000e-01 8.55448246002197e-02
788 2.79296875000000e-01 7.80067443847656e-02
789 3.48632812500000e-01 1.21544837951660e-01
790 2.84179687500000e-01 8.07580947875977e-02
791 3.25195312500000e-01 1.05751991271973e-01
792 3.41796875000000e-01 1.16825103759766e-01
793 3.60839843750000e-01 1.30205392837524e-01
794 3.40820312500000e-01 1.16158485412598e-01
795 3.32519531250000e-01 1.10569238662720e-01
796 2.84179687500000e-01 8.07580947875977e-02
797 3.44726562500000e-01 1.18836402893066e-01
798 3.61328125000000e-01 1.30558013916016e-01
799 4.15039062500000e-01 1.72257423400879e-01
800 3.66210937500000e-01 1.34110450744629e-01
801 3.25195312500000e-01 1.05751991271973e-01
802 2.87109375000000e-01 8.24317932128906e-02
803 3.30078125000000e-01 1.08951568603516e-01
804 3.63769531250000e-01 1.32328271865845e-01
805 3.87695312500000e-01 1.50307655334473e-01
806 3.84765625000000e-01 1.48044586181641e-01
807 3.86230468750000e-01 1.49173974990845e-01
808 3.78906250000000e-01 1.43569946289062e-01
809 3.90625000000000e-01 1.52587890625000e-01
810 4.03320312500000e-01 1.62667274475098e-01
811 4.09667968750000e-01 1.67827844619751e-01
812 3.90136718750000e-01 1.52206659317017e-01
813 3.76464843750000e-01 1.41725778579712e-01
814 4.46777343750000e-01 1.99609994888306e-01
815 4.57519531250000e-01 2.09324121475220e-01
816 4.47265625000000e-01 2.00046539306641e-01
817 5.53222656250000e-01 3.06055307388306e-01
818 4.95117187500000e-01 2.45141029357910e-01
819 5.10253906250000e-01 2.60359048843384e-01
820 5.43457031250000e-01 2.95345544815063e-01
821 4.86328125000000e-01 2.36515045166016e-01
822 5.51269531250000e-01 3.03898096084595e-01
823 5.45410156250000e-01 2.97472238540649e-01
824 5.83984375000000e-01 3.41037750244141e-01
825 5.35644531250000e-01 2.86915063858032e-01
826 5.80566406250000e-01 3.37057352066040e-01
827 5.54199218750000e-01 3.07136774063110e-01
828 5.50781250000000e-01 3.03359985351562e-01
829 5.11718750000000e-01 2.61856079101562e-01
830 4.44335937500000e-01 1.97434425354004e-01
831 4.30664062500000e-01 1.85471534729004e-01
832 4.22363281250000e-01 1.78390741348267e-01
833 4.33105468750000e-01 1.87580347061157e-01
834 4.69238281250000e-01 2.20184564590454e-01
835 4.76074218750000e-01 2.26646661758423e-01
836 4.59960937500000e-01 2.11564064025879e-01
837 4.90234375000000e-01 2.40329742431641e-01
838 5.54687500000000e-01 3.07678222656250e-01
839 5.22949218750000e-01 2.73475885391235e-01
840 5.33203125000000e-01 2.84305572509766e-01
841 5.42480468750000e-01 2.94285058975220e-01
842 5.18066406250000e-01 2.68392801284790e-01
843 5.56640625000000e-01 3.09848785400391e-01
844 6.29394531250000e-01 3.96137475967407e-01
845 5.81542968750000e-01 3.38192224502563e-01
846 5.68359375000000e-01 3.23032379150391e-01
847 4.84375000000000e-01 2.34619140625000e-01
848 5.15625000000000e-01 2.65869140625000e-01
849 5.54687500000000e-01 3.07678222656250e-01
850 5.60058593750000e-01 3.13665628433228e-01
851 5.77636718750000e-01 3.33664178848267e-01
852 5.48339843750000e-01 3.00676584243774e-01
853 4.56542968750000e-01 2.08431482315063e-01
854 4.75097656250000e-01 2.25717782974243e-01
855 3.68652343750000e-01 1.35904550552368e-01
856 3.70117187500000e-01 1.36986732482910e-01
857 3.63281250000000e-01 1.31973266601562e-01
858 4.22851562500000e-01 1.78803443908691e-01
859 3.80859375000000e-01 1.45053863525391e-01
860 4.18945312500000e-01 1.75515174865723e-01
861 4.42382812500000e-01 1.95702552795410e-01
862 4.56542968750000e-01 2.08431482315063e-01
863 5.30761718750000e-01 2.81708002090454e-01
864 4.99023437500000e-01 2.49024391174316e-01
865 4.99511718750000e-01 2.49511957168579e-01
866 5.25878906250000e-01 2.76548624038696e-01
867 5.40527343750000e-01 2.92169809341431e-01
868 5.52734375000000e-01 3.05515289306641e-01
869 5.24414062500000e-01 2.75010108947754e-01
870 5.29785156250000e-01 2.80672311782837e-01
871 6.12304687500000e-01 3.74917030334473e-01
872 6.27441406250000e-01 3.93682718276978e-01
873 6.01562500000000e-01 3.61877441406250e-01
874 5.53222656250000e-01 3.06055307388306e-01
875 5.69335937500000e-01 3.24143409729004e-01
876 5.37109375000000e-01 2.88486480712891e-01
877 5.38574218750000e-01 2.90062189102173e-01
878 4.96093750000000e-01 2.46109008789062e-01
879 4.75097656250000e-01 2.25717782974243e-01
880 5.50781250000000e-01 3.03359985351562e-01
881 5.41015625000000e-01 2.92697906494141e-01
882 5.20996093750000e-01 2.71436929702759e-01
883 4.75097656250000e-01 2.25717782974243e-01
884 3.95019531250000e-01 1.56040430068970e-01
885 4.30175781250000e-01 1.85051202774048e-01
886 4.10156250000000e-01 1.68228149414062e-01
887 3.50585937500000e-01 1.22910499572754e-01
888 3.21289062500000e-01 1.03226661682129e-01
889 4.01855468750000e-01 1.61487817764282e-01
890 3.76953125000000e-01 1.42093658447266e-01
891 3.71093750000000e-01 1.37710571289062e-01
892 4.15039062500000e-01 1.72257423400879e-01
893 4.32128906250000e-01 1.86735391616821e-01
894 4.30175781250000e-01 1.85051202774048e-01
895 3.90136718750000e-01 1.52206659317017e-01
896 4.04785156250000e-01 1.63851022720337e-01
897 3.88183593750000e-01 1.50686502456665e-01
898 4.03808593750000e-01 1.63061380386353e-01
899 3.51074218750000e-01 1.23253107070923e-01
900 3.04199218750000e-01 9.25371646881104e-02
901 2.03125000000000e-01 4.12597656250000e-02
902 2.61230468750000e-01 6.82413578033447e-02
903 3.20312500000000e-01 1.02600097656250e-01
904 3.28613281250000e-01 1.07986688613892e-01
905 3.11523437500000e-01 9.70468521118164e-02
906 3.54003906250000e-01 1.25318765640259e-01
907 3.47656250000000e-01 1.20864868164062e-01
908 3.80371093750000e-01 1.44682168960571e-01
909 3.52050781250000e-01 1.23939752578735e-01
910 3.41308593750000e-01 1.16491556167603e-01
911 3.71093750000000e-01 1.37710571289062e-01
912 3.51562500000000e-01 1.23596191406250e-01
913 3.18359375000000e-01 1.01352691650391e-01
914 3.19335937500000e-01 1.01975440979004e-01
915 3.70605468750000e-01 1.37348413467407e-01
916 3.75488281250000e-01 1.40991449356079e-01
917 3.68652343750000e-01 1.35904550552368e-01
918 4.03320312500000e-01 1.62667274475098e-01
919 4.17480468750000e-01 1.74289941787720e-01
920 4.91699218750000e-01 2.41768121719360e-01
921 5.11718750000000e-01 2.61856079101562e-01
922 4.94628906250000e-01 2.44657754898071e-01
923 4.90234375000000e-01 2.40329742431641e-01
924 4.51171875000000e-01 2.03556060791016e-01
925 3.89160156250000e-01 1.51445627212524e-01
926 4.16992187500000e-01 1.73882484436035e-01
927 4.35058593750000e-01 1.89275979995728e-01
928 4.15527343750000e-01 1.72662973403931e-01
929 3.54492187500000e-01 1.25664710998535e-01
930 4.07714843750000e-01 1.66231393814087e-01
931 3.38378906250000e-01 1.14500284194946e-01
932 3.77441406250000e-01 1.42462015151978e-01
933 4.27246093750000e-01 1.82539224624634e-01
934 4.55078125000000e-01 2.07096099853516e-01
935 4.60937500000000e-01 2.12463378906250e-01
936 4.83886718750000e-01 2.34146356582642e-01
937 5.08789062500000e-01 2.58866310119629e-01
938 4.78027343750000e-01 2.28510141372681e-01
939 5.15136718750000e-01 2.65365839004517e-01
940 5.23437500000000e-01 2.73986816406250e-01
941 5.47851562500000e-01 3.00141334533691e-01
942 6.04003906250000e-01 3.64820718765259e-01
943 6.17675781250000e-01 3.81523370742798e-01
944 6.55273437500000e-01 4.29383277893066e-01
945 6.59667968750000e-01 4.35161828994751e-01
946 6.56738281250000e-01 4.31305170059204e-01
947 6.40625000000000e-01 4.10400390625000e-01
948 7.26562500000000e-01 5.27893066406250e-01
949 7.33398437500000e-01 5.37873268127441e-01
950 6.97753906250000e-01 4.86860513687134e-01
951 6.29394531250000e-01 3.96137475967407e-01
952 6.54785156250000e-01 4.28743600845337e-01
953 6.36718750000000e-01 4.05410766601562e-01
954 6.47460937500000e-01 4.19205665588379e-01
955 6.26953125000000e-01 3.93070220947266e-01
956 5.85937500000000e-01 3.43322753906250e-01
957 6.10839843750000e-01 3.73125314712524e-01
958 6.20605468750000e-01 3.85151147842407e-01
959 6.13281250000000e-01 3.76113891601562e-01
960 5.87402343750000e-01 3.45041513442993e-01
961 6.45996093750000e-01 4.17310953140259e-01
962 6.27441406250000e-01 3.93682718276978e-01
963 6.02050781250000e-01 3.62465143203735e-01
964 5.43945312500000e-01 2.95876502990723e-01
965 4.86328125000000e-01 2.36515045166016e-01
966 5.22949218750000e-01 2.73475885391235e-01
967 5.06835937500000e-01 2.56882667541504e-01
968 5.18066406250000e-01 2.68392801284790e-01
969 5.21484375000000e-01 2.71945953369141e-01
970 5.59082031250000e-01 3.12572717666626e-01
971 5.61523437500000e-01 3.15308570861816e-01
972 5.21972656250000e-01 2.72455453872681e-01
973 5.37109375000000e-01 2.88486480712891e-01
974 5.52734375000000e-01 3.05515289306641e-01
975 5.09277343750000e-01 2.59363412857056e-01
976 6.05957031250000e-01 3.67183923721313e-01
977 5.35644531250000e-01 2.86915063858032e-01
978 5.17578125000000e-01 2.67887115478516e-01
979 5.40039062500000e-01 2.91642189025879e-01
980 6.25976562500000e-01 3.91846656799316e-01
981 6.44042968750000e-01 4.14791345596313e-01
982 5.82031250000000e-01 3.38760375976562e-01
983 5.84960937500000e-01 3.42179298400879e-01
984 5.02441406250000e-01 2.52447366714478e-01
985 5.03906250000000e-01 2.53921508789062e-01
986 5.73730468750000e-01 3.29166650772095e-01
987 5.38574218750000e-01 2.90062189102173e-01
988 4.74121093750000e-01 2.24790811538696e-01
989 4.90722656250000e-01 2.40808725357056e-01
990 4.97070312500000e-01 2.47078895568848e-01
991 4.88281250000000e-01 2.38418579101562e-01
992 5.37597656250000e-01 2.89011240005493e-01
993 6.00585937500000e-01 3.60703468322754e-01
994 5.45410156250000e-01 2.97472238540649e-01
995 4.76074218750000e-01 2.26646661758423e-01
996 5.83007812500000e-01 3.39898109436035e-01
997 5.57128906250000e-01 3.10392618179321e-01
998 5.77636718750000e-01 3.33664178848267e-01
999 5.56640625000000e-01 3.09848785400391e-01
