0 6.43066406250000e-01 4.13534402847290e-01
1 6.17187500000000e-01 3.80920410156250e-01
2 5.58593750000000e-01 3.12026977539062e-01
3 5.86425781250000e-01 3.43895196914673e-01
4 6.41601562500000e-01 4.11652565002441e-01
5 6.69433593750000e-01 4.48141336441040e-01
6 6.69921875000000e-01 4.48795318603516e-01
7 6.20117187500000e-01 3.84545326232910e-01
8 6.26953125000000e-01 3.93070220947266e-01
9 5.69335937500000e-01 3.24143409729004e-01
10 5.74707031250000e-01 3.30288171768188e-01
11 4.79492187500000e-01 2.29912757873535e-01
12 4.40429687500000e-01 1.93978309631348e-01
13 4.34082031250000e-01 1.88427209854126e-01
14 4.02343750000000e-01 1.61880493164062e-01
15 5.01953125000000e-01 2.51956939697266e-01
16 4.98046875000000e-01 2.48050689697266e-01
17 5.48339843750000e-01 3.00676584243774e-01
18 5.64453125000000e-01 3.18607330322266e-01
19 5.58593750000000e-01 3.12026977539062e-01
20 5.45410156250000e-01 2.97472238540649e-01
21 4.15039062500000e-01 1.72257423400879e-01
22 3.95019531250000e-01 1.56040430068970e-01
23 4.62402343750000e-01 2.13815927505493e-01
24 5.32226562500000e-01 2.83265113830566e-01
25 5.03417968750000e-01 2.53429651260376e-01
26 4.54101562500000e-01 2.06208229064941e-01
27 4.18945312500000e-01 1.75515174865723e-01
28 3.77441406250000e-01 1.42462015151978e-01
29 3.36914062500000e-01 1.13511085510254e-01
30 3.21777343750000e-01 1.03540658950806e-01
31 4.14550781250000e-01 1.71852350234985e-01
32 4.26757812500000e-01 1.82122230529785e-01
33 4.12597656250000e-01 1.70236825942993e-01
34 3.97949218750000e-01 1.58363580703735e-01
35 3.48144531250000e-01 1.21204614639282e-01
36 3.61328125000000e-01 1.30558013916016e-01
37 3.20800781250000e-01 1.02913141250610e-01
38 3.61328125000000e-01 1.30558013916016e-01
39 3.37402343750000e-01 1.13840341567993e-01
40 3.63769531250000e-01 1.32328271865845e-01
41 3.71582031250000e-01 1.38073205947876e-01
42 3.70117187500000e-01 1.36986732482910e-01
43 2.84179687500000e-01 8.07580947875977e-02
44 2.43164062500000e-01 5.91287612915039e-02
45 2.16796875000000e-01 4.70008850097656e-02
46 2.59765625000000e-01 6.74781799316406e-02
47 2.65136718750000e-01 7.02974796295166e-02
48 1.72363281250000e-01 2.97091007232666e-02
49 9.03320312500000e-02 8.15987586975098e-03
50 9.61914062500000e-02 9.25278663635254e-03
51 6.73828125000000e-02 4.54044342041016e-03
52 5.56640625000000e-02 3.09848785400391e-03
53 3.80859375000000e-02 1.45053863525391e-03
54 4.98046875000000e-02 2.48050689697266e-03
55 6.00585937500000e-02 3.60703468322754e-03
56 3.46679687500000e-02 1.20186805725098e-03
57 5.37109375000000e-02 2.88486480712891e-03
58 2.97851562500000e-02 8.87155532836914e-04
59 7.17773437500000e-02 5.15198707580566e-03
60 1.34277343750000e-01 1.80304050445557e-02
61 1.86035156250000e-01 3.46090793609619e-02
62 1.73828125000000e-01 3.02162170410156e-02
63 2.26074218750000e-01 5.11095523834229e-02
64 2.41210937500000e-01 5.81827163696289e-02
65 2.77343750000000e-01 7.69195556640625e-02
66 2.50488281250000e-01 6.27443790435791e-02
67 2.96875000000000e-01 8.81347656250000e-02
68 2.84179687500000e-01 8.07580947875977e-02
69 2.51953125000000e-01 6.34803771972656e-02
70 2.73437500000000e-01 7.47680664062500e-02
71 3.56933593750000e-01 1.27401590347290e-01
72 3.20312500000000e-01 1.02600097656250e-01
73 2.73437500000000e-01 7.47680664062500e-02
74 2.21679687500000e-01 4.91418838500977e-02
75 2.03613281250000e-01 4.14583683013916e-02
76 1.92382812500000e-01 3.70111465454102e-02
77 1.84082031250000e-01 3.38861942291260e-02
78 2.62695312500000e-01 6.90088272094727e-02
79 3.37402343750000e-01 1.13840341567993e-01
80 3.46191406250000e-01 1.19848489761353e-01
81 4.02832031250000e-01 1.62273645401001e-01
82 3.64746093750000e-01 1.33039712905884e-01
83 4.11132812500000e-01 1.69030189514160e-01
84 3.91113281250000e-01 1.52969598770142e-01
85 3.22753906250000e-01 1.04170083999634e-01
86 3.28613281250000e-01 1.07986688613892e-01
87 3.72070312500000e-01 1.38436317443848e-01
88 4.48730468750000e-01 2.01359033584595e-01
89 4.25292968750000e-01 1.80874109268188e-01
90 4.75097656250000e-01 2.25717782974243e-01
91 5.49804687500000e-01 3.02285194396973e-01
92 5.23925781250000e-01 2.74498224258423e-01
93 5.20507812500000e-01 2.70928382873535e-01
94 5.32226562500000e-01 2.83265113830566e-01
95 5.66406250000000e-01 3.20816040039062e-01
96 5.98632812500000e-01 3.58361244201660e-01
97 5.81054687500000e-01 3.37624549865723e-01
98 5.76660156250000e-01 3.32536935806274e-01
99 6.53320312500000e-01 4.26827430725098e-01
100 6.10351562500000e-01 3.72529029846191e-01
101 5.76660156250000e-01 3.32536935806274e-01
102 5.71777343750000e-01 3.26929330825806e-01
103 6.29394531250000e-01 3.96137475967407e-01
104 6.64550781250000e-01 4.41627740859985e-01
105 6.39160156250000e-01 4.08525705337524e-01
106 6.69921875000000e-01 4.48795318603516e-01
107 6.71875000000000e-01 4.51416015625000e-01
108 7.10937500000000e-01 5.05432128906250e-01
109 7.07031250000000e-01 4.99893188476562e-01
110 6.71386718750000e-01 4.50760126113892e-01
111 6.51367187500000e-01 4.24279212951660e-01
112 6.67968750000000e-01 4.46182250976562e-01
113 6.31835937500000e-01 3.99216651916504e-01
114 6.23535156250000e-01 3.88796091079712e-01
115 7.17773437500000e-01 5.15198707580566e-01
116 6.58203125000000e-01 4.33231353759766e-01
117 7.31445312500000e-01 5.35012245178223e-01
118 6.78222656250000e-01 4.59985971450806e-01
119 6.72363281250000e-01 4.52072381973267e-01
120 7.50488281250000e-01 5.63232660293579e-01
121 6.78710937500000e-01 4.60648536682129e-01
122 7.05078125000000e-01 4.97135162353516e-01
123 6.88964843750000e-01 4.74672555923462e-01
124 6.82128906250000e-01 4.65299844741821e-01
125 6.83593750000000e-01 4.67300415039062e-01
126 6.94824218750000e-01 4.82780694961548e-01
127 6.47460937500000e-01 4.19205665588379e-01
128 6.08398437500000e-01 3.70148658752441e-01
129 5.97167968750000e-01 3.56609582901001e-01
130 6.44531250000000e-01 4.15420532226562e-01
131 7.10449218750000e-01 5.04738092422485e-01
132 7.66113281250000e-01 5.86929559707642e-01
133 7.24121093750000e-01 5.24351358413696e-01
134 7.02636718750000e-01 4.93698358535767e-01
135 6.96777343750000e-01 4.85498666763306e-01
136 6.25976562500000e-01 3.91846656799316e-01
137 6.38671875000000e-01 4.07901763916016e-01
138 5.96679687500000e-01 3.56026649475098e-01
139 6.52343750000000e-01 4.25552368164062e-01
140 6.84082031250000e-01 4.67968225479126e-01
141 6.60156250000000e-01 4.35806274414062e-01
142 6.37207031250000e-01 4.06032800674438e-01
143 6.77734375000000e-01 4.59323883056641e-01
144 6.83105468750000e-01 4.66633081436157e-01
145 6.66992187500000e-01 4.44878578186035e-01
146 7.19238281250000e-01 5.17303705215454e-01
147 7.66113281250000e-01 5.86929559707642e-01
148 7.43652343750000e-01 5.53018808364868e-01
149 7.35839843750000e-01 5.41460275650024e-01
150 7.26562500000000e-01 5.27893066406250e-01
151 6.77734375000000e-01 4.59323883056641e-01
152 6.80664062500000e-01 4.63303565979004e-01
153 6.57226562500000e-01 4.31946754455566e-01
154 6.96289062500000e-01 4.84818458557129e-01
155 7.45605468750000e-01 5.55927515029907e-01
156 6.99707031250000e-01 4.89589929580688e-01
157 6.61621093750000e-01 4.37742471694946e-01
158 5.81542968750000e-01 3.38192224502563e-01
159 5.87890625000000e-01 3.45615386962891e-01
160 5.83496093750000e-01 3.40467691421509e-01
161 5.33203125000000e-01 2.84305572509766e-01
162 5.33203125000000e-01 2.84305572509766e-01
163 4.50683593750000e-01 2.03115701675415e-01
164 5.13183593750000e-01 2.63357400894165e-01
165 5.41503906250000e-01 2.93226480484009e-01
166 5.39062500000000e-01 2.90588378906250e-01
167 5.52246093750000e-01 3.04975748062134e-01
168 5.31250000000000e-01 2.82226562500000e-01
169 5.56640625000000e-01 3.09848785400391e-01
170 5.27343750000000e-01 2.78091430664062e-01
171 4.62402343750000e-01 2.13815927505493e-01
172 4.96093750000000e-01 2.46109008789062e-01
173 5.47363281250000e-01 2.99606561660767e-01
174 5.69824218750000e-01 3.24699640274048e-01
175 6.16210937500000e-01 3.79715919494629e-01
176 6.33789062500000e-01 4.01688575744629e-01
177 6.02050781250000e-01 3.62465143203735e-01
178 6.21093750000000e-01 3.85757446289062e-01
179 6.21582031250000e-01 3.86364221572876e-01
180 6.46484375000000e-01 4.17942047119141e-01
181 6.57714843750000e-01 4.32588815689087e-01
182 6.38671875000000e-01 4.07901763916016e-01
183 6.30371093750000e-01 3.97367715835571e-01
184 5.94238281250000e-01 3.53119134902954e-01
185 5.26855468750000e-01 2.77576684951782e-01
186 4.97558593750000e-01 2.47564554214478e-01
187 4.57519531250000e-01 2.09324121475220e-01
188 4.17968750000000e-01 1.74697875976562e-01
189 4.29687500000000e-01 1.84631347656250e-01
190 4.57031250000000e-01 2.08877563476562e-01
191 5.10253906250000e-01 2.60359048843384e-01
192 5.00488281250000e-01 2.50488519668579e-01
193 4.45312500000000e-01 1.98303222656250e-01
194 4.01367187500000e-01 1.61095619201660e-01
195 4.15527343750000e-01 1.72662973403931e-01
196 3.77929687500000e-01 1.42830848693848e-01
197 4.19921875000000e-01 1.76334381103516e-01
198 3.92578125000000e-01 1.54117584228516e-01
199 4.54589843750000e-01 2.06651926040649e-01
200 4.32617187500000e-01 1.87157630920410e-01
201 4.83886718750000e-01 2.34146356582642e-01
202 4.05761718750000e-01 1.64642572402954e-01
203 3.96972656250000e-01 1.57587289810181e-01
204 4.36035156250000e-01 1.90126657485962e-01
205 4.13085937500000e-01 1.70639991760254e-01
206 4.16503906250000e-01 1.73475503921509e-01
207 5.47851562500000e-01 3.00141334533691e-01
208 4.87792968750000e-01 2.37941980361938e-01
209 5.06835937500000e-01 2.56882667541504e-01
210 5.41992187500000e-01 2.93755531311035e-01
211 5.39062500000000e-01 2.90588378906250e-01
212 5.27832031250000e-01 2.78606653213501e-01
213 5.63964843750000e-01 3.18056344985962e-01
214 5.41015625000000e-01 2.92697906494141e-01
215 5.54687500000000e-01 3.07678222656250e-01
216 5.47363281250000e-01 2.99606561660767e-01
217 5.46386718750000e-01 2.98538446426392e-01
218 5.29296875000000e-01 2.80155181884766e-01
219 5.70800781250000e-01 3.25813531875610e-01
220 5.36621093750000e-01 2.87962198257446e-01
221 5.72265625000000e-01 3.27487945556641e-01
222 5.67382812500000e-01 3.21923255920410e-01
223 5.13183593750000e-01 2.63357400894165e-01
224 4.58496093750000e-01 2.10218667984009e-01
225 4.37500000000000e-01 1.91406250000000e-01
226 4.14550781250000e-01 1.71852350234985e-01
227 4.21386718750000e-01 1.77566766738892e-01
228 3.93554687500000e-01 1.54885292053223e-01
229 3.73535156250000e-01 1.39528512954712e-01
230 3.84765625000000e-01 1.48044586181641e-01
231 4.17480468750000e-01 1.74289941787720e-01
232 3.83300781250000e-01 1.46919488906860e-01
233 3.27636718750000e-01 1.07345819473267e-01
234 3.71582031250000e-01 1.38073205947876e-01
235 4.15527343750000e-01 1.72662973403931e-01
236 4.22363281250000e-01 1.78390741348267e-01
237 3.96484375000000e-01 1.57199859619141e-01
238 3.71093750000000e-01 1.37710571289062e-01
239 3.76464843750000e-01 1.41725778579712e-01
240 3.58398437500000e-01 1.28449440002441e-01
241 3.93554687500000e-01 1.54885292053223e-01
242 4.29199218750000e-01 1.84211969375610e-01
243 4.88769531250000e-01 2.38895654678345e-01
244 5.31250000000000e-01 2.82226562500000e-01
245 5.43457031250000e-01 2.95345544815063e-01
246 5.50292968750000e-01 3.02822351455688e-01
247 5.41015625000000e-01 2.92697906494141e-01
248 5.51757812500000e-01 3.04436683654785e-01
249 5.97656250000000e-01 3.57192993164062e-01
250 5.80566406250000e-01 3.37057352066040e-01
251 5.33203125000000e-01 2.84305572509766e-01
252 5.06835937500000e-01 2.56882667541504e-01
253 5.77148437500000e-01 3.33100318908691e-01
254 5.55175781250000e-01 3.08220148086548e-01
255 5.85937500000000e-01 3.43322753906250e-01
256 6.26464843750000e-01 3.92458200454712e-01
257 6.28906250000000e-01 3.95523071289062e-01
258 6.54296875000000e-01 4.28104400634766e-01
259 6.25976562500000e-01 3.91846656799316e-01
260 6.77734375000000e-01 4.59323883056641e-01
261 6.74316406250000e-01 4.54702615737915e-01
262 6.88476562500000e-01 4.73999977111816e-01
263 6.13769531250000e-01 3.76713037490845e-01
264 6.02539062500000e-01 3.63053321838379e-01
265 6.46484375000000e-01 4.17942047119141e-01
266 6.90429687500000e-01 4.76693153381348e-01
267 6.25976562500000e-01 3.91846656799316e-01
268 6.88964843750000e-01 4.74672555923462e-01
269 6.55273437500000e-01 4.29383277893066e-01
270 5.64941406250000e-01 3.19158792495728e-01
271 5.83007812500000e-01 3.39898109436035e-01
272 6.39160156250000e-01 4.08525705337524e-01
273 6.15722656250000e-01 3.79114389419556e-01
274 5.46386718750000e-01 2.98538446426392e-01
275 5.95703125000000e-01 3.54862213134766e-01
276 5.63964843750000e-01 3.18056344985962e-01
277 5.71289062500000e-01 3.26371192932129e-01
278 5.65429687500000e-01 3.19710731506348e-01
279 5.43945312500000e-01 2.95876502990723e-01
280 5.42480468750000e-01 2.94285058975220e-01
281 6.05468750000000e-01 3.66592407226562e-01
282 6.28417968750000e-01 3.94909143447876e-01
283 6.07421875000000e-01 3.68961334228516e-01
284 5.20019531250000e-01 2.70420312881470e-01
285 4.50683593750000e-01 2.03115701675415e-01
286 4.50683593750000e-01 2.03115701675415e-01
287 5.14648437500000e-01 2.64863014221191e-01
288 4.69726562500000e-01 2.20643043518066e-01
289 5.26367187500000e-01 2.77062416076660e-01
290 5.01953125000000e-01 2.51956939697266e-01
291 5.15625000000000e-01 2.65869140625000e-01
292 6.14746093750000e-01 3.77912759780884e-01
293 6.09863281250000e-01 3.71933221817017e-01
294 6.21093750000000e-01 3.85757446289062e-01
295 5.59570312500000e-01 3.13118934631348e-01
296 5.78613281250000e-01 3.34793329238892e-01
297 5.42480468750000e-01 2.94285058975220e-01
298 5.45898437500000e-01 2.98005104064941e-01
299 5.58593750000000e-01 3.12026977539062e-01
300 6.13281250000000e-01 3.76113891601562e-01
301 5.97167968750000e-01 3.56609582901001e-01
302 6.55761718750000e-01 4.30023431777954e-01
303 6.95800781250000e-01 4.84138727188110e-01
304 6.72363281250000e-01 4.52072381973267e-01
305 6.51367187500000e-01 4.24279212951660e-01
306 5.48339843750000e-01 3.00676584243774e-01
307 5.66894531250000e-01 3.21369409561157e-01
308 6.05957031250000e-01 3.67183923721313e-01
309 5.80078125000000e-01 3.36490631103516e-01
310 6.20117187500000e-01 3.84545326232910e-01
311 6.73828125000000e-01 4.54044342041016e-01
312 7.17285156250000e-01 5.14497995376587e-01
313 7.17773437500000e-01 5.15198707580566e-01
314 7.04101562500000e-01 4.95759010314941e-01
315 6.81640625000000e-01 4.64633941650391e-01
316 7.09472656250000e-01 5.03351449966431e-01
317 7.47070312500000e-01 5.58114051818848e-01
318 7.42187500000000e-01 5.50842285156250e-01
319 7.15820312500000e-01 5.12398719787598e-01
320 6.46484375000000e-01 4.17942047119141e-01
321 6.90917968750000e-01 4.77367639541626e-01
322 6.96777343750000e-01 4.85498666763306e-01
323 6.59667968750000e-01 4.35161828994751e-01
324 6.36718750000000e-01 4.05410766601562e-01
325 6.46972656250000e-01 4.18573617935181e-01
326 6.56738281250000e-01 4.31305170059204e-01
327 6.69921875000000e-01 4.48795318603516e-01
328 6.45019531250000e-01 4.16050195693970e-01
329 6.01074218750000e-01 3.61290216445923e-01
330 6.68457031250000e-01 4.46834802627563e-01
331 6.64550781250000e-01 4.41627740859985e-01
332 6.51855468750000e-01 4.24915552139282e-01
333 6.90917968750000e-01 4.77367639541626e-01
334 7.52441406250000e-01 5.66168069839478e-01
335 7.09472656250000e-01 5.03351449966431e-01
336 7.04101562500000e-01 4.95759010314941e-01
337 7.28027343750000e-01 5.30023813247681e-01
338 6.79199218750000e-01 4.61311578750610e-01
339 6.89941406250000e-01 4.76019144058228e-01
340 7.31445312500000e-01 5.35012245178223e-01
341 7.13378906250000e-01 5.08909463882446e-01
342 7.47070312500000e-01 5.58114051818848e-01
343 7.49511718750000e-01 5.61767816543579e-01
344 7.16308593750000e-01 5.13098001480103e-01
345 6.42578125000000e-01 4.12906646728516e-01
346 6.61132812500000e-01 4.37096595764160e-01
347 7.31445312500000e-01 5.35012245178223e-01
348 7.31445312500000e-01 5.35012245178223e-01
349 6.74316406250000e-01 4.54702615737915e-01
350 7.24121093750000e-01 5.24351358413696e-01
351 7.33886718750000e-01 5.38589715957642e-01
352 6.49414062500000e-01 4.21738624572754e-01
353 6.25000000000000e-01 3.90625000000000e-01
354 7.04101562500000e-01 4.95759010314941e-01
355 6.68457031250000e-01 4.46834802627563e-01
356 6.59179687500000e-01 4.34517860412598e-01
357 6.73828125000000e-01 4.54044342041016e-01
358 7.06542968750000e-01 4.99202966690063e-01
359 7.12402343750000e-01 5.07517099380493e-01
360 6.61621093750000e-01 4.37742471694946e-01
361 6.57226562500000e-01 4.31946754455566e-01
362 6.76269531250000e-01 4.57340478897095e-01
363 6.48437500000000e-01 4.20471191406250e-01
364 6.63085937500000e-01 4.39682960510254e-01
365 5.93750000000000e-01 3.52539062500000e-01
366 6.47460937500000e-01 4.19205665588379e-01
367 6.83105468750000e-01 4.66633081436157e-01
368 6.38671875000000e-01 4.07901763916016e-01
369 7.08984375000000e-01 5.02658843994141e-01
370 6.88476562500000e-01 4.73999977111816e-01
371 7.19238281250000e-01 5.17303705215454e-01
372 6.73339843750000e-01 4.53386545181274e-01
373 6.66992187500000e-01 4.44878578186035e-01
374 6.63574218750000e-01 4.40330743789673e-01
375 6.61621093750000e-01 4.37742471694946e-01
376 7.08984375000000e-01 5.02658843994141e-01
377 7.29003906250000e-01 5.31446695327759e-01
378 6.95800781250000e-01 4.84138727188110e-01
379 6.81152343750000e-01 4.63968515396118e-01
380 6.72363281250000e-01 4.52072381973267e-01
381 6.40136718750000e-01 4.09775018692017e-01
382 6.23046875000000e-01 3.88187408447266e-01
383 6.87988281250000e-01 4.73327875137329e-01
384 7.07031250000000e-01 4.99893188476562e-01
385 6.27929687500000e-01 3.94295692443848e-01
386 6.67968750000000e-01 4.46182250976562e-01
387 6.30371093750000e-01 3.97367715835571e-01
388 6.31347656250000e-01 3.98599863052368e-01
389 6.37695312500000e-01 4.06655311584473e-01
390 6.45996093750000e-01 4.17310953140259e-01
391 6.87500000000000e-01 4.72656250000000e-01
392 6.37695312500000e-01 4.06655311584473e-01
393 6.62109375000000e-01 4.38388824462891e-01
394 6.78222656250000e-01 4.59985971450806e-01
395 6.45996093750000e-01 4.17310953140259e-01
396 6.63085937500000e-01 4.39682960510254e-01
397 6.67480468750000e-01 4.45530176162720e-01
398 6.85546875000000e-01 4.69974517822266e-01
399 6.69433593750000e-01 4.48141336441040e-01
400 6.33300781250000e-01 4.01069879531860e-01
401 6.22070312500000e-01 3.86971473693848e-01
402 5.96191406250000e-01 3.55444192886353e-01
403 5.45898437500000e-01 2.98005104064941e-01
404 5.83984375000000e-01 3.41037750244141e-01
405 5.80078125000000e-01 3.36490631103516e-01
406 5.63476562500000e-01 3.17505836486816e-01
407 5.80566406250000e-01 3.37057352066040e-01
408 6.49902343750000e-01 4.22373056411743e-01
409 6.61621093750000e-01 4.37742471694946e-01
410 7.09472656250000e-01 5.03351449966431e-01
411 6.70410156250000e-01 4.49449777603149e-01
412 6.55761718750000e-01 4.30023431777954e-01
413 6.34277343750000e-01 4.02307748794556e-01
414 6.49414062500000e-01 4.21738624572754e-01
415 6.33300781250000e-01 4.01069879531860e-01
416 5.73242187500000e-01 3.28606605529785e-01
417 5.51269531250000e-01 3.03898096084595e-01
418 5.44921875000000e-01 2.96939849853516e-01
419 5.85449218750000e-01 3.42750787734985e-01
420 5.55175781250000e-01 3.08220148086548e-01
421 5.79101562500000e-01 3.35358619689941e-01
422 6.18652343750000e-01 3.82730722427368e-01
423 6.16210937500000e-01 3.79715919494629e-01
424 5.80566406250000e-01 3.37057352066040e-01
425 5.87890625000000e-01 3.45615386962891e-01
426 5.83984375000000e-01 3.41037750244141e-01
427 6.21093750000000e-01 3.85757446289062e-01
428 6.52832031250000e-01 4.26189661026001e-01
429 6.23046875000000e-01 3.88187408447266e-01
430 6.11328125000000e-01 3.73722076416016e-01
431 6.41601562500000e-01 4.11652565002441e-01
432 6.16699218750000e-01 3.80317926406860e-01
433 5.67382812500000e-01 3.21923255920410e-01
434 5.56152343750000e-01 3.09305429458618e-01
435 4.87304687500000e-01 2.37465858459473e-01
436 5.18554687500000e-01 2.68898963928223e-01
437 4.94628906250000e-01 2.44657754898071e-01
438 5.59570312500000e-01 3.13118934631348e-01
439 5.22460937500000e-01 2.72965431213379e-01
440 4.73144531250000e-01 2.23865747451782e-01
441 4.81933593750000e-01 2.32259988784790e-01
442 5.06347656250000e-01 2.56387948989868e-01
443 4.95117187500000e-01 2.45141029357910e-01
444 4.68261718750000e-01 2.19269037246704e-01
445 4.56542968750000e-01 2.08431482315063e-01
446 4.63867187500000e-01 2.15172767639160e-01
447 5.39062500000000e-01 2.90588378906250e-01
448 5.85937500000000e-01 3.43322753906250e-01
449 5.32226562500000e-01 2.83265113830566e-01
450 5.25390625000000e-01 2.76035308837891e-01
451 5.52246093750000e-01 3.04975748062134e-01
452 5.88378906250000e-01 3.46189737319946e-01
453 5.53222656250000e-01 3.06055307388306e-01
454 5.25390625000000e-01 2.76035308837891e-01
455 5.20996093750000e-01 2.71436929702759e-01
456 5.25878906250000e-01 2.76548624038696e-01
457 4.67285156250000e-01 2.18355417251587e-01
458 4.38964843750000e-01 1.92690134048462e-01
459 4.11621093750000e-01 1.69431924819946e-01
460 4.33593750000000e-01 1.88003540039062e-01
461 4.18457031250000e-01 1.75106287002563e-01
462 4.78027343750000e-01 2.28510141372681e-01
463 5.11718750000000e-01 2.61856079101562e-01
464 4.82910156250000e-01 2.33202219009399e-01
465 4.58496093750000e-01 2.10218667984009e-01
466 4.52148437500000e-01 2.04438209533691e-01
467 5.27343750000000e-01 2.78091430664062e-01
468 4.95605468750000e-01 2.45624780654907e-01
469 5.28808593750000e-01 2.79638528823853e-01
470 4.86816406250000e-01 2.36990213394165e-01
471 4.30175781250000e-01 1.85051202774048e-01
472 4.24316406250000e-01 1.80044412612915e-01
473 3.95019531250000e-01 1.56040430068970e-01
474 3.80859375000000e-01 1.45053863525391e-01
475 3.61328125000000e-01 1.30558013916016e-01
476 2.92480468750000e-01 8.55448246002197e-02
477 2.45605468750000e-01 6.03220462799072e-02
478 2.20703125000000e-01 4.87098693847656e-02
479 2.55371093750000e-01 6.52143955230713e-02
480 2.87597656250000e-01 8.27124118804932e-02
481 3.07617187500000e-01 9.46283340454102e-02
482 1.91894531250000e-01 3.68235111236572e-02
483 2.28027343750000e-01 5.19964694976807e-02
484 2.14355468750000e-01 4.59482669830322e-02
485 2.42187500000000e-01 5.86547851562500e-02
486 2.61230468750000e-01 6.82413578033447e-02
487 2.76367187500000e-01 7.63788223266602e-02
488 2.95898437500000e-01 8.75558853149414e-02
489 3.14941406250000e-01 9.91880893707275e-02
490 2.88085937500000e-01 8.29935073852539e-02
491 3.54003906250000e-01 1.25318765640259e-01
492 3.73535156250000e-01 1.39528512954712e-01
493 3.51562500000000e-01 1.23596191406250e-01
494 4.58984375000000e-01 2.10666656494141e-01
495 4.56054687500000e-01 2.07985877990723e-01
496 4.71191406250000e-01 2.22021341323853e-01
497 4.41406250000000e-01 1.94839477539062e-01
498 4.20898437500000e-01 1.77155494689941e-01
499 4.54101562500000e-01 2.06208229064941e-01
500 4.97558593750000e-01 2.47564554214478e-01
501 6.00097656250000e-01 3.60117197036743e-01
502 5.49804687500000e-01 3.02285194396973e-01
503 4.74609375000000e-01 2.25254058837891e-01
504 4.82910156250000e-01 2.33202219009399e-01
505 4.67773437500000e-01 2.18811988830566e-01
506 4.98535156250000e-01 2.48537302017212e-01
507 5.23437500000000e-01 2.73986816406250e-01
508 5.36621093750000e-01 2.87962198257446e-01
509 5.28320312500000e-01 2.79122352600098e-01
510 4.50195312500000e-01 2.02675819396973e-01
511 4.15039062500000e-01 1.72257423400879e-01
512 3.75976562500000e-01 1.41358375549316e-01
513 3.89648437500000e-01 1.51825904846191e-01
514 3.60351562500000e-01 1.29853248596191e-01
515 3.81835937500000e-01 1.45798683166504e-01
516 4.21386718750000e-01 1.77566766738892e-01
517 4.29687500000000e-01 1.84631347656250e-01
518 4.05273437500000e-01 1.64246559143066e-01
519 3.88671875000000e-01 1.51065826416016e-01
520 4.04296875000000e-01 1.63455963134766e-01
521 3.85253906250000e-01 1.48420572280884e-01
522 4.16015625000000e-01 1.73069000244141e-01
523 4.60449218750000e-01 2.12013483047485e-01
524 4.41406250000000e-01 1.94839477539062e-01
525 4.31152343750000e-01 1.85892343521118e-01
526 3.77929687500000e-01 1.42830848693848e-01
527 4.18945312500000e-01 1.75515174865723e-01
528 3.86230468750000e-01 1.49173974990845e-01
529 3.86718750000000e-01 1.49551391601562e-01
530 4.07226562500000e-01 1.65833473205566e-01
531 4.09667968750000e-01 1.67827844619751e-01
532 3.96484375000000e-01 1.57199859619141e-01
533 4.34082031250000e-01 1.88427209854126e-01
534 4.71679687500000e-01 2.22481727600098e-01
535 4.01855468750000e-01 1.61487817764282e-01
536 3.48632812500000e-01 1.21544837951660e-01
537 3.63281250000000e-01 1.31973266601562e-01
538 3.41308593750000e-01 1.16491556167603e-01
539 3.72558593750000e-01 1.38799905776978e-01
540 3.15917968750000e-01 9.98041629791260e-02
541 3.02734375000000e-01 9.16481018066406e-02
542 3.21777343750000e-01 1.03540658950806e-01
543 3.14941406250000e-01 9.91880893707275e-02
544 3.27636718750000e-01 1.07345819473267e-01
545 4.25781250000000e-01 1.81289672851562e-01
546 4.05761718750000e-01 1.64642572402954e-01
547 3.64746093750000e-01 1.33039712905884e-01
548 3.99902343750000e-01 1.59921884536743e-01
549 3.69628906250000e-01 1.36625528335571e-01
550 3.28613281250000e-01 1.07986688613892e-01
551 2.56347656250000e-01 6.57141208648682e-02
552 3.70117187500000e-01 1.36986732482910e-01
553 3.21289062500000e-01 1.03226661682129e-01
554 3.22265625000000e-01 1.03855133056641e-01
555 2.83691406250000e-01 8.04808139801025e-02
556 2.58789062500000e-01 6.69717788696289e-02
557 2.60253906250000e-01 6.77320957183838e-02
558 2.94921875000000e-01 8.69789123535156e-02
559 3.26171875000000e-01 1.06388092041016e-01
560 3.87695312500000e-01 1.50307655334473e-01
561 4.30175781250000e-01 1.85051202774048e-01
562 4.31152343750000e-01 1.85892343521118e-01
563 4.59960937500000e-01 2.11564064025879e-01
564 4.93652343750000e-01 2.43692636489868e-01
565 5.13183593750000e-01 2.63357400894165e-01
566 5.25878906250000e-01 2.76548624038696e-01
567 5.46386718750000e-01 2.98538446426392e-01
568 5.15625000000000e-01 2.65869140625000e-01
569 5.34667968750000e-01 2.85869836807251e-01
570 5.33691406250000e-01 2.84826517105103e-01
571 4.87792968750000e-01 2.37941980361938e-01
572 4.40429687500000e-01 1.93978309631348e-01
573 4.73144531250000e-01 2.23865747451782e-01
574 5.00488281250000e-01 2.50488519668579e-01
575 4.87304687500000e-01 2.37465858459473e-01
576 4.63378906250000e-01 2.14720010757446e-01
577 4.74609375000000e-01 2.25254058837891e-01
578 4.61425781250000e-01 2.12913751602173e-01
579 4.75097656250000e-01 2.25717782974243e-01
580 5.02929687500000e-01 2.52938270568848e-01
581 4.97070312500000e-01 2.47078895568848e-01
582 4.86816406250000e-01 2.36990213394165e-01
583 5.76171875000000e-01 3.31974029541016e-01
584 6.20117187500000e-01 3.84545326232910e-01
585 6.07910156250000e-01 3.69554758071899e-01
586 6.58203125000000e-01 4.33231353759766e-01
587 6.58691406250000e-01 4.33874368667603e-01
588 6.68457031250000e-01 4.46834802627563e-01
589 6.57714843750000e-01 4.32588815689087e-01
590 6.47460937500000e-01 4.19205665588379e-01
591 6.38671875000000e-01 4.07901763916016e-01
592 5.87890625000000e-01 3.45615386962891e-01
593 5.72753906250000e-01 3.28047037124634e-01
594 5.79589843750000e-01 3.35924386978149e-01
595 5.51757812500000e-01 3.04436683654785e-01
596 5.17089843750000e-01 2.67381906509399e-01
597 4.65820312500000e-01 2.16988563537598e-01
598 4.71191406250000e-01 2.22021341323853e-01
599 5.33691406250000e-01 2.84826517105103e-01
600 5.28808593750000e-01 2.79638528823853e-01
601 5.64941406250000e-01 3.19158792495728e-01
602 5.57128906250000e-01 3.10392618179321e-01
603 5.26855468750000e-01 2.77576684951782e-01
604 5.60058593750000e-01 3.13665628433228e-01
605 5.55175781250000e-01 3.08220148086548e-01
606 5.11718750000000e-01 2.61856079101562e-01
607 5.11718750000000e-01 2.61856079101562e-01
608 5.34667968750000e-01 2.85869836807251e-01
609 5.39062500000000e-01 2.90588378906250e-01
610 6.00585937500000e-01 3.60703468322754e-01
611 6.10351562500000e-01 3.72529029846191e-01
612 5.98144531250000e-01 3.57776880264282e-01
613 5.74707031250000e-01 3.30288171768188e-01
614 5.26855468750000e-01 2.77576684951782e-01
615 5.34179687500000e-01 2.85347938537598e-01
616 4.97070312500000e-01 2.47078895568848e-01
617 5.04882812500000e-01 2.54906654357910e-01
618 4.45312500000000e-01 1.98303222656250e-01
619 4.33593750000000e-01 1.88003540039062e-01
620 5.00000000000000e-01 2.50000000000000e-01
621 4.60449218750000e-01 2.12013483047485e-01
622 5.12207031250000e-01 2.62356042861938e-01
623 5.14648437500000e-01 2.64863014221191e-01
624 5.52246093750000e-01 3.04975748062134e-01
625 5.60058593750000e-01 3.13665628433228e-01
626 4.93164062500000e-01 2.43210792541504e-01
627 5.45410156250000e-01 2.97472238540649e-01
628 5.69824218750000e-01 3.24699640274048e-01
629 5.70800781250000e-01 3.25813531875610e-01
630 5.91796875000000e-01 3.50223541259766e-01
631 6.45507812500000e-01 4.16680335998535e-01
632 5.93261718750000e-01 3.51959466934204e-01
633 5.08789062500000e-01 2.58866310119629e-01
634 4.88769531250000e-01 2.38895654678345e-01
635 4.77539062500000e-01 2.28043556213379e-01
636 4.40917968750000e-01 1.94408655166626e-01
637 4.39453125000000e-01 1.93119049072266e-01
638 4.61914062500000e-01 2.13364601135254e-01
639 5.16601562500000e-01 2.66877174377441e-01
640 5.00000000000000e-01 2.50000000000000e-01
641 5.32714843750000e-01 2.83785104751587e-01
642 5.22460937500000e-01 2.72965431213379e-01
643 4.53613281250000e-01 2.05765008926392e-01
644 4.78027343750000e-01 2.28510141372681e-01
645 5.24414062500000e-01 2.75010108947754e-01
646 4.84375000000000e-01 2.34619140625000e-01
647 4.91699218750000e-01 2.41768121719360e-01
648 4.59472656250000e-01 2.11115121841431e-01
649 4.23828125000000e-01 1.79630279541016e-01
650 3.49609375000000e-01 1.22226715087891e-01
651 2.97851562500000e-01 8.87155532836914e-02
652 3.28613281250000e-01 1.07986688613892e-01
653 3.77441406250000e-01 1.42462015151978e-01
654 4.22363281250000e-01 1.78390741348267e-01
655 4.27734375000000e-01 1.82956695556641e-01
656 4.27734375000000e-01 1.82956695556641e-01
657 4.80468750000000e-01 2.30850219726562e-01
658 4.56542968750000e-01 2.08431482315063e-01
659 4.65332031250000e-01 2.16533899307251e-01
660 3.53515625000000e-01 1.24973297119141e-01
661 3.64257812500000e-01 1.32683753967285e-01
662 3.62792968750000e-01 1.31618738174438e-01
663 3.51562500000000e-01 1.23596191406250e-01
664 3.76464843750000e-01 1.41725778579712e-01
665 3.52539062500000e-01 1.24283790588379e-01
666 3.70117187500000e-01 1.36986732482910e-01
667 3.72070312500000e-01 1.38436317443848e-01
668 3.60839843750000e-01 1.30205392837524e-01
669 3.62792968750000e-01 1.31618738174438e-01
670 3.73046875000000e-01 1.39163970947266e-01
671 3.57421875000000e-01 1.27750396728516e-01
672 3.88183593750000e-01 1.50686502456665e-01
673 3.79882812500000e-01 1.44310951232910e-01
674 4.16015625000000e-01 1.73069000244141e-01
675 3.48144531250000e-01 1.21204614639282e-01
676 3.23730468750000e-01 1.04801416397095e-01
677 3.82324218750000e-01 1.46171808242798e-01
678 3.80371093750000e-01 1.44682168960571e-01
679 3.89160156250000e-01 1.51445627212524e-01
680 3.97949218750000e-01 1.58363580703735e-01
681 3.70605468750000e-01 1.37348413467407e-01
682 2.81250000000000e-01 7.91015625000000e-02
683 3.06152343750000e-01 9.37292575836182e-02
684 3.74511718750000e-01 1.40259027481079e-01
685 3.20312500000000e-01 1.02600097656250e-01
686 3.20312500000000e-01 1.02600097656250e-01
687 3.70605468750000e-01 1.37348413467407e-01
688 3.43261718750000e-01 1.17828607559204e-01
689 3.36914062500000e-01 1.13511085510254e-01
690 3.78906250000000e-01 1.43569946289062e-01
691 3.65722656250000e-01 1.33753061294556e-01
692 3.48144531250000e-01 1.21204614639282e-01
693 3.95996093750000e-01 1.56812906265259e-01
694 3.30566406250000e-01 1.09274148941040e-01
695 3.33984375000000e-01 1.11545562744141e-01
696 3.03710937500000e-01 9.22403335571289e-02
697 2.84179687500000e-01 8.07580947875977e-02
698 2.73925781250000e-01 7.50353336334229e-02
699 3.37402343750000e-01 1.13840341567993e-01
700 3.48632812500000e-01 1.21544837951660e-01
701 3.69628906250000e-01 1.36625528335571e-01
702 4.23828125000000e-01 1.79630279541016e-01
703 3.78906250000000e-01 1.43569946289062e-01
704 3.32519531250000e-01 1.10569238662720e-01
705 3.40332031250000e-01 1.15825891494751e-01
706 3.63281250000000e-01 1.31973266601562e-01
707 3.81835937500000e-01 1.45798683166504e-01
708 3.39355468750000e-01 1.15162134170532e-01
709 2.97851562500000e-01 8.87155532836914e-02
710 2.65625000000000e-01 7.05566406250000e-02
711 2.47070312500000e-01 6.10437393188477e-02
712 2.36816406250000e-01 5.60820102691650e-02
713 2.25585937500000e-01 5.08890151977539e-02
714 2.22656250000000e-01 4.95758056640625e-02
715 2.50488281250000e-01 6.27443790435791e-02
716 2.42675781250000e-01 5.88915348052979e-02
717 1.97265625000000e-01 3.89137268066406e-02
718 1.92382812500000e-01 3.70111465454102e-02
719 2.43652343750000e-01 5.93664646148682e-02
720 3.46191406250000e-01 1.19848489761353e-01
721 3.62792968750000e-01 1.31618738174438e-01
722 2.85644531250000e-01 8.15927982330322e-02
723 2.21679687500000e-01 4.91418838500977e-02
724 2.00195312500000e-01 4.00781631469727e-02
725 2.50976562500000e-01 6.29892349243164e-02
726 2.46093750000000e-01 6.05621337890625e-02
727 2.46582031250000e-01 6.08026981353760e-02
728 2.15820312500000e-01 4.65784072875977e-02
729 3.33007812500000e-01 1.10894203186035e-01
730 3.26171875000000e-01 1.06388092041016e-01
731 3.96484375000000e-01 1.57199859619141e-01
732 3.64257812500000e-01 1.32683753967285e-01
733 3.23242187500000e-01 1.04485511779785e-01
734 4.75585937500000e-01 2.26181983947754e-01
735 4.51171875000000e-01 2.03556060791016e-01
736 3.95507812500000e-01 1.56426429748535e-01
737 4.07714843750000e-01 1.66231393814087e-01
738 4.05273437500000e-01 1.64246559143066e-01
739 3.50585937500000e-01 1.22910499572754e-01
740 4.07226562500000e-01 1.65833473205566e-01
741 4.24804687500000e-01 1.80459022521973e-01
742 2.91992187500000e-01 8.52594375610352e-02
743 3.26660156250000e-01 1.06706857681274e-01
744 3.36425781250000e-01 1.13182306289673e-01
745 3.86230468750000e-01 1.49173974990845e-01
746 3.87695312500000e-01 1.50307655334473e-01
747 4.16992187500000e-01 1.73882484436035e-01
748 3.60351562500000e-01 1.29853248596191e-01
749 3.86230468750000e-01 1.49173974990845e-01
750 4.18945312500000e-01 1.75515174865723e-01
751 4.35058593750000e-01 1.89275979995728e-01
752 4.16015625000000e-01 1.73069000244141e-01
753 4.81445312500000e-01 2.31789588928223e-01
754 4.98046875000000e-01 2.48050689697266e-01
755 6.04492187500000e-01 3.65410804748535e-01
756 6.22070312500000e-01 3.86971473693848e-01
757 6.30859375000000e-01 3.97983551025391e-01
758 6.49414062500000e-01 4.21738624572754e-01
759 7.17773437500000e-01 5.15198707580566e-01
760 7.21191406250000e-01 5.20117044448853e-01
761 7.20703125000000e-01 5.19412994384766e-01
762 7.34863281250000e-01 5.40024042129517e-01
763 7.05078125000000e-01 4.97135162353516e-01
764 7.07031250000000e-01 4.99893188476562e-01
765 6.99707031250000e-01 4.89589929580688e-01
766 6.99707031250000e-01 4.89589929580688e-01
767 6.90429687500000e-01 4.76693153381348e-01
768 6.57226562500000e-01 4.31946754455566e-01
769 6.23535156250000e-01 3.88796091079712e-01
770 6.33789062500000e-01 4.01688575744629e-01
771 5.96191406250000e-01 3.55444192886353e-01
772 6.28906250000000e-01 3.95523071289062e-01
773 6.26464843750000e-01 3.92458200454712e-01
774 6.51367187500000e-01 4.24279212951660e-01
775 6.40625000000000e-01 4.10400390625000e-01
776 7.17285156250000e-01 5.14497995376587e-01
777 6.83105468750000e-01 4.66633081436157e-01
778 6.47460937500000e-01 4.19205665588379e-01
779 7.02636718750000e-01 4.93698358535767e-01
780 6.92382812500000e-01 4.79393959045410e-01
781 7.23632812500000e-01 5.23644447326660e-01
782 7.16796875000000e-01 5.13797760009766e-01
783 6.87011718750000e-01 4.71985101699829e-01
784 7.28515625000000e-01 5.30735015869141e-01
785 7.27050781250000e-01 5.28602838516235e-01
786 7.28515625000000e-01 5.30735015869141e-01
787 7.17285156250000e-01 5.14497995376587e-01
788 6.98242187500000e-01 4.87542152404785e-01
789 7.29980468750000e-01 5.32871484756470e-01
790 6.69921875000000e-01 4.48795318603516e-01
791 6.80175781250000e-01 4.62639093399048e-01
792 6.37207031250000e-01 4.06032800674438e-01
793 6.13769531250000e-01 3.76713037490845e-01
794 6.86523437500000e-01 4.71314430236816e-01
795 7.05566406250000e-01 4.97823953628540e-01
796 6.58691406250000e-01 4.33874368667603e-01
797 6.28906250000000e-01 3.95523071289062e-01
798 6.59667968750000e-01 4.35161828994751e-01
799 7.11914062500000e-01 5.06821632385254e-01
800 7.26074218750000e-01 5.27183771133423e-01
801 7.32910156250000e-01 5.37157297134399e-01
802 7.63671875000000e-01 5.83194732666016e-01
803 7.68066406250000e-01 5.89926004409790e-01
804 7.51953125000000e-01 5.65433502197266e-01
805 7.35351562500000e-01 5.40741920471191e-01
806 7.39746093750000e-01 5.47224283218384e-01
807 7.56347656250000e-01 5.72061777114868e-01
808 7.69042968750000e-01 5.91427087783813e-01
809 8.06152343750000e-01 6.49881601333618e-01
810 7.85156250000000e-01 6.16470336914062e-01
811 7.50976562500000e-01 5.63965797424316e-01
812 7.41699218750000e-01 5.50117731094360e-01
813 7.18261718750000e-01 5.15899896621704e-01
814 7.31445312500000e-01 5.35012245178223e-01
815 6.60644531250000e-01 4.36451196670532e-01
816 6.21093750000000e-01 3.85757446289062e-01
817 5.75683593750000e-01 3.31411600112915e-01
818 5.29785156250000e-01 2.80672311782837e-01
819 5.40039062500000e-01 2.91642189025879e-01
820 5.89355468750000e-01 3.47339868545532e-01
821 5.29296875000000e-01 2.80155181884766e-01
822 4.93164062500000e-01 2.43210792541504e-01
823 4.07714843750000e-01 1.66231393814087e-01
824 3.96972656250000e-01 1.57587289810181e-01
825 3.84277343750000e-01 1.47669076919556e-01
826 3.73046875000000e-01 1.39163970947266e-01
827 3.64746093750000e-01 1.33039712905884e-01
828 3.88183593750000e-01 1.50686502456665e-01
829 3.45214843750000e-01 1.19173288345337e-01
830 3.16894531250000e-01 1.00422143936157e-01
831 3.36425781250000e-01 1.13182306289673e-01
832 3.93554687500000e-01 1.54885292053223e-01
833 3.38867187500000e-01 1.14830970764160e-01
834 3.66699218750000e-01 1.34468317031860e-01
835 3.21289062500000e-01 1.03226661682129e-01
836 3.11035156250000e-01 9.67428684234619e-02
837 3.48632812500000e-01 1.21544837951660e-01
838 4.17968750000000e-01 1.74697875976562e-01
839 4.86816406250000e-01 2.36990213394165e-01
840 4.82910156250000e-01 2.33202219009399e-01
841 4.36523437500000e-01 1.90552711486816e-01
842 4.21875000000000e-01 1.77978515625000e-01
843 4.34570312500000e-01 1.88851356506348e-01
844 3.98925781250000e-01 1.59141778945923e-01
845 4.55078125000000e-01 2.07096099853516e-01
846 3.72070312500000e-01 1.38436317443848e-01
847 3.77929687500000e-01 1.42830848693848e-01
848 3.97460937500000e-01 1.57975196838379e-01
849 3.01757812500000e-01 9.10577774047852e-02
850 2.65136718750000e-01 7.02974796295166e-02
851 3.18847656250000e-01 1.01663827896118e-01
852 2.89062500000000e-01 8.35571289062500e-02
853 2.95410156250000e-01 8.72671604156494e-02
854 3.07617187500000e-01 9.46283340454102e-02
855 2.92968750000000e-01 8.58306884765625e-02
856 3.03710937500000e-01 9.22403335571289e-02
857 3.22265625000000e-01 1.03855133056641e-01
858 3.46679687500000e-01 1.20186805725098e-01
859 3.71093750000000e-01 1.37710571289062e-01
860 3.75488281250000e-01 1.40991449356079e-01
861 3.64746093750000e-01 1.33039712905884e-01
862 4.37011718750000e-01 1.90979242324829e-01
863 4.90722656250000e-01 2.40808725357056e-01
864 5.02929687500000e-01 2.52938270568848e-01
865 4.85839843750000e-01 2.36040353775024e-01
866 4.42382812500000e-01 1.95702552795410e-01
867 4.74609375000000e-01 2.25254058837891e-01
868 4.79980468750000e-01 2.30381250381470e-01
869 5.06347656250000e-01 2.56387948989868e-01
870 5.00000000000000e-01 2.50000000000000e-01
871 5.88867187500000e-01 3.46764564514160e-01
872 6.19140625000000e-01 3.83335113525391e-01
873 6.04980468750000e-01 3.66001367568970e-01
874 6.49902343750000e-01 4.22373056411743e-01
875 6.19628906250000e-01 3.83939981460571e-01
876 6.06445312500000e-01 3.67775917053223e-01
877 5.54687500000000e-01 3.07678222656250e-01
878 5.53710937500000e-01 3.06595802307129e-01
879 5.53710937500000e-01 3.06595802307129e-01
880 5.64941406250000e-01 3.19158792495728e-01
881 5.62011718750000e-01 3.15857172012329e-01
882 6.40625000000000e-01 4.10400390625000e-01
883 6.58203125000000e-01 4.33231353759766e-01
884 6.37695312500000e-01 4.06655311584473e-01
885 6.21582031250000e-01 3.86364221572876e-01
886 6.56738281250000e-01 4.31305170059204e-01
887 6.39648437500000e-01 4.09150123596191e-01
888 6.22558593750000e-01 3.87579202651978e-01
889 6.67480468750000e-01 4.45530176162720e-01
890 6.68945312500000e-01 4.47487831115723e-01
891 6.53808593750000e-01 4.27465677261353e-01
892 6.17675781250000e-01 3.81523370742798e-01
893 6.55761718750000e-01 4.30023431777954e-01
894 6.65039062500000e-01 4.42276954650879e-01
895 6.08886718750000e-01 3.70743036270142e-01
896 6.24511718750000e-01 3.90014886856079e-01
897 5.57128906250000e-01 3.10392618179321e-01
898 5.27832031250000e-01 2.78606653213501e-01
899 5.45898437500000e-01 2.98005104064941e-01
900 5.63964843750000e-01 3.18056344985962e-01
901 5.93261718750000e-01 3.51959466934204e-01
902 5.55175781250000e-01 3.08220148086548e-01
903 5.45410156250000e-01 2.97472238540649e-01
904 5.51757812500000e-01 3.04436683654785e-01
905 5.67871093750000e-01 3.22477579116821e-01
906 6.11328125000000e-01 3.73722076416016e-01
907 5.81054687500000e-01 3.37624549865723e-01
908 5.96679687500000e-01 3.56026649475098e-01
909 5.87890625000000e-01 3.45615386962891e-01
910 5.76660156250000e-01 3.32536935806274e-01
911 5.95214843750000e-01 3.54280710220337e-01
912 6.13769531250000e-01 3.76713037490845e-01
913 5.71777343750000e-01 3.26929330825806e-01
914 6.39160156250000e-01 4.08525705337524e-01
915 6.45996093750000e-01 4.17310953140259e-01
916 6.12792968750000e-01 3.75515222549438e-01
917 5.73242187500000e-01 3.28606605529785e-01
918 5.40527343750000e-01 2.92169809341431e-01
919 5.56152343750000e-01 3.09305429458618e-01
920 6.18164062500000e-01 3.82126808166504e-01
921 6.13769531250000e-01 3.76713037490845e-01
922 5.46386718750000e-01 2.98538446426392e-01
923 5.45898437500000e-01 2.98005104064941e-01
924 5.38085937500000e-01 2.89536476135254e-01
925 4.85839843750000e-01 2.36040353775024e-01
926 4.79492187500000e-01 2.29912757873535e-01
927 4.95117187500000e-01 2.45141029357910e-01
928 4.69726562500000e-01 2.20643043518066e-01
929 4.86328125000000e-01 2.36515045166016e-01
930 4.22363281250000e-01 1.78390741348267e-01
931 4.15039062500000e-01 1.72257423400879e-01
932 4.49707031250000e-01 2.02236413955688e-01
933 4.20410156250000e-01 1.76744699478149e-01
934 4.21386718750000e-01 1.77566766738892e-01
935 3.60839843750000e-01 1.30205392837524e-01
936 4.35058593750000e-01 1.89275979995728e-01
937 4.25781250000000e-01 1.81289672851562e-01
938 4.93652343750000e-01 2.43692636489868e-01
939 4.30175781250000e-01 1.85051202774048e-01
940 4.17480468750000e-01 1.74289941787720e-01
941 3.87207031250000e-01 1.49929285049438e-01
942 4.14062500000000e-01 1.71447753906250e-01
943 4.09179687500000e-01 1.67428016662598e-01
944 4.81933593750000e-01 2.32259988784790e-01
945 4.67285156250000e-01 2.18355417251587e-01
946 5.17089843750000e-01 2.67381906509399e-01
947 4.96582031250000e-01 2.46593713760376e-01
948 4.64355468750000e-01 2.15626001358032e-01
949 4.58984375000000e-01 2.10666656494141e-01
950 4.39941406250000e-01 1.93548440933228e-01
951 4.35546875000000e-01 1.89701080322266e-01
952 4.71191406250000e-01 2.22021341323853e-01
953 4.50683593750000e-01 2.03115701675415e-01
954 4.59960937500000e-01 2.11564064025879e-01
955 5.52246093750000e-01 3.04975748062134e-01
956 6.20605468750000e-01 3.85151147842407e-01
957 5.96191406250000e-01 3.55444192886353e-01
958 5.62988281250000e-01 3.16955804824829e-01
959 5.74218750000000e-01 3.29727172851562e-01
960 5.74218750000000e-01 3.29727172851562e-01
961 4.79492187500000e-01 2.29912757873535e-01
962 4.82421875000000e-01 2.32730865478516e-01
963 4.37011718750000e-01 1.90979242324829e-01
964 4.32617187500000e-01 1.87157630920410e-01
965 4.06738281250000e-01 1.65436029434204e-01
966 4.79492187500000e-01 2.29912757873535e-01
967 4.53613281250000e-01 2.05765008926392e-01
968 4.84863281250000e-01 2.35092401504517e-01
969 4.46289062500000e-01 1.99173927307129e-01
970 3.93066406250000e-01 1.54501199722290e-01
971 4.47753906250000e-01 2.00483560562134e-01
972 3.44726562500000e-01 1.18836402893066e-01
973 4.36035156250000e-01 1.90126657485962e-01
974 4.43847656250000e-01 1.97000741958618e-01
975 5.01953125000000e-01 2.51956939697266e-01
976 4.99023437500000e-01 2.49024391174316e-01
977 5.06347656250000e-01 2.56387948989868e-01
978 5.20019531250000e-01 2.70420312881470e-01
979 5.34667968750000e-01 2.85869836807251e-01
980 5.49316406250000e-01 3.01748514175415e-01
981 4.90234375000000e-01 2.40329742431641e-01
982 5.41503906250000e-01 2.93226480484009e-01
983 4.87792968750000e-01 2.37941980361938e-01
984 4.32128906250000e-01 1.86735391616821e-01
985 4.90722656250000e-01 2.40808725357056e-01
986 4.79492187500000e-01 2.29912757873535e-01
987 4.97558593750000e-01 2.47564554214478e-01
988 5.29296875000000e-01 2.80155181884766e-01
989 5.59082031250000e-01 3.12572717666626e-01
990 5.58105468750000e-01 3.11481714248657e-01
991 5.61523437500000e-01 3.15308570861816e-01
992 6.15722656250000e-01 3.79114389419556e-01
993 5.85449218750000e-01 3.42750787734985e-01
994 5.92285156250000e-01 3.50801706314087e-01
995 5.44921875000000e-01 2.96939849853516e-01
996 5.43945312500000e-01 2.95876502990723e-01
997 5.94238281250000e-01 3.53119134902954e-01
998 6.51367187500000e-01 4.24279212951660e-01
999 6.06933593750000e-01 3.68368387222290e-01
