0 5.22949218750000e-01 2.73475885391235e-01
1 5.45410156250000e-01 2.97472238540649e-01
2 5.80566406250000e-01 3.37057352066040e-01
3 5.00488281250000e-01 2.50488519668579e-01
4 4.71679687500000e-01 2.22481727600098e-01
5 4.60937500000000e-01 2.12463378906250e-01
6 4.90722656250000e-01 2.40808725357056e-01
7 4.36035156250000e-01 1.90126657485962e-01
8 4.21386718750000e-01 1.77566766738892e-01
9 3.71582031250000e-01 1.38073205947876e-01
10 3.88671875000000e-01 1.51065826416016e-01
11 3.67187500000000e-01 1.34826660156250e-01
12 3.38378906250000e-01 1.14500284194946e-01
13 4.03808593750000e-01 1.63061380386353e-01
14 3.50585937500000e-01 1.22910499572754e-01
15 4.57031250000000e-01 2.08877563476562e-01
16 5.17089843750000e-01 2.67381906509399e-01
17 4.91210937500000e-01 2.41288185119629e-01
18 5.30273437500000e-01 2.81189918518066e-01
19 5.57617187500000e-01 3.10936927795410e-01
20 5.87402343750000e-01 3.45041513442993e-01
21 6.49414062500000e-01 4.21738624572754e-01
22 6.23535156250000e-01 3.88796091079712e-01
23 6.34277343750000e-01 4.02307748794556e-01
24 6.55761718750000e-01 4.30023431777954e-01
25 6.03515625000000e-01 3.64231109619141e-01
26 6.08398437500000e-01 3.70148658752441e-01
27 6.18164062500000e-01 3.82126808166504e-01
28 6.31835937500000e-01 3.99216651916504e-01
29 6.18164062500000e-01 3.82126808166504e-01
30 6.18652343750000e-01 3.82730722427368e-01
31 5.88378906250000e-01 3.46189737319946e-01
32 5.44921875000000e-01 2.96939849853516e-01
33 5.29785156250000e-01 2.80672311782837e-01
34 5.54687500000000e-01 3.07678222656250e-01
35 5.64941406250000e-01 3.19158792495728e-01
36 5.75683593750000e-01 3.31411600112915e-01
37 6.59667968750000e-01 4.35161828994751e-01
38 5.69335937500000e-01 3.24143409729004e-01
39 6.25488281250000e-01 3.91235589981079e-01
40 6.20605468750000e-01 3.85151147842407e-01
41 6.45507812500000e-01 4.16680335998535e-01
42 6.45019531250000e-01 4.16050195693970e-01
43 6.84082031250000e-01 4.67968225479126e-01
44 6.40136718750000e-01 4.09775018692017e-01
45 6.59667968750000e-01 4.35161828994751e-01
46 6.63085937500000e-01 4.39682960510254e-01
47 6.12304687500000e-01 3.74917030334473e-01
48 5.98144531250000e-01 3.57776880264282e-01
49 5.90332031250000e-01 3.48491907119751e-01
50 6.13769531250000e-01 3.76713037490845e-01
51 6.51367187500000e-01 4.24279212951660e-01
52 6.46972656250000e-01 4.18573617935181e-01
53 7.01171875000000e-01 4.91641998291016e-01
54 6.49414062500000e-01 4.21738624572754e-01
55 5.90820312500000e-01 3.49068641662598e-01
56 5.32714843750000e-01 2.83785104751587e-01
57 5.98144531250000e-01 3.57776880264282e-01
58 5.32226562500000e-01 2.83265113830566e-01
59 5.47851562500000e-01 3.00141334533691e-01
60 5.83007812500000e-01 3.39898109436035e-01
61 6.69433593750000e-01 4.48141336441040e-01
62 6.61621093750000e-01 4.37742471694946e-01
63 6.27441406250000e-01 3.93682718276978e-01
64 6.23046875000000e-01 3.88187408447266e-01
65 6.66015625000000e-01 4.43576812744141e-01
66 6.78710937500000e-01 4.60648536682129e-01
67 6.77246093750000e-01 4.58662271499634e-01
68 6.45019531250000e-01 4.16050195693970e-01
69 6.30859375000000e-01 3.97983551025391e-01
70 6.00585937500000e-01 3.60703468322754e-01
71 6.24511718750000e-01 3.90014886856079e-01
72 6.36230468750000e-01 4.04789209365845e-01
73 6.86523437500000e-01 4.71314430236816e-01
74 6.52343750000000e-01 4.25552368164062e-01
75 6.93359375000000e-01 4.80747222900391e-01
76 6.77734375000000e-01 4.59323883056641e-01
77 6.45996093750000e-01 4.17310953140259e-01
78 6.68945312500000e-01 4.47487831115723e-01
79 6.65527343750000e-01 4.42926645278931e-01
80 6.21093750000000e-01 3.85757446289062e-01
81 5.69335937500000e-01 3.24143409729004e-01
82 5.21972656250000e-01 2.72455453872681e-01
83 4.82910156250000e-01 2.33202219009399e-01
84 4.46777343750000e-01 1.99609994888306e-01
85 5.73242187500000e-01 3.28606605529785e-01
86 5.44921875000000e-01 2.96939849853516e-01
87 5.69335937500000e-01 3.24143409729004e-01
88 5.55175781250000e-01 3.08220148086548e-01
89 5.56640625000000e-01 3.09848785400391e-01
90 6.39160156250000e-01 4.08525705337524e-01
91 6.07910156250000e-01 3.69554758071899e-01
92 6.35742187500000e-01 4.04168128967285e-01
93 6.33300781250000e-01 4.01069879531860e-01
94 6.81152343750000e-01 4.63968515396118e-01
95 6.19140625000000e-01 3.83335113525391e-01
96 6.22558593750000e-01 3.87579202651978e-01
97 5.59082031250000e-01 3.12572717666626e-01
98 4.91210937500000e-01 2.41288185119629e-01
99 4.53125000000000e-01 2.05322265625000e-01
100 4.29687500000000e-01 1.84631347656250e-01
101 4.85351562500000e-01 2.35566139221191e-01
102 4.75585937500000e-01 2.26181983947754e-01
103 5.11230468750000e-01 2.61356592178345e-01
104 5.59082031250000e-01 3.12572717666626e-01
105 5.62500000000000e-01 3.16406250000000e-01
106 5.10742187500000e-01 2.60857582092285e-01
107 5.38574218750000e-01 2.90062189102173e-01
108 5.05859375000000e-01 2.55893707275391e-01
109 5.18066406250000e-01 2.68392801284790e-01
110 4.61914062500000e-01 2.13364601135254e-01
111 5.10742187500000e-01 2.60857582092285e-01
112 5.80566406250000e-01 3.37057352066040e-01
113 5.10253906250000e-01 2.60359048843384e-01
114 5.68847656250000e-01 3.23587656021118e-01
115 6.06445312500000e-01 3.67775917053223e-01
116 6.29882812500000e-01 3.96752357482910e-01
117 5.86914062500000e-01 3.44468116760254e-01
118 5.91308593750000e-01 3.49645853042603e-01
119 5.21972656250000e-01 2.72455453872681e-01
120 5.93750000000000e-01 3.52539062500000e-01
121 5.72753906250000e-01 3.28047037124634e-01
122 6.31835937500000e-01 3.99216651916504e-01
123 6.49902343750000e-01 4.22373056411743e-01
124 6.40625000000000e-01 4.10400390625000e-01
125 6.58203125000000e-01 4.33231353759766e-01
126 6.49414062500000e-01 4.21738624572754e-01
127 6.22070312500000e-01 3.86971473693848e-01
128 6.00097656250000e-01 3.60117197036743e-01
129 5.58593750000000e-01 3.12026977539062e-01
130 6.15722656250000e-01 3.79114389419556e-01
131 5.43457031250000e-01 2.95345544815063e-01
132 5.96679687500000e-01 3.56026649475098e-01
133 5.42480468750000e-01 2.94285058975220e-01
134 5.41503906250000e-01 2.93226480484009e-01
135 5.19042968750000e-01 2.69405603408813e-01
136 5.51269531250000e-01 3.03898096084595e-01
137 5.15625000000000e-01 2.65869140625000e-01
138 5.44433593750000e-01 2.96407938003540e-01
139 5.38574218750000e-01 2.90062189102173e-01
140 5.52246093750000e-01 3.04975748062134e-01
141 5.86425781250000e-01 3.43895196914673e-01
142 5.72753906250000e-01 3.28047037124634e-01
143 6.05468750000000e-01 3.66592407226562e-01
144 6.05468750000000e-01 3.66592407226562e-01
145 6.05468750000000e-01 3.66592407226562e-01
146 6.17675781250000e-01 3.81523370742798e-01
147 6.02539062500000e-01 3.63053321838379e-01
148 5.75195312500000e-01 3.30849647521973e-01
149 6.11328125000000e-01 3.73722076416016e-01
150 6.05957031250000e-01 3.67183923721313e-01
151 6.19140625000000e-01 3.83335113525391e-01
152 6.88476562500000e-01 4.73999977111816e-01
153 6.63574218750000e-01 4.40330743789673e-01
154 5.99609375000000e-01 3.59531402587891e-01
155 6.31347656250000e-01 3.98599863052368e-01
156 6.84570312500000e-01 4.68636512756348e-01
157 7.08007812500000e-01 5.01275062561035e-01
158 6.85058593750000e-01 4.69305276870728e-01
159 6.77246093750000e-01 4.58662271499634e-01
160 6.72363281250000e-01 4.52072381973267e-01
161 6.67480468750000e-01 4.45530176162720e-01
162 6.26464843750000e-01 3.92458200454712e-01
163 5.98632812500000e-01 3.58361244201660e-01
164 5.44433593750000e-01 2.96407938003540e-01
165 4.75097656250000e-01 2.25717782974243e-01
166 5.58105468750000e-01 3.11481714248657e-01
167 5.86425781250000e-01 3.43895196914673e-01
168 6.26464843750000e-01 3.92458200454712e-01
169 5.98144531250000e-01 3.57776880264282e-01
170 5.41992187500000e-01 2.93755531311035e-01
171 5.66894531250000e-01 3.21369409561157e-01
172 5.87402343750000e-01 3.45041513442993e-01
173 6.28906250000000e-01 3.95523071289062e-01
174 5.68847656250000e-01 3.23587656021118e-01
175 6.35253906250000e-01 4.03547525405884e-01
176 6.12304687500000e-01 3.74917030334473e-01
177 5.83984375000000e-01 3.41037750244141e-01
178 5.82031250000000e-01 3.38760375976562e-01
179 5.90332031250000e-01 3.48491907119751e-01
180 6.03515625000000e-01 3.64231109619141e-01
181 6.03027343750000e-01 3.63641977310181e-01
182 6.77734375000000e-01 4.59323883056641e-01
183 7.18261718750000e-01 5.15899896621704e-01
184 7.01171875000000e-01 4.91641998291016e-01
185 7.21191406250000e-01 5.20117044448853e-01
186 7.49023437500000e-01 5.61036109924316e-01
187 7.33398437500000e-01 5.37873268127441e-01
188 7.58789062500000e-01 5.75760841369629e-01
189 7.40722656250000e-01 5.48670053482056e-01
190 7.12890625000000e-01 5.08213043212891e-01
191 7.32421875000000e-01 5.36441802978516e-01
192 6.63085937500000e-01 4.39682960510254e-01
193 6.49414062500000e-01 4.21738624572754e-01
194 6.33789062500000e-01 4.01688575744629e-01
195 6.63574218750000e-01 4.40330743789673e-01
196 6.12304687500000e-01 3.74917030334473e-01
197 6.39648437500000e-01 4.09150123596191e-01
198 6.22558593750000e-01 3.87579202651978e-01
199 5.79589843750000e-01 3.35924386978149e-01
200 5.76171875000000e-01 3.31974029541016e-01
201 5.30761718750000e-01 2.81708002090454e-01
202 5.45898437500000e-01 2.98005104064941e-01
203 4.73144531250000e-01 2.23865747451782e-01
204 4.89257812500000e-01 2.39373207092285e-01
205 5.27832031250000e-01 2.78606653213501e-01
206 5.42480468750000e-01 2.94285058975220e-01
207 5.36132812500000e-01 2.87438392639160e-01
208 6.10351562500000e-01 3.72529029846191e-01
209 6.24023437500000e-01 3.89405250549316e-01
210 6.56738281250000e-01 4.31305170059204e-01
211 6.56738281250000e-01 4.31305170059204e-01
212 6.41113281250000e-01 4.11026239395142e-01
213 6.00097656250000e-01 3.60117197036743e-01
214 6.42089843750000e-01 4.12279367446899e-01
215 6.41601562500000e-01 4.11652565002441e-01
216 5.89355468750000e-01 3.47339868545532e-01
217 5.85449218750000e-01 3.42750787734985e-01
218 5.98632812500000e-01 3.58361244201660e-01
219 5.34179687500000e-01 2.85347938537598e-01
220 4.77050781250000e-01 2.27577447891235e-01
221 4.76074218750000e-01 2.26646661758423e-01
222 4.91699218750000e-01 2.41768121719360e-01
223 5.54199218750000e-01 3.07136774063110e-01
224 5.49804687500000e-01 3.02285194396973e-01
225 5.82519531250000e-01 3.39329004287720e-01
226 5.69335937500000e-01 3.24143409729004e-01
227 5.28320312500000e-01 2.79122352600098e-01
228 5.66406250000000e-01 3.20816040039062e-01
229 5.39062500000000e-01 2.90588378906250e-01
230 5.99609375000000e-01 3.59531402587891e-01
231 5.73242187500000e-01 3.28606605529785e-01
232 5.16601562500000e-01 2.66877174377441e-01
233 5.08789062500000e-01 2.58866310119629e-01
234 4.48730468750000e-01 2.01359033584595e-01
235 4.35546875000000e-01 1.89701080322266e-01
236 4.39941406250000e-01 1.93548440933228e-01
237 4.75585937500000e-01 2.26181983947754e-01
238 4.97070312500000e-01 2.47078895568848e-01
239 4.85351562500000e-01 2.35566139221191e-01
240 4.57519531250000e-01 2.09324121475220e-01
241 4.85351562500000e-01 2.35566139221191e-01
242 4.43847656250000e-01 1.97000741958618e-01
243 3.95019531250000e-01 1.56040430068970e-01
244 4.51171875000000e-01 2.03556060791016e-01
245 4.17480468750000e-01 1.74289941787720e-01
246 4.73144531250000e-01 2.23865747451782e-01
247 4.70703125000000e-01 2.21561431884766e-01
248 5.12207031250000e-01 2.62356042861938e-01
249 5.09765625000000e-01 2.59860992431641e-01
250 5.71777343750000e-01 3.26929330825806e-01
251 5.01464843750000e-01 2.51466989517212e-01
252 4.49707031250000e-01 2.02236413955688e-01
253 4.16015625000000e-01 1.73069000244141e-01
254 3.33007812500000e-01 1.10894203186035e-01
255 2.99316406250000e-01 8.95903110504150e-02
256 2.96875000000000e-01 8.81347656250000e-02
257 2.96875000000000e-01 8.81347656250000e-02
258 4.06738281250000e-01 1.65436029434204e-01
259 3.51074218750000e-01 1.23253107070923e-01
260 2.89550781250000e-01 8.38396549224854e-02
261 3.92089843750000e-01 1.53734445571899e-01
262 3.45703125000000e-01 1.19510650634766e-01
263 3.24707031250000e-01 1.05434656143188e-01
264 3.05175781250000e-01 9.31322574615479e-02
265 3.68164062500000e-01 1.35544776916504e-01
266 2.96875000000000e-01 8.81347656250000e-02
267 2.91992187500000e-01 8.52594375610352e-02
268 3.06640625000000e-01 9.40284729003906e-02
269 2.47070312500000e-01 6.10437393188477e-02
270 3.08593750000000e-01 9.52301025390625e-02
271 2.89062500000000e-01 8.35571289062500e-02
272 2.67578125000000e-01 7.15980529785156e-02
273 3.02246093750000e-01 9.13527011871338e-02
274 3.16406250000000e-01 1.00112915039062e-01
275 2.87597656250000e-01 8.27124118804932e-02
276 2.77832031250000e-01 7.71906375885010e-02
277 3.14453125000000e-01 9.88807678222656e-02
278 3.17871093750000e-01 1.01042032241821e-01
279 3.35937500000000e-01 1.12854003906250e-01
280 3.34960937500000e-01 1.12198829650879e-01
281 3.54980468750000e-01 1.26011133193970e-01
282 3.60839843750000e-01 1.30205392837524e-01
283 3.45703125000000e-01 1.19510650634766e-01
284 3.53027343750000e-01 1.24628305435181e-01
285 3.63281250000000e-01 1.31973266601562e-01
286 4.45312500000000e-01 1.98303222656250e-01
287 4.51171875000000e-01 2.03556060791016e-01
288 4.19433593750000e-01 1.75924539566040e-01
289 3.14941406250000e-01 9.91880893707275e-02
290 3.45214843750000e-01 1.19173288345337e-01
291 3.32519531250000e-01 1.10569238662720e-01
292 3.67675781250000e-01 1.35185480117798e-01
293 3.62304687500000e-01 1.31264686584473e-01
294 3.42773437500000e-01 1.17493629455566e-01
295 3.48144531250000e-01 1.21204614639282e-01
296 3.80859375000000e-01 1.45053863525391e-01
297 4.23828125000000e-01 1.79630279541016e-01
298 4.56054687500000e-01 2.07985877990723e-01
299 4.65820312500000e-01 2.16988563537598e-01
300 5.05371093750000e-01 2.55399942398071e-01
301 4.80957031250000e-01 2.31319665908813e-01
302 4.80468750000000e-01 2.30850219726562e-01
303 4.92675781250000e-01 2.42729425430298e-01
304 4.45800781250000e-01 1.98738336563110e-01
305 3.91601562500000e-01 1.53351783752441e-01
306 4.59472656250000e-01 2.11115121841431e-01
307 4.78515625000000e-01 2.28977203369141e-01
308 5.05371093750000e-01 2.55399942398071e-01
309 5.51269531250000e-01 3.03898096084595e-01
310 4.85351562500000e-01 2.35566139221191e-01
311 4.73144531250000e-01 2.23865747451782e-01
312 5.31250000000000e-01 2.82226562500000e-01
313 4.95605468750000e-01 2.45624780654907e-01
314 5.49316406250000e-01 3.01748514175415e-01
315 5.53222656250000e-01 3.06055307388306e-01
316 5.64453125000000e-01 3.18607330322266e-01
317 5.66406250000000e-01 3.20816040039062e-01
318 5.93261718750000e-01 3.51959466934204e-01
319 6.02050781250000e-01 3.62465143203735e-01
320 5.69824218750000e-01 3.24699640274048e-01
321 5.14648437500000e-01 2.64863014221191e-01
322 5.59082031250000e-01 3.12572717666626e-01
323 5.47851562500000e-01 3.00141334533691e-01
324 5.42480468750000e-01 2.94285058975220e-01
325 5.31250000000000e-01 2.82226562500000e-01
326 5.14160156250000e-01 2.64360666275024e-01
327 5.09277343750000e-01 2.59363412857056e-01
328 4.91210937500000e-01 2.41288185119629e-01
329 4.69238281250000e-01 2.20184564590454e-01
330 5.08300781250000e-01 2.58369684219360e-01
331 4.97070312500000e-01 2.47078895568848e-01
332 4.86816406250000e-01 2.36990213394165e-01
333 4.28710937500000e-01 1.83793067932129e-01
334 4.54101562500000e-01 2.06208229064941e-01
335 3.81347656250000e-01 1.45426034927368e-01
336 3.43261718750000e-01 1.17828607559204e-01
337 3.39355468750000e-01 1.15162134170532e-01
338 2.92968750000000e-01 8.58306884765625e-02
339 3.21289062500000e-01 1.03226661682129e-01
340 4.12597656250000e-01 1.70236825942993e-01
341 4.16503906250000e-01 1.73475503921509e-01
342 3.18847656250000e-01 1.01663827896118e-01
343 3.62304687500000e-01 1.31264686584473e-01
344 3.19335937500000e-01 1.01975440979004e-01
345 3.41308593750000e-01 1.16491556167603e-01
346 3.21289062500000e-01 1.03226661682129e-01
347 3.84765625000000e-01 1.48044586181641e-01
348 4.28222656250000e-01 1.83374643325806e-01
349 4.37988281250000e-01 1.91833734512329e-01
350 4.19921875000000e-01 1.76334381103516e-01
351 3.53027343750000e-01 1.24628305435181e-01
352 3.32031250000000e-01 1.10244750976562e-01
353 4.01367187500000e-01 1.61095619201660e-01
354 3.75488281250000e-01 1.40991449356079e-01
355 2.81250000000000e-01 7.91015625000000e-02
356 3.04199218750000e-01 9.25371646881104e-02
357 2.87597656250000e-01 8.27124118804932e-02
358 2.15820312500000e-01 4.65784072875977e-02
359 2.35839843750000e-01 5.56204319000244e-02
360 2.44140625000000e-01 5.96046447753906e-02
361 2.16308593750000e-01 4.67894077301025e-02
362 1.67968750000000e-01 2.82135009765625e-02
363 1.87988281250000e-01 3.53395938873291e-02
364 1.83105468750000e-01 3.35276126861572e-02
365 1.11328125000000e-01 1.23939514160156e-02
366 1.76269531250000e-01 3.10709476470947e-02
367 2.13867187500000e-01 4.57391738891602e-02
368 2.36816406250000e-01 5.60820102691650e-02
369 2.58789062500000e-01 6.69717788696289e-02
370 2.72949218750000e-01 7.45012760162354e-02
371 2.80761718750000e-01 7.88271427154541e-02
372 2.70996093750000e-01 7.34388828277588e-02
373 2.80273437500000e-01 7.85531997680664e-02
374 2.83203125000000e-01 8.02040100097656e-02
375 3.13964843750000e-01 9.85739231109619e-02
376 3.21777343750000e-01 1.03540658950806e-01
377 2.91503906250000e-01 8.49745273590088e-02
378 2.74414062500000e-01 7.53030776977539e-02
379 3.01269531250000e-01 9.07633304595947e-02
380 3.56445312500000e-01 1.27053260803223e-01
381 3.54492187500000e-01 1.25664710998535e-01
382 3.91601562500000e-01 1.53351783752441e-01
383 4.16503906250000e-01 1.73475503921509e-01
384 4.10156250000000e-01 1.68228149414062e-01
385 3.97460937500000e-01 1.57975196838379e-01
386 4.02832031250000e-01 1.62273645401001e-01
387 4.15039062500000e-01 1.72257423400879e-01
388 3.57910156250000e-01 1.28099679946899e-01
389 3.91601562500000e-01 1.53351783752441e-01
390 3.78906250000000e-01 1.43569946289062e-01
391 4.35546875000000e-01 1.89701080322266e-01
392 4.00390625000000e-01 1.60312652587891e-01
393 3.75976562500000e-01 1.41358375549316e-01
394 3.20800781250000e-01 1.02913141250610e-01
395 2.50976562500000e-01 6.29892349243164e-02
396 2.68554687500000e-01 7.21216201782227e-02
397 2.93457031250000e-01 8.61170291900635e-02
398 2.49511718750000e-01 6.22560977935791e-02
399 2.50976562500000e-01 6.29892349243164e-02
400 2.25585937500000e-01 5.08890151977539e-02
401 3.00292968750000e-01 9.01758670806885e-02
402 2.10449218750000e-01 4.42888736724854e-02
403 1.91406250000000e-01 3.66363525390625e-02
404 2.73437500000000e-01 7.47680664062500e-02
405 2.69042968750000e-01 7.23841190338135e-02
406 2.65136718750000e-01 7.02974796295166e-02
407 3.06640625000000e-01 9.40284729003906e-02
408 3.02246093750000e-01 9.13527011871338e-02
409 3.17871093750000e-01 1.01042032241821e-01
410 3.54003906250000e-01 1.25318765640259e-01
411 3.46191406250000e-01 1.19848489761353e-01
412 2.79296875000000e-01 7.80067443847656e-02
413 3.76953125000000e-01 1.42093658447266e-01
414 3.74511718750000e-01 1.40259027481079e-01
415 4.57031250000000e-01 2.08877563476562e-01
416 4.78027343750000e-01 2.28510141372681e-01
417 5.25390625000000e-01 2.76035308837891e-01
418 4.30664062500000e-01 1.85471534729004e-01
419 4.68261718750000e-01 2.19269037246704e-01
420 4.24804687500000e-01 1.80459022521973e-01
421 3.82812500000000e-01 1.46545410156250e-01
422 3.87207031250000e-01 1.49929285049438e-01
423 4.13085937500000e-01 1.70639991760254e-01
424 3.41308593750000e-01 1.16491556167603e-01
425 2.47070312500000e-01 6.10437393188477e-02
426 2.13867187500000e-01 4.57391738891602e-02
427 2.19726562500000e-01 4.82797622680664e-02
428 2.55859375000000e-01 6.54640197753906e-02
429 2.58789062500000e-01 6.69717788696289e-02
430 3.19335937500000e-01 1.01975440979004e-01
431 3.16894531250000e-01 1.00422143936157e-01
432 2.90527343750000e-01 8.44061374664307e-02
433 3.09570312500000e-01 9.58337783813477e-02
434 3.19335937500000e-01 1.01975440979004e-01
435 2.88085937500000e-01 8.29935073852539e-02
436 3.11035156250000e-01 9.67428684234619e-02
437 2.80761718750000e-01 7.88271427154541e-02
438 2.60742187500000e-01 6.79864883422852e-02
439 2.67089843750000e-01 7.13369846343994e-02
440 2.87109375000000e-01 8.24317932128906e-02
441 3.00781250000000e-01 9.04693603515625e-02
442 2.55371093750000e-01 6.52143955230713e-02
443 2.66601562500000e-01 7.10763931274414e-02
444 3.33007812500000e-01 1.10894203186035e-01
445 3.26660156250000e-01 1.06706857681274e-01
446 3.13476562500000e-01 9.82675552368164e-02
447 3.09570312500000e-01 9.58337783813477e-02
448 3.25195312500000e-01 1.05751991271973e-01
449 2.89550781250000e-01 8.38396549224854e-02
450 3.27636718750000e-01 1.07345819473267e-01
451 3.61816406250000e-01 1.30911111831665e-01
452 4.32128906250000e-01 1.86735391616821e-01
453 4.19433593750000e-01 1.75924539566040e-01
454 3.71582031250000e-01 1.38073205947876e-01
455 3.33496093750000e-01 1.11219644546509e-01
456 2.67089843750000e-01 7.13369846343994e-02
457 2.68066406250000e-01 7.18595981597900e-02
458 2.32910156250000e-01 5.42471408843994e-02
459 2.90527343750000e-01 8.44061374664307e-02
460 3.63281250000000e-01 1.31973266601562e-01
461 3.96484375000000e-01 1.57199859619141e-01
462 4.42871093750000e-01 1.96134805679321e-01
463 4.94628906250000e-01 2.44657754898071e-01
464 5.18066406250000e-01 2.68392801284790e-01
465 5.50781250000000e-01 3.03359985351562e-01
466 4.86816406250000e-01 2.36990213394165e-01
467 5.05859375000000e-01 2.55893707275391e-01
468 4.86816406250000e-01 2.36990213394165e-01
469 4.83886718750000e-01 2.34146356582642e-01
470 5.14160156250000e-01 2.64360666275024e-01
471 4.58496093750000e-01 2.10218667984009e-01
472 4.19921875000000e-01 1.76334381103516e-01
473 3.73046875000000e-01 1.39163970947266e-01
474 4.50195312500000e-01 2.02675819396973e-01
475 4.38964843750000e-01 1.92690134048462e-01
476 3.69140625000000e-01 1.36264801025391e-01
477 4.18457031250000e-01 1.75106287002563e-01
478 3.82812500000000e-01 1.46545410156250e-01
479 3.93554687500000e-01 1.54885292053223e-01
480 3.83789062500000e-01 1.47294044494629e-01
481 3.06640625000000e-01 9.40284729003906e-02
482 2.61718750000000e-01 6.84967041015625e-02
483 2.53906250000000e-01 6.44683837890625e-02
484 2.54394531250000e-01 6.47165775299072e-02
485 2.80273437500000e-01 7.85531997680664e-02
486 3.09570312500000e-01 9.58337783813477e-02
487 2.75390625000000e-01 7.58399963378906e-02
488 2.80273437500000e-01 7.85531997680664e-02
489 1.65527343750000e-01 2.73993015289307e-02
490 1.08398437500000e-01 1.17502212524414e-02
491 7.22656250000000e-02 5.22232055664062e-03
492 5.51757812500000e-02 3.04436683654785e-03
493 1.46972656250000e-01 2.16009616851807e-02
494 1.24511718750000e-01 1.55031681060791e-02
495 9.42382812500000e-02 8.88085365295410e-03
496 1.09375000000000e-01 1.19628906250000e-02
497 9.52148437500000e-02 9.06586647033691e-03
498 5.85937500000000e-02 3.43322753906250e-03
499 2.34375000000000e-02 5.49316406250000e-04
500 1.46484375000000e-02 2.14576721191406e-04
501 2.14843750000000e-02 4.61578369140625e-04
502 3.56445312500000e-02 1.27053260803223e-03
503 5.85937500000000e-03 3.43322753906250e-05
504 1.41601562500000e-02 2.00510025024414e-04
505 3.75976562500000e-02 1.41358375549316e-03
506 1.85546875000000e-02 3.44276428222656e-04
507 4.44335937500000e-02 1.97434425354004e-03
508 6.39648437500000e-02 4.09150123596191e-03
509 6.10351562500000e-02 3.72529029846191e-03
510 9.37500000000000e-02 8.78906250000000e-03
511 9.66796875000000e-02 9.34696197509766e-03
512 1.36718750000000e-02 1.86920166015625e-04
513 4.68750000000000e-02 2.19726562500000e-03
514 6.34765625000000e-03 4.02927398681641e-05
515 6.10351562500000e-02 3.72529029846191e-03
516 5.12695312500000e-02 2.62856483459473e-03
517 1.04003906250000e-01 1.08168125152588e-02
518 1.59179687500000e-01 2.53381729125977e-02
519 9.66796875000000e-02 9.34696197509766e-03
520 7.12890625000000e-02 5.08213043212891e-03
521 9.42382812500000e-02 8.88085365295410e-03
522 1.20605468750000e-01 1.45456790924072e-02
523 1.45996093750000e-01 2.13148593902588e-02
524 1.64062500000000e-01 2.69165039062500e-02
525 1.78710937500000e-01 3.19375991821289e-02
526 2.11914062500000e-01 4.49075698852539e-02
527 2.16796875000000e-01 4.70008850097656e-02
528 2.04589843750000e-01 4.18570041656494e-02
529 2.34863281250000e-01 5.51607608795166e-02
530 2.58300781250000e-01 6.67192935943604e-02
531 2.68066406250000e-01 7.18595981597900e-02
532 2.17773437500000e-01 4.74252700805664e-02
533 2.59765625000000e-01 6.74781799316406e-02
534 2.88574218750000e-01 8.32750797271729e-02
535 3.55468750000000e-01 1.26358032226562e-01
536 3.69628906250000e-01 1.36625528335571e-01
537 2.04589843750000e-01 4.18570041656494e-02
538 2.59765625000000e-01 6.74781799316406e-02
539 3.34472656250000e-01 1.11871957778931e-01
540 3.41308593750000e-01 1.16491556167603e-01
541 3.53515625000000e-01 1.24973297119141e-01
542 3.62792968750000e-01 1.31618738174438e-01
543 3.43750000000000e-01 1.18164062500000e-01
544 3.74023437500000e-01 1.39893531799316e-01
545 3.42773437500000e-01 1.17493629455566e-01
546 3.38378906250000e-01 1.14500284194946e-01
547 4.21386718750000e-01 1.77566766738892e-01
548 4.13085937500000e-01 1.70639991760254e-01
549 4.13574218750000e-01 1.71043634414673e-01
550 4.67285156250000e-01 2.18355417251587e-01
551 3.67187500000000e-01 1.34826660156250e-01
552 2.95410156250000e-01 8.72671604156494e-02
553 2.70019531250000e-01 7.29105472564697e-02
554 2.95410156250000e-01 8.72671604156494e-02
555 2.64648437500000e-01 7.00387954711914e-02
556 3.00292968750000e-01 9.01758670806885e-02
557 2.50976562500000e-01 6.29892349243164e-02
558 2.31445312500000e-01 5.35669326782227e-02
559 2.09960937500000e-01 4.40835952758789e-02
560 2.45605468750000e-01 6.03220462799072e-02
561 3.36425781250000e-01 1.13182306289673e-01
562 3.09082031250000e-01 9.55317020416260e-02
563 2.90039062500000e-01 8.41226577758789e-02
564 2.65136718750000e-01 7.02974796295166e-02
565 2.42187500000000e-01 5.86547851562500e-02
566 2.59277343750000e-01 6.72247409820557e-02
567 1.73828125000000e-01 3.02162170410156e-02
568 1.90917968750000e-01 3.64496707916260e-02
569 1.45507812500000e-01 2.11725234985352e-02
570 1.90429687500000e-01 3.62634658813477e-02
571 1.42089843750000e-01 2.01895236968994e-02
572 1.07421875000000e-01 1.15394592285156e-02
573 6.59179687500000e-02 4.34517860412598e-03
574 2.14843750000000e-02 4.61578369140625e-04
575 3.90625000000000e-03 1.52587890625000e-05
576 3.07617187500000e-02 9.46283340454102e-04
577 7.42187500000000e-02 5.50842285156250e-03
578 1.06445312500000e-01 1.13306045532227e-02
579 5.12695312500000e-02 2.62856483459473e-03
580 3.90625000000000e-03 1.52587890625000e-05
581 2.92968750000000e-03 8.58306884765625e-06
582 8.15429687500000e-02 6.64925575256348e-03
583 4.54101562500000e-02 2.06208229064941e-03
584 1.51367187500000e-02 2.29120254516602e-04
585 6.93359375000000e-02 4.80747222900391e-03
586 8.05664062500000e-02 6.49094581604004e-03
587 1.31835937500000e-01 1.73807144165039e-02
588 9.13085937500000e-02 8.33725929260254e-03
589 1.14257812500000e-01 1.30548477172852e-02
590 1.24511718750000e-01 1.55031681060791e-02
591 1.58691406250000e-01 2.51829624176025e-02
592 1.80175781250000e-01 3.24633121490479e-02
593 1.69433593750000e-01 2.87077426910400e-02
594 2.25585937500000e-01 5.08890151977539e-02
595 2.88574218750000e-01 8.32750797271729e-02
596 2.93945312500000e-01 8.64038467407227e-02
597 3.22753906250000e-01 1.04170083999634e-01
598 3.13476562500000e-01 9.82675552368164e-02
599 3.29589843750000e-01 1.08629465103149e-01
600 2.94433593750000e-01 8.66911411285400e-02
601 2.95898437500000e-01 8.75558853149414e-02
602 2.67089843750000e-01 7.13369846343994e-02
603 3.03710937500000e-01 9.22403335571289e-02
604 2.44140625000000e-01 5.96046447753906e-02
605 3.44726562500000e-01 1.18836402893066e-01
606 4.23828125000000e-01 1.79630279541016e-01
607 3.44238281250000e-01 1.18499994277954e-01
608 3.14941406250000e-01 9.91880893707275e-02
609 2.93457031250000e-01 8.61170291900635e-02
610 3.39843750000000e-01 1.15493774414062e-01
611 3.05664062500000e-01 9.34305191040039e-02
612 3.00781250000000e-01 9.04693603515625e-02
613 2.94921875000000e-01 8.69789123535156e-02
614 2.96875000000000e-01 8.81347656250000e-02
615 2.47558593750000e-01 6.12852573394775e-02
616 2.62207031250000e-01 6.87525272369385e-02
617 2.56835937500000e-01 6.59646987915039e-02
618 2.67578125000000e-01 7.15980529785156e-02
619 2.20214843750000e-01 4.84945774078369e-02
620 1.90429687500000e-01 3.62634658813477e-02
621 2.30468750000000e-01 5.31158447265625e-02
622 2.31933593750000e-01 5.37931919097900e-02
623 2.53417968750000e-01 6.42206668853760e-02
624 2.21191406250000e-01 4.89256381988525e-02
625 2.93457031250000e-01 8.61170291900635e-02
626 3.29101562500000e-01 1.08307838439941e-01
627 2.77343750000000e-01 7.69195556640625e-02
628 3.36914062500000e-01 1.13511085510254e-01
629 3.53515625000000e-01 1.24973297119141e-01
630 3.38378906250000e-01 1.14500284194946e-01
631 4.47265625000000e-01 2.00046539306641e-01
632 4.56054687500000e-01 2.07985877990723e-01
633 4.46777343750000e-01 1.99609994888306e-01
634 3.83789062500000e-01 1.47294044494629e-01
635 3.98925781250000e-01 1.59141778945923e-01
636 4.41406250000000e-01 1.94839477539062e-01
637 4.45800781250000e-01 1.98738336563110e-01
638 4.67773437500000e-01 2.18811988830566e-01
639 3.86230468750000e-01 1.49173974990845e-01
640 3.94531250000000e-01 1.55654907226562e-01
641 4.13085937500000e-01 1.70639991760254e-01
642 3.53515625000000e-01 1.24973297119141e-01
643 3.57910156250000e-01 1.28099679946899e-01
644 3.86230468750000e-01 1.49173974990845e-01
645 3.94042968750000e-01 1.55269861221313e-01
646 4.36035156250000e-01 1.90126657485962e-01
647 4.45312500000000e-01 1.98303222656250e-01
648 4.46777343750000e-01 1.99609994888306e-01
649 4.36523437500000e-01 1.90552711486816e-01
650 4.15039062500000e-01 1.72257423400879e-01
651 4.16503906250000e-01 1.73475503921509e-01
652 4.44824218750000e-01 1.97868585586548e-01
653 5.03906250000000e-01 2.53921508789062e-01
654 5.00488281250000e-01 2.50488519668579e-01
655 5.64453125000000e-01 3.18607330322266e-01
656 5.70312500000000e-01 3.25256347656250e-01
657 5.12207031250000e-01 2.62356042861938e-01
658 5.54199218750000e-01 3.07136774063110e-01
659 6.23535156250000e-01 3.88796091079712e-01
660 6.93359375000000e-01 4.80747222900391e-01
661 6.95800781250000e-01 4.84138727188110e-01
662 6.82617187500000e-01 4.65966224670410e-01
663 6.16699218750000e-01 3.80317926406860e-01
664 6.52832031250000e-01 4.26189661026001e-01
665 6.25488281250000e-01 3.91235589981079e-01
666 5.94238281250000e-01 3.53119134902954e-01
667 6.17675781250000e-01 3.81523370742798e-01
668 6.49902343750000e-01 4.22373056411743e-01
669 6.44042968750000e-01 4.14791345596313e-01
670 6.66503906250000e-01 4.44227457046509e-01
671 6.54785156250000e-01 4.28743600845337e-01
672 6.45019531250000e-01 4.16050195693970e-01
673 6.20117187500000e-01 3.84545326232910e-01
674 6.67480468750000e-01 4.45530176162720e-01
675 7.19238281250000e-01 5.17303705215454e-01
676 6.39160156250000e-01 4.08525705337524e-01
677 6.56250000000000e-01 4.30664062500000e-01
678 6.60644531250000e-01 4.36451196670532e-01
679 7.21679687500000e-01 5.20821571350098e-01
680 6.80175781250000e-01 4.62639093399048e-01
681 6.28906250000000e-01 3.95523071289062e-01
682 7.14355468750000e-01 5.10303735733032e-01
683 6.83105468750000e-01 4.66633081436157e-01
684 6.43066406250000e-01 4.13534402847290e-01
685 6.17675781250000e-01 3.81523370742798e-01
686 5.90820312500000e-01 3.49068641662598e-01
687 6.11816406250000e-01 3.74319314956665e-01
688 6.33300781250000e-01 4.01069879531860e-01
689 6.14746093750000e-01 3.77912759780884e-01
690 6.35742187500000e-01 4.04168128967285e-01
691 6.32324218750000e-01 3.99833917617798e-01
692 6.67968750000000e-01 4.46182250976562e-01
693 6.98730468750000e-01 4.88224267959595e-01
694 6.98730468750000e-01 4.88224267959595e-01
695 6.85058593750000e-01 4.69305276870728e-01
696 7.28515625000000e-01 5.30735015869141e-01
697 7.10449218750000e-01 5.04738092422485e-01
698 6.85058593750000e-01 4.69305276870728e-01
699 6.61621093750000e-01 4.37742471694946e-01
700 6.33789062500000e-01 4.01688575744629e-01
701 6.48925781250000e-01 4.21104669570923e-01
702 6.62109375000000e-01 4.38388824462891e-01
703 6.41601562500000e-01 4.11652565002441e-01
704 6.23046875000000e-01 3.88187408447266e-01
705 7.13867187500000e-01 5.09606361389160e-01
706 7.13378906250000e-01 5.08909463882446e-01
707 7.26562500000000e-01 5.27893066406250e-01
708 7.28027343750000e-01 5.30023813247681e-01
709 7.35351562500000e-01 5.40741920471191e-01
710 6.66015625000000e-01 4.43576812744141e-01
711 6.60156250000000e-01 4.35806274414062e-01
712 5.99121093750000e-01 3.58946084976196e-01
713 6.52832031250000e-01 4.26189661026001e-01
714 6.67480468750000e-01 4.45530176162720e-01
715 7.04101562500000e-01 4.95759010314941e-01
716 7.09960937500000e-01 5.04044532775879e-01
717 6.44531250000000e-01 4.15420532226562e-01
718 7.21191406250000e-01 5.20117044448853e-01
719 6.88964843750000e-01 4.74672555923462e-01
720 7.21679687500000e-01 5.20821571350098e-01
721 7.17773437500000e-01 5.15198707580566e-01
722 6.86035156250000e-01 4.70644235610962e-01
723 6.34765625000000e-01 4.02927398681641e-01
724 6.44531250000000e-01 4.15420532226562e-01
725 6.72363281250000e-01 4.52072381973267e-01
726 6.34765625000000e-01 4.02927398681641e-01
727 6.56738281250000e-01 4.31305170059204e-01
728 6.51367187500000e-01 4.24279212951660e-01
729 7.29980468750000e-01 5.32871484756470e-01
730 7.83691406250000e-01 6.14172220230103e-01
731 6.97753906250000e-01 4.86860513687134e-01
732 6.88964843750000e-01 4.74672555923462e-01
733 6.76269531250000e-01 4.57340478897095e-01
734 7.13867187500000e-01 5.09606361389160e-01
735 7.36816406250000e-01 5.42898416519165e-01
736 6.74804687500000e-01 4.55361366271973e-01
737 7.25097656250000e-01 5.25766611099243e-01
738 7.60253906250000e-01 5.77986001968384e-01
739 7.04589843750000e-01 4.96446847915649e-01
740 6.61132812500000e-01 4.37096595764160e-01
741 6.77246093750000e-01 4.58662271499634e-01
742 5.69824218750000e-01 3.24699640274048e-01
743 6.17187500000000e-01 3.80920410156250e-01
744 5.53710937500000e-01 3.06595802307129e-01
745 5.29296875000000e-01 2.80155181884766e-01
746 5.82519531250000e-01 3.39329004287720e-01
747 5.76171875000000e-01 3.31974029541016e-01
748 6.52343750000000e-01 4.25552368164062e-01
749 6.78222656250000e-01 4.59985971450806e-01
750 6.79199218750000e-01 4.61311578750610e-01
751 6.21093750000000e-01 3.85757446289062e-01
752 6.83105468750000e-01 4.66633081436157e-01
753 6.67480468750000e-01 4.45530176162720e-01
754 7.08984375000000e-01 5.02658843994141e-01
755 6.57226562500000e-01 4.31946754455566e-01
756 6.06445312500000e-01 3.67775917053223e-01
757 5.15625000000000e-01 2.65869140625000e-01
758 5.22460937500000e-01 2.72965431213379e-01
759 5.66894531250000e-01 3.21369409561157e-01
760 5.44433593750000e-01 2.96407938003540e-01
761 5.00000000000000e-01 2.50000000000000e-01
762 5.23925781250000e-01 2.74498224258423e-01
763 4.44824218750000e-01 1.97868585586548e-01
764 3.59375000000000e-01 1.29150390625000e-01
765 4.45800781250000e-01 1.98738336563110e-01
766 3.45703125000000e-01 1.19510650634766e-01
767 3.72070312500000e-01 1.38436317443848e-01
768 2.72460937500000e-01 7.42349624633789e-02
769 2.89062500000000e-01 8.35571289062500e-02
770 2.39257812500000e-01 5.72443008422852e-02
771 2.17285156250000e-01 4.72128391265869e-02
772 2.73437500000000e-01 7.47680664062500e-02
773 3.74023437500000e-01 1.39893531799316e-01
774 4.00878906250000e-01 1.60703897476196e-01
775 4.08691406250000e-01 1.67028665542603e-01
776 4.25292968750000e-01 1.80874109268188e-01
777 5.07324218750000e-01 2.57377862930298e-01
778 5.04882812500000e-01 2.54906654357910e-01
779 5.54199218750000e-01 3.07136774063110e-01
780 5.80078125000000e-01 3.36490631103516e-01
781 5.42968750000000e-01 2.94815063476562e-01
782 5.06835937500000e-01 2.56882667541504e-01
783 5.20019531250000e-01 2.70420312881470e-01
784 5.33203125000000e-01 2.84305572509766e-01
785 5.68359375000000e-01 3.23032379150391e-01
786 5.77636718750000e-01 3.33664178848267e-01
787 5.68847656250000e-01 3.23587656021118e-01
788 5.69335937500000e-01 3.24143409729004e-01
789 5.34667968750000e-01 2.85869836807251e-01
790 5.89843750000000e-01 3.47915649414062e-01
791 5.50781250000000e-01 3.03359985351562e-01
792 5.11718750000000e-01 2.61856079101562e-01
793 5.61035156250000e-01 3.14760446548462e-01
794 4.86328125000000e-01 2.36515045166016e-01
795 5.04882812500000e-01 2.54906654357910e-01
796 5.05859375000000e-01 2.55893707275391e-01
797 5.06835937500000e-01 2.56882667541504e-01
798 5.49804687500000e-01 3.02285194396973e-01
799 5.78613281250000e-01 3.34793329238892e-01
800 5.62011718750000e-01 3.15857172012329e-01
801 5.94238281250000e-01 3.53119134902954e-01
802 5.58593750000000e-01 3.12026977539062e-01
803 5.08300781250000e-01 2.58369684219360e-01
804 4.35546875000000e-01 1.89701080322266e-01
805 4.87792968750000e-01 2.37941980361938e-01
806 4.50683593750000e-01 2.03115701675415e-01
807 5.35644531250000e-01 2.86915063858032e-01
808 5.80566406250000e-01 3.37057352066040e-01
809 5.62011718750000e-01 3.15857172012329e-01
810 5.57617187500000e-01 3.10936927795410e-01
811 5.39062500000000e-01 2.90588378906250e-01
812 4.48730468750000e-01 2.01359033584595e-01
813 5.08789062500000e-01 2.58866310119629e-01
814 5.27343750000000e-01 2.78091430664062e-01
815 4.83886718750000e-01 2.34146356582642e-01
816 4.56054687500000e-01 2.07985877990723e-01
817 4.81445312500000e-01 2.31789588928223e-01
818 5.19042968750000e-01 2.69405603408813e-01
819 5.42968750000000e-01 2.94815063476562e-01
820 4.86328125000000e-01 2.36515045166016e-01
821 5.18554687500000e-01 2.68898963928223e-01
822 6.03027343750000e-01 3.63641977310181e-01
823 5.83984375000000e-01 3.41037750244141e-01
824 5.15136718750000e-01 2.65365839004517e-01
825 5.42480468750000e-01 2.94285058975220e-01
826 5.78613281250000e-01 3.34793329238892e-01
827 5.38085937500000e-01 2.89536476135254e-01
828 5.41503906250000e-01 2.93226480484009e-01
829 5.14648437500000e-01 2.64863014221191e-01
830 4.77050781250000e-01 2.27577447891235e-01
831 4.88281250000000e-01 2.38418579101562e-01
832 4.84863281250000e-01 2.35092401504517e-01
833 5.14160156250000e-01 2.64360666275024e-01
834 5.53222656250000e-01 3.06055307388306e-01
835 5.63964843750000e-01 3.18056344985962e-01
836 5.83496093750000e-01 3.40467691421509e-01
837 5.76171875000000e-01 3.31974029541016e-01
838 6.20117187500000e-01 3.84545326232910e-01
839 6.50390625000000e-01 4.23007965087891e-01
840 6.86035156250000e-01 4.70644235610962e-01
841 6.41113281250000e-01 4.11026239395142e-01
842 6.10351562500000e-01 3.72529029846191e-01
843 6.47460937500000e-01 4.19205665588379e-01
844 6.45019531250000e-01 4.16050195693970e-01
845 6.79687500000000e-01 4.61975097656250e-01
846 6.62109375000000e-01 4.38388824462891e-01
847 6.03515625000000e-01 3.64231109619141e-01
848 6.50390625000000e-01 4.23007965087891e-01
849 6.21582031250000e-01 3.86364221572876e-01
850 6.56738281250000e-01 4.31305170059204e-01
851 5.73242187500000e-01 3.28606605529785e-01
852 5.11718750000000e-01 2.61856079101562e-01
853 5.26855468750000e-01 2.77576684951782e-01
854 4.30664062500000e-01 1.85471534729004e-01
855 4.30664062500000e-01 1.85471534729004e-01
856 4.01367187500000e-01 1.61095619201660e-01
857 4.50683593750000e-01 2.03115701675415e-01
858 3.94042968750000e-01 1.55269861221313e-01
859 4.70214843750000e-01 2.21101999282837e-01
860 4.79980468750000e-01 2.30381250381470e-01
861 4.22851562500000e-01 1.78803443908691e-01
862 4.77050781250000e-01 2.27577447891235e-01
863 4.47753906250000e-01 2.00483560562134e-01
864 3.89160156250000e-01 1.51445627212524e-01
865 4.74121093750000e-01 2.24790811538696e-01
866 4.67773437500000e-01 2.18811988830566e-01
867 4.65820312500000e-01 2.16988563537598e-01
868 4.41894531250000e-01 1.95270776748657e-01
869 3.54003906250000e-01 1.25318765640259e-01
870 3.09570312500000e-01 9.58337783813477e-02
871 3.08105468750000e-01 9.49289798736572e-02
872 3.17871093750000e-01 1.01042032241821e-01
873 2.35839843750000e-01 5.56204319000244e-02
874 1.70898437500000e-01 2.92062759399414e-02
875 1.47460937500000e-01 2.17447280883789e-02
876 2.08984375000000e-01 4.36744689941406e-02
877 2.88574218750000e-01 8.32750797271729e-02
878 3.08593750000000e-01 9.52301025390625e-02
879 2.84179687500000e-01 8.07580947875977e-02
880 2.45605468750000e-01 6.03220462799072e-02
881 2.50488281250000e-01 6.27443790435791e-02
882 2.73437500000000e-01 7.47680664062500e-02
883 3.27636718750000e-01 1.07345819473267e-01
884 3.92578125000000e-01 1.54117584228516e-01
885 4.49218750000000e-01 2.01797485351562e-01
886 4.62402343750000e-01 2.13815927505493e-01
887 3.95019531250000e-01 1.56040430068970e-01
888 4.13574218750000e-01 1.71043634414673e-01
889 4.03808593750000e-01 1.63061380386353e-01
890 4.44824218750000e-01 1.97868585586548e-01
891 4.39453125000000e-01 1.93119049072266e-01
892 4.16015625000000e-01 1.73069000244141e-01
893 3.29589843750000e-01 1.08629465103149e-01
894 3.23242187500000e-01 1.04485511779785e-01
895 2.82714843750000e-01 7.99276828765869e-02
896 2.27539062500000e-01 5.17740249633789e-02
897 1.99707031250000e-01 3.98828983306885e-02
898 1.88964843750000e-01 3.57077121734619e-02
899 2.06054687500000e-01 4.24585342407227e-02
900 2.53417968750000e-01 6.42206668853760e-02
901 1.54296875000000e-01 2.38075256347656e-02
902 1.43066406250000e-01 2.04679965972900e-02
903 2.25097656250000e-01 5.06689548492432e-02
904 2.29492187500000e-01 5.26666641235352e-02
905 2.50488281250000e-01 6.27443790435791e-02
906 2.24609375000000e-01 5.04493713378906e-02
907 2.36816406250000e-01 5.60820102691650e-02
908 3.05664062500000e-01 9.34305191040039e-02
909 2.60253906250000e-01 6.77320957183838e-02
910 3.22753906250000e-01 1.04170083999634e-01
911 3.52050781250000e-01 1.23939752578735e-01
912 3.92089843750000e-01 1.53734445571899e-01
913 4.37011718750000e-01 1.90979242324829e-01
914 4.14550781250000e-01 1.71852350234985e-01
915 3.91601562500000e-01 1.53351783752441e-01
916 4.16503906250000e-01 1.73475503921509e-01
917 4.21875000000000e-01 1.77978515625000e-01
918 4.58007812500000e-01 2.09771156311035e-01
919 5.04882812500000e-01 2.54906654357910e-01
920 4.92187500000000e-01 2.42248535156250e-01
921 5.34179687500000e-01 2.85347938537598e-01
922 5.04394531250000e-01 2.54413843154907e-01
923 5.59082031250000e-01 3.12572717666626e-01
924 5.45410156250000e-01 2.97472238540649e-01
925 5.98632812500000e-01 3.58361244201660e-01
926 5.02929687500000e-01 2.52938270568848e-01
927 5.31738281250000e-01 2.82745599746704e-01
928 5.09765625000000e-01 2.59860992431641e-01
929 4.68750000000000e-01 2.19726562500000e-01
930 4.22851562500000e-01 1.78803443908691e-01
931 3.87207031250000e-01 1.49929285049438e-01
932 4.04785156250000e-01 1.63851022720337e-01
933 4.27734375000000e-01 1.82956695556641e-01
934 4.16992187500000e-01 1.73882484436035e-01
935 4.45312500000000e-01 1.98303222656250e-01
936 3.25195312500000e-01 1.05751991271973e-01
937 3.37890625000000e-01 1.14170074462891e-01
938 3.45703125000000e-01 1.19510650634766e-01
939 2.67089843750000e-01 7.13369846343994e-02
940 3.33496093750000e-01 1.11219644546509e-01
941 3.39355468750000e-01 1.15162134170532e-01
942 3.68164062500000e-01 1.35544776916504e-01
943 3.12988281250000e-01 9.79616641998291e-02
944 2.42675781250000e-01 5.88915348052979e-02
945 2.42187500000000e-01 5.86547851562500e-02
946 2.35839843750000e-01 5.56204319000244e-02
947 2.36816406250000e-01 5.60820102691650e-02
948 1.74804687500000e-01 3.05566787719727e-02
949 1.64062500000000e-01 2.69165039062500e-02
950 1.45996093750000e-01 2.13148593902588e-02
951 1.63085937500000e-01 2.65970230102539e-02
952 1.58203125000000e-01 2.50282287597656e-02
953 1.01562500000000e-01 1.03149414062500e-02
954 8.44726562500000e-02 7.13562965393066e-03
955 7.81250000000000e-02 6.10351562500000e-03
956 1.46484375000000e-03 2.14576721191406e-06
957 1.17187500000000e-02 1.37329101562500e-04
958 6.54296875000000e-02 4.28104400634766e-03
959 6.34765625000000e-02 4.02927398681641e-03
960 9.76562500000000e-04 9.53674316406250e-07
961 3.36914062500000e-02 1.13511085510254e-03
962 1.20117187500000e-01 1.44281387329102e-02
963 7.03125000000000e-02 4.94384765625000e-03
964 7.51953125000000e-02 5.65433502197266e-03
965 7.37304687500000e-02 5.43618202209473e-03
966 5.12695312500000e-02 2.62856483459473e-03
967 9.22851562500000e-02 8.51655006408691e-03
968 2.88085937500000e-02 8.29935073852539e-04
969 2.73437500000000e-02 7.47680664062500e-04
970 6.68945312500000e-02 4.47487831115723e-03
971 7.37304687500000e-02 5.43618202209473e-03
972 1.61132812500000e-02 2.59637832641602e-04
973 5.66406250000000e-02 3.20816040039062e-03
974 8.25195312500000e-02 6.80947303771973e-03
975 1.36230468750000e-01 1.85587406158447e-02
976 1.65039062500000e-01 2.72378921508789e-02
977 1.20605468750000e-01 1.45456790924072e-02
978 8.34960937500000e-02 6.97159767150879e-03
979 5.12695312500000e-02 2.62856483459473e-03
980 1.00585937500000e-01 1.01175308227539e-02
981 9.71679687500000e-02 9.44161415100098e-03
982 9.81445312500000e-02 9.63234901428223e-03
983 2.34375000000000e-02 5.49316406250000e-04
984 5.02929687500000e-02 2.52938270568848e-03
985 3.12500000000000e-02 9.76562500000000e-04
986 3.27148437500000e-02 1.07026100158691e-03
987 5.85937500000000e-03 3.43322753906250e-05
988 3.41796875000000e-02 1.16825103759766e-03
989 6.15234375000000e-02 3.78513336181641e-03
990 8.44726562500000e-02 7.13562965393066e-03
991 9.37500000000000e-02 8.78906250000000e-03
992 1.04492187500000e-01 1.09186172485352e-02
993 1.16699218750000e-01 1.36187076568604e-02
994 1.35253906250000e-01 1.82936191558838e-02
995 2.29980468750000e-01 5.28910160064697e-02
996 2.10449218750000e-01 4.42888736724854e-02
997 2.06542968750000e-01 4.26599979400635e-02
998 1.15722656250000e-01 1.33917331695557e-02
999 1.56250000000000e-01 2.44140625000000e-02
