0 5.82031250000000e-01 3.38760375976562e-01
1 5.99121093750000e-01 3.58946084976196e-01
2 6.04492187500000e-01 3.65410804748535e-01
3 5.84960937500000e-01 3.42179298400879e-01
4 6.19628906250000e-01 3.83939981460571e-01
5 6.19628906250000e-01 3.83939981460571e-01
6 5.36132812500000e-01 2.87438392639160e-01
7 6.09375000000000e-01 3.71337890625000e-01
8 5.99121093750000e-01 3.58946084976196e-01
9 6.24511718750000e-01 3.90014886856079e-01
10 6.05468750000000e-01 3.66592407226562e-01
11 6.04980468750000e-01 3.66001367568970e-01
12 6.31347656250000e-01 3.98599863052368e-01
13 5.66894531250000e-01 3.21369409561157e-01
14 5.66894531250000e-01 3.21369409561157e-01
15 4.72167968750000e-01 2.22942590713501e-01
16 4.97558593750000e-01 2.47564554214478e-01
17 5.10253906250000e-01 2.60359048843384e-01
18 4.87304687500000e-01 2.37465858459473e-01
19 5.29785156250000e-01 2.80672311782837e-01
20 5.15136718750000e-01 2.65365839004517e-01
21 4.93652343750000e-01 2.43692636489868e-01
22 4.94628906250000e-01 2.44657754898071e-01
23 5.21484375000000e-01 2.71945953369141e-01
24 5.18066406250000e-01 2.68392801284790e-01
25 5.41992187500000e-01 2.93755531311035e-01
26 5.29296875000000e-01 2.80155181884766e-01
27 5.18066406250000e-01 2.68392801284790e-01
28 4.89257812500000e-01 2.39373207092285e-01
29 5.06835937500000e-01 2.56882667541504e-01
30 4.43847656250000e-01 1.97000741958618e-01
31 4.44335937500000e-01 1.97434425354004e-01
32 4.53613281250000e-01 2.05765008926392e-01
33 4.37500000000000e-01 1.91406250000000e-01
34 3.94531250000000e-01 1.55654907226562e-01
35 3.35937500000000e-01 1.12854003906250e-01
36 3.14453125000000e-01 9.88807678222656e-02
37 2.83691406250000e-01 8.04808139801025e-02
38 3.23730468750000e-01 1.04801416397095e-01
39 2.68066406250000e-01 7.18595981597900e-02
40 3.56933593750000e-01 1.27401590347290e-01
41 3.55957031250000e-01 1.26705408096313e-01
42 3.29101562500000e-01 1.08307838439941e-01
43 3.43261718750000e-01 1.17828607559204e-01
44 2.76855468750000e-01 7.66489505767822e-02
45 2.67089843750000e-01 7.13369846343994e-02
46 2.97851562500000e-01 8.87155532836914e-02
47 3.02246093750000e-01 9.13527011871338e-02
48 3.05664062500000e-01 9.34305191040039e-02
49 2.41699218750000e-01 5.84185123443604e-02
50 2.97363281250000e-01 8.84249210357666e-02
51 3.17871093750000e-01 1.01042032241821e-01
52 3.46679687500000e-01 1.20186805725098e-01
53 3.49609375000000e-01 1.22226715087891e-01
54 3.97460937500000e-01 1.57975196838379e-01
55 3.95019531250000e-01 1.56040430068970e-01
56 4.01855468750000e-01 1.61487817764282e-01
57 4.36523437500000e-01 1.90552711486816e-01
58 4.61914062500000e-01 2.13364601135254e-01
59 4.94628906250000e-01 2.44657754898071e-01
60 4.68261718750000e-01 2.19269037246704e-01
61 4.71679687500000e-01 2.22481727600098e-01
62 4.96582031250000e-01 2.46593713760376e-01
63 4.98535156250000e-01 2.48537302017212e-01
64 5.20019531250000e-01 2.70420312881470e-01
65 4.45312500000000e-01 1.98303222656250e-01
66 4.54589843750000e-01 2.06651926040649e-01
67 4.46289062500000e-01 1.99173927307129e-01
68 3.99902343750000e-01 1.59921884536743e-01
69 4.63378906250000e-01 2.14720010757446e-01
70 4.56054687500000e-01 2.07985877990723e-01
71 4.45800781250000e-01 1.98738336563110e-01
72 4.87304687500000e-01 2.37465858459473e-01
73 4.68750000000000e-01 2.19726562500000e-01
74 4.80957031250000e-01 2.31319665908813e-01
75 4.82421875000000e-01 2.32730865478516e-01
76 4.19433593750000e-01 1.75924539566040e-01
77 4.04785156250000e-01 1.63851022720337e-01
78 4.34082031250000e-01 1.88427209854126e-01
79 4.41406250000000e-01 1.94839477539062e-01
80 4.35546875000000e-01 1.89701080322266e-01
81 4.50195312500000e-01 2.02675819396973e-01
82 4.94628906250000e-01 2.44657754898071e-01
83 4.78515625000000e-01 2.28977203369141e-01
84 4.72167968750000e-01 2.22942590713501e-01
85 4.44335937500000e-01 1.97434425354004e-01
86 4.13574218750000e-01 1.71043634414673e-01
87 4.16015625000000e-01 1.73069000244141e-01
88 4.22363281250000e-01 1.78390741348267e-01
89 4.17480468750000e-01 1.74289941787720e-01
90 3.92089843750000e-01 1.53734445571899e-01
91 3.78417968750000e-01 1.43200159072876e-01
92 3.77441406250000e-01 1.42462015151978e-01
93 3.82812500000000e-01 1.46545410156250e-01
94 4.51660156250000e-01 2.03996896743774e-01
95 4.97070312500000e-01 2.47078895568848e-01
96 5.30761718750000e-01 2.81708002090454e-01
97 5.02441406250000e-01 2.52447366714478e-01
98 5.38085937500000e-01 2.89536476135254e-01
99 5.36621093750000e-01 2.87962198257446e-01
100 5.59570312500000e-01 3.13118934631348e-01
101 5.83496093750000e-01 3.40467691421509e-01
102 5.43457031250000e-01 2.95345544815063e-01
103 5.57128906250000e-01 3.10392618179321e-01
104 5.28808593750000e-01 2.79638528823853e-01
105 4.70214843750000e-01 2.21101999282837e-01
106 3.55957031250000e-01 1.26705408096313e-01
107 3.71582031250000e-01 1.38073205947876e-01
108 4.62890625000000e-01 2.14267730712891e-01
109 5.10742187500000e-01 2.60857582092285e-01
110 5.20507812500000e-01 2.70928382873535e-01
111 4.77050781250000e-01 2.27577447891235e-01
112 4.23828125000000e-01 1.79630279541016e-01
113 4.08691406250000e-01 1.67028665542603e-01
114 3.76464843750000e-01 1.41725778579712e-01
115 4.58984375000000e-01 2.10666656494141e-01
116 5.21972656250000e-01 2.72455453872681e-01
117 5.47851562500000e-01 3.00141334533691e-01
118 5.72753906250000e-01 3.28047037124634e-01
119 5.89355468750000e-01 3.47339868545532e-01
120 6.04492187500000e-01 3.65410804748535e-01
121 6.25000000000000e-01 3.90625000000000e-01
122 6.23535156250000e-01 3.88796091079712e-01
123 6.90917968750000e-01 4.77367639541626e-01
124 7.28515625000000e-01 5.30735015869141e-01
125 6.64062500000000e-01 4.40979003906250e-01
126 5.78125000000000e-01 3.34228515625000e-01
127 6.08398437500000e-01 3.70148658752441e-01
128 6.05957031250000e-01 3.67183923721313e-01
129 6.41601562500000e-01 4.11652565002441e-01
130 6.48925781250000e-01 4.21104669570923e-01
131 5.85449218750000e-01 3.42750787734985e-01
132 6.11816406250000e-01 3.74319314956665e-01
133 5.80078125000000e-01 3.36490631103516e-01
134 5.71289062500000e-01 3.26371192932129e-01
135 5.68359375000000e-01 3.23032379150391e-01
136 5.52734375000000e-01 3.05515289306641e-01
137 5.71289062500000e-01 3.26371192932129e-01
138 5.66894531250000e-01 3.21369409561157e-01
139 5.52734375000000e-01 3.05515289306641e-01
140 5.23925781250000e-01 2.74498224258423e-01
141 5.35644531250000e-01 2.86915063858032e-01
142 5.97656250000000e-01 3.57192993164062e-01
143 6.04980468750000e-01 3.66001367568970e-01
144 5.97167968750000e-01 3.56609582901001e-01
145 5.67871093750000e-01 3.22477579116821e-01
146 5.86425781250000e-01 3.43895196914673e-01
147 5.60546875000000e-01 3.14212799072266e-01
148 6.14257812500000e-01 3.77312660217285e-01
149 5.34179687500000e-01 2.85347938537598e-01
150 5.07812500000000e-01 2.57873535156250e-01
151 5.34179687500000e-01 2.85347938537598e-01
152 5.13183593750000e-01 2.63357400894165e-01
153 5.07812500000000e-01 2.57873535156250e-01
154 5.28320312500000e-01 2.79122352600098e-01
155 5.54687500000000e-01 3.07678222656250e-01
156 5.95214843750000e-01 3.54280710220337e-01
157 5.85937500000000e-01 3.43322753906250e-01
158 6.23535156250000e-01 3.88796091079712e-01
159 6.12792968750000e-01 3.75515222549438e-01
160 6.05957031250000e-01 3.67183923721313e-01
161 5.78125000000000e-01 3.34228515625000e-01
162 5.50781250000000e-01 3.03359985351562e-01
163 5.14648437500000e-01 2.64863014221191e-01
164 5.28808593750000e-01 2.79638528823853e-01
165 5.31738281250000e-01 2.82745599746704e-01
166 5.49804687500000e-01 3.02285194396973e-01
167 5.14160156250000e-01 2.64360666275024e-01
168 5.00976562500000e-01 2.50977516174316e-01
169 4.62402343750000e-01 2.13815927505493e-01
170 4.38964843750000e-01 1.92690134048462e-01
171 4.65332031250000e-01 2.16533899307251e-01
172 4.91699218750000e-01 2.41768121719360e-01
173 4.81933593750000e-01 2.32259988784790e-01
174 5.09277343750000e-01 2.59363412857056e-01
175 5.23925781250000e-01 2.74498224258423e-01
176 4.78515625000000e-01 2.28977203369141e-01
177 5.02441406250000e-01 2.52447366714478e-01
178 5.46386718750000e-01 2.98538446426392e-01
179 4.87792968750000e-01 2.37941980361938e-01
180 4.60937500000000e-01 2.12463378906250e-01
181 4.47265625000000e-01 2.00046539306641e-01
182 4.56054687500000e-01 2.07985877990723e-01
183 3.67675781250000e-01 1.35185480117798e-01
184 3.04199218750000e-01 9.25371646881104e-02
185 2.60742187500000e-01 6.79864883422852e-02
186 3.13476562500000e-01 9.82675552368164e-02
187 3.34472656250000e-01 1.11871957778931e-01
188 2.71972656250000e-01 7.39691257476807e-02
189 2.80273437500000e-01 7.85531997680664e-02
190 2.89550781250000e-01 8.38396549224854e-02
191 3.06152343750000e-01 9.37292575836182e-02
192 3.53027343750000e-01 1.24628305435181e-01
193 4.07714843750000e-01 1.66231393814087e-01
194 5.09765625000000e-01 2.59860992431641e-01
195 4.90722656250000e-01 2.40808725357056e-01
196 4.72656250000000e-01 2.23403930664062e-01
197 4.23828125000000e-01 1.79630279541016e-01
198 4.32617187500000e-01 1.87157630920410e-01
199 4.29687500000000e-01 1.84631347656250e-01
200 4.12597656250000e-01 1.70236825942993e-01
201 5.19042968750000e-01 2.69405603408813e-01
202 4.40429687500000e-01 1.93978309631348e-01
203 4.42382812500000e-01 1.95702552795410e-01
204 4.42382812500000e-01 1.95702552795410e-01
205 4.83886718750000e-01 2.34146356582642e-01
206 4.90234375000000e-01 2.40329742431641e-01
207 4.83398437500000e-01 2.33674049377441e-01
208 4.78515625000000e-01 2.28977203369141e-01
209 4.77050781250000e-01 2.27577447891235e-01
210 4.90234375000000e-01 2.40329742431641e-01
211 4.13085937500000e-01 1.70639991760254e-01
212 3.96484375000000e-01 1.57199859619141e-01
213 3.99902343750000e-01 1.59921884536743e-01
214 3.96484375000000e-01 1.57199859619141e-01
215 3.77929687500000e-01 1.42830848693848e-01
216 3.91601562500000e-01 1.53351783752441e-01
217 3.66210937500000e-01 1.34110450744629e-01
218 3.38378906250000e-01 1.14500284194946e-01
219 3.56933593750000e-01 1.27401590347290e-01
220 3.63281250000000e-01 1.31973266601562e-01
221 3.63769531250000e-01 1.32328271865845e-01
222 4.09179687500000e-01 1.67428016662598e-01
223 3.95019531250000e-01 1.56040430068970e-01
224 3.54003906250000e-01 1.25318765640259e-01
225 4.10156250000000e-01 1.68228149414062e-01
226 3.22265625000000e-01 1.03855133056641e-01
227 3.11523437500000e-01 9.70468521118164e-02
228 3.50097656250000e-01 1.22568368911743e-01
229 3.40332031250000e-01 1.15825891494751e-01
230 3.86230468750000e-01 1.49173974990845e-01
231 3.69140625000000e-01 1.36264801025391e-01
232 4.21875000000000e-01 1.77978515625000e-01
233 3.99414062500000e-01 1.59531593322754e-01
234 4.98046875000000e-01 2.48050689697266e-01
235 4.71191406250000e-01 2.22021341323853e-01
236 4.80957031250000e-01 2.31319665908813e-01
237 5.12207031250000e-01 2.62356042861938e-01
238 5.54199218750000e-01 3.07136774063110e-01
239 5.90820312500000e-01 3.49068641662598e-01
240 5.51269531250000e-01 3.03898096084595e-01
241 5.88378906250000e-01 3.46189737319946e-01
242 5.14648437500000e-01 2.64863014221191e-01
243 4.86816406250000e-01 2.36990213394165e-01
244 4.90234375000000e-01 2.40329742431641e-01
245 4.88281250000000e-01 2.38418579101562e-01
246 4.48242187500000e-01 2.00921058654785e-01
247 4.83886718750000e-01 2.34146356582642e-01
248 5.36132812500000e-01 2.87438392639160e-01
249 5.31738281250000e-01 2.82745599746704e-01
250 5.28808593750000e-01 2.79638528823853e-01
251 5.66406250000000e-01 3.20816040039062e-01
252 5.12207031250000e-01 2.62356042861938e-01
253 4.89257812500000e-01 2.39373207092285e-01
254 5.57128906250000e-01 3.10392618179321e-01
255 5.16601562500000e-01 2.66877174377441e-01
256 4.73144531250000e-01 2.23865747451782e-01
257 3.93554687500000e-01 1.54885292053223e-01
258 4.58007812500000e-01 2.09771156311035e-01
259 5.13671875000000e-01 2.63858795166016e-01
260 6.26464843750000e-01 3.92458200454712e-01
261 5.49804687500000e-01 3.02285194396973e-01
262 5.26855468750000e-01 2.77576684951782e-01
263 5.82031250000000e-01 3.38760375976562e-01
264 4.87304687500000e-01 2.37465858459473e-01
265 5.25878906250000e-01 2.76548624038696e-01
266 5.26855468750000e-01 2.77576684951782e-01
267 5.75195312500000e-01 3.30849647521973e-01
268 5.67871093750000e-01 3.22477579116821e-01
269 6.17675781250000e-01 3.81523370742798e-01
270 5.94238281250000e-01 3.53119134902954e-01
271 5.67382812500000e-01 3.21923255920410e-01
272 5.28808593750000e-01 2.79638528823853e-01
273 5.12207031250000e-01 2.62356042861938e-01
274 5.59570312500000e-01 3.13118934631348e-01
275 5.21972656250000e-01 2.72455453872681e-01
276 5.41015625000000e-01 2.92697906494141e-01
277 5.38085937500000e-01 2.89536476135254e-01
278 5.33691406250000e-01 2.84826517105103e-01
279 5.15625000000000e-01 2.65869140625000e-01
280 5.94238281250000e-01 3.53119134902954e-01
281 5.99609375000000e-01 3.59531402587891e-01
282 5.79101562500000e-01 3.35358619689941e-01
283 5.99121093750000e-01 3.58946084976196e-01
284 6.35253906250000e-01 4.03547525405884e-01
285 6.26464843750000e-01 3.92458200454712e-01
286 6.08886718750000e-01 3.70743036270142e-01
287 5.91796875000000e-01 3.50223541259766e-01
288 5.90820312500000e-01 3.49068641662598e-01
289 6.32812500000000e-01 4.00451660156250e-01
290 5.71289062500000e-01 3.26371192932129e-01
291 5.83496093750000e-01 3.40467691421509e-01
292 5.54687500000000e-01 3.07678222656250e-01
293 5.96679687500000e-01 3.56026649475098e-01
294 5.88378906250000e-01 3.46189737319946e-01
295 6.75292968750000e-01 4.56020593643188e-01
296 6.95800781250000e-01 4.84138727188110e-01
297 6.25000000000000e-01 3.90625000000000e-01
298 7.01171875000000e-01 4.91641998291016e-01
299 6.47949218750000e-01 4.19838190078735e-01
300 6.62109375000000e-01 4.38388824462891e-01
301 6.18164062500000e-01 3.82126808166504e-01
302 6.03027343750000e-01 3.63641977310181e-01
303 6.08886718750000e-01 3.70743036270142e-01
304 6.56250000000000e-01 4.30664062500000e-01
305 6.89941406250000e-01 4.76019144058228e-01
306 7.25585937500000e-01 5.26474952697754e-01
307 6.77246093750000e-01 4.58662271499634e-01
308 6.88476562500000e-01 4.73999977111816e-01
309 6.50878906250000e-01 4.23643350601196e-01
310 7.06542968750000e-01 4.99202966690063e-01
311 7.59765625000000e-01 5.77243804931641e-01
312 6.84570312500000e-01 4.68636512756348e-01
313 7.46582031250000e-01 5.57384729385376e-01
314 7.38769531250000e-01 5.45780420303345e-01
315 7.39257812500000e-01 5.46502113342285e-01
316 7.01171875000000e-01 4.91641998291016e-01
317 6.71875000000000e-01 4.51416015625000e-01
318 5.93261718750000e-01 3.51959466934204e-01
319 5.76660156250000e-01 3.32536935806274e-01
320 6.18652343750000e-01 3.82730722427368e-01
321 5.32714843750000e-01 2.83785104751587e-01
322 5.22949218750000e-01 2.73475885391235e-01
323 5.29296875000000e-01 2.80155181884766e-01
324 5.78125000000000e-01 3.34228515625000e-01
325 6.29394531250000e-01 3.96137475967407e-01
326 5.66406250000000e-01 3.20816040039062e-01
327 6.02050781250000e-01 3.62465143203735e-01
328 5.68359375000000e-01 3.23032379150391e-01
329 5.50781250000000e-01 3.03359985351562e-01
330 4.86816406250000e-01 2.36990213394165e-01
331 4.79003906250000e-01 2.29444742202759e-01
332 5.39550781250000e-01 2.91115045547485e-01
333 4.78027343750000e-01 2.28510141372681e-01
334 5.00488281250000e-01 2.50488519668579e-01
335 5.17578125000000e-01 2.67887115478516e-01
336 5.36621093750000e-01 2.87962198257446e-01
337 4.98535156250000e-01 2.48537302017212e-01
338 4.63867187500000e-01 2.15172767639160e-01
339 5.25390625000000e-01 2.76035308837891e-01
340 4.90722656250000e-01 2.40808725357056e-01
341 4.59472656250000e-01 2.11115121841431e-01
342 4.21875000000000e-01 1.77978515625000e-01
343 4.61425781250000e-01 2.12913751602173e-01
344 4.44824218750000e-01 1.97868585586548e-01
345 4.63867187500000e-01 2.15172767639160e-01
346 4.94628906250000e-01 2.44657754898071e-01
347 5.39550781250000e-01 2.91115045547485e-01
348 5.35156250000000e-01 2.86392211914062e-01
349 5.25878906250000e-01 2.76548624038696e-01
350 4.83886718750000e-01 2.34146356582642e-01
351 4.54589843750000e-01 2.06651926040649e-01
352 4.80468750000000e-01 2.30850219726562e-01
353 3.99902343750000e-01 1.59921884536743e-01
354 4.31640625000000e-01 1.86313629150391e-01
355 3.92089843750000e-01 1.53734445571899e-01
356 4.14062500000000e-01 1.71447753906250e-01
357 4.40429687500000e-01 1.93978309631348e-01
358 4.21386718750000e-01 1.77566766738892e-01
359 4.13085937500000e-01 1.70639991760254e-01
360 3.91113281250000e-01 1.52969598770142e-01
361 3.61816406250000e-01 1.30911111831665e-01
362 3.25195312500000e-01 1.05751991271973e-01
363 2.64160156250000e-01 6.97805881500244e-02
364 2.97363281250000e-01 8.84249210357666e-02
365 3.30566406250000e-01 1.09274148941040e-01
366 3.09570312500000e-01 9.58337783813477e-02
367 3.44238281250000e-01 1.18499994277954e-01
368 3.63281250000000e-01 1.31973266601562e-01
369 3.99414062500000e-01 1.59531593322754e-01
370 3.88183593750000e-01 1.50686502456665e-01
371 3.97949218750000e-01 1.58363580703735e-01
372 3.60351562500000e-01 1.29853248596191e-01
373 3.94531250000000e-01 1.55654907226562e-01
374 4.05273437500000e-01 1.64246559143066e-01
375 4.39453125000000e-01 1.93119049072266e-01
376 4.52148437500000e-01 2.04438209533691e-01
377 4.33593750000000e-01 1.88003540039062e-01
378 4.07226562500000e-01 1.65833473205566e-01
379 4.17480468750000e-01 1.74289941787720e-01
380 4.23339843750000e-01 1.79216623306274e-01
381 4.31640625000000e-01 1.86313629150391e-01
382 5.09765625000000e-01 2.59860992431641e-01
383 5.10742187500000e-01 2.60857582092285e-01
384 5.30273437500000e-01 2.81189918518066e-01
385 5.35644531250000e-01 2.86915063858032e-01
386 4.95605468750000e-01 2.45624780654907e-01
387 5.15625000000000e-01 2.65869140625000e-01
388 4.35546875000000e-01 1.89701080322266e-01
389 4.53613281250000e-01 2.05765008926392e-01
390 4.54589843750000e-01 2.06651926040649e-01
391 4.69726562500000e-01 2.20643043518066e-01
392 4.05761718750000e-01 1.64642572402954e-01
393 5.12695312500000e-01 2.62856483459473e-01
394 5.40527343750000e-01 2.92169809341431e-01
395 5.14160156250000e-01 2.64360666275024e-01
396 5.60546875000000e-01 3.14212799072266e-01
397 5.42968750000000e-01 2.94815063476562e-01
398 6.03027343750000e-01 3.63641977310181e-01
399 5.57617187500000e-01 3.10936927795410e-01
400 5.39062500000000e-01 2.90588378906250e-01
401 5.43945312500000e-01 2.95876502990723e-01
402 4.70703125000000e-01 2.21561431884766e-01
403 4.30175781250000e-01 1.85051202774048e-01
404 4.93164062500000e-01 2.43210792541504e-01
405 4.90234375000000e-01 2.40329742431641e-01
406 5.65917968750000e-01 3.20263147354126e-01
407 4.87792968750000e-01 2.37941980361938e-01
408 4.57031250000000e-01 2.08877563476562e-01
409 4.75585937500000e-01 2.26181983947754e-01
410 4.71191406250000e-01 2.22021341323853e-01
411 5.04394531250000e-01 2.54413843154907e-01
412 5.31738281250000e-01 2.82745599746704e-01
413 4.92675781250000e-01 2.42729425430298e-01
414 4.82910156250000e-01 2.33202219009399e-01
415 5.10742187500000e-01 2.60857582092285e-01
416 5.16601562500000e-01 2.66877174377441e-01
417 5.04394531250000e-01 2.54413843154907e-01
418 5.41503906250000e-01 2.93226480484009e-01
419 5.06835937500000e-01 2.56882667541504e-01
420 4.59472656250000e-01 2.11115121841431e-01
421 4.15527343750000e-01 1.72662973403931e-01
422 4.60937500000000e-01 2.12463378906250e-01
423 4.52636718750000e-01 2.04879999160767e-01
424 4.61425781250000e-01 2.12913751602173e-01
425 4.94628906250000e-01 2.44657754898071e-01
426 5.28808593750000e-01 2.79638528823853e-01
427 5.79589843750000e-01 3.35924386978149e-01
428 5.95703125000000e-01 3.54862213134766e-01
429 5.73242187500000e-01 3.28606605529785e-01
430 5.48828125000000e-01 3.01212310791016e-01
431 5.44921875000000e-01 2.96939849853516e-01
432 5.06347656250000e-01 2.56387948989868e-01
433 4.28710937500000e-01 1.83793067932129e-01
434 4.38964843750000e-01 1.92690134048462e-01
435 3.99902343750000e-01 1.59921884536743e-01
436 3.82324218750000e-01 1.46171808242798e-01
437 3.55468750000000e-01 1.26358032226562e-01
438 3.83300781250000e-01 1.46919488906860e-01
439 3.90136718750000e-01 1.52206659317017e-01
440 3.87207031250000e-01 1.49929285049438e-01
441 4.17480468750000e-01 1.74289941787720e-01
442 3.94042968750000e-01 1.55269861221313e-01
443 3.90625000000000e-01 1.52587890625000e-01
444 3.88183593750000e-01 1.50686502456665e-01
445 3.98925781250000e-01 1.59141778945923e-01
446 3.89160156250000e-01 1.51445627212524e-01
447 3.69140625000000e-01 1.36264801025391e-01
448 3.64746093750000e-01 1.33039712905884e-01
449 2.95410156250000e-01 8.72671604156494e-02
450 3.04687500000000e-01 9.28344726562500e-02
451 3.21777343750000e-01 1.03540658950806e-01
452 3.07128906250000e-01 9.43281650543213e-02
453 2.82714843750000e-01 7.99276828765869e-02
454 3.41308593750000e-01 1.16491556167603e-01
455 3.18847656250000e-01 1.01663827896118e-01
456 3.53515625000000e-01 1.24973297119141e-01
457 3.26171875000000e-01 1.06388092041016e-01
458 3.61328125000000e-01 1.30558013916016e-01
459 3.30078125000000e-01 1.08951568603516e-01
460 3.99902343750000e-01 1.59921884536743e-01
461 4.45800781250000e-01 1.98738336563110e-01
462 3.68652343750000e-01 1.35904550552368e-01
463 2.97851562500000e-01 8.87155532836914e-02
464 2.82714843750000e-01 7.99276828765869e-02
465 2.36328125000000e-01 5.58509826660156e-02
466 2.61230468750000e-01 6.82413578033447e-02
467 2.77343750000000e-01 7.69195556640625e-02
468 3.20312500000000e-01 1.02600097656250e-01
469 2.66601562500000e-01 7.10763931274414e-02
470 2.59277343750000e-01 6.72247409820557e-02
471 2.45605468750000e-01 6.03220462799072e-02
472 1.84082031250000e-01 3.38861942291260e-02
473 1.70410156250000e-01 2.90396213531494e-02
474 2.45117187500000e-01 6.00824356079102e-02
475 1.89453125000000e-01 3.58924865722656e-02
476 8.69140625000000e-02 7.55405426025391e-03
477 2.29492187500000e-02 5.26666641235352e-04
478 4.44335937500000e-02 1.97434425354004e-03
479 4.68750000000000e-02 2.19726562500000e-03
480 4.00390625000000e-02 1.60312652587891e-03
481 8.54492187500000e-02 7.30156898498535e-03
482 1.04003906250000e-01 1.08168125152588e-02
483 6.29882812500000e-02 3.96752357482910e-03
484 4.49218750000000e-02 2.01797485351562e-03
485 2.63671875000000e-02 6.95228576660156e-04
486 3.85742187500000e-02 1.48797035217285e-03
487 4.54101562500000e-02 2.06208229064941e-03
488 4.19921875000000e-02 1.76334381103516e-03
489 4.78515625000000e-02 2.28977203369141e-03
490 8.83789062500000e-02 7.81083106994629e-03
491 1.08886718750000e-01 1.18563175201416e-02
492 1.32812500000000e-01 1.76391601562500e-02
493 1.25000000000000e-01 1.56250000000000e-02
494 1.34277343750000e-01 1.80304050445557e-02
495 1.68945312500000e-01 2.85425186157227e-02
496 9.61914062500000e-02 9.25278663635254e-03
497 1.04003906250000e-01 1.08168125152588e-02
498 1.50390625000000e-01 2.26173400878906e-02
499 1.93847656250000e-01 3.75769138336182e-02
500 2.46093750000000e-01 6.05621337890625e-02
501 2.59277343750000e-01 6.72247409820557e-02
502 1.95312500000000e-01 3.81469726562500e-02
503 1.56250000000000e-01 2.44140625000000e-02
504 1.86035156250000e-01 3.46090793609619e-02
505 1.78222656250000e-01 3.17633152008057e-02
506 2.65625000000000e-01 7.05566406250000e-02
507 2.24609375000000e-01 5.04493713378906e-02
508 2.21191406250000e-01 4.89256381988525e-02
509 2.21191406250000e-01 4.89256381988525e-02
510 2.91503906250000e-01 8.49745273590088e-02
511 3.47167968750000e-01 1.20525598526001e-01
512 4.23339843750000e-01 1.79216623306274e-01
513 3.99902343750000e-01 1.59921884536743e-01
514 4.45312500000000e-01 1.98303222656250e-01
515 4.18945312500000e-01 1.75515174865723e-01
516 3.65722656250000e-01 1.33753061294556e-01
517 3.34472656250000e-01 1.11871957778931e-01
518 2.95410156250000e-01 8.72671604156494e-02
519 3.62792968750000e-01 1.31618738174438e-01
520 3.53515625000000e-01 1.24973297119141e-01
521 4.11132812500000e-01 1.69030189514160e-01
522 4.50683593750000e-01 2.03115701675415e-01
523 4.07226562500000e-01 1.65833473205566e-01
524 4.32128906250000e-01 1.86735391616821e-01
525 3.79882812500000e-01 1.44310951232910e-01
526 3.43750000000000e-01 1.18164062500000e-01
527 3.21289062500000e-01 1.03226661682129e-01
528 3.40820312500000e-01 1.16158485412598e-01
529 3.61816406250000e-01 1.30911111831665e-01
530 3.11035156250000e-01 9.67428684234619e-02
531 3.75976562500000e-01 1.41358375549316e-01
532 4.41894531250000e-01 1.95270776748657e-01
533 4.41406250000000e-01 1.94839477539062e-01
534 4.70703125000000e-01 2.21561431884766e-01
535 4.45312500000000e-01 1.98303222656250e-01
536 4.82421875000000e-01 2.32730865478516e-01
537 5.28808593750000e-01 2.79638528823853e-01
538 5.45410156250000e-01 2.97472238540649e-01
539 5.65917968750000e-01 3.20263147354126e-01
540 5.33691406250000e-01 2.84826517105103e-01
541 4.91210937500000e-01 2.41288185119629e-01
542 4.51171875000000e-01 2.03556060791016e-01
543 5.47363281250000e-01 2.99606561660767e-01
544 5.37597656250000e-01 2.89011240005493e-01
545 5.35644531250000e-01 2.86915063858032e-01
546 5.43457031250000e-01 2.95345544815063e-01
547 4.71679687500000e-01 2.22481727600098e-01
548 4.73632812500000e-01 2.24328041076660e-01
549 4.66796875000000e-01 2.17899322509766e-01
550 4.70703125000000e-01 2.21561431884766e-01
551 4.48730468750000e-01 2.01359033584595e-01
552 4.34570312500000e-01 1.88851356506348e-01
553 4.09179687500000e-01 1.67428016662598e-01
554 4.30175781250000e-01 1.85051202774048e-01
555 4.04785156250000e-01 1.63851022720337e-01
556 4.46289062500000e-01 1.99173927307129e-01
557 4.87304687500000e-01 2.37465858459473e-01
558 4.96582031250000e-01 2.46593713760376e-01
559 5.07812500000000e-01 2.57873535156250e-01
560 4.95605468750000e-01 2.45624780654907e-01
561 4.38476562500000e-01 1.92261695861816e-01
562 4.91210937500000e-01 2.41288185119629e-01
563 4.40429687500000e-01 1.93978309631348e-01
564 4.16015625000000e-01 1.73069000244141e-01
565 4.16992187500000e-01 1.73882484436035e-01
566 4.37500000000000e-01 1.91406250000000e-01
567 3.65722656250000e-01 1.33753061294556e-01
568 3.82812500000000e-01 1.46545410156250e-01
569 3.58886718750000e-01 1.28799676895142e-01
570 3.42285156250000e-01 1.17159128189087e-01
571 4.12109375000000e-01 1.69834136962891e-01
572 4.87792968750000e-01 2.37941980361938e-01
573 5.31250000000000e-01 2.82226562500000e-01
574 5.83496093750000e-01 3.40467691421509e-01
575 5.86914062500000e-01 3.44468116760254e-01
576 5.89355468750000e-01 3.47339868545532e-01
577 5.65429687500000e-01 3.19710731506348e-01
578 6.40625000000000e-01 4.10400390625000e-01
579 6.02539062500000e-01 3.63053321838379e-01
580 6.34765625000000e-01 4.02927398681641e-01
581 5.95703125000000e-01 3.54862213134766e-01
582 6.23046875000000e-01 3.88187408447266e-01
583 6.41601562500000e-01 4.11652565002441e-01
584 5.88378906250000e-01 3.46189737319946e-01
585 5.81542968750000e-01 3.38192224502563e-01
586 6.04003906250000e-01 3.64820718765259e-01
587 6.09863281250000e-01 3.71933221817017e-01
588 5.96679687500000e-01 3.56026649475098e-01
589 5.92285156250000e-01 3.50801706314087e-01
590 5.99121093750000e-01 3.58946084976196e-01
591 6.51367187500000e-01 4.24279212951660e-01
592 6.52343750000000e-01 4.25552368164062e-01
593 6.64062500000000e-01 4.40979003906250e-01
594 6.31835937500000e-01 3.99216651916504e-01
595 6.49414062500000e-01 4.21738624572754e-01
596 5.83007812500000e-01 3.39898109436035e-01
597 5.32226562500000e-01 2.83265113830566e-01
598 5.19531250000000e-01 2.69912719726562e-01
599 5.40039062500000e-01 2.91642189025879e-01
600 5.90332031250000e-01 3.48491907119751e-01
601 5.91796875000000e-01 3.50223541259766e-01
602 5.08300781250000e-01 2.58369684219360e-01
603 5.08300781250000e-01 2.58369684219360e-01
604 5.46875000000000e-01 2.99072265625000e-01
605 5.52246093750000e-01 3.04975748062134e-01
606 6.20605468750000e-01 3.85151147842407e-01
607 5.66894531250000e-01 3.21369409561157e-01
608 6.00097656250000e-01 3.60117197036743e-01
609 5.94238281250000e-01 3.53119134902954e-01
610 6.33789062500000e-01 4.01688575744629e-01
611 6.44531250000000e-01 4.15420532226562e-01
612 6.38183593750000e-01 4.07278299331665e-01
613 6.13281250000000e-01 3.76113891601562e-01
614 5.83007812500000e-01 3.39898109436035e-01
615 5.87890625000000e-01 3.45615386962891e-01
616 5.16113281250000e-01 2.66372919082642e-01
617 4.89746093750000e-01 2.39851236343384e-01
618 5.13671875000000e-01 2.63858795166016e-01
619 5.28320312500000e-01 2.79122352600098e-01
620 5.47851562500000e-01 3.00141334533691e-01
621 4.98046875000000e-01 2.48050689697266e-01
622 5.40039062500000e-01 2.91642189025879e-01
623 5.23437500000000e-01 2.73986816406250e-01
624 5.58105468750000e-01 3.11481714248657e-01
625 5.72753906250000e-01 3.28047037124634e-01
626 5.46875000000000e-01 2.99072265625000e-01
627 5.14648437500000e-01 2.64863014221191e-01
628 5.40527343750000e-01 2.92169809341431e-01
629 5.30273437500000e-01 2.81189918518066e-01
630 4.86328125000000e-01 2.36515045166016e-01
631 5.40039062500000e-01 2.91642189025879e-01
632 4.75585937500000e-01 2.26181983947754e-01
633 4.92675781250000e-01 2.42729425430298e-01
634 5.30273437500000e-01 2.81189918518066e-01
635 5.25878906250000e-01 2.76548624038696e-01
636 5.32226562500000e-01 2.83265113830566e-01
637 4.94140625000000e-01 2.44174957275391e-01
638 4.52148437500000e-01 2.04438209533691e-01
639 4.03808593750000e-01 1.63061380386353e-01
640 3.99414062500000e-01 1.59531593322754e-01
641 3.66210937500000e-01 1.34110450744629e-01
642 2.98339843750000e-01 8.90066623687744e-02
643 2.21191406250000e-01 4.89256381988525e-02
644 2.31445312500000e-01 5.35669326782227e-02
645 2.26562500000000e-01 5.13305664062500e-02
646 1.57714843750000e-01 2.48739719390869e-02
647 9.96093750000000e-02 9.92202758789062e-03
648 1.07421875000000e-02 1.15394592285156e-04
649 1.66015625000000e-02 2.75611877441406e-04
650 3.17382812500000e-02 1.00731849670410e-03
651 1.95312500000000e-03 3.81469726562500e-06
652 4.34570312500000e-02 1.88851356506348e-03
653 7.32421875000000e-03 5.36441802978516e-05
654 2.49023437500000e-02 6.20126724243164e-04
655 4.88281250000000e-04 2.38418579101562e-07
656 1.95312500000000e-03 3.81469726562500e-06
657 6.83593750000000e-02 4.67300415039062e-03
658 4.05273437500000e-02 1.64246559143066e-03
659 2.24609375000000e-02 5.04493713378906e-04
660 3.71093750000000e-02 1.37710571289062e-03
661 4.19921875000000e-02 1.76334381103516e-03
662 2.53906250000000e-02 6.44683837890625e-04
663 2.53906250000000e-02 6.44683837890625e-04
664 2.83203125000000e-02 8.02040100097656e-04
665 1.17187500000000e-01 1.37329101562500e-02
666 1.34277343750000e-01 1.80304050445557e-02
667 1.25488281250000e-01 1.57473087310791e-02
668 1.51367187500000e-01 2.29120254516602e-02
669 1.96777343750000e-01 3.87213230133057e-02
670 1.98242187500000e-01 3.92999649047852e-02
671 2.03125000000000e-01 4.12597656250000e-02
672 1.66015625000000e-01 2.75611877441406e-02
673 1.20605468750000e-01 1.45456790924072e-02
674 1.74804687500000e-01 3.05566787719727e-02
675 1.25000000000000e-01 1.56250000000000e-02
676 1.23535156250000e-01 1.52609348297119e-02
677 1.36230468750000e-01 1.85587406158447e-02
678 1.22070312500000e-01 1.49011611938477e-02
679 1.26953125000000e-01 1.61170959472656e-02
680 1.91894531250000e-01 3.68235111236572e-02
681 1.33789062500000e-01 1.78995132446289e-02
682 1.31347656250000e-01 1.72522068023682e-02
683 4.49218750000000e-02 2.01797485351562e-03
684 1.85546875000000e-02 3.44276428222656e-04
685 7.32421875000000e-03 5.36441802978516e-05
686 6.98242187500000e-02 4.87542152404785e-03
687 3.51562500000000e-02 1.23596191406250e-03
688 4.39453125000000e-03 1.93119049072266e-05
689 9.76562500000000e-03 9.53674316406250e-05
690 3.22265625000000e-02 1.03855133056641e-03
691 5.32226562500000e-02 2.83265113830566e-03
692 5.32226562500000e-02 2.83265113830566e-03
693 1.56250000000000e-02 2.44140625000000e-04
694 3.85742187500000e-02 1.48797035217285e-03
695 1.80664062500000e-02 3.26395034790039e-04
696 1.75781250000000e-02 3.08990478515625e-04
697 1.26953125000000e-02 1.61170959472656e-04
698 6.29882812500000e-02 3.96752357482910e-03
699 9.32617187500000e-02 8.69774818420410e-03
700 1.01562500000000e-01 1.03149414062500e-02
701 5.85937500000000e-02 3.43322753906250e-03
702 9.71679687500000e-02 9.44161415100098e-03
703 8.20312500000000e-02 6.72912597656250e-03
704 4.88281250000000e-02 2.38418579101562e-03
705 5.46875000000000e-02 2.99072265625000e-03
706 3.61328125000000e-02 1.30558013916016e-03
707 1.44042968750000e-01 2.07483768463135e-02
708 1.40625000000000e-01 1.97753906250000e-02
709 7.42187500000000e-02 5.50842285156250e-03
710 1.38183593750000e-01 1.90947055816650e-02
711 8.25195312500000e-02 6.80947303771973e-03
712 9.08203125000000e-02 8.24832916259766e-03
713 1.27929687500000e-01 1.63660049438477e-02
714 1.14746093750000e-01 1.31666660308838e-02
715 1.12304687500000e-01 1.26123428344727e-02
716 1.19628906250000e-01 1.43110752105713e-02
717 1.88964843750000e-01 3.57077121734619e-02
718 9.37500000000000e-02 8.78906250000000e-03
719 9.27734375000000e-02 8.60691070556641e-03
720 9.57031250000000e-02 9.15908813476562e-03
721 7.71484375000000e-02 5.95188140869141e-03
722 1.07421875000000e-02 1.15394592285156e-04
723 8.05664062500000e-02 6.49094581604004e-03
724 2.29492187500000e-02 5.26666641235352e-04
725 1.56250000000000e-02 2.44140625000000e-04
726 6.78710937500000e-02 4.60648536682129e-03
727 1.31835937500000e-02 1.73807144165039e-04
728 2.58789062500000e-02 6.69717788696289e-04
729 3.36914062500000e-02 1.13511085510254e-03
730 5.46875000000000e-02 2.99072265625000e-03
731 1.08398437500000e-01 1.17502212524414e-02
732 1.25488281250000e-01 1.57473087310791e-02
733 1.66503906250000e-01 2.77235507965088e-02
734 1.72363281250000e-01 2.97091007232666e-02
735 1.56250000000000e-01 2.44140625000000e-02
736 1.71386718750000e-01 2.93734073638916e-02
737 1.17187500000000e-01 1.37329101562500e-02
738 1.09863281250000e-01 1.20699405670166e-02
739 8.69140625000000e-02 7.55405426025391e-03
740 7.12890625000000e-02 5.08213043212891e-03
741 1.66015625000000e-02 2.75611877441406e-04
742 2.05078125000000e-02 4.20570373535156e-04
743 2.78320312500000e-02 7.74621963500977e-04
744 3.80859375000000e-02 1.45053863525391e-03
745 4.93164062500000e-02 2.43210792541504e-03
746 1.09375000000000e-01 1.19628906250000e-02
747 9.37500000000000e-02 8.78906250000000e-03
748 1.78710937500000e-01 3.19375991821289e-02
749 1.83593750000000e-01 3.37066650390625e-02
750 1.34277343750000e-01 1.80304050445557e-02
751 1.47460937500000e-01 2.17447280883789e-02
752 9.96093750000000e-02 9.92202758789062e-03
753 1.09375000000000e-01 1.19628906250000e-02
754 8.88671875000000e-02 7.89737701416016e-03
755 5.27343750000000e-02 2.78091430664062e-03
756 7.71484375000000e-02 5.95188140869141e-03
757 8.30078125000000e-02 6.89029693603516e-03
758 9.17968750000000e-02 8.42666625976562e-03
759 1.35253906250000e-01 1.82936191558838e-02
760 1.81640625000000e-01 3.29933166503906e-02
761 1.66503906250000e-01 2.77235507965088e-02
762 1.99218750000000e-01 3.96881103515625e-02
763 1.93847656250000e-01 3.75769138336182e-02
764 2.18261718750000e-01 4.76381778717041e-02
765 1.50390625000000e-01 2.26173400878906e-02
766 2.02148437500000e-01 4.08639907836914e-02
767 1.92382812500000e-01 3.70111465454102e-02
768 1.91894531250000e-01 3.68235111236572e-02
769 1.65527343750000e-01 2.73993015289307e-02
770 1.44531250000000e-01 2.08892822265625e-02
771 1.21093750000000e-01 1.46636962890625e-02
772 7.17773437500000e-02 5.15198707580566e-03
773 1.00097656250000e-01 1.00195407867432e-02
774 6.39648437500000e-02 4.09150123596191e-03
775 1.40136718750000e-01 1.96382999420166e-02
776 1.66015625000000e-01 2.75611877441406e-02
777 2.01171875000000e-01 4.04701232910156e-02
778 1.23046875000000e-01 1.51405334472656e-02
779 1.23535156250000e-01 1.52609348297119e-02
780 8.93554687500000e-02 7.98439979553223e-03
781 6.73828125000000e-02 4.54044342041016e-03
782 6.93359375000000e-02 4.80747222900391e-03
783 9.86328125000000e-02 9.72843170166016e-03
784 1.28906250000000e-01 1.66168212890625e-02
785 1.71875000000000e-01 2.95410156250000e-02
786 1.89941406250000e-01 3.60777378082275e-02
787 2.00683593750000e-01 4.02739048004150e-02
788 1.87988281250000e-01 3.53395938873291e-02
789 2.27539062500000e-01 5.17740249633789e-02
790 2.02636718750000e-01 4.10616397857666e-02
791 1.67968750000000e-01 2.82135009765625e-02
792 1.55761718750000e-01 2.42617130279541e-02
793 2.04589843750000e-01 4.18570041656494e-02
794 2.54394531250000e-01 6.47165775299072e-02
795 2.56835937500000e-01 6.59646987915039e-02
796 3.07617187500000e-01 9.46283340454102e-02
797 3.33007812500000e-01 1.10894203186035e-01
798 3.13476562500000e-01 9.82675552368164e-02
799 3.07128906250000e-01 9.43281650543213e-02
800 2.44628906250000e-01 5.98433017730713e-02
801 2.27050781250000e-01 5.15520572662354e-02
802 2.37792968750000e-01 5.65454959869385e-02
803 3.08593750000000e-01 9.52301025390625e-02
804 2.73437500000000e-01 7.47680664062500e-02
805 3.39355468750000e-01 1.15162134170532e-01
806 3.60351562500000e-01 1.29853248596191e-01
807 3.41308593750000e-01 1.16491556167603e-01
808 3.33007812500000e-01 1.10894203186035e-01
809 3.30566406250000e-01 1.09274148941040e-01
810 3.11035156250000e-01 9.67428684234619e-02
811 3.36425781250000e-01 1.13182306289673e-01
812 2.78808593750000e-01 7.77342319488525e-02
813 2.77832031250000e-01 7.71906375885010e-02
814 2.68554687500000e-01 7.21216201782227e-02
815 2.10937500000000e-01 4.44946289062500e-02
816 2.76367187500000e-01 7.63788223266602e-02
817 2.07519531250000e-01 4.30643558502197e-02
818 2.66601562500000e-01 7.10763931274414e-02
819 2.83203125000000e-01 8.02040100097656e-02
820 2.64160156250000e-01 6.97805881500244e-02
821 3.22753906250000e-01 1.04170083999634e-01
822 3.84765625000000e-01 1.48044586181641e-01
823 3.70605468750000e-01 1.37348413467407e-01
824 3.35449218750000e-01 1.12526178359985e-01
825 3.30078125000000e-01 1.08951568603516e-01
826 3.10546875000000e-01 9.64393615722656e-02
827 4.04296875000000e-01 1.63455963134766e-01
828 3.75000000000000e-01 1.40625000000000e-01
829 3.33007812500000e-01 1.10894203186035e-01
830 3.25683593750000e-01 1.06069803237915e-01
831 3.82324218750000e-01 1.46171808242798e-01
832 3.38867187500000e-01 1.14830970764160e-01
833 3.90625000000000e-01 1.52587890625000e-01
834 3.80371093750000e-01 1.44682168960571e-01
835 4.04785156250000e-01 1.63851022720337e-01
836 3.95019531250000e-01 1.56040430068970e-01
837 4.29687500000000e-01 1.84631347656250e-01
838 4.72167968750000e-01 2.22942590713501e-01
839 4.41894531250000e-01 1.95270776748657e-01
840 4.12597656250000e-01 1.70236825942993e-01
841 3.37890625000000e-01 1.14170074462891e-01
842 3.84765625000000e-01 1.48044586181641e-01
843 4.44335937500000e-01 1.97434425354004e-01
844 5.55664062500000e-01 3.08762550354004e-01
845 5.81054687500000e-01 3.37624549865723e-01
846 5.04882812500000e-01 2.54906654357910e-01
847 5.50781250000000e-01 3.03359985351562e-01
848 4.68750000000000e-01 2.19726562500000e-01
849 4.44824218750000e-01 1.97868585586548e-01
850 5.30761718750000e-01 2.81708002090454e-01
851 5.26367187500000e-01 2.77062416076660e-01
852 5.46875000000000e-01 2.99072265625000e-01
853 5.75683593750000e-01 3.31411600112915e-01
854 6.13769531250000e-01 3.76713037490845e-01
855 5.67871093750000e-01 3.22477579116821e-01
856 5.68847656250000e-01 3.23587656021118e-01
857 5.30273437500000e-01 2.81189918518066e-01
858 5.66894531250000e-01 3.21369409561157e-01
859 5.81054687500000e-01 3.37624549865723e-01
860 6.32324218750000e-01 3.99833917617798e-01
861 5.83496093750000e-01 3.40467691421509e-01
862 5.63476562500000e-01 3.17505836486816e-01
863 5.94238281250000e-01 3.53119134902954e-01
864 5.45410156250000e-01 2.97472238540649e-01
865 5.98632812500000e-01 3.58361244201660e-01
866 5.87402343750000e-01 3.45041513442993e-01
867 6.03515625000000e-01 3.64231109619141e-01
868 5.55175781250000e-01 3.08220148086548e-01
869 6.15722656250000e-01 3.79114389419556e-01
870 6.16699218750000e-01 3.80317926406860e-01
871 6.23046875000000e-01 3.88187408447266e-01
872 5.86425781250000e-01 3.43895196914673e-01
873 5.99609375000000e-01 3.59531402587891e-01
874 6.15722656250000e-01 3.79114389419556e-01
875 5.77148437500000e-01 3.33100318908691e-01
876 5.23437500000000e-01 2.73986816406250e-01
877 5.60058593750000e-01 3.13665628433228e-01
878 5.45410156250000e-01 2.97472238540649e-01
879 5.26367187500000e-01 2.77062416076660e-01
880 5.27832031250000e-01 2.78606653213501e-01
881 4.72167968750000e-01 2.22942590713501e-01
882 5.17089843750000e-01 2.67381906509399e-01
883 5.03906250000000e-01 2.53921508789062e-01
884 4.51171875000000e-01 2.03556060791016e-01
885 4.68261718750000e-01 2.19269037246704e-01
886 4.37500000000000e-01 1.91406250000000e-01
887 4.40429687500000e-01 1.93978309631348e-01
888 4.09667968750000e-01 1.67827844619751e-01
889 4.46777343750000e-01 1.99609994888306e-01
890 3.37890625000000e-01 1.14170074462891e-01
891 3.68652343750000e-01 1.35904550552368e-01
892 4.04296875000000e-01 1.63455963134766e-01
893 4.12109375000000e-01 1.69834136962891e-01
894 4.47265625000000e-01 2.00046539306641e-01
895 4.52148437500000e-01 2.04438209533691e-01
896 3.90136718750000e-01 1.52206659317017e-01
897 3.70117187500000e-01 1.36986732482910e-01
898 4.03808593750000e-01 1.63061380386353e-01
899 3.90625000000000e-01 1.52587890625000e-01
900 3.57421875000000e-01 1.27750396728516e-01
901 3.33496093750000e-01 1.11219644546509e-01
902 4.31152343750000e-01 1.85892343521118e-01
903 3.77929687500000e-01 1.42830848693848e-01
904 3.72070312500000e-01 1.38436317443848e-01
905 3.23242187500000e-01 1.04485511779785e-01
906 3.30566406250000e-01 1.09274148941040e-01
907 3.40332031250000e-01 1.15825891494751e-01
908 3.40820312500000e-01 1.16158485412598e-01
909 3.53515625000000e-01 1.24973297119141e-01
910 4.05761718750000e-01 1.64642572402954e-01
911 3.31054687500000e-01 1.09597206115723e-01
912 2.77832031250000e-01 7.71906375885010e-02
913 2.81738281250000e-01 7.93764591217041e-02
914 2.17773437500000e-01 4.74252700805664e-02
915 2.53906250000000e-01 6.44683837890625e-02
916 2.23144531250000e-01 4.97934818267822e-02
917 2.45117187500000e-01 6.00824356079102e-02
918 2.20703125000000e-01 4.87098693847656e-02
919 2.18750000000000e-01 4.78515625000000e-02
920 2.65136718750000e-01 7.02974796295166e-02
921 2.82714843750000e-01 7.99276828765869e-02
922 3.16894531250000e-01 1.00422143936157e-01
923 2.78808593750000e-01 7.77342319488525e-02
924 3.55957031250000e-01 1.26705408096313e-01
925 3.16406250000000e-01 1.00112915039062e-01
926 2.40722656250000e-01 5.79473972320557e-02
927 2.57324218750000e-01 6.62157535552979e-02
928 3.16406250000000e-01 1.00112915039062e-01
929 3.48144531250000e-01 1.21204614639282e-01
930 3.95019531250000e-01 1.56040430068970e-01
931 4.10156250000000e-01 1.68228149414062e-01
932 3.99414062500000e-01 1.59531593322754e-01
933 4.51660156250000e-01 2.03996896743774e-01
934 4.46777343750000e-01 1.99609994888306e-01
935 4.71679687500000e-01 2.22481727600098e-01
936 4.22363281250000e-01 1.78390741348267e-01
937 4.00390625000000e-01 1.60312652587891e-01
938 3.47656250000000e-01 1.20864868164062e-01
939 3.76953125000000e-01 1.42093658447266e-01
940 4.48730468750000e-01 2.01359033584595e-01
941 4.60937500000000e-01 2.12463378906250e-01
942 4.77050781250000e-01 2.27577447891235e-01
943 4.32617187500000e-01 1.87157630920410e-01
944 4.70703125000000e-01 2.21561431884766e-01
945 4.38964843750000e-01 1.92690134048462e-01
946 4.49707031250000e-01 2.02236413955688e-01
947 4.64355468750000e-01 2.15626001358032e-01
948 4.35546875000000e-01 1.89701080322266e-01
949 4.43359375000000e-01 1.96567535400391e-01
950 4.37500000000000e-01 1.91406250000000e-01
951 4.52636718750000e-01 2.04879999160767e-01
952 5.18066406250000e-01 2.68392801284790e-01
953 6.17675781250000e-01 3.81523370742798e-01
954 6.26464843750000e-01 3.92458200454712e-01
955 6.53808593750000e-01 4.27465677261353e-01
956 6.47460937500000e-01 4.19205665588379e-01
957 6.66992187500000e-01 4.44878578186035e-01
958 6.56738281250000e-01 4.31305170059204e-01
959 6.27441406250000e-01 3.93682718276978e-01
960 6.22558593750000e-01 3.87579202651978e-01
961 6.30371093750000e-01 3.97367715835571e-01
962 5.99609375000000e-01 3.59531402587891e-01
963 6.21093750000000e-01 3.85757446289062e-01
964 6.15722656250000e-01 3.79114389419556e-01
965 5.83984375000000e-01 3.41037750244141e-01
966 5.30761718750000e-01 2.81708002090454e-01
967 5.41503906250000e-01 2.93226480484009e-01
968 5.86425781250000e-01 3.43895196914673e-01
969 6.55273437500000e-01 4.29383277893066e-01
970 6.60644531250000e-01 4.36451196670532e-01
971 6.40136718750000e-01 4.09775018692017e-01
972 6.65039062500000e-01 4.42276954650879e-01
973 6.11328125000000e-01 3.73722076416016e-01
974 6.33300781250000e-01 4.01069879531860e-01
975 6.56250000000000e-01 4.30664062500000e-01
976 5.93261718750000e-01 3.51959466934204e-01
977 5.71777343750000e-01 3.26929330825806e-01
978 6.08398437500000e-01 3.70148658752441e-01
979 6.56250000000000e-01 4.30664062500000e-01
980 6.62109375000000e-01 4.38388824462891e-01
981 6.40625000000000e-01 4.10400390625000e-01
982 6.17187500000000e-01 3.80920410156250e-01
983 6.00097656250000e-01 3.60117197036743e-01
984 6.64062500000000e-01 4.40979003906250e-01
985 6.83105468750000e-01 4.66633081436157e-01
986 7.01660156250000e-01 4.92326974868774e-01
987 6.93847656250000e-01 4.81424570083618e-01
988 7.19238281250000e-01 5.17303705215454e-01
989 6.63085937500000e-01 4.39682960510254e-01
990 6.19628906250000e-01 3.83939981460571e-01
991 6.47460937500000e-01 4.19205665588379e-01
992 6.85058593750000e-01 4.69305276870728e-01
993 7.16308593750000e-01 5.13098001480103e-01
994 7.51464843750000e-01 5.64699411392212e-01
995 6.88476562500000e-01 4.73999977111816e-01
996 6.87500000000000e-01 4.72656250000000e-01
997 6.05468750000000e-01 3.66592407226562e-01
998 5.95703125000000e-01 3.54862213134766e-01
999 5.91796875000000e-01 3.50223541259766e-01
