0 6.53808593750000e-01 4.27465677261353e-01
1 7.07031250000000e-01 4.99893188476562e-01
2 6.83105468750000e-01 4.66633081436157e-01
3 6.48437500000000e-01 4.20471191406250e-01
4 6.36230468750000e-01 4.04789209365845e-01
5 6.05468750000000e-01 3.66592407226562e-01
6 5.98144531250000e-01 3.57776880264282e-01
7 6.27441406250000e-01 3.93682718276978e-01
8 6.55761718750000e-01 4.30023431777954e-01
9 6.62109375000000e-01 4.38388824462891e-01
10 6.42089843750000e-01 4.12279367446899e-01
11 7.44628906250000e-01 5.54472208023071e-01
12 7.19238281250000e-01 5.17303705215454e-01
13 7.15332031250000e-01 5.11699914932251e-01
14 7.24609375000000e-01 5.25058746337891e-01
15 6.66992187500000e-01 4.44878578186035e-01
16 6.61132812500000e-01 4.37096595764160e-01
17 6.41113281250000e-01 4.11026239395142e-01
18 6.41113281250000e-01 4.11026239395142e-01
19 6.08398437500000e-01 3.70148658752441e-01
20 5.93261718750000e-01 3.51959466934204e-01
21 5.92773437500000e-01 3.51380348205566e-01
22 5.66406250000000e-01 3.20816040039062e-01
23 6.04980468750000e-01 3.66001367568970e-01
24 5.54199218750000e-01 3.07136774063110e-01
25 5.24414062500000e-01 2.75010108947754e-01
26 4.92187500000000e-01 2.42248535156250e-01
27 4.43359375000000e-01 1.96567535400391e-01
28 3.95019531250000e-01 1.56040430068970e-01
29 3.92089843750000e-01 1.53734445571899e-01
30 4.04785156250000e-01 1.63851022720337e-01
31 4.23339843750000e-01 1.79216623306274e-01
32 3.26660156250000e-01 1.06706857681274e-01
33 3.03222656250000e-01 9.19439792633057e-02
34 3.52539062500000e-01 1.24283790588379e-01
35 4.15039062500000e-01 1.72257423400879e-01
36 4.04785156250000e-01 1.63851022720337e-01
37 4.07226562500000e-01 1.65833473205566e-01
38 3.50585937500000e-01 1.22910499572754e-01
39 3.49609375000000e-01 1.22226715087891e-01
40 3.81347656250000e-01 1.45426034927368e-01
41 4.21386718750000e-01 1.77566766738892e-01
42 4.72167968750000e-01 2.22942590713501e-01
43 5.20019531250000e-01 2.70420312881470e-01
44 5.08300781250000e-01 2.58369684219360e-01
45 5.51757812500000e-01 3.04436683654785e-01
46 5.40527343750000e-01 2.92169809341431e-01
47 5.42480468750000e-01 2.94285058975220e-01
48 4.73632812500000e-01 2.24328041076660e-01
49 4.07226562500000e-01 1.65833473205566e-01
50 4.73144531250000e-01 2.23865747451782e-01
51 3.53515625000000e-01 1.24973297119141e-01
52 3.01269531250000e-01 9.07633304595947e-02
53 2.65136718750000e-01 7.02974796295166e-02
54 3.85253906250000e-01 1.48420572280884e-01
55 3.38867187500000e-01 1.14830970764160e-01
56 2.43652343750000e-01 5.93664646148682e-02
57 1.92382812500000e-01 3.70111465454102e-02
58 1.77734375000000e-01 3.15895080566406e-02
59 1.18164062500000e-01 1.39627456665039e-02
60 9.86328125000000e-02 9.72843170166016e-03
61 6.68945312500000e-02 4.47487831115723e-03
62 6.59179687500000e-02 4.34517860412598e-03
63 1.08398437500000e-01 1.17502212524414e-02
64 7.37304687500000e-02 5.43618202209473e-03
65 5.71289062500000e-02 3.26371192932129e-03
66 4.98046875000000e-02 2.48050689697266e-03
67 6.49414062500000e-02 4.21738624572754e-03
68 1.36718750000000e-02 1.86920166015625e-04
69 2.58789062500000e-02 6.69717788696289e-04
70 5.22460937500000e-02 2.72965431213379e-03
71 1.11328125000000e-01 1.23939514160156e-02
72 1.32812500000000e-01 1.76391601562500e-02
73 1.96777343750000e-01 3.87213230133057e-02
74 1.46972656250000e-01 2.16009616851807e-02
75 1.70898437500000e-01 2.92062759399414e-02
76 1.66015625000000e-01 2.75611877441406e-02
77 1.96289062500000e-01 3.85293960571289e-02
78 1.05957031250000e-01 1.12268924713135e-02
79 1.82617187500000e-01 3.33490371704102e-02
80 1.82128906250000e-01 3.31709384918213e-02
81 1.15722656250000e-01 1.33917331695557e-02
82 9.61914062500000e-02 9.25278663635254e-03
83 1.12304687500000e-01 1.26123428344727e-02
84 7.56835937500000e-02 5.72800636291504e-03
85 1.00097656250000e-01 1.00195407867432e-02
86 3.85742187500000e-02 1.48797035217285e-03
87 2.19726562500000e-02 4.82797622680664e-04
88 4.54101562500000e-02 2.06208229064941e-03
89 2.58789062500000e-02 6.69717788696289e-04
90 2.19726562500000e-02 4.82797622680664e-04
91 5.85937500000000e-03 3.43322753906250e-05
92 2.39257812500000e-02 5.72443008422852e-04
93 6.64062500000000e-02 4.40979003906250e-03
94 7.66601562500000e-02 5.87677955627441e-03
95 7.91015625000000e-02 6.25705718994141e-03
96 1.66015625000000e-02 2.75611877441406e-04
97 6.25000000000000e-02 3.90625000000000e-03
98 7.32421875000000e-03 5.36441802978516e-05
99 3.56445312500000e-02 1.27053260803223e-03
100 8.49609375000000e-02 7.21836090087891e-03
101 1.81152343750000e-01 3.28161716461182e-02
102 1.73339843750000e-01 3.00467014312744e-02
103 1.27441406250000e-01 1.62413120269775e-02
104 1.20117187500000e-01 1.44281387329102e-02
105 1.63085937500000e-01 2.65970230102539e-02
106 2.06542968750000e-01 4.26599979400635e-02
107 1.89941406250000e-01 3.60777378082275e-02
108 1.86035156250000e-01 3.46090793609619e-02
109 1.51367187500000e-01 2.29120254516602e-02
110 1.79687500000000e-01 3.22875976562500e-02
111 1.87500000000000e-01 3.51562500000000e-02
112 2.26562500000000e-01 5.13305664062500e-02
113 2.75390625000000e-01 7.58399963378906e-02
114 2.85644531250000e-01 8.15927982330322e-02
115 2.59765625000000e-01 6.74781799316406e-02
116 2.04589843750000e-01 4.18570041656494e-02
117 1.40136718750000e-01 1.96382999420166e-02
118 1.33789062500000e-01 1.78995132446289e-02
119 1.61621093750000e-01 2.61213779449463e-02
120 1.16210937500000e-01 1.35049819946289e-02
121 1.38671875000000e-01 1.92298889160156e-02
122 1.55273437500000e-01 2.41098403930664e-02
123 1.74316406250000e-01 3.03862094879150e-02
124 2.38769531250000e-01 5.70108890533447e-02
125 2.15820312500000e-01 4.65784072875977e-02
126 2.37304687500000e-01 5.63135147094727e-02
127 2.37304687500000e-01 5.63135147094727e-02
128 3.25683593750000e-01 1.06069803237915e-01
129 3.54980468750000e-01 1.26011133193970e-01
130 3.05175781250000e-01 9.31322574615479e-02
131 3.02734375000000e-01 9.16481018066406e-02
132 3.19335937500000e-01 1.01975440979004e-01
133 2.14355468750000e-01 4.59482669830322e-02
134 2.32910156250000e-01 5.42471408843994e-02
135 2.64160156250000e-01 6.97805881500244e-02
136 2.61230468750000e-01 6.82413578033447e-02
137 2.90039062500000e-01 8.41226577758789e-02
138 2.97363281250000e-01 8.84249210357666e-02
139 2.98828125000000e-01 8.92982482910156e-02
140 3.21777343750000e-01 1.03540658950806e-01
141 2.73437500000000e-01 7.47680664062500e-02
142 2.67578125000000e-01 7.15980529785156e-02
143 2.80273437500000e-01 7.85531997680664e-02
144 2.28027343750000e-01 5.19964694976807e-02
145 2.61230468750000e-01 6.82413578033447e-02
146 2.68554687500000e-01 7.21216201782227e-02
147 3.08105468750000e-01 9.49289798736572e-02
148 2.87597656250000e-01 8.27124118804932e-02
149 2.53417968750000e-01 6.42206668853760e-02
150 2.20703125000000e-01 4.87098693847656e-02
151 2.93457031250000e-01 8.61170291900635e-02
152 2.76367187500000e-01 7.63788223266602e-02
153 2.54882812500000e-01 6.49652481079102e-02
154 2.94921875000000e-01 8.69789123535156e-02
155 2.44140625000000e-01 5.96046447753906e-02
156 2.29003906250000e-01 5.24427890777588e-02
157 2.15820312500000e-01 4.65784072875977e-02
158 1.85546875000000e-01 3.44276428222656e-02
159 1.95800781250000e-01 3.83379459381104e-02
160 2.29003906250000e-01 5.24427890777588e-02
161 2.51953125000000e-01 6.34803771972656e-02
162 1.96289062500000e-01 3.85293960571289e-02
163 1.45996093750000e-01 2.13148593902588e-02
164 9.47265625000000e-02 8.97312164306641e-03
165 8.25195312500000e-02 6.80947303771973e-03
166 1.85546875000000e-02 3.44276428222656e-04
167 7.08007812500000e-02 5.01275062561035e-03
168 4.58984375000000e-02 2.10666656494141e-03
169 5.85937500000000e-02 3.43322753906250e-03
170 4.05273437500000e-02 1.64246559143066e-03
171 2.34375000000000e-02 5.49316406250000e-04
172 1.02050781250000e-01 1.04143619537354e-02
173 4.49218750000000e-02 2.01797485351562e-03
174 1.95312500000000e-02 3.81469726562500e-04
175 4.63867187500000e-02 2.15172767639160e-03
176 4.88281250000000e-02 2.38418579101562e-03
177 5.07812500000000e-02 2.57873535156250e-03
178 1.07421875000000e-02 1.15394592285156e-04
179 4.44335937500000e-02 1.97434425354004e-03
180 3.41796875000000e-03 1.16825103759766e-05
181 6.83593750000000e-03 4.67300415039062e-05
182 5.12695312500000e-02 2.62856483459473e-03
183 5.41992187500000e-02 2.93755531311035e-03
184 9.27734375000000e-03 8.60691070556641e-05
185 5.02929687500000e-02 2.52938270568848e-03
186 6.25000000000000e-02 3.90625000000000e-03
187 3.85742187500000e-02 1.48797035217285e-03
188 6.83593750000000e-02 4.67300415039062e-03
189 1.15722656250000e-01 1.33917331695557e-02
190 2.39257812500000e-02 5.72443008422852e-04
191 9.27734375000000e-03 8.60691070556641e-05
192 9.76562500000000e-03 9.53674316406250e-05
193 4.39453125000000e-03 1.93119049072266e-05
194 3.36914062500000e-02 1.13511085510254e-03
195 5.46875000000000e-02 2.99072265625000e-03
196 9.22851562500000e-02 8.51655006408691e-03
197 1.71875000000000e-01 2.95410156250000e-02
198 1.66992187500000e-01 2.78863906860352e-02
199 1.10351562500000e-01 1.21774673461914e-02
200 1.23046875000000e-01 1.51405334472656e-02
201 1.18164062500000e-01 1.39627456665039e-02
202 1.78222656250000e-01 3.17633152008057e-02
203 1.80175781250000e-01 3.24633121490479e-02
204 2.34375000000000e-01 5.49316406250000e-02
205 2.09472656250000e-01 4.38787937164307e-02
206 1.78222656250000e-01 3.17633152008057e-02
207 1.02539062500000e-01 1.05142593383789e-02
208 5.12695312500000e-02 2.62856483459473e-03
209 1.12304687500000e-02 1.26123428344727e-04
210 6.34765625000000e-03 4.02927398681641e-05
211 2.24609375000000e-02 5.04493713378906e-04
212 8.78906250000000e-03 7.72476196289062e-05
213 6.68945312500000e-02 4.47487831115723e-03
214 9.08203125000000e-02 8.24832916259766e-03
215 1.25488281250000e-01 1.57473087310791e-02
216 1.20605468750000e-01 1.45456790924072e-02
217 1.40136718750000e-01 1.96382999420166e-02
218 8.74023437500000e-02 7.63916969299316e-03
219 1.53320312500000e-01 2.35071182250977e-02
220 1.16699218750000e-01 1.36187076568604e-02
221 1.07421875000000e-01 1.15394592285156e-02
222 8.34960937500000e-02 6.97159767150879e-03
223 8.69140625000000e-02 7.55405426025391e-03
224 6.15234375000000e-02 3.78513336181641e-03
225 9.52148437500000e-02 9.06586647033691e-03
226 8.15429687500000e-02 6.64925575256348e-03
227 1.33300781250000e-01 1.77690982818604e-02
228 1.83593750000000e-01 3.37066650390625e-02
229 1.60156250000000e-01 2.56500244140625e-02
230 1.70898437500000e-01 2.92062759399414e-02
231 8.93554687500000e-02 7.98439979553223e-03
232 8.25195312500000e-02 6.80947303771973e-03
233 8.59375000000000e-02 7.38525390625000e-03
234 1.71386718750000e-01 2.93734073638916e-02
235 2.34863281250000e-01 5.51607608795166e-02
236 2.37792968750000e-01 5.65454959869385e-02
237 2.20214843750000e-01 4.84945774078369e-02
238 2.14843750000000e-01 4.61578369140625e-02
239 1.91894531250000e-01 3.68235111236572e-02
240 1.03515625000000e-01 1.07154846191406e-02
241 1.52343750000000e-01 2.32086181640625e-02
242 1.48925781250000e-01 2.21788883209229e-02
243 1.62109375000000e-01 2.62794494628906e-02
244 9.66796875000000e-02 9.34696197509766e-03
245 8.83789062500000e-02 7.81083106994629e-03
246 1.76269531250000e-01 3.10709476470947e-02
247 9.42382812500000e-02 8.88085365295410e-03
248 1.30859375000000e-01 1.71241760253906e-02
249 1.16699218750000e-01 1.36187076568604e-02
250 9.27734375000000e-02 8.60691070556641e-03
251 8.15429687500000e-02 6.64925575256348e-03
252 6.88476562500000e-02 4.73999977111816e-03
253 1.24023437500000e-01 1.53818130493164e-02
254 1.20605468750000e-01 1.45456790924072e-02
255 8.59375000000000e-02 7.38525390625000e-03
256 1.18652343750000e-01 1.40783786773682e-02
257 1.07421875000000e-02 1.15394592285156e-04
258 1.02539062500000e-02 1.05142593383789e-04
259 6.20117187500000e-02 3.84545326232910e-03
260 1.17187500000000e-02 1.37329101562500e-04
261 3.27148437500000e-02 1.07026100158691e-03
262 6.25000000000000e-02 3.90625000000000e-03
263 7.91015625000000e-02 6.25705718994141e-03
264 1.46484375000000e-03 2.14576721191406e-06
265 2.05078125000000e-02 4.20570373535156e-04
266 7.81250000000000e-03 6.10351562500000e-05
267 1.95312500000000e-03 3.81469726562500e-06
268 1.51367187500000e-02 2.29120254516602e-04
269 1.80664062500000e-02 3.26395034790039e-04
270 4.49218750000000e-02 2.01797485351562e-03
271 3.17382812500000e-02 1.00731849670410e-03
272 2.49023437500000e-02 6.20126724243164e-04
273 8.44726562500000e-02 7.13562965393066e-03
274 3.90625000000000e-02 1.52587890625000e-03
275 7.81250000000000e-03 6.10351562500000e-05
276 6.83593750000000e-03 4.67300415039062e-05
277 2.92968750000000e-03 8.58306884765625e-06
278 2.49023437500000e-02 6.20126724243164e-04
279 7.95898437500000e-02 6.33454322814941e-03
280 9.08203125000000e-02 8.24832916259766e-03
281 1.12304687500000e-02 1.26123428344727e-04
282 5.32226562500000e-02 2.83265113830566e-03
283 6.29882812500000e-02 3.96752357482910e-03
284 3.90625000000000e-02 1.52587890625000e-03
285 6.98242187500000e-02 4.87542152404785e-03
286 8.15429687500000e-02 6.64925575256348e-03
287 1.07910156250000e-01 1.16446018218994e-02
288 8.88671875000000e-02 7.89737701416016e-03
289 5.61523437500000e-02 3.15308570861816e-03
290 9.27734375000000e-02 8.60691070556641e-03
291 6.83593750000000e-03 4.67300415039062e-05
292 1.80664062500000e-02 3.26395034790039e-04
293 6.98242187500000e-02 4.87542152404785e-03
294 2.44140625000000e-03 5.96046447753906e-06
295 1.31835937500000e-02 1.73807144165039e-04
296 8.30078125000000e-03 6.89029693603516e-05
297 2.34375000000000e-02 5.49316406250000e-04
298 3.56445312500000e-02 1.27053260803223e-03
299 4.10156250000000e-02 1.68228149414062e-03
300 5.95703125000000e-02 3.54862213134766e-03
301 6.78710937500000e-02 4.60648536682129e-03
302 9.37500000000000e-02 8.78906250000000e-03
303 8.10546875000000e-02 6.56986236572266e-03
304 3.27148437500000e-02 1.07026100158691e-03
305 6.39648437500000e-02 4.09150123596191e-03
306 4.15039062500000e-02 1.72257423400879e-03
307 3.41796875000000e-03 1.16825103759766e-05
308 1.10351562500000e-01 1.21774673461914e-02
309 1.60156250000000e-01 2.56500244140625e-02
310 2.20214843750000e-01 4.84945774078369e-02
311 2.13867187500000e-01 4.57391738891602e-02
312 2.07031250000000e-01 4.28619384765625e-02
313 1.68457031250000e-01 2.83777713775635e-02
314 1.72851562500000e-01 2.98776626586914e-02
315 1.74316406250000e-01 3.03862094879150e-02
316 1.80664062500000e-01 3.26395034790039e-02
317 9.96093750000000e-02 9.92202758789062e-03
318 1.39648437500000e-01 1.95016860961914e-02
319 3.46679687500000e-02 1.20186805725098e-03
320 5.76171875000000e-02 3.31974029541016e-03
321 2.73437500000000e-02 7.47680664062500e-04
322 7.12890625000000e-02 5.08213043212891e-03
323 9.03320312500000e-02 8.15987586975098e-03
324 1.23535156250000e-01 1.52609348297119e-02
325 1.11328125000000e-01 1.23939514160156e-02
326 1.38671875000000e-01 1.92298889160156e-02
327 1.88476562500000e-01 3.55234146118164e-02
328 1.34277343750000e-01 1.80304050445557e-02
329 7.03125000000000e-02 4.94384765625000e-03
330 1.17187500000000e-01 1.37329101562500e-02
331 2.21191406250000e-01 4.89256381988525e-02
332 1.97265625000000e-01 3.89137268066406e-02
333 1.88964843750000e-01 3.57077121734619e-02
334 2.07519531250000e-01 4.30643558502197e-02
335 1.44042968750000e-01 2.07483768463135e-02
336 1.32324218750000e-01 1.75096988677979e-02
337 1.39648437500000e-01 1.95016860961914e-02
338 8.88671875000000e-02 7.89737701416016e-03
339 7.76367187500000e-02 6.02746009826660e-03
340 3.12500000000000e-02 9.76562500000000e-04
341 2.63671875000000e-02 6.95228576660156e-04
342 1.02539062500000e-02 1.05142593383789e-04
343 5.37109375000000e-03 2.88486480712891e-05
344 3.95507812500000e-02 1.56426429748535e-03
345 1.85546875000000e-02 3.44276428222656e-04
346 8.30078125000000e-03 6.89029693603516e-05
347 3.80859375000000e-02 1.45053863525391e-03
348 4.68750000000000e-02 2.19726562500000e-03
349 5.85937500000000e-03 3.43322753906250e-05
350 1.07421875000000e-02 1.15394592285156e-04
351 7.22656250000000e-02 5.22232055664062e-03
352 1.28417968750000e-01 1.64911746978760e-02
353 4.58984375000000e-02 2.10666656494141e-03
354 8.15429687500000e-02 6.64925575256348e-03
355 8.00781250000000e-02 6.41250610351562e-03
356 1.35253906250000e-01 1.82936191558838e-02
357 2.08007812500000e-01 4.32672500610352e-02
358 2.32421875000000e-01 5.40199279785156e-02
359 1.75292968750000e-01 3.07276248931885e-02
360 1.84570312500000e-01 3.40662002563477e-02
361 1.70410156250000e-01 2.90396213531494e-02
362 2.00195312500000e-01 4.00781631469727e-02
363 1.05957031250000e-01 1.12268924713135e-02
364 1.21582031250000e-01 1.47821903228760e-02
365 1.47460937500000e-01 2.17447280883789e-02
366 1.70898437500000e-01 2.92062759399414e-02
367 2.31933593750000e-01 5.37931919097900e-02
368 2.54882812500000e-01 6.49652481079102e-02
369 2.35839843750000e-01 5.56204319000244e-02
370 2.81250000000000e-01 7.91015625000000e-02
371 2.15820312500000e-01 4.65784072875977e-02
372 1.96289062500000e-01 3.85293960571289e-02
373 1.43554687500000e-01 2.06079483032227e-02
374 1.62109375000000e-01 2.62794494628906e-02
375 2.24121093750000e-01 5.02302646636963e-02
376 1.47949218750000e-01 2.18889713287354e-02
377 1.78222656250000e-01 3.17633152008057e-02
378 1.09863281250000e-01 1.20699405670166e-02
379 1.26953125000000e-01 1.61170959472656e-02
380 6.64062500000000e-02 4.40979003906250e-03
381 7.47070312500000e-02 5.58114051818848e-03
382 4.24804687500000e-02 1.80459022521973e-03
383 4.49218750000000e-02 2.01797485351562e-03
384 2.05078125000000e-02 4.20570373535156e-04
385 3.12500000000000e-02 9.76562500000000e-04
386 8.78906250000000e-03 7.72476196289062e-05
387 1.46484375000000e-02 2.14576721191406e-04
388 2.78320312500000e-02 7.74621963500977e-04
389 8.10546875000000e-02 6.56986236572266e-03
390 9.17968750000000e-02 8.42666625976562e-03
391 5.56640625000000e-02 3.09848785400391e-03
392 1.30371093750000e-01 1.69966220855713e-02
393 1.96777343750000e-01 3.87213230133057e-02
394 2.30957031250000e-01 5.33411502838135e-02
395 2.83203125000000e-01 8.02040100097656e-02
396 2.06542968750000e-01 4.26599979400635e-02
397 2.04101562500000e-01 4.16574478149414e-02
398 2.74414062500000e-01 7.53030776977539e-02
399 2.81738281250000e-01 7.93764591217041e-02
400 2.54882812500000e-01 6.49652481079102e-02
401 2.15820312500000e-01 4.65784072875977e-02
402 2.45605468750000e-01 6.03220462799072e-02
403 2.94433593750000e-01 8.66911411285400e-02
404 2.64160156250000e-01 6.97805881500244e-02
405 2.64160156250000e-01 6.97805881500244e-02
406 2.77343750000000e-01 7.69195556640625e-02
407 3.08105468750000e-01 9.49289798736572e-02
408 2.95898437500000e-01 8.75558853149414e-02
409 2.57324218750000e-01 6.62157535552979e-02
410 3.17382812500000e-01 1.00731849670410e-01
411 3.29101562500000e-01 1.08307838439941e-01
412 3.26660156250000e-01 1.06706857681274e-01
413 3.04199218750000e-01 9.25371646881104e-02
414 3.18359375000000e-01 1.01352691650391e-01
415 2.89550781250000e-01 8.38396549224854e-02
416 3.20312500000000e-01 1.02600097656250e-01
417 2.95410156250000e-01 8.72671604156494e-02
418 2.28027343750000e-01 5.19964694976807e-02
419 2.68554687500000e-01 7.21216201782227e-02
420 2.99316406250000e-01 8.95903110504150e-02
421 3.18847656250000e-01 1.01663827896118e-01
422 3.27148437500000e-01 1.07026100158691e-01
423 2.94433593750000e-01 8.66911411285400e-02
424 2.36328125000000e-01 5.58509826660156e-02
425 2.58789062500000e-01 6.69717788696289e-02
426 3.41796875000000e-01 1.16825103759766e-01
427 3.78417968750000e-01 1.43200159072876e-01
428 4.52148437500000e-01 2.04438209533691e-01
429 4.67285156250000e-01 2.18355417251587e-01
430 5.13671875000000e-01 2.63858795166016e-01
431 5.09277343750000e-01 2.59363412857056e-01
432 5.16113281250000e-01 2.66372919082642e-01
433 5.81054687500000e-01 3.37624549865723e-01
434 5.62988281250000e-01 3.16955804824829e-01
435 5.34179687500000e-01 2.85347938537598e-01
436 4.71679687500000e-01 2.22481727600098e-01
437 5.03417968750000e-01 2.53429651260376e-01
438 5.32226562500000e-01 2.83265113830566e-01
439 5.82519531250000e-01 3.39329004287720e-01
440 6.35253906250000e-01 4.03547525405884e-01
441 6.08886718750000e-01 3.70743036270142e-01
442 6.61621093750000e-01 4.37742471694946e-01
443 6.96777343750000e-01 4.85498666763306e-01
444 6.54296875000000e-01 4.28104400634766e-01
445 6.74316406250000e-01 4.54702615737915e-01
446 6.48925781250000e-01 4.21104669570923e-01
447 6.18164062500000e-01 3.82126808166504e-01
448 5.83496093750000e-01 3.40467691421509e-01
449 6.39648437500000e-01 4.09150123596191e-01
450 6.15234375000000e-01 3.78513336181641e-01
451 6.56738281250000e-01 4.31305170059204e-01
452 6.52832031250000e-01 4.26189661026001e-01
453 6.33300781250000e-01 4.01069879531860e-01
454 6.48925781250000e-01 4.21104669570923e-01
455 5.93261718750000e-01 3.51959466934204e-01
456 5.89843750000000e-01 3.47915649414062e-01
457 6.10351562500000e-01 3.72529029846191e-01
458 5.29785156250000e-01 2.80672311782837e-01
459 5.57128906250000e-01 3.10392618179321e-01
460 5.60546875000000e-01 3.14212799072266e-01
461 5.20996093750000e-01 2.71436929702759e-01
462 6.01074218750000e-01 3.61290216445923e-01
463 5.24414062500000e-01 2.75010108947754e-01
464 5.35644531250000e-01 2.86915063858032e-01
465 5.13671875000000e-01 2.63858795166016e-01
466 4.74609375000000e-01 2.25254058837891e-01
467 4.74121093750000e-01 2.24790811538696e-01
468 4.74121093750000e-01 2.24790811538696e-01
469 4.94140625000000e-01 2.44174957275391e-01
470 4.81445312500000e-01 2.31789588928223e-01
471 4.35058593750000e-01 1.89275979995728e-01
472 4.55078125000000e-01 2.07096099853516e-01
473 4.85839843750000e-01 2.36040353775024e-01
474 4.43359375000000e-01 1.96567535400391e-01
475 3.87695312500000e-01 1.50307655334473e-01
476 4.33593750000000e-01 1.88003540039062e-01
477 4.15527343750000e-01 1.72662973403931e-01
478 3.64257812500000e-01 1.32683753967285e-01
479 4.14062500000000e-01 1.71447753906250e-01
480 3.82812500000000e-01 1.46545410156250e-01
481 4.11621093750000e-01 1.69431924819946e-01
482 4.07714843750000e-01 1.66231393814087e-01
483 3.57910156250000e-01 1.28099679946899e-01
484 4.10156250000000e-01 1.68228149414062e-01
485 4.15039062500000e-01 1.72257423400879e-01
486 4.06250000000000e-01 1.65039062500000e-01
487 3.61328125000000e-01 1.30558013916016e-01
488 3.18847656250000e-01 1.01663827896118e-01
489 3.24218750000000e-01 1.05117797851562e-01
490 3.47656250000000e-01 1.20864868164062e-01
491 3.33496093750000e-01 1.11219644546509e-01
492 2.71972656250000e-01 7.39691257476807e-02
493 2.75878906250000e-01 7.61091709136963e-02
494 1.80664062500000e-01 3.26395034790039e-02
495 1.94335937500000e-01 3.77664566040039e-02
496 2.25585937500000e-01 5.08890151977539e-02
497 2.00683593750000e-01 4.02739048004150e-02
498 1.96289062500000e-01 3.85293960571289e-02
499 2.39746093750000e-01 5.74781894683838e-02
500 2.26562500000000e-01 5.13305664062500e-02
501 2.09960937500000e-01 4.40835952758789e-02
502 2.28027343750000e-01 5.19964694976807e-02
503 1.92871093750000e-01 3.71992588043213e-02
504 1.26953125000000e-01 1.61170959472656e-02
505 1.56250000000000e-01 2.44140625000000e-02
506 1.02050781250000e-01 1.04143619537354e-02
507 7.61718750000000e-02 5.80215454101562e-03
508 1.38671875000000e-01 1.92298889160156e-02
509 1.99218750000000e-01 3.96881103515625e-02
510 1.84082031250000e-01 3.38861942291260e-02
511 1.69433593750000e-01 2.87077426910400e-02
512 1.14257812500000e-01 1.30548477172852e-02
513 1.03515625000000e-01 1.07154846191406e-02
514 1.20117187500000e-01 1.44281387329102e-02
515 1.40625000000000e-01 1.97753906250000e-02
516 1.30859375000000e-01 1.71241760253906e-02
517 1.70410156250000e-01 2.90396213531494e-02
518 1.05468750000000e-01 1.11236572265625e-02
519 1.44042968750000e-01 2.07483768463135e-02
520 6.93359375000000e-02 4.80747222900391e-03
521 6.64062500000000e-02 4.40979003906250e-03
522 9.08203125000000e-02 8.24832916259766e-03
523 1.57226562500000e-01 2.47201919555664e-02
524 1.72851562500000e-01 2.98776626586914e-02
525 1.74316406250000e-01 3.03862094879150e-02
526 1.33789062500000e-01 1.78995132446289e-02
527 1.15234375000000e-01 1.32789611816406e-02
528 1.48437500000000e-01 2.20336914062500e-02
529 1.42578125000000e-01 2.03285217285156e-02
530 1.86035156250000e-01 3.46090793609619e-02
531 1.63574218750000e-01 2.67565250396729e-02
532 1.86523437500000e-01 3.47909927368164e-02
533 1.32812500000000e-01 1.76391601562500e-02
534 1.75781250000000e-01 3.08990478515625e-02
535 2.04101562500000e-01 4.16574478149414e-02
536 2.40234375000000e-01 5.77125549316406e-02
537 2.19726562500000e-01 4.82797622680664e-02
538 2.29980468750000e-01 5.28910160064697e-02
539 2.50976562500000e-01 6.29892349243164e-02
540 3.02734375000000e-01 9.16481018066406e-02
541 2.64648437500000e-01 7.00387954711914e-02
542 2.92968750000000e-01 8.58306884765625e-02
543 2.56835937500000e-01 6.59646987915039e-02
544 2.61718750000000e-01 6.84967041015625e-02
545 2.98339843750000e-01 8.90066623687744e-02
546 3.05175781250000e-01 9.31322574615479e-02
547 2.50000000000000e-01 6.25000000000000e-02
548 2.85156250000000e-01 8.13140869140625e-02
549 3.67187500000000e-01 1.34826660156250e-01
550 4.12597656250000e-01 1.70236825942993e-01
551 3.53027343750000e-01 1.24628305435181e-01
552 3.94042968750000e-01 1.55269861221313e-01
553 3.63769531250000e-01 1.32328271865845e-01
554 3.86718750000000e-01 1.49551391601562e-01
555 3.62792968750000e-01 1.31618738174438e-01
556 3.05175781250000e-01 9.31322574615479e-02
557 3.39355468750000e-01 1.15162134170532e-01
558 3.05175781250000e-01 9.31322574615479e-02
559 3.09082031250000e-01 9.55317020416260e-02
560 2.92480468750000e-01 8.55448246002197e-02
561 3.09082031250000e-01 9.55317020416260e-02
562 3.33007812500000e-01 1.10894203186035e-01
563 3.30566406250000e-01 1.09274148941040e-01
564 4.02832031250000e-01 1.62273645401001e-01
565 3.75488281250000e-01 1.40991449356079e-01
566 3.49609375000000e-01 1.22226715087891e-01
567 3.65722656250000e-01 1.33753061294556e-01
568 4.37988281250000e-01 1.91833734512329e-01
569 4.60937500000000e-01 2.12463378906250e-01
570 5.12207031250000e-01 2.62356042861938e-01
571 5.46386718750000e-01 2.98538446426392e-01
572 5.75683593750000e-01 3.31411600112915e-01
573 5.35644531250000e-01 2.86915063858032e-01
574 5.20996093750000e-01 2.71436929702759e-01
575 4.51171875000000e-01 2.03556060791016e-01
576 3.75488281250000e-01 1.40991449356079e-01
577 3.95507812500000e-01 1.56426429748535e-01
578 3.69628906250000e-01 1.36625528335571e-01
579 3.75000000000000e-01 1.40625000000000e-01
580 3.39843750000000e-01 1.15493774414062e-01
581 3.76464843750000e-01 1.41725778579712e-01
582 3.80371093750000e-01 1.44682168960571e-01
583 3.61328125000000e-01 1.30558013916016e-01
584 3.82324218750000e-01 1.46171808242798e-01
585 3.72558593750000e-01 1.38799905776978e-01
586 3.44726562500000e-01 1.18836402893066e-01
587 3.73535156250000e-01 1.39528512954712e-01
588 4.47265625000000e-01 2.00046539306641e-01
589 4.40917968750000e-01 1.94408655166626e-01
590 3.65722656250000e-01 1.33753061294556e-01
591 3.62792968750000e-01 1.31618738174438e-01
592 3.61328125000000e-01 1.30558013916016e-01
593 3.68164062500000e-01 1.35544776916504e-01
594 3.59375000000000e-01 1.29150390625000e-01
595 3.28613281250000e-01 1.07986688613892e-01
596 3.25683593750000e-01 1.06069803237915e-01
597 2.25097656250000e-01 5.06689548492432e-02
598 2.46093750000000e-01 6.05621337890625e-02
599 1.48925781250000e-01 2.21788883209229e-02
600 1.35742187500000e-01 1.84259414672852e-02
601 1.44042968750000e-01 2.07483768463135e-02
602 8.00781250000000e-02 6.41250610351562e-03
603 9.52148437500000e-02 9.06586647033691e-03
604 1.41601562500000e-02 2.00510025024414e-04
605 4.10156250000000e-02 1.68228149414062e-03
606 1.51367187500000e-02 2.29120254516602e-04
607 1.02539062500000e-02 1.05142593383789e-04
608 1.95312500000000e-02 3.81469726562500e-04
609 1.07421875000000e-02 1.15394592285156e-04
610 5.37109375000000e-03 2.88486480712891e-05
611 3.12500000000000e-02 9.76562500000000e-04
612 6.44531250000000e-02 4.15420532226562e-03
613 6.05468750000000e-02 3.66592407226562e-03
614 1.31835937500000e-02 1.73807144165039e-04
615 1.85546875000000e-02 3.44276428222656e-04
616 3.12500000000000e-02 9.76562500000000e-04
617 1.51367187500000e-01 2.29120254516602e-02
618 1.49414062500000e-01 2.23245620727539e-02
619 1.96777343750000e-01 3.87213230133057e-02
620 2.21191406250000e-01 4.89256381988525e-02
621 1.93359375000000e-01 3.73878479003906e-02
622 1.64062500000000e-01 2.69165039062500e-02
623 1.84082031250000e-01 3.38861942291260e-02
624 1.75292968750000e-01 3.07276248931885e-02
625 9.27734375000000e-02 8.60691070556641e-03
626 7.95898437500000e-02 6.33454322814941e-03
627 1.33789062500000e-01 1.78995132446289e-02
628 6.83593750000000e-03 4.67300415039062e-05
629 1.31835937500000e-02 1.73807144165039e-04
630 2.19726562500000e-02 4.82797622680664e-04
631 3.22265625000000e-02 1.03855133056641e-03
632 5.76171875000000e-02 3.31974029541016e-03
633 1.95312500000000e-03 3.81469726562500e-06
634 2.68554687500000e-02 7.21216201782227e-04
635 1.02539062500000e-02 1.05142593383789e-04
636 2.14843750000000e-02 4.61578369140625e-04
637 1.95312500000000e-02 3.81469726562500e-04
638 1.95312500000000e-03 3.81469726562500e-06
639 4.15039062500000e-02 1.72257423400879e-03
640 1.11328125000000e-01 1.23939514160156e-02
641 1.42578125000000e-01 2.03285217285156e-02
642 5.32226562500000e-02 2.83265113830566e-03
643 8.49609375000000e-02 7.21836090087891e-03
644 6.98242187500000e-02 4.87542152404785e-03
645 8.83789062500000e-02 7.81083106994629e-03
646 1.19140625000000e-01 1.41944885253906e-02
647 1.42578125000000e-01 2.03285217285156e-02
648 1.67968750000000e-01 2.82135009765625e-02
649 1.07910156250000e-01 1.16446018218994e-02
650 6.25000000000000e-02 3.90625000000000e-03
651 5.27343750000000e-02 2.78091430664062e-03
652 5.85937500000000e-03 3.43322753906250e-05
653 4.58984375000000e-02 2.10666656494141e-03
654 3.95507812500000e-02 1.56426429748535e-03
655 6.73828125000000e-02 4.54044342041016e-03
656 2.68554687500000e-02 7.21216201782227e-04
657 5.71289062500000e-02 3.26371192932129e-03
658 5.32226562500000e-02 2.83265113830566e-03
659 2.09960937500000e-02 4.40835952758789e-04
660 5.66406250000000e-02 3.20816040039062e-03
661 8.59375000000000e-02 7.38525390625000e-03
662 1.21093750000000e-01 1.46636962890625e-02
663 8.44726562500000e-02 7.13562965393066e-03
664 5.12695312500000e-02 2.62856483459473e-03
665 2.39257812500000e-02 5.72443008422852e-04
666 6.15234375000000e-02 3.78513336181641e-03
667 7.27539062500000e-02 5.29313087463379e-03
668 6.59179687500000e-02 4.34517860412598e-03
669 7.76367187500000e-02 6.02746009826660e-03
670 1.84570312500000e-01 3.40662002563477e-02
671 1.92871093750000e-01 3.71992588043213e-02
672 1.75292968750000e-01 3.07276248931885e-02
673 2.25097656250000e-01 5.06689548492432e-02
674 2.19726562500000e-01 4.82797622680664e-02
675 1.60156250000000e-01 2.56500244140625e-02
676 1.65527343750000e-01 2.73993015289307e-02
677 1.93847656250000e-01 3.75769138336182e-02
678 2.03613281250000e-01 4.14583683013916e-02
679 1.77734375000000e-01 3.15895080566406e-02
680 1.73339843750000e-01 3.00467014312744e-02
681 1.51855468750000e-01 2.30600833892822e-02
682 1.63574218750000e-01 2.67565250396729e-02
683 1.52343750000000e-01 2.32086181640625e-02
684 1.70898437500000e-01 2.92062759399414e-02
685 1.13281250000000e-01 1.28326416015625e-02
686 1.49902343750000e-01 2.24707126617432e-02
687 1.42578125000000e-01 2.03285217285156e-02
688 1.49902343750000e-01 2.24707126617432e-02
689 1.79687500000000e-01 3.22875976562500e-02
690 1.49414062500000e-01 2.23245620727539e-02
691 2.20703125000000e-01 4.87098693847656e-02
692 2.84179687500000e-01 8.07580947875977e-02
693 2.63671875000000e-01 6.95228576660156e-02
694 2.67578125000000e-01 7.15980529785156e-02
695 2.90527343750000e-01 8.44061374664307e-02
696 2.97363281250000e-01 8.84249210357666e-02
697 3.75976562500000e-01 1.41358375549316e-01
698 4.26269531250000e-01 1.81705713272095e-01
699 4.33593750000000e-01 1.88003540039062e-01
700 4.82910156250000e-01 2.33202219009399e-01
701 4.68750000000000e-01 2.19726562500000e-01
702 4.50195312500000e-01 2.02675819396973e-01
703 4.67285156250000e-01 2.18355417251587e-01
704 4.16015625000000e-01 1.73069000244141e-01
705 4.59472656250000e-01 2.11115121841431e-01
706 4.76074218750000e-01 2.26646661758423e-01
707 4.55566406250000e-01 2.07540750503540e-01
708 4.11621093750000e-01 1.69431924819946e-01
709 3.25195312500000e-01 1.05751991271973e-01
710 3.09082031250000e-01 9.55317020416260e-02
711 2.87597656250000e-01 8.27124118804932e-02
712 2.93457031250000e-01 8.61170291900635e-02
713 2.82714843750000e-01 7.99276828765869e-02
714 2.49511718750000e-01 6.22560977935791e-02
715 2.24609375000000e-01 5.04493713378906e-02
716 2.83203125000000e-01 8.02040100097656e-02
717 3.11523437500000e-01 9.70468521118164e-02
718 3.59375000000000e-01 1.29150390625000e-01
719 3.57421875000000e-01 1.27750396728516e-01
720 3.13476562500000e-01 9.82675552368164e-02
721 2.56835937500000e-01 6.59646987915039e-02
722 2.31445312500000e-01 5.35669326782227e-02
723 1.96777343750000e-01 3.87213230133057e-02
724 2.07519531250000e-01 4.30643558502197e-02
725 1.56738281250000e-01 2.45668888092041e-02
726 1.01074218750000e-01 1.02159976959229e-02
727 1.59667968750000e-01 2.54938602447510e-02
728 2.22656250000000e-01 4.95758056640625e-02
729 2.18261718750000e-01 4.76381778717041e-02
730 1.95800781250000e-01 3.83379459381104e-02
731 1.21093750000000e-01 1.46636962890625e-02
732 2.04589843750000e-01 4.18570041656494e-02
733 2.00683593750000e-01 4.02739048004150e-02
734 2.17285156250000e-01 4.72128391265869e-02
735 2.33398437500000e-01 5.44748306274414e-02
736 2.10937500000000e-01 4.44946289062500e-02
737 1.91406250000000e-01 3.66363525390625e-02
738 2.25585937500000e-01 5.08890151977539e-02
739 1.83105468750000e-01 3.35276126861572e-02
740 2.40722656250000e-01 5.79473972320557e-02
741 1.88964843750000e-01 3.57077121734619e-02
742 1.77734375000000e-01 3.15895080566406e-02
743 8.88671875000000e-02 7.89737701416016e-03
744 1.41601562500000e-01 2.00510025024414e-02
745 1.72851562500000e-01 2.98776626586914e-02
746 1.82128906250000e-01 3.31709384918213e-02
747 1.18652343750000e-01 1.40783786773682e-02
748 1.43066406250000e-01 2.04679965972900e-02
749 9.17968750000000e-02 8.42666625976562e-03
750 7.32421875000000e-02 5.36441802978516e-03
751 1.05468750000000e-01 1.11236572265625e-02
752 8.05664062500000e-02 6.49094581604004e-03
753 1.59667968750000e-01 2.54938602447510e-02
754 1.52343750000000e-01 2.32086181640625e-02
755 7.27539062500000e-02 5.29313087463379e-03
756 5.90820312500000e-02 3.49068641662598e-03
757 8.98437500000000e-02 8.07189941406250e-03
758 7.81250000000000e-02 6.10351562500000e-03
759 8.05664062500000e-02 6.49094581604004e-03
760 1.04980468750000e-01 1.10208988189697e-02
761 1.38671875000000e-01 1.92298889160156e-02
762 1.58203125000000e-01 2.50282287597656e-02
763 2.10449218750000e-01 4.42888736724854e-02
764 1.57226562500000e-01 2.47201919555664e-02
765 1.58691406250000e-01 2.51829624176025e-02
766 1.15722656250000e-01 1.33917331695557e-02
767 1.51367187500000e-01 2.29120254516602e-02
768 1.68457031250000e-01 2.83777713775635e-02
769 1.61132812500000e-01 2.59637832641602e-02
770 1.31347656250000e-01 1.72522068023682e-02
771 1.38183593750000e-01 1.90947055816650e-02
772 1.38183593750000e-01 1.90947055816650e-02
773 6.39648437500000e-02 4.09150123596191e-03
774 8.98437500000000e-02 8.07189941406250e-03
775 7.95898437500000e-02 6.33454322814941e-03
776 5.22460937500000e-02 2.72965431213379e-03
777 4.29687500000000e-02 1.84631347656250e-03
778 1.61132812500000e-02 2.59637832641602e-04
779 9.13085937500000e-02 8.33725929260254e-03
780 5.51757812500000e-02 3.04436683654785e-03
781 7.03125000000000e-02 4.94384765625000e-03
782 6.00585937500000e-02 3.60703468322754e-03
783 1.26953125000000e-02 1.61170959472656e-04
784 6.54296875000000e-02 4.28104400634766e-03
785 3.80859375000000e-02 1.45053863525391e-03
786 6.34765625000000e-03 4.02927398681641e-05
787 1.11816406250000e-01 1.25029087066650e-02
788 1.18652343750000e-01 1.40783786773682e-02
789 1.32812500000000e-01 1.76391601562500e-02
790 2.03613281250000e-01 4.14583683013916e-02
791 2.17285156250000e-01 4.72128391265869e-02
792 2.44140625000000e-01 5.96046447753906e-02
793 1.76269531250000e-01 3.10709476470947e-02
794 2.02148437500000e-01 4.08639907836914e-02
795 1.96289062500000e-01 3.85293960571289e-02
796 2.02148437500000e-01 4.08639907836914e-02
797 2.15332031250000e-01 4.63678836822510e-02
798 2.08984375000000e-01 4.36744689941406e-02
799 2.50000000000000e-01 6.25000000000000e-02
800 1.87500000000000e-01 3.51562500000000e-02
801 1.60644531250000e-01 2.58066654205322e-02
802 2.06542968750000e-01 4.26599979400635e-02
803 2.07519531250000e-01 4.30643558502197e-02
804 2.05566406250000e-01 4.22575473785400e-02
805 1.96289062500000e-01 3.85293960571289e-02
806 1.69433593750000e-01 2.87077426910400e-02
807 1.87988281250000e-01 3.53395938873291e-02
808 2.13867187500000e-01 4.57391738891602e-02
809 1.86035156250000e-01 3.46090793609619e-02
810 2.53906250000000e-01 6.44683837890625e-02
811 2.48535156250000e-01 6.17697238922119e-02
812 2.12402343750000e-01 4.51147556304932e-02
813 2.62207031250000e-01 6.87525272369385e-02
814 2.90039062500000e-01 8.41226577758789e-02
815 2.34375000000000e-01 5.49316406250000e-02
816 2.05078125000000e-01 4.20570373535156e-02
817 2.02636718750000e-01 4.10616397857666e-02
818 2.11425781250000e-01 4.47008609771729e-02
819 1.34765625000000e-01 1.81617736816406e-02
820 6.64062500000000e-02 4.40979003906250e-03
821 6.98242187500000e-02 4.87542152404785e-03
822 2.92968750000000e-03 8.58306884765625e-06
823 3.36914062500000e-02 1.13511085510254e-03
824 6.98242187500000e-02 4.87542152404785e-03
825 1.83105468750000e-01 3.35276126861572e-02
826 1.44042968750000e-01 2.07483768463135e-02
827 6.78710937500000e-02 4.60648536682129e-03
828 1.42089843750000e-01 2.01895236968994e-02
829 1.75781250000000e-01 3.08990478515625e-02
830 7.17773437500000e-02 5.15198707580566e-03
831 1.16210937500000e-01 1.35049819946289e-02
832 1.22558593750000e-01 1.50206089019775e-02
833 1.27441406250000e-01 1.62413120269775e-02
834 1.53320312500000e-01 2.35071182250977e-02
835 1.59179687500000e-01 2.53381729125977e-02
836 1.94824218750000e-01 3.79564762115479e-02
837 1.55761718750000e-01 2.42617130279541e-02
838 7.51953125000000e-02 5.65433502197266e-03
839 1.11816406250000e-01 1.25029087066650e-02
840 1.68457031250000e-01 2.83777713775635e-02
841 1.79687500000000e-01 3.22875976562500e-02
842 1.52832031250000e-01 2.33576297760010e-02
843 1.04003906250000e-01 1.08168125152588e-02
844 1.38183593750000e-01 1.90947055816650e-02
845 5.71289062500000e-02 3.26371192932129e-03
846 6.25000000000000e-02 3.90625000000000e-03
847 1.11816406250000e-01 1.25029087066650e-02
848 8.25195312500000e-02 6.80947303771973e-03
849 6.05468750000000e-02 3.66592407226562e-03
850 1.01074218750000e-01 1.02159976959229e-02
851 7.27539062500000e-02 5.29313087463379e-03
852 9.27734375000000e-02 8.60691070556641e-03
853 9.71679687500000e-02 9.44161415100098e-03
854 2.63671875000000e-02 6.95228576660156e-04
855 1.80664062500000e-02 3.26395034790039e-04
856 1.66015625000000e-02 2.75611877441406e-04
857 4.88281250000000e-02 2.38418579101562e-03
858 5.37109375000000e-02 2.88486480712891e-03
859 6.54296875000000e-02 4.28104400634766e-03
860 1.15234375000000e-01 1.32789611816406e-02
861 6.29882812500000e-02 3.96752357482910e-03
862 0.00000000000000e+00 0.00000000000000e+00
863 2.34375000000000e-02 5.49316406250000e-04
864 9.03320312500000e-02 8.15987586975098e-03
865 8.59375000000000e-02 7.38525390625000e-03
866 7.61718750000000e-02 5.80215454101562e-03
867 8.88671875000000e-02 7.89737701416016e-03
868 1.13769531250000e-01 1.29435062408447e-02
869 5.02929687500000e-02 2.52938270568848e-03
870 9.57031250000000e-02 9.15908813476562e-03
871 9.08203125000000e-02 8.24832916259766e-03
872 1.46972656250000e-01 2.16009616851807e-02
873 1.17675781250000e-01 1.38475894927979e-02
874 1.79687500000000e-01 3.22875976562500e-02
875 2.39746093750000e-01 5.74781894683838e-02
876 2.11914062500000e-01 4.49075698852539e-02
877 1.79687500000000e-01 3.22875976562500e-02
878 1.43066406250000e-01 2.04679965972900e-02
879 1.79687500000000e-01 3.22875976562500e-02
880 1.76757812500000e-01 3.12433242797852e-02
881 2.17285156250000e-01 4.72128391265869e-02
882 1.77734375000000e-01 3.15895080566406e-02
883 1.84082031250000e-01 3.38861942291260e-02
884 1.67480468750000e-01 2.80497074127197e-02
885 2.38281250000000e-01 5.67779541015625e-02
886 2.97363281250000e-01 8.84249210357666e-02
887 3.03222656250000e-01 9.19439792633057e-02
888 3.45703125000000e-01 1.19510650634766e-01
889 2.88574218750000e-01 8.32750797271729e-02
890 2.68554687500000e-01 7.21216201782227e-02
891 1.95800781250000e-01 3.83379459381104e-02
892 2.61718750000000e-01 6.84967041015625e-02
893 2.76855468750000e-01 7.66489505767822e-02
894 2.06542968750000e-01 4.26599979400635e-02
895 1.87011718750000e-01 3.49733829498291e-02
896 2.23632812500000e-01 5.00116348266602e-02
897 1.67968750000000e-01 2.82135009765625e-02
898 2.78808593750000e-01 7.77342319488525e-02
899 2.41699218750000e-01 5.84185123443604e-02
900 2.76367187500000e-01 7.63788223266602e-02
901 1.97753906250000e-01 3.91066074371338e-02
902 2.00195312500000e-01 4.00781631469727e-02
903 2.45117187500000e-01 6.00824356079102e-02
904 2.97851562500000e-01 8.87155532836914e-02
905 3.32519531250000e-01 1.10569238662720e-01
906 3.40820312500000e-01 1.16158485412598e-01
907 3.25195312500000e-01 1.05751991271973e-01
908 3.54003906250000e-01 1.25318765640259e-01
909 2.83203125000000e-01 8.02040100097656e-02
910 2.93945312500000e-01 8.64038467407227e-02
911 2.80761718750000e-01 7.88271427154541e-02
912 2.80273437500000e-01 7.85531997680664e-02
913 2.85156250000000e-01 8.13140869140625e-02
914 3.26660156250000e-01 1.06706857681274e-01
915 3.54492187500000e-01 1.25664710998535e-01
916 2.65625000000000e-01 7.05566406250000e-02
917 2.27539062500000e-01 5.17740249633789e-02
918 2.10937500000000e-01 4.44946289062500e-02
919 2.39746093750000e-01 5.74781894683838e-02
920 2.03613281250000e-01 4.14583683013916e-02
921 1.92382812500000e-01 3.70111465454102e-02
922 2.21191406250000e-01 4.89256381988525e-02
923 1.93359375000000e-01 3.73878479003906e-02
924 2.29003906250000e-01 5.24427890777588e-02
925 3.12011718750000e-01 9.73513126373291e-02
926 3.58886718750000e-01 1.28799676895142e-01
927 3.79882812500000e-01 1.44310951232910e-01
928 3.47167968750000e-01 1.20525598526001e-01
929 3.66210937500000e-01 1.34110450744629e-01
930 2.91503906250000e-01 8.49745273590088e-02
931 3.02734375000000e-01 9.16481018066406e-02
932 2.82226562500000e-01 7.96518325805664e-02
933 2.07519531250000e-01 4.30643558502197e-02
934 1.89453125000000e-01 3.58924865722656e-02
935 2.04589843750000e-01 4.18570041656494e-02
936 1.82128906250000e-01 3.31709384918213e-02
937 1.19140625000000e-01 1.41944885253906e-02
938 1.01074218750000e-01 1.02159976959229e-02
939 9.37500000000000e-02 8.78906250000000e-03
940 1.22558593750000e-01 1.50206089019775e-02
941 2.03613281250000e-01 4.14583683013916e-02
942 2.30468750000000e-01 5.31158447265625e-02
943 2.01660156250000e-01 4.06668186187744e-02
944 2.31445312500000e-01 5.35669326782227e-02
945 2.17773437500000e-01 4.74252700805664e-02
946 1.97753906250000e-01 3.91066074371338e-02
947 1.94824218750000e-01 3.79564762115479e-02
948 2.31933593750000e-01 5.37931919097900e-02
949 2.02148437500000e-01 4.08639907836914e-02
950 1.62597656250000e-01 2.64379978179932e-02
951 8.59375000000000e-02 7.38525390625000e-03
952 1.08398437500000e-01 1.17502212524414e-02
953 1.79199218750000e-01 3.21123600006104e-02
954 1.55273437500000e-01 2.41098403930664e-02
955 9.91210937500000e-02 9.82499122619629e-03
956 7.66601562500000e-02 5.87677955627441e-03
957 1.23535156250000e-01 1.52609348297119e-02
958 1.42089843750000e-01 2.01895236968994e-02
959 9.57031250000000e-02 9.15908813476562e-03
960 1.37695312500000e-01 1.89599990844727e-02
961 2.13867187500000e-01 4.57391738891602e-02
962 2.58300781250000e-01 6.67192935943604e-02
963 1.91406250000000e-01 3.66363525390625e-02
964 1.46972656250000e-01 2.16009616851807e-02
965 9.61914062500000e-02 9.25278663635254e-03
966 1.12304687500000e-01 1.26123428344727e-02
967 9.81445312500000e-02 9.63234901428223e-03
968 1.05957031250000e-01 1.12268924713135e-02
969 1.02539062500000e-01 1.05142593383789e-02
970 1.60156250000000e-01 2.56500244140625e-02
971 1.51367187500000e-02 2.29120254516602e-04
972 7.81250000000000e-03 6.10351562500000e-05
973 8.00781250000000e-02 6.41250610351562e-03
974 4.15039062500000e-02 1.72257423400879e-03
975 1.61132812500000e-02 2.59637832641602e-04
976 5.71289062500000e-02 3.26371192932129e-03
977 8.30078125000000e-02 6.89029693603516e-03
978 5.51757812500000e-02 3.04436683654785e-03
979 6.34765625000000e-02 4.02927398681641e-03
980 5.02929687500000e-02 2.52938270568848e-03
981 5.71289062500000e-02 3.26371192932129e-03
982 1.50390625000000e-01 2.26173400878906e-02
983 2.31445312500000e-01 5.35669326782227e-02
984 3.07128906250000e-01 9.43281650543213e-02
985 2.78320312500000e-01 7.74621963500977e-02
986 2.70507812500000e-01 7.31744766235352e-02
987 2.08007812500000e-01 4.32672500610352e-02
988 1.28906250000000e-01 1.66168212890625e-02
989 8.25195312500000e-02 6.80947303771973e-03
990 1.09375000000000e-01 1.19628906250000e-02
991 8.54492187500000e-02 7.30156898498535e-03
992 1.12304687500000e-01 1.26123428344727e-02
993 1.38183593750000e-01 1.90947055816650e-02
994 1.75292968750000e-01 3.07276248931885e-02
995 1.95312500000000e-01 3.81469726562500e-02
996 1.53808593750000e-01 2.36570835113525e-02
997 9.96093750000000e-02 9.92202758789062e-03
998 6.10351562500000e-02 3.72529029846191e-03
999 3.27148437500000e-02 1.07026100158691e-03
