0 6.59179687500000e-01 4.34517860412598e-01
1 6.60156250000000e-01 4.35806274414062e-01
2 6.96777343750000e-01 4.85498666763306e-01
3 6.45507812500000e-01 4.16680335998535e-01
4 6.40625000000000e-01 4.10400390625000e-01
5 6.12304687500000e-01 3.74917030334473e-01
6 6.57714843750000e-01 4.32588815689087e-01
7 6.76757812500000e-01 4.58001136779785e-01
8 7.24609375000000e-01 5.25058746337891e-01
9 7.77343750000000e-01 6.04263305664062e-01
10 6.99218750000000e-01 4.88906860351562e-01
11 6.27929687500000e-01 3.94295692443848e-01
12 5.84960937500000e-01 3.42179298400879e-01
13 6.66503906250000e-01 4.44227457046509e-01
14 6.43066406250000e-01 4.13534402847290e-01
15 5.81054687500000e-01 3.37624549865723e-01
16 5.45898437500000e-01 2.98005104064941e-01
17 4.93164062500000e-01 2.43210792541504e-01
18 4.65820312500000e-01 2.16988563537598e-01
19 4.75097656250000e-01 2.25717782974243e-01
20 4.82910156250000e-01 2.33202219009399e-01
21 4.75585937500000e-01 2.26181983947754e-01
22 5.17089843750000e-01 2.67381906509399e-01
23 4.86328125000000e-01 2.36515045166016e-01
24 4.90234375000000e-01 2.40329742431641e-01
25 4.14062500000000e-01 1.71447753906250e-01
26 4.25292968750000e-01 1.80874109268188e-01
27 4.96093750000000e-01 2.46109008789062e-01
28 5.37109375000000e-01 2.88486480712891e-01
29 4.71191406250000e-01 2.22021341323853e-01
30 4.09667968750000e-01 1.67827844619751e-01
31 4.42382812500000e-01 1.95702552795410e-01
32 5.03417968750000e-01 2.53429651260376e-01
33 5.06835937500000e-01 2.56882667541504e-01
34 3.87207031250000e-01 1.49929285049438e-01
35 4.62890625000000e-01 2.14267730712891e-01
36 3.81835937500000e-01 1.45798683166504e-01
37 4.55566406250000e-01 2.07540750503540e-01
38 4.22851562500000e-01 1.78803443908691e-01
39 4.88769531250000e-01 2.38895654678345e-01
40 4.67773437500000e-01 2.18811988830566e-01
41 4.93164062500000e-01 2.43210792541504e-01
42 4.68750000000000e-01 2.19726562500000e-01
43 5.07324218750000e-01 2.57377862930298e-01
44 5.14160156250000e-01 2.64360666275024e-01
45 5.15136718750000e-01 2.65365839004517e-01
46 5.51757812500000e-01 3.04436683654785e-01
47 6.17187500000000e-01 3.80920410156250e-01
48 6.57714843750000e-01 4.32588815689087e-01
49 6.77734375000000e-01 4.59323883056641e-01
50 6.54296875000000e-01 4.28104400634766e-01
51 6.39160156250000e-01 4.08525705337524e-01
52 6.09375000000000e-01 3.71337890625000e-01
53 6.06933593750000e-01 3.68368387222290e-01
54 6.45507812500000e-01 4.16680335998535e-01
55 6.18164062500000e-01 3.82126808166504e-01
56 6.35253906250000e-01 4.03547525405884e-01
57 5.76171875000000e-01 3.31974029541016e-01
58 5.79589843750000e-01 3.35924386978149e-01
59 5.57128906250000e-01 3.10392618179321e-01
60 5.66406250000000e-01 3.20816040039062e-01
61 5.34179687500000e-01 2.85347938537598e-01
62 5.07324218750000e-01 2.57377862930298e-01
63 5.09277343750000e-01 2.59363412857056e-01
64 4.94628906250000e-01 2.44657754898071e-01
65 4.82910156250000e-01 2.33202219009399e-01
66 4.84375000000000e-01 2.34619140625000e-01
67 4.28222656250000e-01 1.83374643325806e-01
68 4.04785156250000e-01 1.63851022720337e-01
69 4.25292968750000e-01 1.80874109268188e-01
70 3.65234375000000e-01 1.33396148681641e-01
71 4.21875000000000e-01 1.77978515625000e-01
72 3.81347656250000e-01 1.45426034927368e-01
73 3.65722656250000e-01 1.33753061294556e-01
74 3.15917968750000e-01 9.98041629791260e-02
75 3.84765625000000e-01 1.48044586181641e-01
76 3.87207031250000e-01 1.49929285049438e-01
77 3.89648437500000e-01 1.51825904846191e-01
78 4.02832031250000e-01 1.62273645401001e-01
79 4.32128906250000e-01 1.86735391616821e-01
80 4.09667968750000e-01 1.67827844619751e-01
81 4.75585937500000e-01 2.26181983947754e-01
82 5.05859375000000e-01 2.55893707275391e-01
83 4.87792968750000e-01 2.37941980361938e-01
84 4.64843750000000e-01 2.16079711914062e-01
85 4.33105468750000e-01 1.87580347061157e-01
86 4.59960937500000e-01 2.11564064025879e-01
87 4.83398437500000e-01 2.33674049377441e-01
88 4.29199218750000e-01 1.84211969375610e-01
89 4.41894531250000e-01 1.95270776748657e-01
90 4.05273437500000e-01 1.64246559143066e-01
91 4.52636718750000e-01 2.04879999160767e-01
92 4.73632812500000e-01 2.24328041076660e-01
93 4.63378906250000e-01 2.14720010757446e-01
94 5.05371093750000e-01 2.55399942398071e-01
95 5.53222656250000e-01 3.06055307388306e-01
96 5.50781250000000e-01 3.03359985351562e-01
97 5.19042968750000e-01 2.69405603408813e-01
98 5.37109375000000e-01 2.88486480712891e-01
99 5.62011718750000e-01 3.15857172012329e-01
100 6.43554687500000e-01 4.14162635803223e-01
101 6.74316406250000e-01 4.54702615737915e-01
102 6.67480468750000e-01 4.45530176162720e-01
103 6.15234375000000e-01 3.78513336181641e-01
104 5.57617187500000e-01 3.10936927795410e-01
105 6.12304687500000e-01 3.74917030334473e-01
106 5.53710937500000e-01 3.06595802307129e-01
107 6.66992187500000e-01 4.44878578186035e-01
108 6.43554687500000e-01 4.14162635803223e-01
109 5.62500000000000e-01 3.16406250000000e-01
110 5.69824218750000e-01 3.24699640274048e-01
111 5.76660156250000e-01 3.32536935806274e-01
112 5.48828125000000e-01 3.01212310791016e-01
113 6.02050781250000e-01 3.62465143203735e-01
114 5.64453125000000e-01 3.18607330322266e-01
115 5.72265625000000e-01 3.27487945556641e-01
116 5.42968750000000e-01 2.94815063476562e-01
117 5.60058593750000e-01 3.13665628433228e-01
118 5.68359375000000e-01 3.23032379150391e-01
119 5.64453125000000e-01 3.18607330322266e-01
120 5.96679687500000e-01 3.56026649475098e-01
121 6.20605468750000e-01 3.85151147842407e-01
122 6.23535156250000e-01 3.88796091079712e-01
123 5.78125000000000e-01 3.34228515625000e-01
124 5.22460937500000e-01 2.72965431213379e-01
125 4.70214843750000e-01 2.21101999282837e-01
126 4.13085937500000e-01 1.70639991760254e-01
127 4.28710937500000e-01 1.83793067932129e-01
128 4.52148437500000e-01 2.04438209533691e-01
129 4.69726562500000e-01 2.20643043518066e-01
130 5.04882812500000e-01 2.54906654357910e-01
131 5.02929687500000e-01 2.52938270568848e-01
132 5.17578125000000e-01 2.67887115478516e-01
133 4.97070312500000e-01 2.47078895568848e-01
134 4.96582031250000e-01 2.46593713760376e-01
135 5.21972656250000e-01 2.72455453872681e-01
136 5.10742187500000e-01 2.60857582092285e-01
137 4.87304687500000e-01 2.37465858459473e-01
138 5.61035156250000e-01 3.14760446548462e-01
139 5.75683593750000e-01 3.31411600112915e-01
140 4.93652343750000e-01 2.43692636489868e-01
141 5.55664062500000e-01 3.08762550354004e-01
142 5.58593750000000e-01 3.12026977539062e-01
143 5.89843750000000e-01 3.47915649414062e-01
144 6.15234375000000e-01 3.78513336181641e-01
145 6.46484375000000e-01 4.17942047119141e-01
146 5.49804687500000e-01 3.02285194396973e-01
147 5.77148437500000e-01 3.33100318908691e-01
148 6.11816406250000e-01 3.74319314956665e-01
149 5.66406250000000e-01 3.20816040039062e-01
150 5.49804687500000e-01 3.02285194396973e-01
151 4.85351562500000e-01 2.35566139221191e-01
152 4.11621093750000e-01 1.69431924819946e-01
153 4.64843750000000e-01 2.16079711914062e-01
154 4.58496093750000e-01 2.10218667984009e-01
155 4.61914062500000e-01 2.13364601135254e-01
156 4.08691406250000e-01 1.67028665542603e-01
157 4.81933593750000e-01 2.32259988784790e-01
158 5.28808593750000e-01 2.79638528823853e-01
159 5.45410156250000e-01 2.97472238540649e-01
160 5.79101562500000e-01 3.35358619689941e-01
161 6.10351562500000e-01 3.72529029846191e-01
162 5.67382812500000e-01 3.21923255920410e-01
163 6.28417968750000e-01 3.94909143447876e-01
164 5.99121093750000e-01 3.58946084976196e-01
165 6.51367187500000e-01 4.24279212951660e-01
166 6.52832031250000e-01 4.26189661026001e-01
167 6.39160156250000e-01 4.08525705337524e-01
168 6.01562500000000e-01 3.61877441406250e-01
169 6.70898437500000e-01 4.50104713439941e-01
170 6.44531250000000e-01 4.15420532226562e-01
171 5.88378906250000e-01 3.46189737319946e-01
172 6.10839843750000e-01 3.73125314712524e-01
173 6.20117187500000e-01 3.84545326232910e-01
174 5.61523437500000e-01 3.15308570861816e-01
175 5.08300781250000e-01 2.58369684219360e-01
176 5.37109375000000e-01 2.88486480712891e-01
177 5.93750000000000e-01 3.52539062500000e-01
178 6.10839843750000e-01 3.73125314712524e-01
179 5.91308593750000e-01 3.49645853042603e-01
180 5.66894531250000e-01 3.21369409561157e-01
181 5.99609375000000e-01 3.59531402587891e-01
182 5.12695312500000e-01 2.62856483459473e-01
183 5.24414062500000e-01 2.75010108947754e-01
184 4.47265625000000e-01 2.00046539306641e-01
185 4.67773437500000e-01 2.18811988830566e-01
186 4.95605468750000e-01 2.45624780654907e-01
187 5.06835937500000e-01 2.56882667541504e-01
188 5.14160156250000e-01 2.64360666275024e-01
189 4.93652343750000e-01 2.43692636489868e-01
190 5.02929687500000e-01 2.52938270568848e-01
191 5.11230468750000e-01 2.61356592178345e-01
192 5.30273437500000e-01 2.81189918518066e-01
193 5.19531250000000e-01 2.69912719726562e-01
194 5.38574218750000e-01 2.90062189102173e-01
195 5.36621093750000e-01 2.87962198257446e-01
196 5.13671875000000e-01 2.63858795166016e-01
197 5.41992187500000e-01 2.93755531311035e-01
198 5.72753906250000e-01 3.28047037124634e-01
199 6.19628906250000e-01 3.83939981460571e-01
200 6.71875000000000e-01 4.51416015625000e-01
201 7.13378906250000e-01 5.08909463882446e-01
202 6.30859375000000e-01 3.97983551025391e-01
203 6.14257812500000e-01 3.77312660217285e-01
204 6.11816406250000e-01 3.74319314956665e-01
205 6.85546875000000e-01 4.69974517822266e-01
206 6.63085937500000e-01 4.39682960510254e-01
207 6.85058593750000e-01 4.69305276870728e-01
208 7.08496093750000e-01 5.01966714859009e-01
209 7.11425781250000e-01 5.06126642227173e-01
210 7.23144531250000e-01 5.22938013076782e-01
211 6.78222656250000e-01 4.59985971450806e-01
212 7.20214843750000e-01 5.18709421157837e-01
213 7.58300781250000e-01 5.75020074844360e-01
214 7.31445312500000e-01 5.35012245178223e-01
215 7.26074218750000e-01 5.27183771133423e-01
216 6.70898437500000e-01 4.50104713439941e-01
217 6.61621093750000e-01 4.37742471694946e-01
218 6.92382812500000e-01 4.79393959045410e-01
219 7.18261718750000e-01 5.15899896621704e-01
220 7.03125000000000e-01 4.94384765625000e-01
221 6.62597656250000e-01 4.39035654067993e-01
222 6.44531250000000e-01 4.15420532226562e-01
223 5.98632812500000e-01 3.58361244201660e-01
224 6.59667968750000e-01 4.35161828994751e-01
225 6.64550781250000e-01 4.41627740859985e-01
226 6.94335937500000e-01 4.82102394104004e-01
227 7.07519531250000e-01 5.00583887100220e-01
228 6.70898437500000e-01 4.50104713439941e-01
229 6.65527343750000e-01 4.42926645278931e-01
230 6.30371093750000e-01 3.97367715835571e-01
231 6.48925781250000e-01 4.21104669570923e-01
232 6.27929687500000e-01 3.94295692443848e-01
233 6.23535156250000e-01 3.88796091079712e-01
234 5.81054687500000e-01 3.37624549865723e-01
235 6.12792968750000e-01 3.75515222549438e-01
236 5.99121093750000e-01 3.58946084976196e-01
237 6.71386718750000e-01 4.50760126113892e-01
238 6.70410156250000e-01 4.49449777603149e-01
239 5.93750000000000e-01 3.52539062500000e-01
240 6.61621093750000e-01 4.37742471694946e-01
241 6.54785156250000e-01 4.28743600845337e-01
242 6.71386718750000e-01 4.50760126113892e-01
243 6.63085937500000e-01 4.39682960510254e-01
244 6.65039062500000e-01 4.42276954650879e-01
245 6.80664062500000e-01 4.63303565979004e-01
246 6.52343750000000e-01 4.25552368164062e-01
247 6.56250000000000e-01 4.30664062500000e-01
248 5.99609375000000e-01 3.59531402587891e-01
249 6.30371093750000e-01 3.97367715835571e-01
250 6.08398437500000e-01 3.70148658752441e-01
251 6.53808593750000e-01 4.27465677261353e-01
252 6.90917968750000e-01 4.77367639541626e-01
253 6.05957031250000e-01 3.67183923721313e-01
254 6.44531250000000e-01 4.15420532226562e-01
255 6.45507812500000e-01 4.16680335998535e-01
256 6.32324218750000e-01 3.99833917617798e-01
257 6.20117187500000e-01 3.84545326232910e-01
258 6.31347656250000e-01 3.98599863052368e-01
259 6.28417968750000e-01 3.94909143447876e-01
260 5.90332031250000e-01 3.48491907119751e-01
261 6.17675781250000e-01 3.81523370742798e-01
262 5.69335937500000e-01 3.24143409729004e-01
263 5.40039062500000e-01 2.91642189025879e-01
264 5.53710937500000e-01 3.06595802307129e-01
265 6.03515625000000e-01 3.64231109619141e-01
266 6.32324218750000e-01 3.99833917617798e-01
267 5.91308593750000e-01 3.49645853042603e-01
268 6.29394531250000e-01 3.96137475967407e-01
269 6.57714843750000e-01 4.32588815689087e-01
270 5.52734375000000e-01 3.05515289306641e-01
271 5.75195312500000e-01 3.30849647521973e-01
272 5.28808593750000e-01 2.79638528823853e-01
273 5.65917968750000e-01 3.20263147354126e-01
274 5.69824218750000e-01 3.24699640274048e-01
275 6.01562500000000e-01 3.61877441406250e-01
276 5.71777343750000e-01 3.26929330825806e-01
277 6.07421875000000e-01 3.68961334228516e-01
278 5.88867187500000e-01 3.46764564514160e-01
279 6.00585937500000e-01 3.60703468322754e-01
280 5.36621093750000e-01 2.87962198257446e-01
281 4.32128906250000e-01 1.86735391616821e-01
282 3.87695312500000e-01 1.50307655334473e-01
283 4.28222656250000e-01 1.83374643325806e-01
284 3.69628906250000e-01 1.36625528335571e-01
285 4.10644531250000e-01 1.68628931045532e-01
286 4.48730468750000e-01 2.01359033584595e-01
287 4.03808593750000e-01 1.63061380386353e-01
288 4.21875000000000e-01 1.77978515625000e-01
289 4.13085937500000e-01 1.70639991760254e-01
290 4.44335937500000e-01 1.97434425354004e-01
291 4.50683593750000e-01 2.03115701675415e-01
292 4.04296875000000e-01 1.63455963134766e-01
293 3.86230468750000e-01 1.49173974990845e-01
294 3.98925781250000e-01 1.59141778945923e-01
295 4.43847656250000e-01 1.97000741958618e-01
296 4.16015625000000e-01 1.73069000244141e-01
297 3.84765625000000e-01 1.48044586181641e-01
298 4.03808593750000e-01 1.63061380386353e-01
299 3.71582031250000e-01 1.38073205947876e-01
300 3.10058593750000e-01 9.61363315582275e-02
301 3.34472656250000e-01 1.11871957778931e-01
302 3.36914062500000e-01 1.13511085510254e-01
303 3.29589843750000e-01 1.08629465103149e-01
304 3.01269531250000e-01 9.07633304595947e-02
305 3.22265625000000e-01 1.03855133056641e-01
306 3.16406250000000e-01 1.00112915039062e-01
307 3.10058593750000e-01 9.61363315582275e-02
308 3.41796875000000e-01 1.16825103759766e-01
309 4.12109375000000e-01 1.69834136962891e-01
310 3.88183593750000e-01 1.50686502456665e-01
311 4.40429687500000e-01 1.93978309631348e-01
312 4.73632812500000e-01 2.24328041076660e-01
313 4.53125000000000e-01 2.05322265625000e-01
314 4.54589843750000e-01 2.06651926040649e-01
315 3.88183593750000e-01 1.50686502456665e-01
316 4.69726562500000e-01 2.20643043518066e-01
317 4.36523437500000e-01 1.90552711486816e-01
318 4.37011718750000e-01 1.90979242324829e-01
319 4.74609375000000e-01 2.25254058837891e-01
320 4.58496093750000e-01 2.10218667984009e-01
321 4.94140625000000e-01 2.44174957275391e-01
322 4.49707031250000e-01 2.02236413955688e-01
323 4.60449218750000e-01 2.12013483047485e-01
324 4.94140625000000e-01 2.44174957275391e-01
325 4.87792968750000e-01 2.37941980361938e-01
326 5.70312500000000e-01 3.25256347656250e-01
327 5.26855468750000e-01 2.77576684951782e-01
328 4.94628906250000e-01 2.44657754898071e-01
329 4.44335937500000e-01 1.97434425354004e-01
330 3.61328125000000e-01 1.30558013916016e-01
331 4.09667968750000e-01 1.67827844619751e-01
332 3.86718750000000e-01 1.49551391601562e-01
333 3.72558593750000e-01 1.38799905776978e-01
334 3.48144531250000e-01 1.21204614639282e-01
335 3.02246093750000e-01 9.13527011871338e-02
336 3.44726562500000e-01 1.18836402893066e-01
337 3.83789062500000e-01 1.47294044494629e-01
338 3.09082031250000e-01 9.55317020416260e-02
339 3.21289062500000e-01 1.03226661682129e-01
340 3.39355468750000e-01 1.15162134170532e-01
341 3.07617187500000e-01 9.46283340454102e-02
342 2.52929687500000e-01 6.39734268188477e-02
343 2.38769531250000e-01 5.70108890533447e-02
344 2.42675781250000e-01 5.88915348052979e-02
345 2.59277343750000e-01 6.72247409820557e-02
346 1.73339843750000e-01 3.00467014312744e-02
347 1.39160156250000e-01 1.93655490875244e-02
348 1.80175781250000e-01 3.24633121490479e-02
349 2.08984375000000e-01 4.36744689941406e-02
350 1.53808593750000e-01 2.36570835113525e-02
351 1.69433593750000e-01 2.87077426910400e-02
352 1.92382812500000e-01 3.70111465454102e-02
353 1.67480468750000e-01 2.80497074127197e-02
354 1.85546875000000e-01 3.44276428222656e-02
355 2.13867187500000e-01 4.57391738891602e-02
356 2.65136718750000e-01 7.02974796295166e-02
357 2.13378906250000e-01 4.55305576324463e-02
358 2.30957031250000e-01 5.33411502838135e-02
359 2.55371093750000e-01 6.52143955230713e-02
360 3.30078125000000e-01 1.08951568603516e-01
361 3.57421875000000e-01 1.27750396728516e-01
362 2.74414062500000e-01 7.53030776977539e-02
363 3.38378906250000e-01 1.14500284194946e-01
364 3.66699218750000e-01 1.34468317031860e-01
365 4.22851562500000e-01 1.78803443908691e-01
366 4.41894531250000e-01 1.95270776748657e-01
367 5.27343750000000e-01 2.78091430664062e-01
368 5.21972656250000e-01 2.72455453872681e-01
369 5.23437500000000e-01 2.73986816406250e-01
370 5.30761718750000e-01 2.81708002090454e-01
371 6.10839843750000e-01 3.73125314712524e-01
372 5.47363281250000e-01 2.99606561660767e-01
373 5.76660156250000e-01 3.32536935806274e-01
374 5.62988281250000e-01 3.16955804824829e-01
375 5.82519531250000e-01 3.39329004287720e-01
376 5.60058593750000e-01 3.13665628433228e-01
377 5.87402343750000e-01 3.45041513442993e-01
378 5.93750000000000e-01 3.52539062500000e-01
379 5.77148437500000e-01 3.33100318908691e-01
380 6.10839843750000e-01 3.73125314712524e-01
381 6.07421875000000e-01 3.68961334228516e-01
382 6.11816406250000e-01 3.74319314956665e-01
383 6.24023437500000e-01 3.89405250549316e-01
384 6.21582031250000e-01 3.86364221572876e-01
385 5.99609375000000e-01 3.59531402587891e-01
386 6.29882812500000e-01 3.96752357482910e-01
387 6.73828125000000e-01 4.54044342041016e-01
388 7.02636718750000e-01 4.93698358535767e-01
389 7.14355468750000e-01 5.10303735733032e-01
390 6.91894531250000e-01 4.78718042373657e-01
391 6.82128906250000e-01 4.65299844741821e-01
392 6.24511718750000e-01 3.90014886856079e-01
393 6.41601562500000e-01 4.11652565002441e-01
394 6.07910156250000e-01 3.69554758071899e-01
395 5.95703125000000e-01 3.54862213134766e-01
396 4.79980468750000e-01 2.30381250381470e-01
397 4.78027343750000e-01 2.28510141372681e-01
398 4.96582031250000e-01 2.46593713760376e-01
399 4.82910156250000e-01 2.33202219009399e-01
400 5.33203125000000e-01 2.84305572509766e-01
401 5.23437500000000e-01 2.73986816406250e-01
402 5.49804687500000e-01 3.02285194396973e-01
403 4.95117187500000e-01 2.45141029357910e-01
404 4.65332031250000e-01 2.16533899307251e-01
405 4.78515625000000e-01 2.28977203369141e-01
406 4.95605468750000e-01 2.45624780654907e-01
407 4.88769531250000e-01 2.38895654678345e-01
408 4.69726562500000e-01 2.20643043518066e-01
409 5.22949218750000e-01 2.73475885391235e-01
410 5.27832031250000e-01 2.78606653213501e-01
411 5.03417968750000e-01 2.53429651260376e-01
412 4.95117187500000e-01 2.45141029357910e-01
413 5.26855468750000e-01 2.77576684951782e-01
414 4.82910156250000e-01 2.33202219009399e-01
415 5.10253906250000e-01 2.60359048843384e-01
416 5.51269531250000e-01 3.03898096084595e-01
417 5.52246093750000e-01 3.04975748062134e-01
418 5.72753906250000e-01 3.28047037124634e-01
419 5.94238281250000e-01 3.53119134902954e-01
420 5.76660156250000e-01 3.32536935806274e-01
421 5.86425781250000e-01 3.43895196914673e-01
422 6.45996093750000e-01 4.17310953140259e-01
423 5.98632812500000e-01 3.58361244201660e-01
424 6.39648437500000e-01 4.09150123596191e-01
425 6.26464843750000e-01 3.92458200454712e-01
426 6.30371093750000e-01 3.97367715835571e-01
427 6.34277343750000e-01 4.02307748794556e-01
428 6.08886718750000e-01 3.70743036270142e-01
429 6.30371093750000e-01 3.97367715835571e-01
430 6.52343750000000e-01 4.25552368164062e-01
431 6.56738281250000e-01 4.31305170059204e-01
432 6.55273437500000e-01 4.29383277893066e-01
433 6.52832031250000e-01 4.26189661026001e-01
434 5.64453125000000e-01 3.18607330322266e-01
435 5.90820312500000e-01 3.49068641662598e-01
436 5.77636718750000e-01 3.33664178848267e-01
437 5.46386718750000e-01 2.98538446426392e-01
438 4.84375000000000e-01 2.34619140625000e-01
439 4.89257812500000e-01 2.39373207092285e-01
440 5.14160156250000e-01 2.64360666275024e-01
441 4.86328125000000e-01 2.36515045166016e-01
442 5.66406250000000e-01 3.20816040039062e-01
443 5.67871093750000e-01 3.22477579116821e-01
444 5.31738281250000e-01 2.82745599746704e-01
445 5.17089843750000e-01 2.67381906509399e-01
446 5.36132812500000e-01 2.87438392639160e-01
447 5.00000000000000e-01 2.50000000000000e-01
448 5.42968750000000e-01 2.94815063476562e-01
449 5.53710937500000e-01 3.06595802307129e-01
450 5.20996093750000e-01 2.71436929702759e-01
451 5.28320312500000e-01 2.79122352600098e-01
452 5.57617187500000e-01 3.10936927795410e-01
453 5.71777343750000e-01 3.26929330825806e-01
454 5.30761718750000e-01 2.81708002090454e-01
455 5.85937500000000e-01 3.43322753906250e-01
456 5.67382812500000e-01 3.21923255920410e-01
457 5.98144531250000e-01 3.57776880264282e-01
458 6.21093750000000e-01 3.85757446289062e-01
459 6.04492187500000e-01 3.65410804748535e-01
460 5.81542968750000e-01 3.38192224502563e-01
461 6.02050781250000e-01 3.62465143203735e-01
462 5.49804687500000e-01 3.02285194396973e-01
463 5.00000000000000e-01 2.50000000000000e-01
464 5.72265625000000e-01 3.27487945556641e-01
465 5.44921875000000e-01 2.96939849853516e-01
466 5.46875000000000e-01 2.99072265625000e-01
467 6.08398437500000e-01 3.70148658752441e-01
468 5.78125000000000e-01 3.34228515625000e-01
469 6.02050781250000e-01 3.62465143203735e-01
470 5.84960937500000e-01 3.42179298400879e-01
471 5.70800781250000e-01 3.25813531875610e-01
472 5.89843750000000e-01 3.47915649414062e-01
473 5.69335937500000e-01 3.24143409729004e-01
474 6.07421875000000e-01 3.68961334228516e-01
475 5.49804687500000e-01 3.02285194396973e-01
476 4.68261718750000e-01 2.19269037246704e-01
477 4.84375000000000e-01 2.34619140625000e-01
478 5.26367187500000e-01 2.77062416076660e-01
479 4.95117187500000e-01 2.45141029357910e-01
480 4.59472656250000e-01 2.11115121841431e-01
481 4.91699218750000e-01 2.41768121719360e-01
482 5.38085937500000e-01 2.89536476135254e-01
483 5.17089843750000e-01 2.67381906509399e-01
484 5.29296875000000e-01 2.80155181884766e-01
485 5.16113281250000e-01 2.66372919082642e-01
486 4.96582031250000e-01 2.46593713760376e-01
487 4.95117187500000e-01 2.45141029357910e-01
488 5.03417968750000e-01 2.53429651260376e-01
489 4.51660156250000e-01 2.03996896743774e-01
490 4.58496093750000e-01 2.10218667984009e-01
491 4.24804687500000e-01 1.80459022521973e-01
492 4.28710937500000e-01 1.83793067932129e-01
493 4.48730468750000e-01 2.01359033584595e-01
494 4.17480468750000e-01 1.74289941787720e-01
495 3.90625000000000e-01 1.52587890625000e-01
496 4.35058593750000e-01 1.89275979995728e-01
497 3.37890625000000e-01 1.14170074462891e-01
498 3.38867187500000e-01 1.14830970764160e-01
499 3.11523437500000e-01 9.70468521118164e-02
500 3.22753906250000e-01 1.04170083999634e-01
501 3.15917968750000e-01 9.98041629791260e-02
502 3.07617187500000e-01 9.46283340454102e-02
503 2.60742187500000e-01 6.79864883422852e-02
504 2.55859375000000e-01 6.54640197753906e-02
505 3.21777343750000e-01 1.03540658950806e-01
506 3.33496093750000e-01 1.11219644546509e-01
507 3.27636718750000e-01 1.07345819473267e-01
508 3.79882812500000e-01 1.44310951232910e-01
509 3.71582031250000e-01 1.38073205947876e-01
510 3.63769531250000e-01 1.32328271865845e-01
511 3.47656250000000e-01 1.20864868164062e-01
512 3.94042968750000e-01 1.55269861221313e-01
513 5.10742187500000e-01 2.60857582092285e-01
514 5.71777343750000e-01 3.26929330825806e-01
515 5.88867187500000e-01 3.46764564514160e-01
516 5.20019531250000e-01 2.70420312881470e-01
517 4.87304687500000e-01 2.37465858459473e-01
518 5.01464843750000e-01 2.51466989517212e-01
519 4.90234375000000e-01 2.40329742431641e-01
520 4.74609375000000e-01 2.25254058837891e-01
521 4.61914062500000e-01 2.13364601135254e-01
522 4.65820312500000e-01 2.16988563537598e-01
523 4.75097656250000e-01 2.25717782974243e-01
524 4.43847656250000e-01 1.97000741958618e-01
525 3.75976562500000e-01 1.41358375549316e-01
526 3.32519531250000e-01 1.10569238662720e-01
527 3.21777343750000e-01 1.03540658950806e-01
528 2.86621093750000e-01 8.21516513824463e-02
529 2.47558593750000e-01 6.12852573394775e-02
530 2.26562500000000e-01 5.13305664062500e-02
531 2.15332031250000e-01 4.63678836822510e-02
532 2.06054687500000e-01 4.24585342407227e-02
533 2.72949218750000e-01 7.45012760162354e-02
534 2.78320312500000e-01 7.74621963500977e-02
535 2.91015625000000e-01 8.46900939941406e-02
536 2.50976562500000e-01 6.29892349243164e-02
537 2.59277343750000e-01 6.72247409820557e-02
538 3.20312500000000e-01 1.02600097656250e-01
539 3.43261718750000e-01 1.17828607559204e-01
540 3.23242187500000e-01 1.04485511779785e-01
541 3.37890625000000e-01 1.14170074462891e-01
542 3.70117187500000e-01 1.36986732482910e-01
543 3.30078125000000e-01 1.08951568603516e-01
544 3.39843750000000e-01 1.15493774414062e-01
545 3.85253906250000e-01 1.48420572280884e-01
546 4.06738281250000e-01 1.65436029434204e-01
547 3.88671875000000e-01 1.51065826416016e-01
548 3.85253906250000e-01 1.48420572280884e-01
549 3.47167968750000e-01 1.20525598526001e-01
550 4.10156250000000e-01 1.68228149414062e-01
551 4.52636718750000e-01 2.04879999160767e-01
552 4.02832031250000e-01 1.62273645401001e-01
553 4.70703125000000e-01 2.21561431884766e-01
554 4.57031250000000e-01 2.08877563476562e-01
555 4.63867187500000e-01 2.15172767639160e-01
556 4.94140625000000e-01 2.44174957275391e-01
557 5.15625000000000e-01 2.65869140625000e-01
558 5.19042968750000e-01 2.69405603408813e-01
559 5.02929687500000e-01 2.52938270568848e-01
560 5.16601562500000e-01 2.66877174377441e-01
561 5.61035156250000e-01 3.14760446548462e-01
562 5.74218750000000e-01 3.29727172851562e-01
563 5.60058593750000e-01 3.13665628433228e-01
564 5.48339843750000e-01 3.00676584243774e-01
565 5.19531250000000e-01 2.69912719726562e-01
566 4.58496093750000e-01 2.10218667984009e-01
567 4.03808593750000e-01 1.63061380386353e-01
568 4.68750000000000e-01 2.19726562500000e-01
569 5.08789062500000e-01 2.58866310119629e-01
570 5.03417968750000e-01 2.53429651260376e-01
571 5.15625000000000e-01 2.65869140625000e-01
572 4.83886718750000e-01 2.34146356582642e-01
573 5.45898437500000e-01 2.98005104064941e-01
574 5.09765625000000e-01 2.59860992431641e-01
575 4.62402343750000e-01 2.13815927505493e-01
576 4.48730468750000e-01 2.01359033584595e-01
577 3.72070312500000e-01 1.38436317443848e-01
578 3.91601562500000e-01 1.53351783752441e-01
579 4.14550781250000e-01 1.71852350234985e-01
580 4.77539062500000e-01 2.28043556213379e-01
581 5.42480468750000e-01 2.94285058975220e-01
582 5.40039062500000e-01 2.91642189025879e-01
583 5.42480468750000e-01 2.94285058975220e-01
584 4.75097656250000e-01 2.25717782974243e-01
585 3.95507812500000e-01 1.56426429748535e-01
586 3.85742187500000e-01 1.48797035217285e-01
587 3.75488281250000e-01 1.40991449356079e-01
588 3.80859375000000e-01 1.45053863525391e-01
589 3.39843750000000e-01 1.15493774414062e-01
590 3.64746093750000e-01 1.33039712905884e-01
591 4.16503906250000e-01 1.73475503921509e-01
592 5.19042968750000e-01 2.69405603408813e-01
593 5.37109375000000e-01 2.88486480712891e-01
594 5.78125000000000e-01 3.34228515625000e-01
595 5.55175781250000e-01 3.08220148086548e-01
596 5.29785156250000e-01 2.80672311782837e-01
597 5.46875000000000e-01 2.99072265625000e-01
598 5.63964843750000e-01 3.18056344985962e-01
599 4.79980468750000e-01 2.30381250381470e-01
600 5.09277343750000e-01 2.59363412857056e-01
601 4.80468750000000e-01 2.30850219726562e-01
602 4.39941406250000e-01 1.93548440933228e-01
603 5.04882812500000e-01 2.54906654357910e-01
604 5.50292968750000e-01 3.02822351455688e-01
605 5.84472656250000e-01 3.41608285903931e-01
606 5.19531250000000e-01 2.69912719726562e-01
607 4.37988281250000e-01 1.91833734512329e-01
608 4.41894531250000e-01 1.95270776748657e-01
609 4.33593750000000e-01 1.88003540039062e-01
610 5.24902343750000e-01 2.75522470474243e-01
611 4.71679687500000e-01 2.22481727600098e-01
612 5.31738281250000e-01 2.82745599746704e-01
613 4.28710937500000e-01 1.83793067932129e-01
614 4.75097656250000e-01 2.25717782974243e-01
615 4.71191406250000e-01 2.22021341323853e-01
616 4.83886718750000e-01 2.34146356582642e-01
617 4.85839843750000e-01 2.36040353775024e-01
618 5.03906250000000e-01 2.53921508789062e-01
619 5.44921875000000e-01 2.96939849853516e-01
620 4.74121093750000e-01 2.24790811538696e-01
621 3.92089843750000e-01 1.53734445571899e-01
622 4.37011718750000e-01 1.90979242324829e-01
623 4.15039062500000e-01 1.72257423400879e-01
624 4.53125000000000e-01 2.05322265625000e-01
625 5.55664062500000e-01 3.08762550354004e-01
626 5.87890625000000e-01 3.45615386962891e-01
627 5.82519531250000e-01 3.39329004287720e-01
628 6.14746093750000e-01 3.77912759780884e-01
629 5.64941406250000e-01 3.19158792495728e-01
630 6.07910156250000e-01 3.69554758071899e-01
631 6.30859375000000e-01 3.97983551025391e-01
632 7.02148437500000e-01 4.93012428283691e-01
633 5.89843750000000e-01 3.47915649414062e-01
634 5.17578125000000e-01 2.67887115478516e-01
635 4.60937500000000e-01 2.12463378906250e-01
636 4.68261718750000e-01 2.19269037246704e-01
637 4.00878906250000e-01 1.60703897476196e-01
638 5.18066406250000e-01 2.68392801284790e-01
639 4.58496093750000e-01 2.10218667984009e-01
640 4.69238281250000e-01 2.20184564590454e-01
641 5.03417968750000e-01 2.53429651260376e-01
642 5.08789062500000e-01 2.58866310119629e-01
643 4.64843750000000e-01 2.16079711914062e-01
644 4.53125000000000e-01 2.05322265625000e-01
645 4.38964843750000e-01 1.92690134048462e-01
646 4.29199218750000e-01 1.84211969375610e-01
647 5.28808593750000e-01 2.79638528823853e-01
648 5.50292968750000e-01 3.02822351455688e-01
649 5.69824218750000e-01 3.24699640274048e-01
650 5.92285156250000e-01 3.50801706314087e-01
651 5.69824218750000e-01 3.24699640274048e-01
652 5.92285156250000e-01 3.50801706314087e-01
653 6.45019531250000e-01 4.16050195693970e-01
654 6.68457031250000e-01 4.46834802627563e-01
655 6.61132812500000e-01 4.37096595764160e-01
656 7.11425781250000e-01 5.06126642227173e-01
657 6.76269531250000e-01 4.57340478897095e-01
658 7.19238281250000e-01 5.17303705215454e-01
659 7.38769531250000e-01 5.45780420303345e-01
660 7.63671875000000e-01 5.83194732666016e-01
661 7.69042968750000e-01 5.91427087783813e-01
662 7.34375000000000e-01 5.39306640625000e-01
663 7.08984375000000e-01 5.02658843994141e-01
664 7.26562500000000e-01 5.27893066406250e-01
665 7.50488281250000e-01 5.63232660293579e-01
666 7.68554687500000e-01 5.90676307678223e-01
667 7.36328125000000e-01 5.42179107666016e-01
668 7.47558593750000e-01 5.58843851089478e-01
669 6.95800781250000e-01 4.84138727188110e-01
670 6.55761718750000e-01 4.30023431777954e-01
671 7.13867187500000e-01 5.09606361389160e-01
672 6.96289062500000e-01 4.84818458557129e-01
673 7.15820312500000e-01 5.12398719787598e-01
674 7.09472656250000e-01 5.03351449966431e-01
675 7.27050781250000e-01 5.28602838516235e-01
676 6.54296875000000e-01 4.28104400634766e-01
677 6.81640625000000e-01 4.64633941650391e-01
678 7.22656250000000e-01 5.22232055664062e-01
679 6.86523437500000e-01 4.71314430236816e-01
680 7.01171875000000e-01 4.91641998291016e-01
681 7.00683593750000e-01 4.90957498550415e-01
682 7.27050781250000e-01 5.28602838516235e-01
683 7.05078125000000e-01 4.97135162353516e-01
684 6.91406250000000e-01 4.78042602539062e-01
685 6.83593750000000e-01 4.67300415039062e-01
686 7.43652343750000e-01 5.53018808364868e-01
687 7.29980468750000e-01 5.32871484756470e-01
688 7.18261718750000e-01 5.15899896621704e-01
689 7.26562500000000e-01 5.27893066406250e-01
690 7.29980468750000e-01 5.32871484756470e-01
691 7.11425781250000e-01 5.06126642227173e-01
692 6.49414062500000e-01 4.21738624572754e-01
693 6.55761718750000e-01 4.30023431777954e-01
694 6.99707031250000e-01 4.89589929580688e-01
695 6.73339843750000e-01 4.53386545181274e-01
696 6.72363281250000e-01 4.52072381973267e-01
697 6.47949218750000e-01 4.19838190078735e-01
698 5.83984375000000e-01 3.41037750244141e-01
699 5.88378906250000e-01 3.46189737319946e-01
700 6.44042968750000e-01 4.14791345596313e-01
701 5.95214843750000e-01 3.54280710220337e-01
702 6.44531250000000e-01 4.15420532226562e-01
703 6.68457031250000e-01 4.46834802627563e-01
704 6.45507812500000e-01 4.16680335998535e-01
705 6.51367187500000e-01 4.24279212951660e-01
706 6.21582031250000e-01 3.86364221572876e-01
707 5.90820312500000e-01 3.49068641662598e-01
708 5.61035156250000e-01 3.14760446548462e-01
709 6.57226562500000e-01 4.31946754455566e-01
710 6.27441406250000e-01 3.93682718276978e-01
711 6.03515625000000e-01 3.64231109619141e-01
712 5.94238281250000e-01 3.53119134902954e-01
713 5.79589843750000e-01 3.35924386978149e-01
714 5.75195312500000e-01 3.30849647521973e-01
715 6.00097656250000e-01 3.60117197036743e-01
716 5.88867187500000e-01 3.46764564514160e-01
717 6.03515625000000e-01 3.64231109619141e-01
718 5.35644531250000e-01 2.86915063858032e-01
719 5.50292968750000e-01 3.02822351455688e-01
720 5.50781250000000e-01 3.03359985351562e-01
721 5.01953125000000e-01 2.51956939697266e-01
722 4.88281250000000e-01 2.38418579101562e-01
723 5.67382812500000e-01 3.21923255920410e-01
724 5.92773437500000e-01 3.51380348205566e-01
725 6.29394531250000e-01 3.96137475967407e-01
726 6.52832031250000e-01 4.26189661026001e-01
727 7.13867187500000e-01 5.09606361389160e-01
728 7.30957031250000e-01 5.34298181533813e-01
729 7.04589843750000e-01 4.96446847915649e-01
730 6.71875000000000e-01 4.51416015625000e-01
731 6.81640625000000e-01 4.64633941650391e-01
732 6.65039062500000e-01 4.42276954650879e-01
733 5.89355468750000e-01 3.47339868545532e-01
734 6.26953125000000e-01 3.93070220947266e-01
735 6.57714843750000e-01 4.32588815689087e-01
736 6.42089843750000e-01 4.12279367446899e-01
737 6.17675781250000e-01 3.81523370742798e-01
738 6.03515625000000e-01 3.64231109619141e-01
739 6.76757812500000e-01 4.58001136779785e-01
740 7.70996093750000e-01 5.94434976577759e-01
741 7.34863281250000e-01 5.40024042129517e-01
742 6.70410156250000e-01 4.49449777603149e-01
743 6.61621093750000e-01 4.37742471694946e-01
744 6.79687500000000e-01 4.61975097656250e-01
745 6.80175781250000e-01 4.62639093399048e-01
746 6.54785156250000e-01 4.28743600845337e-01
747 6.05468750000000e-01 3.66592407226562e-01
748 6.17675781250000e-01 3.81523370742798e-01
749 6.29882812500000e-01 3.96752357482910e-01
750 6.77734375000000e-01 4.59323883056641e-01
751 6.18164062500000e-01 3.82126808166504e-01
752 6.31835937500000e-01 3.99216651916504e-01
753 6.63574218750000e-01 4.40330743789673e-01
754 6.85546875000000e-01 4.69974517822266e-01
755 6.83105468750000e-01 4.66633081436157e-01
756 6.31347656250000e-01 3.98599863052368e-01
757 6.37207031250000e-01 4.06032800674438e-01
758 7.05078125000000e-01 4.97135162353516e-01
759 6.77246093750000e-01 4.58662271499634e-01
760 5.99609375000000e-01 3.59531402587891e-01
761 5.98632812500000e-01 3.58361244201660e-01
762 6.36718750000000e-01 4.05410766601562e-01
763 6.31347656250000e-01 3.98599863052368e-01
764 6.28417968750000e-01 3.94909143447876e-01
765 6.84082031250000e-01 4.67968225479126e-01
766 6.53320312500000e-01 4.26827430725098e-01
767 6.75781250000000e-01 4.56680297851562e-01
768 7.29492187500000e-01 5.32158851623535e-01
769 7.35351562500000e-01 5.40741920471191e-01
770 6.81152343750000e-01 4.63968515396118e-01
771 6.94335937500000e-01 4.82102394104004e-01
772 6.72363281250000e-01 4.52072381973267e-01
773 6.50390625000000e-01 4.23007965087891e-01
774 6.01074218750000e-01 3.61290216445923e-01
775 6.06445312500000e-01 3.67775917053223e-01
776 6.02539062500000e-01 3.63053321838379e-01
777 5.08789062500000e-01 2.58866310119629e-01
778 5.27832031250000e-01 2.78606653213501e-01
779 4.92675781250000e-01 2.42729425430298e-01
780 5.00000000000000e-01 2.50000000000000e-01
781 4.47265625000000e-01 2.00046539306641e-01
782 4.94140625000000e-01 2.44174957275391e-01
783 4.58496093750000e-01 2.10218667984009e-01
784 4.39453125000000e-01 1.93119049072266e-01
785 4.44335937500000e-01 1.97434425354004e-01
786 3.82324218750000e-01 1.46171808242798e-01
787 3.97460937500000e-01 1.57975196838379e-01
788 4.57519531250000e-01 2.09324121475220e-01
789 4.00878906250000e-01 1.60703897476196e-01
790 4.77539062500000e-01 2.28043556213379e-01
791 5.47363281250000e-01 2.99606561660767e-01
792 5.33691406250000e-01 2.84826517105103e-01
793 5.24902343750000e-01 2.75522470474243e-01
794 5.21484375000000e-01 2.71945953369141e-01
795 4.68750000000000e-01 2.19726562500000e-01
796 4.76562500000000e-01 2.27111816406250e-01
797 4.81445312500000e-01 2.31789588928223e-01
798 4.79003906250000e-01 2.29444742202759e-01
799 4.31640625000000e-01 1.86313629150391e-01
800 4.31640625000000e-01 1.86313629150391e-01
801 4.45312500000000e-01 1.98303222656250e-01
802 3.66210937500000e-01 1.34110450744629e-01
803 3.92578125000000e-01 1.54117584228516e-01
804 4.29687500000000e-01 1.84631347656250e-01
805 5.19042968750000e-01 2.69405603408813e-01
806 4.72656250000000e-01 2.23403930664062e-01
807 4.58007812500000e-01 2.09771156311035e-01
808 4.48242187500000e-01 2.00921058654785e-01
809 4.73632812500000e-01 2.24328041076660e-01
810 4.41894531250000e-01 1.95270776748657e-01
811 4.74609375000000e-01 2.25254058837891e-01
812 4.23339843750000e-01 1.79216623306274e-01
813 4.41406250000000e-01 1.94839477539062e-01
814 4.21386718750000e-01 1.77566766738892e-01
815 4.30664062500000e-01 1.85471534729004e-01
816 4.08691406250000e-01 1.67028665542603e-01
817 4.07714843750000e-01 1.66231393814087e-01
818 3.87695312500000e-01 1.50307655334473e-01
819 4.48242187500000e-01 2.00921058654785e-01
820 4.52148437500000e-01 2.04438209533691e-01
821 4.56542968750000e-01 2.08431482315063e-01
822 4.72656250000000e-01 2.23403930664062e-01
823 4.85839843750000e-01 2.36040353775024e-01
824 5.19531250000000e-01 2.69912719726562e-01
825 5.36132812500000e-01 2.87438392639160e-01
826 5.96191406250000e-01 3.55444192886353e-01
827 6.11816406250000e-01 3.74319314956665e-01
828 6.56250000000000e-01 4.30664062500000e-01
829 6.87011718750000e-01 4.71985101699829e-01
830 6.84570312500000e-01 4.68636512756348e-01
831 6.58691406250000e-01 4.33874368667603e-01
832 6.52832031250000e-01 4.26189661026001e-01
833 6.87011718750000e-01 4.71985101699829e-01
834 6.33789062500000e-01 4.01688575744629e-01
835 5.59082031250000e-01 3.12572717666626e-01
836 5.31250000000000e-01 2.82226562500000e-01
837 5.82031250000000e-01 3.38760375976562e-01
838 6.17675781250000e-01 3.81523370742798e-01
839 5.62988281250000e-01 3.16955804824829e-01
840 6.50390625000000e-01 4.23007965087891e-01
841 6.41113281250000e-01 4.11026239395142e-01
842 5.97656250000000e-01 3.57192993164062e-01
843 5.63964843750000e-01 3.18056344985962e-01
844 6.06445312500000e-01 3.67775917053223e-01
845 6.50878906250000e-01 4.23643350601196e-01
846 6.32324218750000e-01 3.99833917617798e-01
847 6.68457031250000e-01 4.46834802627563e-01
848 6.39648437500000e-01 4.09150123596191e-01
849 6.69433593750000e-01 4.48141336441040e-01
850 6.56250000000000e-01 4.30664062500000e-01
851 6.79687500000000e-01 4.61975097656250e-01
852 6.81640625000000e-01 4.64633941650391e-01
853 6.86523437500000e-01 4.71314430236816e-01
854 6.87988281250000e-01 4.73327875137329e-01
855 6.16210937500000e-01 3.79715919494629e-01
856 6.56250000000000e-01 4.30664062500000e-01
857 6.88964843750000e-01 4.74672555923462e-01
858 6.25976562500000e-01 3.91846656799316e-01
859 6.70410156250000e-01 4.49449777603149e-01
860 6.45996093750000e-01 4.17310953140259e-01
861 6.47460937500000e-01 4.19205665588379e-01
862 6.62109375000000e-01 4.38388824462891e-01
863 6.45507812500000e-01 4.16680335998535e-01
864 6.04492187500000e-01 3.65410804748535e-01
865 5.77148437500000e-01 3.33100318908691e-01
866 6.28417968750000e-01 3.94909143447876e-01
867 6.26464843750000e-01 3.92458200454712e-01
868 6.26953125000000e-01 3.93070220947266e-01
869 6.06445312500000e-01 3.67775917053223e-01
870 6.28906250000000e-01 3.95523071289062e-01
871 6.33300781250000e-01 4.01069879531860e-01
872 6.67968750000000e-01 4.46182250976562e-01
873 6.35742187500000e-01 4.04168128967285e-01
874 5.55175781250000e-01 3.08220148086548e-01
875 5.64941406250000e-01 3.19158792495728e-01
876 5.03417968750000e-01 2.53429651260376e-01
877 5.81054687500000e-01 3.37624549865723e-01
878 5.83984375000000e-01 3.41037750244141e-01
879 5.29785156250000e-01 2.80672311782837e-01
880 5.45898437500000e-01 2.98005104064941e-01
881 5.09765625000000e-01 2.59860992431641e-01
882 5.25878906250000e-01 2.76548624038696e-01
883 5.19531250000000e-01 2.69912719726562e-01
884 5.02929687500000e-01 2.52938270568848e-01
885 5.19042968750000e-01 2.69405603408813e-01
886 4.79980468750000e-01 2.30381250381470e-01
887 3.88183593750000e-01 1.50686502456665e-01
888 4.02343750000000e-01 1.61880493164062e-01
889 3.79882812500000e-01 1.44310951232910e-01
890 4.97070312500000e-01 2.47078895568848e-01
891 4.61425781250000e-01 2.12913751602173e-01
892 4.01855468750000e-01 1.61487817764282e-01
893 4.15039062500000e-01 1.72257423400879e-01
894 4.34570312500000e-01 1.88851356506348e-01
895 4.37011718750000e-01 1.90979242324829e-01
896 3.54980468750000e-01 1.26011133193970e-01
897 3.95996093750000e-01 1.56812906265259e-01
898 5.06347656250000e-01 2.56387948989868e-01
899 5.40527343750000e-01 2.92169809341431e-01
900 5.27832031250000e-01 2.78606653213501e-01
901 4.96582031250000e-01 2.46593713760376e-01
902 5.39550781250000e-01 2.91115045547485e-01
903 5.61035156250000e-01 3.14760446548462e-01
904 5.16113281250000e-01 2.66372919082642e-01
905 5.32714843750000e-01 2.83785104751587e-01
906 6.16699218750000e-01 3.80317926406860e-01
907 6.05468750000000e-01 3.66592407226562e-01
908 6.66992187500000e-01 4.44878578186035e-01
909 6.38183593750000e-01 4.07278299331665e-01
910 5.94726562500000e-01 3.53699684143066e-01
911 6.15234375000000e-01 3.78513336181641e-01
912 6.21093750000000e-01 3.85757446289062e-01
913 5.95214843750000e-01 3.54280710220337e-01
914 6.06933593750000e-01 3.68368387222290e-01
915 5.69824218750000e-01 3.24699640274048e-01
916 5.40527343750000e-01 2.92169809341431e-01
917 5.19531250000000e-01 2.69912719726562e-01
918 5.63476562500000e-01 3.17505836486816e-01
919 5.11718750000000e-01 2.61856079101562e-01
920 5.34667968750000e-01 2.85869836807251e-01
921 4.78027343750000e-01 2.28510141372681e-01
922 5.08789062500000e-01 2.58866310119629e-01
923 4.82910156250000e-01 2.33202219009399e-01
924 5.62011718750000e-01 3.15857172012329e-01
925 5.65917968750000e-01 3.20263147354126e-01
926 5.01464843750000e-01 2.51466989517212e-01
927 5.43945312500000e-01 2.95876502990723e-01
928 5.65429687500000e-01 3.19710731506348e-01
929 5.51269531250000e-01 3.03898096084595e-01
930 5.34667968750000e-01 2.85869836807251e-01
931 5.67382812500000e-01 3.21923255920410e-01
932 5.83984375000000e-01 3.41037750244141e-01
933 6.49902343750000e-01 4.22373056411743e-01
934 5.83984375000000e-01 3.41037750244141e-01
935 6.19140625000000e-01 3.83335113525391e-01
936 5.77148437500000e-01 3.33100318908691e-01
937 6.48925781250000e-01 4.21104669570923e-01
938 6.58691406250000e-01 4.33874368667603e-01
939 6.94335937500000e-01 4.82102394104004e-01
940 7.16796875000000e-01 5.13797760009766e-01
941 6.42089843750000e-01 4.12279367446899e-01
942 6.92871093750000e-01 4.80070352554321e-01
943 6.66503906250000e-01 4.44227457046509e-01
944 6.35253906250000e-01 4.03547525405884e-01
945 6.07910156250000e-01 3.69554758071899e-01
946 5.99609375000000e-01 3.59531402587891e-01
947 5.33203125000000e-01 2.84305572509766e-01
948 5.76171875000000e-01 3.31974029541016e-01
949 6.22070312500000e-01 3.86971473693848e-01
950 5.75195312500000e-01 3.30849647521973e-01
951 6.31347656250000e-01 3.98599863052368e-01
952 7.07031250000000e-01 4.99893188476562e-01
953 7.13867187500000e-01 5.09606361389160e-01
954 7.22167968750000e-01 5.21526575088501e-01
955 6.52343750000000e-01 4.25552368164062e-01
956 6.76269531250000e-01 4.57340478897095e-01
957 6.30859375000000e-01 3.97983551025391e-01
958 6.50390625000000e-01 4.23007965087891e-01
959 6.51855468750000e-01 4.24915552139282e-01
960 6.26953125000000e-01 3.93070220947266e-01
961 5.98632812500000e-01 3.58361244201660e-01
962 6.30371093750000e-01 3.97367715835571e-01
963 5.83007812500000e-01 3.39898109436035e-01
964 6.21093750000000e-01 3.85757446289062e-01
965 7.27050781250000e-01 5.28602838516235e-01
966 7.61230468750000e-01 5.79471826553345e-01
967 7.33886718750000e-01 5.38589715957642e-01
968 7.39257812500000e-01 5.46502113342285e-01
969 7.16308593750000e-01 5.13098001480103e-01
970 7.17285156250000e-01 5.14497995376587e-01
971 6.83105468750000e-01 4.66633081436157e-01
972 6.93359375000000e-01 4.80747222900391e-01
973 6.31347656250000e-01 3.98599863052368e-01
974 6.18652343750000e-01 3.82730722427368e-01
975 6.34765625000000e-01 4.02927398681641e-01
976 6.91894531250000e-01 4.78718042373657e-01
977 6.91894531250000e-01 4.78718042373657e-01
978 6.71386718750000e-01 4.50760126113892e-01
979 6.47460937500000e-01 4.19205665588379e-01
980 6.36230468750000e-01 4.04789209365845e-01
981 6.23535156250000e-01 3.88796091079712e-01
982 6.67968750000000e-01 4.46182250976562e-01
983 6.26464843750000e-01 3.92458200454712e-01
984 5.64941406250000e-01 3.19158792495728e-01
985 6.09375000000000e-01 3.71337890625000e-01
986 5.48828125000000e-01 3.01212310791016e-01
987 5.52246093750000e-01 3.04975748062134e-01
988 5.82519531250000e-01 3.39329004287720e-01
989 5.79589843750000e-01 3.35924386978149e-01
990 5.64941406250000e-01 3.19158792495728e-01
991 5.62011718750000e-01 3.15857172012329e-01
992 5.65429687500000e-01 3.19710731506348e-01
993 5.29785156250000e-01 2.80672311782837e-01
994 4.98535156250000e-01 2.48537302017212e-01
995 4.64355468750000e-01 2.15626001358032e-01
996 4.98535156250000e-01 2.48537302017212e-01
997 5.61523437500000e-01 3.15308570861816e-01
998 5.43457031250000e-01 2.95345544815063e-01
999 5.50292968750000e-01 3.02822351455688e-01
