0 4.87304687500000e-01 2.37465858459473e-01
1 4.90234375000000e-01 2.40329742431641e-01
2 4.78515625000000e-01 2.28977203369141e-01
3 5.23437500000000e-01 2.73986816406250e-01
4 4.82910156250000e-01 2.33202219009399e-01
5 4.93164062500000e-01 2.43210792541504e-01
6 5.03906250000000e-01 2.53921508789062e-01
7 4.78515625000000e-01 2.28977203369141e-01
8 5.56640625000000e-01 3.09848785400391e-01
9 6.14257812500000e-01 3.77312660217285e-01
10 5.27832031250000e-01 2.78606653213501e-01
11 4.98046875000000e-01 2.48050689697266e-01
12 4.34570312500000e-01 1.88851356506348e-01
13 4.43359375000000e-01 1.96567535400391e-01
14 5.76171875000000e-01 3.31974029541016e-01
15 6.03515625000000e-01 3.64231109619141e-01
16 6.33789062500000e-01 4.01688575744629e-01
17 6.73339843750000e-01 4.53386545181274e-01
18 6.61132812500000e-01 4.37096595764160e-01
19 6.71386718750000e-01 4.50760126113892e-01
20 7.14355468750000e-01 5.10303735733032e-01
21 7.23144531250000e-01 5.22938013076782e-01
22 7.09960937500000e-01 5.04044532775879e-01
23 7.48535156250000e-01 5.60304880142212e-01
24 7.43652343750000e-01 5.53018808364868e-01
25 7.48535156250000e-01 5.60304880142212e-01
26 7.64160156250000e-01 5.83940744400024e-01
27 7.67089843750000e-01 5.88426828384399e-01
28 6.96777343750000e-01 4.85498666763306e-01
29 6.59667968750000e-01 4.35161828994751e-01
30 6.25488281250000e-01 3.91235589981079e-01
31 6.05957031250000e-01 3.67183923721313e-01
32 5.90332031250000e-01 3.48491907119751e-01
33 5.91796875000000e-01 3.50223541259766e-01
34 6.78710937500000e-01 4.60648536682129e-01
35 5.89843750000000e-01 3.47915649414062e-01
36 5.47851562500000e-01 3.00141334533691e-01
37 4.99511718750000e-01 2.49511957168579e-01
38 5.66406250000000e-01 3.20816040039062e-01
39 5.43945312500000e-01 2.95876502990723e-01
40 5.30761718750000e-01 2.81708002090454e-01
41 5.23437500000000e-01 2.73986816406250e-01
42 4.37500000000000e-01 1.91406250000000e-01
43 4.50683593750000e-01 2.03115701675415e-01
44 4.25292968750000e-01 1.80874109268188e-01
45 3.80859375000000e-01 1.45053863525391e-01
46 4.06250000000000e-01 1.65039062500000e-01
47 3.50097656250000e-01 1.22568368911743e-01
48 3.65722656250000e-01 1.33753061294556e-01
49 3.94531250000000e-01 1.55654907226562e-01
50 4.51660156250000e-01 2.03996896743774e-01
51 4.29199218750000e-01 1.84211969375610e-01
52 4.22363281250000e-01 1.78390741348267e-01
53 3.56933593750000e-01 1.27401590347290e-01
54 3.54492187500000e-01 1.25664710998535e-01
55 3.62304687500000e-01 1.31264686584473e-01
56 3.74511718750000e-01 1.40259027481079e-01
57 3.49609375000000e-01 1.22226715087891e-01
58 2.72949218750000e-01 7.45012760162354e-02
59 3.05175781250000e-01 9.31322574615479e-02
60 3.00781250000000e-01 9.04693603515625e-02
61 3.38378906250000e-01 1.14500284194946e-01
62 3.61816406250000e-01 1.30911111831665e-01
63 3.95507812500000e-01 1.56426429748535e-01
64 3.72070312500000e-01 1.38436317443848e-01
65 4.03808593750000e-01 1.63061380386353e-01
66 4.28222656250000e-01 1.83374643325806e-01
67 4.30175781250000e-01 1.85051202774048e-01
68 4.55566406250000e-01 2.07540750503540e-01
69 5.01953125000000e-01 2.51956939697266e-01
70 5.36132812500000e-01 2.87438392639160e-01
71 4.86816406250000e-01 2.36990213394165e-01
72 4.82910156250000e-01 2.33202219009399e-01
73 5.13671875000000e-01 2.63858795166016e-01
74 4.82421875000000e-01 2.32730865478516e-01
75 4.65332031250000e-01 2.16533899307251e-01
76 4.68750000000000e-01 2.19726562500000e-01
77 4.59960937500000e-01 2.11564064025879e-01
78 4.66308593750000e-01 2.17443704605103e-01
79 5.04394531250000e-01 2.54413843154907e-01
80 4.73144531250000e-01 2.23865747451782e-01
81 4.78515625000000e-01 2.28977203369141e-01
82 4.82910156250000e-01 2.33202219009399e-01
83 4.66308593750000e-01 2.17443704605103e-01
84 4.64355468750000e-01 2.15626001358032e-01
85 4.78027343750000e-01 2.28510141372681e-01
86 5.20996093750000e-01 2.71436929702759e-01
87 5.35156250000000e-01 2.86392211914062e-01
88 5.43457031250000e-01 2.95345544815063e-01
89 5.00976562500000e-01 2.50977516174316e-01
90 4.79003906250000e-01 2.29444742202759e-01
91 4.75585937500000e-01 2.26181983947754e-01
92 4.55566406250000e-01 2.07540750503540e-01
93 4.16503906250000e-01 1.73475503921509e-01
94 3.96484375000000e-01 1.57199859619141e-01
95 4.11621093750000e-01 1.69431924819946e-01
96 3.83300781250000e-01 1.46919488906860e-01
97 3.84765625000000e-01 1.48044586181641e-01
98 4.14062500000000e-01 1.71447753906250e-01
99 4.43359375000000e-01 1.96567535400391e-01
100 4.96582031250000e-01 2.46593713760376e-01
101 4.58984375000000e-01 2.10666656494141e-01
102 4.60449218750000e-01 2.12013483047485e-01
103 5.06347656250000e-01 2.56387948989868e-01
104 5.14160156250000e-01 2.64360666275024e-01
105 4.95605468750000e-01 2.45624780654907e-01
106 4.35546875000000e-01 1.89701080322266e-01
107 4.77050781250000e-01 2.27577447891235e-01
108 3.94042968750000e-01 1.55269861221313e-01
109 4.32128906250000e-01 1.86735391616821e-01
110 4.50683593750000e-01 2.03115701675415e-01
111 4.82421875000000e-01 2.32730865478516e-01
112 4.98046875000000e-01 2.48050689697266e-01
113 5.18066406250000e-01 2.68392801284790e-01
114 6.16699218750000e-01 3.80317926406860e-01
115 5.66894531250000e-01 3.21369409561157e-01
116 5.59570312500000e-01 3.13118934631348e-01
117 5.54687500000000e-01 3.07678222656250e-01
118 5.24902343750000e-01 2.75522470474243e-01
119 5.70312500000000e-01 3.25256347656250e-01
120 5.88378906250000e-01 3.46189737319946e-01
121 5.63964843750000e-01 3.18056344985962e-01
122 5.48828125000000e-01 3.01212310791016e-01
123 5.96679687500000e-01 3.56026649475098e-01
124 6.28417968750000e-01 3.94909143447876e-01
125 6.37695312500000e-01 4.06655311584473e-01
126 6.23535156250000e-01 3.88796091079712e-01
127 6.55761718750000e-01 4.30023431777954e-01
128 6.44531250000000e-01 4.15420532226562e-01
129 5.62500000000000e-01 3.16406250000000e-01
130 5.38574218750000e-01 2.90062189102173e-01
131 4.90722656250000e-01 2.40808725357056e-01
132 4.77539062500000e-01 2.28043556213379e-01
133 4.01367187500000e-01 1.61095619201660e-01
134 4.33105468750000e-01 1.87580347061157e-01
135 4.02832031250000e-01 1.62273645401001e-01
136 4.21386718750000e-01 1.77566766738892e-01
137 4.07226562500000e-01 1.65833473205566e-01
138 4.15527343750000e-01 1.72662973403931e-01
139 4.06738281250000e-01 1.65436029434204e-01
140 4.16503906250000e-01 1.73475503921509e-01
141 4.58007812500000e-01 2.09771156311035e-01
142 4.10156250000000e-01 1.68228149414062e-01
143 3.43261718750000e-01 1.17828607559204e-01
144 3.56933593750000e-01 1.27401590347290e-01
145 3.63281250000000e-01 1.31973266601562e-01
146 3.82812500000000e-01 1.46545410156250e-01
147 4.96582031250000e-01 2.46593713760376e-01
148 4.37500000000000e-01 1.91406250000000e-01
149 4.20410156250000e-01 1.76744699478149e-01
150 4.79492187500000e-01 2.29912757873535e-01
151 5.24902343750000e-01 2.75522470474243e-01
152 5.40039062500000e-01 2.91642189025879e-01
153 5.60058593750000e-01 3.13665628433228e-01
154 5.43945312500000e-01 2.95876502990723e-01
155 5.06835937500000e-01 2.56882667541504e-01
156 4.57519531250000e-01 2.09324121475220e-01
157 4.71191406250000e-01 2.22021341323853e-01
158 4.91210937500000e-01 2.41288185119629e-01
159 5.16113281250000e-01 2.66372919082642e-01
160 4.66308593750000e-01 2.17443704605103e-01
161 5.11230468750000e-01 2.61356592178345e-01
162 5.08300781250000e-01 2.58369684219360e-01
163 5.29785156250000e-01 2.80672311782837e-01
164 4.62402343750000e-01 2.13815927505493e-01
165 4.79003906250000e-01 2.29444742202759e-01
166 6.20605468750000e-01 3.85151147842407e-01
167 5.70312500000000e-01 3.25256347656250e-01
168 5.64941406250000e-01 3.19158792495728e-01
169 5.91796875000000e-01 3.50223541259766e-01
170 6.04003906250000e-01 3.64820718765259e-01
171 5.69335937500000e-01 3.24143409729004e-01
172 5.44921875000000e-01 2.96939849853516e-01
173 6.35253906250000e-01 4.03547525405884e-01
174 5.73242187500000e-01 3.28606605529785e-01
175 5.94726562500000e-01 3.53699684143066e-01
176 5.65429687500000e-01 3.19710731506348e-01
177 6.32324218750000e-01 3.99833917617798e-01
178 6.26953125000000e-01 3.93070220947266e-01
179 6.50878906250000e-01 4.23643350601196e-01
180 6.03027343750000e-01 3.63641977310181e-01
181 5.93750000000000e-01 3.52539062500000e-01
182 6.75292968750000e-01 4.56020593643188e-01
183 5.72753906250000e-01 3.28047037124634e-01
184 5.76660156250000e-01 3.32536935806274e-01
185 5.41503906250000e-01 2.93226480484009e-01
186 5.76660156250000e-01 3.32536935806274e-01
187 5.87890625000000e-01 3.45615386962891e-01
188 5.60058593750000e-01 3.13665628433228e-01
189 5.59570312500000e-01 3.13118934631348e-01
190 5.26855468750000e-01 2.77576684951782e-01
191 5.36132812500000e-01 2.87438392639160e-01
192 5.47851562500000e-01 3.00141334533691e-01
193 5.28320312500000e-01 2.79122352600098e-01
194 5.06835937500000e-01 2.56882667541504e-01
195 5.72265625000000e-01 3.27487945556641e-01
196 5.55175781250000e-01 3.08220148086548e-01
197 5.31738281250000e-01 2.82745599746704e-01
198 5.26855468750000e-01 2.77576684951782e-01
199 5.50292968750000e-01 3.02822351455688e-01
200 5.60058593750000e-01 3.13665628433228e-01
201 4.28222656250000e-01 1.83374643325806e-01
202 4.59472656250000e-01 2.11115121841431e-01
203 5.17578125000000e-01 2.67887115478516e-01
204 5.51269531250000e-01 3.03898096084595e-01
205 5.63964843750000e-01 3.18056344985962e-01
206 5.43457031250000e-01 2.95345544815063e-01
207 5.00488281250000e-01 2.50488519668579e-01
208 5.29296875000000e-01 2.80155181884766e-01
209 5.50781250000000e-01 3.03359985351562e-01
210 5.49316406250000e-01 3.01748514175415e-01
211 6.03027343750000e-01 3.63641977310181e-01
212 6.18652343750000e-01 3.82730722427368e-01
213 5.35156250000000e-01 2.86392211914062e-01
214 6.09375000000000e-01 3.71337890625000e-01
215 6.17187500000000e-01 3.80920410156250e-01
216 6.15722656250000e-01 3.79114389419556e-01
217 6.18652343750000e-01 3.82730722427368e-01
218 6.07910156250000e-01 3.69554758071899e-01
219 5.66894531250000e-01 3.21369409561157e-01
220 6.06933593750000e-01 3.68368387222290e-01
221 6.01074218750000e-01 3.61290216445923e-01
222 6.74316406250000e-01 4.54702615737915e-01
223 6.65527343750000e-01 4.42926645278931e-01
224 6.75781250000000e-01 4.56680297851562e-01
225 6.75781250000000e-01 4.56680297851562e-01
226 6.68457031250000e-01 4.46834802627563e-01
227 6.97265625000000e-01 4.86179351806641e-01
228 7.08496093750000e-01 5.01966714859009e-01
229 6.80664062500000e-01 4.63303565979004e-01
230 6.96289062500000e-01 4.84818458557129e-01
231 7.44628906250000e-01 5.54472208023071e-01
232 7.12890625000000e-01 5.08213043212891e-01
233 7.25585937500000e-01 5.26474952697754e-01
234 7.30468750000000e-01 5.33584594726562e-01
235 6.97753906250000e-01 4.86860513687134e-01
236 6.68457031250000e-01 4.46834802627563e-01
237 6.34765625000000e-01 4.02927398681641e-01
238 6.11328125000000e-01 3.73722076416016e-01
239 6.27929687500000e-01 3.94295692443848e-01
240 6.30859375000000e-01 3.97983551025391e-01
241 6.21582031250000e-01 3.86364221572876e-01
242 6.18164062500000e-01 3.82126808166504e-01
243 6.03027343750000e-01 3.63641977310181e-01
244 5.54687500000000e-01 3.07678222656250e-01
245 5.41992187500000e-01 2.93755531311035e-01
246 6.06933593750000e-01 3.68368387222290e-01
247 6.38183593750000e-01 4.07278299331665e-01
248 6.09375000000000e-01 3.71337890625000e-01
249 6.74316406250000e-01 4.54702615737915e-01
250 6.29882812500000e-01 3.96752357482910e-01
251 6.32812500000000e-01 4.00451660156250e-01
252 6.02539062500000e-01 3.63053321838379e-01
253 5.87402343750000e-01 3.45041513442993e-01
254 5.80078125000000e-01 3.36490631103516e-01
255 5.73730468750000e-01 3.29166650772095e-01
256 6.23046875000000e-01 3.88187408447266e-01
257 6.52343750000000e-01 4.25552368164062e-01
258 6.59667968750000e-01 4.35161828994751e-01
259 6.45996093750000e-01 4.17310953140259e-01
260 6.62597656250000e-01 4.39035654067993e-01
261 6.16210937500000e-01 3.79715919494629e-01
262 5.82519531250000e-01 3.39329004287720e-01
263 5.86425781250000e-01 3.43895196914673e-01
264 5.36132812500000e-01 2.87438392639160e-01
265 5.36132812500000e-01 2.87438392639160e-01
266 5.66894531250000e-01 3.21369409561157e-01
267 5.04394531250000e-01 2.54413843154907e-01
268 5.01464843750000e-01 2.51466989517212e-01
269 4.88769531250000e-01 2.38895654678345e-01
270 5.07812500000000e-01 2.57873535156250e-01
271 5.08300781250000e-01 2.58369684219360e-01
272 5.51269531250000e-01 3.03898096084595e-01
273 4.96093750000000e-01 2.46109008789062e-01
274 5.21484375000000e-01 2.71945953369141e-01
275 4.60937500000000e-01 2.12463378906250e-01
276 5.20507812500000e-01 2.70928382873535e-01
277 5.10742187500000e-01 2.60857582092285e-01
278 5.31250000000000e-01 2.82226562500000e-01
279 5.46875000000000e-01 2.99072265625000e-01
280 5.37597656250000e-01 2.89011240005493e-01
281 5.41015625000000e-01 2.92697906494141e-01
282 5.91796875000000e-01 3.50223541259766e-01
283 4.87792968750000e-01 2.37941980361938e-01
284 4.36035156250000e-01 1.90126657485962e-01
285 4.26757812500000e-01 1.82122230529785e-01
286 4.64355468750000e-01 2.15626001358032e-01
287 4.48730468750000e-01 2.01359033584595e-01
288 4.79980468750000e-01 2.30381250381470e-01
289 4.96582031250000e-01 2.46593713760376e-01
290 5.32226562500000e-01 2.83265113830566e-01
291 4.89746093750000e-01 2.39851236343384e-01
292 5.62988281250000e-01 3.16955804824829e-01
293 6.18164062500000e-01 3.82126808166504e-01
294 6.12304687500000e-01 3.74917030334473e-01
295 6.44042968750000e-01 4.14791345596313e-01
296 6.95312500000000e-01 4.83459472656250e-01
297 7.13867187500000e-01 5.09606361389160e-01
298 6.76757812500000e-01 4.58001136779785e-01
299 6.70898437500000e-01 4.50104713439941e-01
300 5.61523437500000e-01 3.15308570861816e-01
301 5.33691406250000e-01 2.84826517105103e-01
302 5.61523437500000e-01 3.15308570861816e-01
303 5.21972656250000e-01 2.72455453872681e-01
304 4.98535156250000e-01 2.48537302017212e-01
305 4.24316406250000e-01 1.80044412612915e-01
306 4.54101562500000e-01 2.06208229064941e-01
307 4.32128906250000e-01 1.86735391616821e-01
308 4.20898437500000e-01 1.77155494689941e-01
309 4.44335937500000e-01 1.97434425354004e-01
310 4.85351562500000e-01 2.35566139221191e-01
311 4.70703125000000e-01 2.21561431884766e-01
312 4.99511718750000e-01 2.49511957168579e-01
313 5.28320312500000e-01 2.79122352600098e-01
314 5.38085937500000e-01 2.89536476135254e-01
315 5.36132812500000e-01 2.87438392639160e-01
316 5.49804687500000e-01 3.02285194396973e-01
317 5.65429687500000e-01 3.19710731506348e-01
318 4.96582031250000e-01 2.46593713760376e-01
319 4.63378906250000e-01 2.14720010757446e-01
320 4.45312500000000e-01 1.98303222656250e-01
321 4.70703125000000e-01 2.21561431884766e-01
322 4.43847656250000e-01 1.97000741958618e-01
323 4.06738281250000e-01 1.65436029434204e-01
324 3.75000000000000e-01 1.40625000000000e-01
325 3.87695312500000e-01 1.50307655334473e-01
326 3.55957031250000e-01 1.26705408096313e-01
327 3.49609375000000e-01 1.22226715087891e-01
328 3.76953125000000e-01 1.42093658447266e-01
329 3.33007812500000e-01 1.10894203186035e-01
330 3.76464843750000e-01 1.41725778579712e-01
331 4.09179687500000e-01 1.67428016662598e-01
332 4.31152343750000e-01 1.85892343521118e-01
333 4.51660156250000e-01 2.03996896743774e-01
334 4.29199218750000e-01 1.84211969375610e-01
335 4.06250000000000e-01 1.65039062500000e-01
336 4.54589843750000e-01 2.06651926040649e-01
337 4.50195312500000e-01 2.02675819396973e-01
338 4.40429687500000e-01 1.93978309631348e-01
339 4.45312500000000e-01 1.98303222656250e-01
340 4.17968750000000e-01 1.74697875976562e-01
341 3.14453125000000e-01 9.88807678222656e-02
342 3.19335937500000e-01 1.01975440979004e-01
343 3.33496093750000e-01 1.11219644546509e-01
344 3.89648437500000e-01 1.51825904846191e-01
345 3.63281250000000e-01 1.31973266601562e-01
346 3.75488281250000e-01 1.40991449356079e-01
347 4.66308593750000e-01 2.17443704605103e-01
348 4.31152343750000e-01 1.85892343521118e-01
349 4.33105468750000e-01 1.87580347061157e-01
350 4.87304687500000e-01 2.37465858459473e-01
351 4.77539062500000e-01 2.28043556213379e-01
352 4.87304687500000e-01 2.37465858459473e-01
353 4.79003906250000e-01 2.29444742202759e-01
354 4.90234375000000e-01 2.40329742431641e-01
355 4.44335937500000e-01 1.97434425354004e-01
356 4.76562500000000e-01 2.27111816406250e-01
357 5.52734375000000e-01 3.05515289306641e-01
358 6.07910156250000e-01 3.69554758071899e-01
359 5.61035156250000e-01 3.14760446548462e-01
360 6.15722656250000e-01 3.79114389419556e-01
361 6.38671875000000e-01 4.07901763916016e-01
362 6.76269531250000e-01 4.57340478897095e-01
363 6.77246093750000e-01 4.58662271499634e-01
364 6.83593750000000e-01 4.67300415039062e-01
365 6.94335937500000e-01 4.82102394104004e-01
366 7.48535156250000e-01 5.60304880142212e-01
367 7.20214843750000e-01 5.18709421157837e-01
368 6.79687500000000e-01 4.61975097656250e-01
369 6.99218750000000e-01 4.88906860351562e-01
370 6.93847656250000e-01 4.81424570083618e-01
371 6.67480468750000e-01 4.45530176162720e-01
372 6.48925781250000e-01 4.21104669570923e-01
373 6.39160156250000e-01 4.08525705337524e-01
374 4.91210937500000e-01 2.41288185119629e-01
375 4.94140625000000e-01 2.44174957275391e-01
376 5.22460937500000e-01 2.72965431213379e-01
377 5.30273437500000e-01 2.81189918518066e-01
378 4.71679687500000e-01 2.22481727600098e-01
379 4.04785156250000e-01 1.63851022720337e-01
380 3.78417968750000e-01 1.43200159072876e-01
381 2.99804687500000e-01 8.98828506469727e-02
382 3.44726562500000e-01 1.18836402893066e-01
383 2.82226562500000e-01 7.96518325805664e-02
384 3.85253906250000e-01 1.48420572280884e-01
385 4.11132812500000e-01 1.69030189514160e-01
386 4.26269531250000e-01 1.81705713272095e-01
387 4.53125000000000e-01 2.05322265625000e-01
388 4.28222656250000e-01 1.83374643325806e-01
389 5.25390625000000e-01 2.76035308837891e-01
390 5.44921875000000e-01 2.96939849853516e-01
391 4.68261718750000e-01 2.19269037246704e-01
392 4.33105468750000e-01 1.87580347061157e-01
393 4.02343750000000e-01 1.61880493164062e-01
394 3.85742187500000e-01 1.48797035217285e-01
395 4.60449218750000e-01 2.12013483047485e-01
396 4.38964843750000e-01 1.92690134048462e-01
397 4.39453125000000e-01 1.93119049072266e-01
398 4.57031250000000e-01 2.08877563476562e-01
399 4.64355468750000e-01 2.15626001358032e-01
400 4.09179687500000e-01 1.67428016662598e-01
401 3.95996093750000e-01 1.56812906265259e-01
402 3.55468750000000e-01 1.26358032226562e-01
403 4.43847656250000e-01 1.97000741958618e-01
404 4.42382812500000e-01 1.95702552795410e-01
405 4.57031250000000e-01 2.08877563476562e-01
406 4.09179687500000e-01 1.67428016662598e-01
407 4.27734375000000e-01 1.82956695556641e-01
408 4.54589843750000e-01 2.06651926040649e-01
409 3.83789062500000e-01 1.47294044494629e-01
410 4.40917968750000e-01 1.94408655166626e-01
411 4.32128906250000e-01 1.86735391616821e-01
412 4.05761718750000e-01 1.64642572402954e-01
413 4.05273437500000e-01 1.64246559143066e-01
414 3.76953125000000e-01 1.42093658447266e-01
415 3.82324218750000e-01 1.46171808242798e-01
416 4.47753906250000e-01 2.00483560562134e-01
417 4.45800781250000e-01 1.98738336563110e-01
418 4.36523437500000e-01 1.90552711486816e-01
419 3.99902343750000e-01 1.59921884536743e-01
420 4.23828125000000e-01 1.79630279541016e-01
421 4.22363281250000e-01 1.78390741348267e-01
422 4.73144531250000e-01 2.23865747451782e-01
423 5.09765625000000e-01 2.59860992431641e-01
424 5.09765625000000e-01 2.59860992431641e-01
425 5.53222656250000e-01 3.06055307388306e-01
426 5.50781250000000e-01 3.03359985351562e-01
427 6.11328125000000e-01 3.73722076416016e-01
428 5.99609375000000e-01 3.59531402587891e-01
429 5.30273437500000e-01 2.81189918518066e-01
430 6.14257812500000e-01 3.77312660217285e-01
431 6.36718750000000e-01 4.05410766601562e-01
432 6.51855468750000e-01 4.24915552139282e-01
433 6.09863281250000e-01 3.71933221817017e-01
434 5.85449218750000e-01 3.42750787734985e-01
435 6.43554687500000e-01 4.14162635803223e-01
436 5.74707031250000e-01 3.30288171768188e-01
437 5.14160156250000e-01 2.64360666275024e-01
438 4.86328125000000e-01 2.36515045166016e-01
439 5.43457031250000e-01 2.95345544815063e-01
440 5.73730468750000e-01 3.29166650772095e-01
441 5.39550781250000e-01 2.91115045547485e-01
442 4.89746093750000e-01 2.39851236343384e-01
443 4.83398437500000e-01 2.33674049377441e-01
444 5.34179687500000e-01 2.85347938537598e-01
445 5.22460937500000e-01 2.72965431213379e-01
446 5.36132812500000e-01 2.87438392639160e-01
447 5.72753906250000e-01 3.28047037124634e-01
448 5.09277343750000e-01 2.59363412857056e-01
449 5.38574218750000e-01 2.90062189102173e-01
450 5.16113281250000e-01 2.66372919082642e-01
451 5.48828125000000e-01 3.01212310791016e-01
452 5.27832031250000e-01 2.78606653213501e-01
453 5.62988281250000e-01 3.16955804824829e-01
454 5.49804687500000e-01 3.02285194396973e-01
455 5.64941406250000e-01 3.19158792495728e-01
456 5.56640625000000e-01 3.09848785400391e-01
457 5.79589843750000e-01 3.35924386978149e-01
458 6.14257812500000e-01 3.77312660217285e-01
459 5.84960937500000e-01 3.42179298400879e-01
460 5.95703125000000e-01 3.54862213134766e-01
461 6.03515625000000e-01 3.64231109619141e-01
462 6.32812500000000e-01 4.00451660156250e-01
463 5.91308593750000e-01 3.49645853042603e-01
464 5.78125000000000e-01 3.34228515625000e-01
465 5.97167968750000e-01 3.56609582901001e-01
466 6.20117187500000e-01 3.84545326232910e-01
467 6.19140625000000e-01 3.83335113525391e-01
468 5.31738281250000e-01 2.82745599746704e-01
469 5.16601562500000e-01 2.66877174377441e-01
470 5.16601562500000e-01 2.66877174377441e-01
471 5.48828125000000e-01 3.01212310791016e-01
472 5.74218750000000e-01 3.29727172851562e-01
473 6.17187500000000e-01 3.80920410156250e-01
474 5.86914062500000e-01 3.44468116760254e-01
475 6.40625000000000e-01 4.10400390625000e-01
476 6.56738281250000e-01 4.31305170059204e-01
477 6.12304687500000e-01 3.74917030334473e-01
478 6.24023437500000e-01 3.89405250549316e-01
479 6.34765625000000e-01 4.02927398681641e-01
480 6.51855468750000e-01 4.24915552139282e-01
481 6.26953125000000e-01 3.93070220947266e-01
482 6.83105468750000e-01 4.66633081436157e-01
483 6.68457031250000e-01 4.46834802627563e-01
484 6.65527343750000e-01 4.42926645278931e-01
485 5.93261718750000e-01 3.51959466934204e-01
486 5.90332031250000e-01 3.48491907119751e-01
487 6.05957031250000e-01 3.67183923721313e-01
488 6.56738281250000e-01 4.31305170059204e-01
489 6.94335937500000e-01 4.82102394104004e-01
490 7.07031250000000e-01 4.99893188476562e-01
491 7.38769531250000e-01 5.45780420303345e-01
492 7.44628906250000e-01 5.54472208023071e-01
493 6.62109375000000e-01 4.38388824462891e-01
494 6.42089843750000e-01 4.12279367446899e-01
495 6.71875000000000e-01 4.51416015625000e-01
496 6.21093750000000e-01 3.85757446289062e-01
497 6.42089843750000e-01 4.12279367446899e-01
498 6.79687500000000e-01 4.61975097656250e-01
499 6.61132812500000e-01 4.37096595764160e-01
500 7.00683593750000e-01 4.90957498550415e-01
501 6.68945312500000e-01 4.47487831115723e-01
502 6.27441406250000e-01 3.93682718276978e-01
503 5.98144531250000e-01 3.57776880264282e-01
504 5.98144531250000e-01 3.57776880264282e-01
505 6.34277343750000e-01 4.02307748794556e-01
506 5.67871093750000e-01 3.22477579116821e-01
507 6.19140625000000e-01 3.83335113525391e-01
508 5.97656250000000e-01 3.57192993164062e-01
509 5.60546875000000e-01 3.14212799072266e-01
510 5.00976562500000e-01 2.50977516174316e-01
511 5.54199218750000e-01 3.07136774063110e-01
512 5.05859375000000e-01 2.55893707275391e-01
513 4.95117187500000e-01 2.45141029357910e-01
514 4.37500000000000e-01 1.91406250000000e-01
515 4.30664062500000e-01 1.85471534729004e-01
516 4.02832031250000e-01 1.62273645401001e-01
517 2.96386718750000e-01 8.78450870513916e-02
518 3.35449218750000e-01 1.12526178359985e-01
519 2.55371093750000e-01 6.52143955230713e-02
520 2.03613281250000e-01 4.14583683013916e-02
521 2.07519531250000e-01 4.30643558502197e-02
522 1.72363281250000e-01 2.97091007232666e-02
523 1.48437500000000e-01 2.20336914062500e-02
524 9.57031250000000e-02 9.15908813476562e-03
525 1.27929687500000e-01 1.63660049438477e-02
526 1.22558593750000e-01 1.50206089019775e-02
527 1.00097656250000e-01 1.00195407867432e-02
528 6.00585937500000e-02 3.60703468322754e-03
529 5.46875000000000e-02 2.99072265625000e-03
530 5.85937500000000e-02 3.43322753906250e-03
531 5.61523437500000e-02 3.15308570861816e-03
532 1.00585937500000e-01 1.01175308227539e-02
533 1.23046875000000e-01 1.51405334472656e-02
534 1.10351562500000e-01 1.21774673461914e-02
535 6.78710937500000e-02 4.60648536682129e-03
536 9.03320312500000e-02 8.15987586975098e-03
537 4.63867187500000e-02 2.15172767639160e-03
538 1.21582031250000e-01 1.47821903228760e-02
539 1.69921875000000e-01 2.88734436035156e-02
540 1.22558593750000e-01 1.50206089019775e-02
541 1.16210937500000e-01 1.35049819946289e-02
542 1.29882812500000e-01 1.68695449829102e-02
543 1.98730468750000e-01 3.94937992095947e-02
544 9.91210937500000e-02 9.82499122619629e-03
545 1.24023437500000e-01 1.53818130493164e-02
546 1.15722656250000e-01 1.33917331695557e-02
547 9.52148437500000e-02 9.06586647033691e-03
548 7.81250000000000e-02 6.10351562500000e-03
549 1.08398437500000e-01 1.17502212524414e-02
550 1.02050781250000e-01 1.04143619537354e-02
551 9.22851562500000e-02 8.51655006408691e-03
552 3.95507812500000e-02 1.56426429748535e-03
553 1.70898437500000e-02 2.92062759399414e-04
554 1.06445312500000e-01 1.13306045532227e-02
555 7.03125000000000e-02 4.94384765625000e-03
556 7.12890625000000e-02 5.08213043212891e-03
557 8.59375000000000e-02 7.38525390625000e-03
558 1.37695312500000e-01 1.89599990844727e-02
559 1.46972656250000e-01 2.16009616851807e-02
560 5.85937500000000e-02 3.43322753906250e-03
561 2.78320312500000e-02 7.74621963500977e-04
562 1.90429687500000e-02 3.62634658813477e-04
563 7.37304687500000e-02 5.43618202209473e-03
564 4.44335937500000e-02 1.97434425354004e-03
565 1.85546875000000e-02 3.44276428222656e-04
566 5.17578125000000e-02 2.67887115478516e-03
567 9.37500000000000e-02 8.78906250000000e-03
568 1.35742187500000e-01 1.84259414672852e-02
569 1.06933593750000e-01 1.14347934722900e-02
570 7.66601562500000e-02 5.87677955627441e-03
571 9.57031250000000e-02 9.15908813476562e-03
572 3.80859375000000e-02 1.45053863525391e-03
573 2.44140625000000e-03 5.96046447753906e-06
574 1.31835937500000e-02 1.73807144165039e-04
575 2.00195312500000e-02 4.00781631469727e-04
576 3.32031250000000e-02 1.10244750976562e-03
577 2.97851562500000e-02 8.87155532836914e-04
578 1.95312500000000e-03 3.81469726562500e-06
579 5.07812500000000e-02 2.57873535156250e-03
580 3.36914062500000e-02 1.13511085510254e-03
581 2.92968750000000e-02 8.58306884765625e-04
582 1.80664062500000e-02 3.26395034790039e-04
583 1.51367187500000e-02 2.29120254516602e-04
584 4.88281250000000e-04 2.38418579101562e-07
585 4.98046875000000e-02 2.48050689697266e-03
586 8.30078125000000e-03 6.89029693603516e-05
587 1.66015625000000e-02 2.75611877441406e-04
588 1.95312500000000e-02 3.81469726562500e-04
589 4.73632812500000e-02 2.24328041076660e-03
590 3.27148437500000e-02 1.07026100158691e-03
591 4.39453125000000e-03 1.93119049072266e-05
592 7.86132812500000e-02 6.18004798889160e-03
593 3.90625000000000e-02 1.52587890625000e-03
594 3.41796875000000e-03 1.16825103759766e-05
595 5.37109375000000e-02 2.88486480712891e-03
596 5.61523437500000e-02 3.15308570861816e-03
597 5.41992187500000e-02 2.93755531311035e-03
598 9.96093750000000e-02 9.92202758789062e-03
599 5.51757812500000e-02 3.04436683654785e-03
600 1.27441406250000e-01 1.62413120269775e-02
601 6.88476562500000e-02 4.73999977111816e-03
602 6.88476562500000e-02 4.73999977111816e-03
603 2.00195312500000e-02 4.00781631469727e-04
604 4.34570312500000e-02 1.88851356506348e-03
605 1.17187500000000e-01 1.37329101562500e-02
606 1.19628906250000e-01 1.43110752105713e-02
607 1.97753906250000e-01 3.91066074371338e-02
608 2.09472656250000e-01 4.38787937164307e-02
609 2.08496093750000e-01 4.34706211090088e-02
610 2.34863281250000e-01 5.51607608795166e-02
611 2.22167968750000e-01 4.93586063385010e-02
612 2.08984375000000e-01 4.36744689941406e-02
613 1.85546875000000e-01 3.44276428222656e-02
614 1.00585937500000e-01 1.01175308227539e-02
615 1.38671875000000e-01 1.92298889160156e-02
616 2.58789062500000e-02 6.69717788696289e-04
617 1.95312500000000e-03 3.81469726562500e-06
618 2.44140625000000e-02 5.96046447753906e-04
619 4.98046875000000e-02 2.48050689697266e-03
620 3.12500000000000e-02 9.76562500000000e-04
621 1.26953125000000e-02 1.61170959472656e-04
622 1.07421875000000e-01 1.15394592285156e-02
623 5.12695312500000e-02 2.62856483459473e-03
624 4.93164062500000e-02 2.43210792541504e-03
625 2.24609375000000e-02 5.04493713378906e-04
626 4.15039062500000e-02 1.72257423400879e-03
627 6.78710937500000e-02 4.60648536682129e-03
628 4.58984375000000e-02 2.10666656494141e-03
629 1.46484375000000e-03 2.14576721191406e-06
630 7.37304687500000e-02 5.43618202209473e-03
631 7.42187500000000e-02 5.50842285156250e-03
632 7.81250000000000e-03 6.10351562500000e-05
633 4.88281250000000e-03 2.38418579101562e-05
634 1.41113281250000e-01 1.99129581451416e-02
635 1.70410156250000e-01 2.90396213531494e-02
636 2.29980468750000e-01 5.28910160064697e-02
637 2.18261718750000e-01 4.76381778717041e-02
638 1.90917968750000e-01 3.64496707916260e-02
639 2.39746093750000e-01 5.74781894683838e-02
640 2.68066406250000e-01 7.18595981597900e-02
641 2.91015625000000e-01 8.46900939941406e-02
642 2.39746093750000e-01 5.74781894683838e-02
643 2.65625000000000e-01 7.05566406250000e-02
644 2.83203125000000e-01 8.02040100097656e-02
645 2.91503906250000e-01 8.49745273590088e-02
646 2.48535156250000e-01 6.17697238922119e-02
647 1.89941406250000e-01 3.60777378082275e-02
648 1.86035156250000e-01 3.46090793609619e-02
649 2.13867187500000e-01 4.57391738891602e-02
650 1.74804687500000e-01 3.05566787719727e-02
651 2.08007812500000e-01 4.32672500610352e-02
652 2.14843750000000e-01 4.61578369140625e-02
653 1.28906250000000e-01 1.66168212890625e-02
654 1.42089843750000e-01 2.01895236968994e-02
655 1.51855468750000e-01 2.30600833892822e-02
656 2.00683593750000e-01 4.02739048004150e-02
657 2.35351562500000e-01 5.53903579711914e-02
658 2.51953125000000e-01 6.34803771972656e-02
659 2.00195312500000e-01 4.00781631469727e-02
660 2.74414062500000e-01 7.53030776977539e-02
661 2.89062500000000e-01 8.35571289062500e-02
662 3.26660156250000e-01 1.06706857681274e-01
663 3.31054687500000e-01 1.09597206115723e-01
664 3.69628906250000e-01 1.36625528335571e-01
665 4.37988281250000e-01 1.91833734512329e-01
666 4.44335937500000e-01 1.97434425354004e-01
667 4.62890625000000e-01 2.14267730712891e-01
668 4.02832031250000e-01 1.62273645401001e-01
669 5.06835937500000e-01 2.56882667541504e-01
670 4.68261718750000e-01 2.19269037246704e-01
671 4.80468750000000e-01 2.30850219726562e-01
672 5.09277343750000e-01 2.59363412857056e-01
673 4.87304687500000e-01 2.37465858459473e-01
674 3.87207031250000e-01 1.49929285049438e-01
675 3.85742187500000e-01 1.48797035217285e-01
676 4.13085937500000e-01 1.70639991760254e-01
677 4.70703125000000e-01 2.21561431884766e-01
678 5.02441406250000e-01 2.52447366714478e-01
679 5.53222656250000e-01 3.06055307388306e-01
680 5.56640625000000e-01 3.09848785400391e-01
681 5.67871093750000e-01 3.22477579116821e-01
682 5.41015625000000e-01 2.92697906494141e-01
683 5.42480468750000e-01 2.94285058975220e-01
684 5.42968750000000e-01 2.94815063476562e-01
685 5.46386718750000e-01 2.98538446426392e-01
686 5.37109375000000e-01 2.88486480712891e-01
687 5.30273437500000e-01 2.81189918518066e-01
688 5.55175781250000e-01 3.08220148086548e-01
689 5.56152343750000e-01 3.09305429458618e-01
690 6.17675781250000e-01 3.81523370742798e-01
691 6.00097656250000e-01 3.60117197036743e-01
692 6.40136718750000e-01 4.09775018692017e-01
693 6.22558593750000e-01 3.87579202651978e-01
694 6.14257812500000e-01 3.77312660217285e-01
695 5.86425781250000e-01 3.43895196914673e-01
696 5.41992187500000e-01 2.93755531311035e-01
697 5.07812500000000e-01 2.57873535156250e-01
698 5.77636718750000e-01 3.33664178848267e-01
699 5.89843750000000e-01 3.47915649414062e-01
700 6.33789062500000e-01 4.01688575744629e-01
701 6.19628906250000e-01 3.83939981460571e-01
702 6.02539062500000e-01 3.63053321838379e-01
703 6.46484375000000e-01 4.17942047119141e-01
704 6.56738281250000e-01 4.31305170059204e-01
705 5.85937500000000e-01 3.43322753906250e-01
706 6.02539062500000e-01 3.63053321838379e-01
707 6.55761718750000e-01 4.30023431777954e-01
708 6.82617187500000e-01 4.65966224670410e-01
709 7.10449218750000e-01 5.04738092422485e-01
710 6.92382812500000e-01 4.79393959045410e-01
711 7.10449218750000e-01 5.04738092422485e-01
712 6.62597656250000e-01 4.39035654067993e-01
713 6.22558593750000e-01 3.87579202651978e-01
714 6.55761718750000e-01 4.30023431777954e-01
715 6.64062500000000e-01 4.40979003906250e-01
716 7.38281250000000e-01 5.45059204101562e-01
717 6.64550781250000e-01 4.41627740859985e-01
718 6.65527343750000e-01 4.42926645278931e-01
719 6.83105468750000e-01 4.66633081436157e-01
720 7.11914062500000e-01 5.06821632385254e-01
721 6.65527343750000e-01 4.42926645278931e-01
722 6.25000000000000e-01 3.90625000000000e-01
723 6.41601562500000e-01 4.11652565002441e-01
724 6.20117187500000e-01 3.84545326232910e-01
725 6.11328125000000e-01 3.73722076416016e-01
726 5.76171875000000e-01 3.31974029541016e-01
727 6.15234375000000e-01 3.78513336181641e-01
728 5.74707031250000e-01 3.30288171768188e-01
729 5.70800781250000e-01 3.25813531875610e-01
730 5.34179687500000e-01 2.85347938537598e-01
731 5.24902343750000e-01 2.75522470474243e-01
732 5.29296875000000e-01 2.80155181884766e-01
733 4.95117187500000e-01 2.45141029357910e-01
734 4.74609375000000e-01 2.25254058837891e-01
735 4.95605468750000e-01 2.45624780654907e-01
736 4.89257812500000e-01 2.39373207092285e-01
737 4.58496093750000e-01 2.10218667984009e-01
738 4.83398437500000e-01 2.33674049377441e-01
739 5.16601562500000e-01 2.66877174377441e-01
740 4.48730468750000e-01 2.01359033584595e-01
741 3.97460937500000e-01 1.57975196838379e-01
742 3.96484375000000e-01 1.57199859619141e-01
743 3.64746093750000e-01 1.33039712905884e-01
744 3.62792968750000e-01 1.31618738174438e-01
745 3.84277343750000e-01 1.47669076919556e-01
746 4.07714843750000e-01 1.66231393814087e-01
747 4.42382812500000e-01 1.95702552795410e-01
748 4.24804687500000e-01 1.80459022521973e-01
749 4.27734375000000e-01 1.82956695556641e-01
750 3.85253906250000e-01 1.48420572280884e-01
751 3.08593750000000e-01 9.52301025390625e-02
752 2.75878906250000e-01 7.61091709136963e-02
753 2.39257812500000e-01 5.72443008422852e-02
754 2.39746093750000e-01 5.74781894683838e-02
755 2.51953125000000e-01 6.34803771972656e-02
756 2.80761718750000e-01 7.88271427154541e-02
757 2.36816406250000e-01 5.60820102691650e-02
758 2.62695312500000e-01 6.90088272094727e-02
759 3.08593750000000e-01 9.52301025390625e-02
760 2.01171875000000e-01 4.04701232910156e-02
761 2.50976562500000e-01 6.29892349243164e-02
762 2.08007812500000e-01 4.32672500610352e-02
763 1.66503906250000e-01 2.77235507965088e-02
764 2.00683593750000e-01 4.02739048004150e-02
765 2.67578125000000e-01 7.15980529785156e-02
766 3.15429687500000e-01 9.94958877563477e-02
767 3.45214843750000e-01 1.19173288345337e-01
768 3.74023437500000e-01 1.39893531799316e-01
769 3.67187500000000e-01 1.34826660156250e-01
770 3.97460937500000e-01 1.57975196838379e-01
771 3.44238281250000e-01 1.18499994277954e-01
772 2.33886718750000e-01 5.47029972076416e-02
773 1.86523437500000e-01 3.47909927368164e-02
774 2.46093750000000e-01 6.05621337890625e-02
775 1.87011718750000e-01 3.49733829498291e-02
776 1.92871093750000e-01 3.71992588043213e-02
777 1.45507812500000e-01 2.11725234985352e-02
778 2.06054687500000e-01 4.24585342407227e-02
779 2.33398437500000e-01 5.44748306274414e-02
780 2.29492187500000e-01 5.26666641235352e-02
781 1.57714843750000e-01 2.48739719390869e-02
782 1.01074218750000e-01 1.02159976959229e-02
783 6.00585937500000e-02 3.60703468322754e-03
784 8.44726562500000e-02 7.13562965393066e-03
785 5.17578125000000e-02 2.67887115478516e-03
786 5.12695312500000e-02 2.62856483459473e-03
787 1.46484375000000e-03 2.14576721191406e-06
788 1.70898437500000e-02 2.92062759399414e-04
789 1.46484375000000e-02 2.14576721191406e-04
790 9.42382812500000e-02 8.88085365295410e-03
791 1.15234375000000e-01 1.32789611816406e-02
792 8.93554687500000e-02 7.98439979553223e-03
793 1.20117187500000e-01 1.44281387329102e-02
794 9.32617187500000e-02 8.69774818420410e-03
795 1.54296875000000e-01 2.38075256347656e-02
796 2.16308593750000e-01 4.67894077301025e-02
797 1.61621093750000e-01 2.61213779449463e-02
798 1.64062500000000e-01 2.69165039062500e-02
799 1.78710937500000e-01 3.19375991821289e-02
800 1.81640625000000e-01 3.29933166503906e-02
801 1.25976562500000e-01 1.58700942993164e-02
802 1.87988281250000e-01 3.53395938873291e-02
803 1.18652343750000e-01 1.40783786773682e-02
804 8.05664062500000e-02 6.49094581604004e-03
805 1.38671875000000e-01 1.92298889160156e-02
806 1.71386718750000e-01 2.93734073638916e-02
807 1.09863281250000e-01 1.20699405670166e-02
808 1.42089843750000e-01 2.01895236968994e-02
809 1.37207031250000e-01 1.88257694244385e-02
810 1.10839843750000e-01 1.22854709625244e-02
811 7.37304687500000e-02 5.43618202209473e-03
812 1.89453125000000e-01 3.58924865722656e-02
813 1.64550781250000e-01 2.70769596099854e-02
814 6.59179687500000e-02 4.34517860412598e-03
815 1.25976562500000e-01 1.58700942993164e-02
816 1.31835937500000e-01 1.73807144165039e-02
817 1.13769531250000e-01 1.29435062408447e-02
818 1.24511718750000e-01 1.55031681060791e-02
819 1.53320312500000e-01 2.35071182250977e-02
820 2.23632812500000e-01 5.00116348266602e-02
821 2.05078125000000e-01 4.20570373535156e-02
822 2.15820312500000e-01 4.65784072875977e-02
823 1.99707031250000e-01 3.98828983306885e-02
824 2.43652343750000e-01 5.93664646148682e-02
825 1.73828125000000e-01 3.02162170410156e-02
826 2.23144531250000e-01 4.97934818267822e-02
827 2.08496093750000e-01 4.34706211090088e-02
828 2.15820312500000e-01 4.65784072875977e-02
829 2.68066406250000e-01 7.18595981597900e-02
830 3.36914062500000e-01 1.13511085510254e-01
831 3.35937500000000e-01 1.12854003906250e-01
832 2.33886718750000e-01 5.47029972076416e-02
833 1.98242187500000e-01 3.92999649047852e-02
834 2.57812500000000e-01 6.64672851562500e-02
835 2.82226562500000e-01 7.96518325805664e-02
836 3.01269531250000e-01 9.07633304595947e-02
837 3.09082031250000e-01 9.55317020416260e-02
838 3.35937500000000e-01 1.12854003906250e-01
839 3.30566406250000e-01 1.09274148941040e-01
840 3.66210937500000e-01 1.34110450744629e-01
841 2.94921875000000e-01 8.69789123535156e-02
842 2.84179687500000e-01 8.07580947875977e-02
843 2.80761718750000e-01 7.88271427154541e-02
844 3.12500000000000e-01 9.76562500000000e-02
845 3.03710937500000e-01 9.22403335571289e-02
846 2.44628906250000e-01 5.98433017730713e-02
847 2.86621093750000e-01 8.21516513824463e-02
848 2.42187500000000e-01 5.86547851562500e-02
849 2.77832031250000e-01 7.71906375885010e-02
850 2.63183593750000e-01 6.92656040191650e-02
851 2.19726562500000e-01 4.82797622680664e-02
852 1.69433593750000e-01 2.87077426910400e-02
853 2.19726562500000e-01 4.82797622680664e-02
854 1.61621093750000e-01 2.61213779449463e-02
855 1.20117187500000e-01 1.44281387329102e-02
856 6.49414062500000e-02 4.21738624572754e-03
857 7.32421875000000e-02 5.36441802978516e-03
858 5.46875000000000e-02 2.99072265625000e-03
859 1.41601562500000e-02 2.00510025024414e-04
860 2.97851562500000e-02 8.87155532836914e-04
861 4.98046875000000e-02 2.48050689697266e-03
862 3.36914062500000e-02 1.13511085510254e-03
863 3.41796875000000e-03 1.16825103759766e-05
864 2.58789062500000e-02 6.69717788696289e-04
865 7.32421875000000e-03 5.36441802978516e-05
866 1.85546875000000e-02 3.44276428222656e-04
867 5.02929687500000e-02 2.52938270568848e-03
868 4.10156250000000e-02 1.68228149414062e-03
869 4.44335937500000e-02 1.97434425354004e-03
870 5.66406250000000e-02 3.20816040039062e-03
871 7.86132812500000e-02 6.18004798889160e-03
872 5.32226562500000e-02 2.83265113830566e-03
873 8.69140625000000e-02 7.55405426025391e-03
874 1.27929687500000e-01 1.63660049438477e-02
875 1.18164062500000e-01 1.39627456665039e-02
876 1.27441406250000e-01 1.62413120269775e-02
877 1.53320312500000e-01 2.35071182250977e-02
878 1.91894531250000e-01 3.68235111236572e-02
879 1.37207031250000e-01 1.88257694244385e-02
880 1.22070312500000e-01 1.49011611938477e-02
881 5.85937500000000e-02 3.43322753906250e-03
882 1.90429687500000e-02 3.62634658813477e-04
883 6.15234375000000e-02 3.78513336181641e-03
884 5.81054687500000e-02 3.37624549865723e-03
885 5.95703125000000e-02 3.54862213134766e-03
886 9.76562500000000e-04 9.53674316406250e-07
887 4.39453125000000e-02 1.93119049072266e-03
888 9.08203125000000e-02 8.24832916259766e-03
889 6.39648437500000e-02 4.09150123596191e-03
890 7.61718750000000e-02 5.80215454101562e-03
891 6.64062500000000e-02 4.40979003906250e-03
892 6.59179687500000e-02 4.34517860412598e-03
893 2.44140625000000e-02 5.96046447753906e-04
894 2.49023437500000e-02 6.20126724243164e-04
895 1.12304687500000e-02 1.26123428344727e-04
896 1.66015625000000e-02 2.75611877441406e-04
897 5.85937500000000e-02 3.43322753906250e-03
898 3.17382812500000e-02 1.00731849670410e-03
899 2.63671875000000e-02 6.95228576660156e-04
900 1.61132812500000e-02 2.59637832641602e-04
901 7.81250000000000e-03 6.10351562500000e-05
902 6.15234375000000e-02 3.78513336181641e-03
903 3.95507812500000e-02 1.56426429748535e-03
904 8.78906250000000e-03 7.72476196289062e-05
905 0.00000000000000e+00 0.00000000000000e+00
906 4.29687500000000e-02 1.84631347656250e-03
907 7.03125000000000e-02 4.94384765625000e-03
908 9.42382812500000e-02 8.88085365295410e-03
909 6.88476562500000e-02 4.73999977111816e-03
910 3.80859375000000e-02 1.45053863525391e-03
911 3.27148437500000e-02 1.07026100158691e-03
912 2.63671875000000e-02 6.95228576660156e-04
913 1.14257812500000e-01 1.30548477172852e-02
914 9.76562500000000e-02 9.53674316406250e-03
915 1.89453125000000e-01 3.58924865722656e-02
916 2.32421875000000e-01 5.40199279785156e-02
917 1.62597656250000e-01 2.64379978179932e-02
918 5.90820312500000e-02 3.49068641662598e-03
919 2.97851562500000e-02 8.87155532836914e-04
920 3.75976562500000e-02 1.41358375549316e-03
921 5.46875000000000e-02 2.99072265625000e-03
922 6.64062500000000e-02 4.40979003906250e-03
923 5.41992187500000e-02 2.93755531311035e-03
924 6.15234375000000e-02 3.78513336181641e-03
925 6.98242187500000e-02 4.87542152404785e-03
926 4.29687500000000e-02 1.84631347656250e-03
927 5.51757812500000e-02 3.04436683654785e-03
928 8.05664062500000e-02 6.49094581604004e-03
929 1.56250000000000e-02 2.44140625000000e-04
930 1.46484375000000e-03 2.14576721191406e-06
931 1.70898437500000e-02 2.92062759399414e-04
932 3.41796875000000e-03 1.16825103759766e-05
933 1.26953125000000e-02 1.61170959472656e-04
934 2.14843750000000e-02 4.61578369140625e-04
935 9.66796875000000e-02 9.34696197509766e-03
936 9.22851562500000e-02 8.51655006408691e-03
937 7.56835937500000e-02 5.72800636291504e-03
938 6.39648437500000e-02 4.09150123596191e-03
939 1.27929687500000e-01 1.63660049438477e-02
940 1.02539062500000e-01 1.05142593383789e-02
941 2.92968750000000e-03 8.58306884765625e-06
942 4.44335937500000e-02 1.97434425354004e-03
943 1.66015625000000e-02 2.75611877441406e-04
944 1.26953125000000e-02 1.61170959472656e-04
945 1.10839843750000e-01 1.22854709625244e-02
946 1.22558593750000e-01 1.50206089019775e-02
947 1.88476562500000e-01 3.55234146118164e-02
948 2.20703125000000e-01 4.87098693847656e-02
949 2.15820312500000e-01 4.65784072875977e-02
950 2.36328125000000e-01 5.58509826660156e-02
951 2.78320312500000e-01 7.74621963500977e-02
952 3.04687500000000e-01 9.28344726562500e-02
953 3.42773437500000e-01 1.17493629455566e-01
954 4.33105468750000e-01 1.87580347061157e-01
955 4.02343750000000e-01 1.61880493164062e-01
956 4.01367187500000e-01 1.61095619201660e-01
957 4.67773437500000e-01 2.18811988830566e-01
958 4.79003906250000e-01 2.29444742202759e-01
959 4.32617187500000e-01 1.87157630920410e-01
960 5.01953125000000e-01 2.51956939697266e-01
961 5.16113281250000e-01 2.66372919082642e-01
962 5.54199218750000e-01 3.07136774063110e-01
963 5.50781250000000e-01 3.03359985351562e-01
964 6.10351562500000e-01 3.72529029846191e-01
965 6.51855468750000e-01 4.24915552139282e-01
966 6.03515625000000e-01 3.64231109619141e-01
967 6.29394531250000e-01 3.96137475967407e-01
968 6.19140625000000e-01 3.83335113525391e-01
969 5.42480468750000e-01 2.94285058975220e-01
970 5.61523437500000e-01 3.15308570861816e-01
971 5.07812500000000e-01 2.57873535156250e-01
972 4.94628906250000e-01 2.44657754898071e-01
973 5.12695312500000e-01 2.62856483459473e-01
974 4.05761718750000e-01 1.64642572402954e-01
975 3.75000000000000e-01 1.40625000000000e-01
976 2.64648437500000e-01 7.00387954711914e-02
977 2.93457031250000e-01 8.61170291900635e-02
978 3.47167968750000e-01 1.20525598526001e-01
979 3.93554687500000e-01 1.54885292053223e-01
980 4.48242187500000e-01 2.00921058654785e-01
981 4.71679687500000e-01 2.22481727600098e-01
982 4.37500000000000e-01 1.91406250000000e-01
983 5.50781250000000e-01 3.03359985351562e-01
984 5.88378906250000e-01 3.46189737319946e-01
985 6.25976562500000e-01 3.91846656799316e-01
986 5.88867187500000e-01 3.46764564514160e-01
987 5.92773437500000e-01 3.51380348205566e-01
988 5.93750000000000e-01 3.52539062500000e-01
989 5.87402343750000e-01 3.45041513442993e-01
990 5.76660156250000e-01 3.32536935806274e-01
991 6.61621093750000e-01 4.37742471694946e-01
992 6.42089843750000e-01 4.12279367446899e-01
993 6.12792968750000e-01 3.75515222549438e-01
994 6.31835937500000e-01 3.99216651916504e-01
995 6.10351562500000e-01 3.72529029846191e-01
996 6.67480468750000e-01 4.45530176162720e-01
997 5.89355468750000e-01 3.47339868545532e-01
998 6.35253906250000e-01 4.03547525405884e-01
999 5.46386718750000e-01 2.98538446426392e-01
