0 6.25976562500000e-01 3.91846656799316e-01
1 6.80664062500000e-01 4.63303565979004e-01
2 6.96777343750000e-01 4.85498666763306e-01
3 6.81640625000000e-01 4.64633941650391e-01
4 6.47460937500000e-01 4.19205665588379e-01
5 6.72363281250000e-01 4.52072381973267e-01
6 6.19140625000000e-01 3.83335113525391e-01
7 7.18750000000000e-01 5.16601562500000e-01
8 6.60156250000000e-01 4.35806274414062e-01
9 6.59179687500000e-01 4.34517860412598e-01
10 5.75195312500000e-01 3.30849647521973e-01
11 6.14746093750000e-01 3.77912759780884e-01
12 6.27929687500000e-01 3.94295692443848e-01
13 6.74804687500000e-01 4.55361366271973e-01
14 6.05468750000000e-01 3.66592407226562e-01
15 6.26464843750000e-01 3.92458200454712e-01
16 6.43554687500000e-01 4.14162635803223e-01
17 6.77246093750000e-01 4.58662271499634e-01
18 6.98242187500000e-01 4.87542152404785e-01
19 6.68457031250000e-01 4.46834802627563e-01
20 6.78710937500000e-01 4.60648536682129e-01
21 6.80175781250000e-01 4.62639093399048e-01
22 6.34765625000000e-01 4.02927398681641e-01
23 6.64550781250000e-01 4.41627740859985e-01
24 6.47460937500000e-01 4.19205665588379e-01
25 6.28906250000000e-01 3.95523071289062e-01
26 6.54785156250000e-01 4.28743600845337e-01
27 6.72363281250000e-01 4.52072381973267e-01
28 6.64550781250000e-01 4.41627740859985e-01
29 6.43554687500000e-01 4.14162635803223e-01
30 6.41113281250000e-01 4.11026239395142e-01
31 5.95703125000000e-01 3.54862213134766e-01
32 5.41992187500000e-01 2.93755531311035e-01
33 5.57128906250000e-01 3.10392618179321e-01
34 5.08789062500000e-01 2.58866310119629e-01
35 5.22460937500000e-01 2.72965431213379e-01
36 4.87304687500000e-01 2.37465858459473e-01
37 4.48242187500000e-01 2.00921058654785e-01
38 4.80468750000000e-01 2.30850219726562e-01
39 4.38476562500000e-01 1.92261695861816e-01
40 4.33593750000000e-01 1.88003540039062e-01
41 4.01367187500000e-01 1.61095619201660e-01
42 3.89160156250000e-01 1.51445627212524e-01
43 4.22363281250000e-01 1.78390741348267e-01
44 4.56542968750000e-01 2.08431482315063e-01
45 3.94042968750000e-01 1.55269861221313e-01
46 4.07714843750000e-01 1.66231393814087e-01
47 3.72558593750000e-01 1.38799905776978e-01
48 3.72070312500000e-01 1.38436317443848e-01
49 3.70605468750000e-01 1.37348413467407e-01
50 3.88183593750000e-01 1.50686502456665e-01
51 4.32617187500000e-01 1.87157630920410e-01
52 2.96875000000000e-01 8.81347656250000e-02
53 3.12500000000000e-01 9.76562500000000e-02
54 3.67187500000000e-01 1.34826660156250e-01
55 3.60839843750000e-01 1.30205392837524e-01
56 3.23242187500000e-01 1.04485511779785e-01
57 3.33007812500000e-01 1.10894203186035e-01
58 3.17382812500000e-01 1.00731849670410e-01
59 2.92968750000000e-01 8.58306884765625e-02
60 2.91015625000000e-01 8.46900939941406e-02
61 2.69531250000000e-01 7.26470947265625e-02
62 2.92480468750000e-01 8.55448246002197e-02
63 3.21777343750000e-01 1.03540658950806e-01
64 2.69042968750000e-01 7.23841190338135e-02
65 2.95410156250000e-01 8.72671604156494e-02
66 3.52539062500000e-01 1.24283790588379e-01
67 3.65722656250000e-01 1.33753061294556e-01
68 3.32519531250000e-01 1.10569238662720e-01
69 3.16894531250000e-01 1.00422143936157e-01
70 2.41699218750000e-01 5.84185123443604e-02
71 2.43652343750000e-01 5.93664646148682e-02
72 2.99804687500000e-01 8.98828506469727e-02
73 2.67089843750000e-01 7.13369846343994e-02
74 2.68066406250000e-01 7.18595981597900e-02
75 2.68066406250000e-01 7.18595981597900e-02
76 2.88085937500000e-01 8.29935073852539e-02
77 2.43164062500000e-01 5.91287612915039e-02
78 1.94335937500000e-01 3.77664566040039e-02
79 1.73339843750000e-01 3.00467014312744e-02
80 2.22656250000000e-01 4.95758056640625e-02
81 1.58691406250000e-01 2.51829624176025e-02
82 1.62597656250000e-01 2.64379978179932e-02
83 1.88476562500000e-01 3.55234146118164e-02
84 2.32421875000000e-01 5.40199279785156e-02
85 2.12402343750000e-01 4.51147556304932e-02
86 1.76269531250000e-01 3.10709476470947e-02
87 1.57714843750000e-01 2.48739719390869e-02
88 1.58691406250000e-01 2.51829624176025e-02
89 1.22070312500000e-01 1.49011611938477e-02
90 1.14257812500000e-01 1.30548477172852e-02
91 1.20605468750000e-01 1.45456790924072e-02
92 1.92871093750000e-01 3.71992588043213e-02
93 1.90917968750000e-01 3.64496707916260e-02
94 2.49023437500000e-01 6.20126724243164e-02
95 3.52050781250000e-01 1.23939752578735e-01
96 3.10058593750000e-01 9.61363315582275e-02
97 2.92480468750000e-01 8.55448246002197e-02
98 3.60351562500000e-01 1.29853248596191e-01
99 4.66308593750000e-01 2.17443704605103e-01
100 4.14550781250000e-01 1.71852350234985e-01
101 3.81835937500000e-01 1.45798683166504e-01
102 3.57421875000000e-01 1.27750396728516e-01
103 2.69042968750000e-01 7.23841190338135e-02
104 1.89941406250000e-01 3.60777378082275e-02
105 1.61621093750000e-01 2.61213779449463e-02
106 2.50488281250000e-01 6.27443790435791e-02
107 1.69433593750000e-01 2.87077426910400e-02
108 1.45019531250000e-01 2.10306644439697e-02
109 1.27441406250000e-01 1.62413120269775e-02
110 9.08203125000000e-02 8.24832916259766e-03
111 1.79687500000000e-01 3.22875976562500e-02
112 2.62207031250000e-01 6.87525272369385e-02
113 2.59765625000000e-01 6.74781799316406e-02
114 2.43164062500000e-01 5.91287612915039e-02
115 2.64648437500000e-01 7.00387954711914e-02
116 2.32421875000000e-01 5.40199279785156e-02
117 1.79687500000000e-01 3.22875976562500e-02
118 1.87011718750000e-01 3.49733829498291e-02
119 1.31347656250000e-01 1.72522068023682e-02
120 1.45019531250000e-01 2.10306644439697e-02
121 1.35742187500000e-01 1.84259414672852e-02
122 6.78710937500000e-02 4.60648536682129e-03
123 9.32617187500000e-02 8.69774818420410e-03
124 1.03515625000000e-01 1.07154846191406e-02
125 6.44531250000000e-02 4.15420532226562e-03
126 7.32421875000000e-02 5.36441802978516e-03
127 1.14746093750000e-01 1.31666660308838e-02
128 1.10351562500000e-01 1.21774673461914e-02
129 1.40625000000000e-01 1.97753906250000e-02
130 2.17773437500000e-01 4.74252700805664e-02
131 1.51367187500000e-01 2.29120254516602e-02
132 1.48925781250000e-01 2.21788883209229e-02
133 1.57714843750000e-01 2.48739719390869e-02
134 1.45019531250000e-01 2.10306644439697e-02
135 1.59667968750000e-01 2.54938602447510e-02
136 1.60156250000000e-01 2.56500244140625e-02
137 1.11816406250000e-01 1.25029087066650e-02
138 1.41113281250000e-01 1.99129581451416e-02
139 1.45996093750000e-01 2.13148593902588e-02
140 2.67089843750000e-01 7.13369846343994e-02
141 1.58203125000000e-01 2.50282287597656e-02
142 2.04589843750000e-01 4.18570041656494e-02
143 1.76269531250000e-01 3.10709476470947e-02
144 2.13867187500000e-01 4.57391738891602e-02
145 2.29980468750000e-01 5.28910160064697e-02
146 1.96289062500000e-01 3.85293960571289e-02
147 1.46972656250000e-01 2.16009616851807e-02
148 6.98242187500000e-02 4.87542152404785e-03
149 1.43066406250000e-01 2.04679965972900e-02
150 1.84570312500000e-01 3.40662002563477e-02
151 2.73925781250000e-01 7.50353336334229e-02
152 2.84179687500000e-01 8.07580947875977e-02
153 3.67187500000000e-01 1.34826660156250e-01
154 3.94042968750000e-01 1.55269861221313e-01
155 4.14062500000000e-01 1.71447753906250e-01
156 4.62402343750000e-01 2.13815927505493e-01
157 4.74121093750000e-01 2.24790811538696e-01
158 4.22363281250000e-01 1.78390741348267e-01
159 4.14062500000000e-01 1.71447753906250e-01
160 3.38867187500000e-01 1.14830970764160e-01
161 3.70605468750000e-01 1.37348413467407e-01
162 4.18457031250000e-01 1.75106287002563e-01
163 3.74023437500000e-01 1.39893531799316e-01
164 4.31152343750000e-01 1.85892343521118e-01
165 4.12109375000000e-01 1.69834136962891e-01
166 4.18457031250000e-01 1.75106287002563e-01
167 3.50097656250000e-01 1.22568368911743e-01
168 3.42773437500000e-01 1.17493629455566e-01
169 3.54492187500000e-01 1.25664710998535e-01
170 3.46191406250000e-01 1.19848489761353e-01
171 4.31640625000000e-01 1.86313629150391e-01
172 4.27246093750000e-01 1.82539224624634e-01
173 4.13574218750000e-01 1.71043634414673e-01
174 5.08300781250000e-01 2.58369684219360e-01
175 4.51660156250000e-01 2.03996896743774e-01
176 5.45898437500000e-01 2.98005104064941e-01
177 4.65820312500000e-01 2.16988563537598e-01
178 4.87304687500000e-01 2.37465858459473e-01
179 5.34667968750000e-01 2.85869836807251e-01
180 5.94238281250000e-01 3.53119134902954e-01
181 6.17187500000000e-01 3.80920410156250e-01
182 6.33300781250000e-01 4.01069879531860e-01
183 6.49902343750000e-01 4.22373056411743e-01
184 7.04101562500000e-01 4.95759010314941e-01
185 6.72851562500000e-01 4.52729225158691e-01
186 6.26953125000000e-01 3.93070220947266e-01
187 6.13769531250000e-01 3.76713037490845e-01
188 6.23046875000000e-01 3.88187408447266e-01
189 5.92773437500000e-01 3.51380348205566e-01
190 5.82031250000000e-01 3.38760375976562e-01
191 6.14746093750000e-01 3.77912759780884e-01
192 6.23535156250000e-01 3.88796091079712e-01
193 5.98632812500000e-01 3.58361244201660e-01
194 5.61523437500000e-01 3.15308570861816e-01
195 5.55664062500000e-01 3.08762550354004e-01
196 4.84863281250000e-01 2.35092401504517e-01
197 4.16992187500000e-01 1.73882484436035e-01
198 4.54589843750000e-01 2.06651926040649e-01
199 4.45312500000000e-01 1.98303222656250e-01
200 4.20410156250000e-01 1.76744699478149e-01
201 4.25292968750000e-01 1.80874109268188e-01
202 3.89160156250000e-01 1.51445627212524e-01
203 3.88183593750000e-01 1.50686502456665e-01
204 3.25195312500000e-01 1.05751991271973e-01
205 2.46582031250000e-01 6.08026981353760e-02
206 2.91992187500000e-01 8.52594375610352e-02
207 1.97265625000000e-01 3.89137268066406e-02
208 2.15820312500000e-01 4.65784072875977e-02
209 2.25097656250000e-01 5.06689548492432e-02
210 1.85058593750000e-01 3.42466831207275e-02
211 1.48925781250000e-01 2.21788883209229e-02
212 8.64257812500000e-02 7.46941566467285e-03
213 9.71679687500000e-02 9.44161415100098e-03
214 1.07421875000000e-01 1.15394592285156e-02
215 1.20117187500000e-01 1.44281387329102e-02
216 1.15234375000000e-01 1.32789611816406e-02
217 8.49609375000000e-02 7.21836090087891e-03
218 5.85937500000000e-02 3.43322753906250e-03
219 1.42578125000000e-01 2.03285217285156e-02
220 1.75781250000000e-01 3.08990478515625e-02
221 1.32812500000000e-01 1.76391601562500e-02
222 8.34960937500000e-02 6.97159767150879e-03
223 1.21582031250000e-01 1.47821903228760e-02
224 1.19628906250000e-01 1.43110752105713e-02
225 1.57226562500000e-01 2.47201919555664e-02
226 2.11425781250000e-01 4.47008609771729e-02
227 2.42675781250000e-01 5.88915348052979e-02
228 1.95312500000000e-01 3.81469726562500e-02
229 2.03125000000000e-01 4.12597656250000e-02
230 2.60253906250000e-01 6.77320957183838e-02
231 2.64648437500000e-01 7.00387954711914e-02
232 2.78808593750000e-01 7.77342319488525e-02
233 3.23242187500000e-01 1.04485511779785e-01
234 2.89062500000000e-01 8.35571289062500e-02
235 2.84179687500000e-01 8.07580947875977e-02
236 3.04687500000000e-01 9.28344726562500e-02
237 3.89648437500000e-01 1.51825904846191e-01
238 3.64746093750000e-01 1.33039712905884e-01
239 3.28125000000000e-01 1.07666015625000e-01
240 4.06250000000000e-01 1.65039062500000e-01
241 4.70214843750000e-01 2.21101999282837e-01
242 4.83398437500000e-01 2.33674049377441e-01
243 4.50195312500000e-01 2.02675819396973e-01
244 4.16015625000000e-01 1.73069000244141e-01
245 3.85742187500000e-01 1.48797035217285e-01
246 5.06347656250000e-01 2.56387948989868e-01
247 4.79980468750000e-01 2.30381250381470e-01
248 5.29296875000000e-01 2.80155181884766e-01
249 4.84375000000000e-01 2.34619140625000e-01
250 3.89160156250000e-01 1.51445627212524e-01
251 3.71093750000000e-01 1.37710571289062e-01
252 4.51660156250000e-01 2.03996896743774e-01
253 3.93066406250000e-01 1.54501199722290e-01
254 4.54101562500000e-01 2.06208229064941e-01
255 5.61523437500000e-01 3.15308570861816e-01
256 5.06347656250000e-01 2.56387948989868e-01
257 5.59570312500000e-01 3.13118934631348e-01
258 5.32714843750000e-01 2.83785104751587e-01
259 5.57128906250000e-01 3.10392618179321e-01
260 5.76171875000000e-01 3.31974029541016e-01
261 5.77636718750000e-01 3.33664178848267e-01
262 5.91308593750000e-01 3.49645853042603e-01
263 5.64941406250000e-01 3.19158792495728e-01
264 6.25976562500000e-01 3.91846656799316e-01
265 6.45507812500000e-01 4.16680335998535e-01
266 6.30371093750000e-01 3.97367715835571e-01
267 6.50390625000000e-01 4.23007965087891e-01
268 6.80175781250000e-01 4.62639093399048e-01
269 6.44042968750000e-01 4.14791345596313e-01
270 6.04003906250000e-01 3.64820718765259e-01
271 6.17187500000000e-01 3.80920410156250e-01
272 6.28906250000000e-01 3.95523071289062e-01
273 6.30859375000000e-01 3.97983551025391e-01
274 6.80175781250000e-01 4.62639093399048e-01
275 7.06542968750000e-01 4.99202966690063e-01
276 6.72851562500000e-01 4.52729225158691e-01
277 6.88964843750000e-01 4.74672555923462e-01
278 6.31835937500000e-01 3.99216651916504e-01
279 6.24023437500000e-01 3.89405250549316e-01
280 6.57226562500000e-01 4.31946754455566e-01
281 6.68945312500000e-01 4.47487831115723e-01
282 6.49902343750000e-01 4.22373056411743e-01
283 6.02050781250000e-01 3.62465143203735e-01
284 5.86425781250000e-01 3.43895196914673e-01
285 5.82519531250000e-01 3.39329004287720e-01
286 5.79589843750000e-01 3.35924386978149e-01
287 5.01953125000000e-01 2.51956939697266e-01
288 4.63378906250000e-01 2.14720010757446e-01
289 4.80468750000000e-01 2.30850219726562e-01
290 4.32128906250000e-01 1.86735391616821e-01
291 4.20410156250000e-01 1.76744699478149e-01
292 4.62402343750000e-01 2.13815927505493e-01
293 4.61425781250000e-01 2.12913751602173e-01
294 4.84375000000000e-01 2.34619140625000e-01
295 5.08300781250000e-01 2.58369684219360e-01
296 4.37011718750000e-01 1.90979242324829e-01
297 5.02929687500000e-01 2.52938270568848e-01
298 4.50195312500000e-01 2.02675819396973e-01
299 4.37500000000000e-01 1.91406250000000e-01
300 4.10156250000000e-01 1.68228149414062e-01
301 4.21875000000000e-01 1.77978515625000e-01
302 4.34570312500000e-01 1.88851356506348e-01
303 4.42871093750000e-01 1.96134805679321e-01
304 4.37988281250000e-01 1.91833734512329e-01
305 4.37500000000000e-01 1.91406250000000e-01
306 4.94628906250000e-01 2.44657754898071e-01
307 4.43359375000000e-01 1.96567535400391e-01
308 4.67285156250000e-01 2.18355417251587e-01
309 4.29687500000000e-01 1.84631347656250e-01
310 4.68750000000000e-01 2.19726562500000e-01
311 4.48242187500000e-01 2.00921058654785e-01
312 3.89160156250000e-01 1.51445627212524e-01
313 4.61425781250000e-01 2.12913751602173e-01
314 4.50683593750000e-01 2.03115701675415e-01
315 4.02343750000000e-01 1.61880493164062e-01
316 4.61425781250000e-01 2.12913751602173e-01
317 3.91113281250000e-01 1.52969598770142e-01
318 4.39941406250000e-01 1.93548440933228e-01
319 4.29687500000000e-01 1.84631347656250e-01
320 4.95605468750000e-01 2.45624780654907e-01
321 4.83886718750000e-01 2.34146356582642e-01
322 4.70214843750000e-01 2.21101999282837e-01
323 4.53125000000000e-01 2.05322265625000e-01
324 4.30664062500000e-01 1.85471534729004e-01
325 4.37011718750000e-01 1.90979242324829e-01
326 4.95117187500000e-01 2.45141029357910e-01
327 4.66796875000000e-01 2.17899322509766e-01
328 4.71679687500000e-01 2.22481727600098e-01
329 4.51660156250000e-01 2.03996896743774e-01
330 4.02832031250000e-01 1.62273645401001e-01
331 2.67089843750000e-01 7.13369846343994e-02
332 2.52441406250000e-01 6.37266635894775e-02
333 2.38769531250000e-01 5.70108890533447e-02
334 2.40234375000000e-01 5.77125549316406e-02
335 2.12890625000000e-01 4.53224182128906e-02
336 2.26562500000000e-01 5.13305664062500e-02
337 2.62695312500000e-01 6.90088272094727e-02
338 2.76855468750000e-01 7.66489505767822e-02
339 3.21777343750000e-01 1.03540658950806e-01
340 3.88183593750000e-01 1.50686502456665e-01
341 2.66113281250000e-01 7.08162784576416e-02
342 2.52929687500000e-01 6.39734268188477e-02
343 3.38867187500000e-01 1.14830970764160e-01
344 3.66699218750000e-01 1.34468317031860e-01
345 3.67187500000000e-01 1.34826660156250e-01
346 3.61328125000000e-01 1.30558013916016e-01
347 3.87695312500000e-01 1.50307655334473e-01
348 3.71582031250000e-01 1.38073205947876e-01
349 3.98925781250000e-01 1.59141778945923e-01
350 3.74023437500000e-01 1.39893531799316e-01
351 3.01269531250000e-01 9.07633304595947e-02
352 3.14941406250000e-01 9.91880893707275e-02
353 2.82226562500000e-01 7.96518325805664e-02
354 2.35839843750000e-01 5.56204319000244e-02
355 1.84082031250000e-01 3.38861942291260e-02
356 2.43652343750000e-01 5.93664646148682e-02
357 1.34765625000000e-01 1.81617736816406e-02
358 1.27929687500000e-01 1.63660049438477e-02
359 1.82617187500000e-01 3.33490371704102e-02
360 2.22167968750000e-01 4.93586063385010e-02
361 3.35937500000000e-01 1.12854003906250e-01
362 3.36914062500000e-01 1.13511085510254e-01
363 3.28613281250000e-01 1.07986688613892e-01
364 4.20898437500000e-01 1.77155494689941e-01
365 3.92089843750000e-01 1.53734445571899e-01
366 3.92089843750000e-01 1.53734445571899e-01
367 4.10644531250000e-01 1.68628931045532e-01
368 4.57031250000000e-01 2.08877563476562e-01
369 5.07324218750000e-01 2.57377862930298e-01
370 4.76074218750000e-01 2.26646661758423e-01
371 4.88769531250000e-01 2.38895654678345e-01
372 4.27734375000000e-01 1.82956695556641e-01
373 3.88183593750000e-01 1.50686502456665e-01
374 3.77441406250000e-01 1.42462015151978e-01
375 3.33984375000000e-01 1.11545562744141e-01
376 3.14453125000000e-01 9.88807678222656e-02
377 3.60351562500000e-01 1.29853248596191e-01
378 3.27148437500000e-01 1.07026100158691e-01
379 3.22265625000000e-01 1.03855133056641e-01
380 2.44140625000000e-01 5.96046447753906e-02
381 2.56347656250000e-01 6.57141208648682e-02
382 2.24609375000000e-01 5.04493713378906e-02
383 2.21679687500000e-01 4.91418838500977e-02
384 2.00195312500000e-01 4.00781631469727e-02
385 1.76757812500000e-01 3.12433242797852e-02
386 2.11914062500000e-01 4.49075698852539e-02
387 1.85546875000000e-01 3.44276428222656e-02
388 1.36718750000000e-01 1.86920166015625e-02
389 2.08984375000000e-01 4.36744689941406e-02
390 2.08007812500000e-01 4.32672500610352e-02
391 1.33300781250000e-01 1.77690982818604e-02
392 1.75292968750000e-01 3.07276248931885e-02
393 1.66992187500000e-01 2.78863906860352e-02
394 2.11425781250000e-01 4.47008609771729e-02
395 2.23632812500000e-01 5.00116348266602e-02
396 2.35839843750000e-01 5.56204319000244e-02
397 3.14453125000000e-01 9.88807678222656e-02
398 2.77832031250000e-01 7.71906375885010e-02
399 2.65136718750000e-01 7.02974796295166e-02
400 3.57421875000000e-01 1.27750396728516e-01
401 3.68164062500000e-01 1.35544776916504e-01
402 4.13085937500000e-01 1.70639991760254e-01
403 3.80859375000000e-01 1.45053863525391e-01
404 3.57421875000000e-01 1.27750396728516e-01
405 3.60839843750000e-01 1.30205392837524e-01
406 3.17382812500000e-01 1.00731849670410e-01
407 3.34472656250000e-01 1.11871957778931e-01
408 3.01757812500000e-01 9.10577774047852e-02
409 2.84667968750000e-01 8.10358524322510e-02
410 3.04199218750000e-01 9.25371646881104e-02
411 2.88574218750000e-01 8.32750797271729e-02
412 3.15917968750000e-01 9.98041629791260e-02
413 2.96875000000000e-01 8.81347656250000e-02
414 2.61718750000000e-01 6.84967041015625e-02
415 2.81250000000000e-01 7.91015625000000e-02
416 2.71484375000000e-01 7.37037658691406e-02
417 3.35937500000000e-01 1.12854003906250e-01
418 4.42871093750000e-01 1.96134805679321e-01
419 4.10156250000000e-01 1.68228149414062e-01
420 4.50683593750000e-01 2.03115701675415e-01
421 5.02441406250000e-01 2.52447366714478e-01
422 4.06250000000000e-01 1.65039062500000e-01
423 4.24804687500000e-01 1.80459022521973e-01
424 4.06250000000000e-01 1.65039062500000e-01
425 4.87304687500000e-01 2.37465858459473e-01
426 4.88769531250000e-01 2.38895654678345e-01
427 5.46386718750000e-01 2.98538446426392e-01
428 5.38574218750000e-01 2.90062189102173e-01
429 5.40527343750000e-01 2.92169809341431e-01
430 5.73730468750000e-01 3.29166650772095e-01
431 5.16113281250000e-01 2.66372919082642e-01
432 5.12695312500000e-01 2.62856483459473e-01
433 5.25878906250000e-01 2.76548624038696e-01
434 5.09765625000000e-01 2.59860992431641e-01
435 5.38085937500000e-01 2.89536476135254e-01
436 5.41503906250000e-01 2.93226480484009e-01
437 5.07324218750000e-01 2.57377862930298e-01
438 4.69238281250000e-01 2.20184564590454e-01
439 4.81933593750000e-01 2.32259988784790e-01
440 5.08300781250000e-01 2.58369684219360e-01
441 4.89257812500000e-01 2.39373207092285e-01
442 4.20410156250000e-01 1.76744699478149e-01
443 4.01855468750000e-01 1.61487817764282e-01
444 3.63769531250000e-01 1.32328271865845e-01
445 3.40332031250000e-01 1.15825891494751e-01
446 3.84277343750000e-01 1.47669076919556e-01
447 3.81347656250000e-01 1.45426034927368e-01
448 4.27734375000000e-01 1.82956695556641e-01
449 5.04882812500000e-01 2.54906654357910e-01
450 4.80468750000000e-01 2.30850219726562e-01
451 4.68750000000000e-01 2.19726562500000e-01
452 4.49707031250000e-01 2.02236413955688e-01
453 3.91113281250000e-01 1.52969598770142e-01
454 3.91113281250000e-01 1.52969598770142e-01
455 2.97851562500000e-01 8.87155532836914e-02
456 3.37890625000000e-01 1.14170074462891e-01
457 2.70019531250000e-01 7.29105472564697e-02
458 1.64062500000000e-01 2.69165039062500e-02
459 1.23046875000000e-01 1.51405334472656e-02
460 1.76757812500000e-01 3.12433242797852e-02
461 1.80664062500000e-01 3.26395034790039e-02
462 1.07910156250000e-01 1.16446018218994e-02
463 1.05957031250000e-01 1.12268924713135e-02
464 9.61914062500000e-02 9.25278663635254e-03
465 9.32617187500000e-02 8.69774818420410e-03
466 2.97851562500000e-02 8.87155532836914e-04
467 8.00781250000000e-02 6.41250610351562e-03
468 1.14746093750000e-01 1.31666660308838e-02
469 1.43554687500000e-01 2.06079483032227e-02
470 1.04492187500000e-01 1.09186172485352e-02
471 1.35253906250000e-01 1.82936191558838e-02
472 5.95703125000000e-02 3.54862213134766e-03
473 1.04980468750000e-01 1.10208988189697e-02
474 1.53320312500000e-01 2.35071182250977e-02
475 1.32812500000000e-01 1.76391601562500e-02
476 1.31347656250000e-01 1.72522068023682e-02
477 5.61523437500000e-02 3.15308570861816e-03
478 4.44335937500000e-02 1.97434425354004e-03
479 5.46875000000000e-02 2.99072265625000e-03
480 8.30078125000000e-02 6.89029693603516e-03
481 7.76367187500000e-02 6.02746009826660e-03
482 7.22656250000000e-02 5.22232055664062e-03
483 8.49609375000000e-02 7.21836090087891e-03
484 1.29394531250000e-01 1.67429447174072e-02
485 6.83593750000000e-02 4.67300415039062e-03
486 6.20117187500000e-02 3.84545326232910e-03
487 8.74023437500000e-02 7.63916969299316e-03
488 1.39160156250000e-01 1.93655490875244e-02
489 7.42187500000000e-02 5.50842285156250e-03
490 8.74023437500000e-02 7.63916969299316e-03
491 1.00097656250000e-01 1.00195407867432e-02
492 4.00390625000000e-02 1.60312652587891e-03
493 1.95312500000000e-03 3.81469726562500e-06
494 4.10156250000000e-02 1.68228149414062e-03
495 1.41601562500000e-02 2.00510025024414e-04
496 2.09960937500000e-02 4.40835952758789e-04
497 5.32226562500000e-02 2.83265113830566e-03
498 8.78906250000000e-02 7.72476196289062e-03
499 9.22851562500000e-02 8.51655006408691e-03
500 6.15234375000000e-02 3.78513336181641e-03
501 9.37500000000000e-02 8.78906250000000e-03
502 5.46875000000000e-02 2.99072265625000e-03
503 8.15429687500000e-02 6.64925575256348e-03
504 2.44140625000000e-02 5.96046447753906e-04
505 9.08203125000000e-02 8.24832916259766e-03
506 5.95703125000000e-02 3.54862213134766e-03
507 2.68554687500000e-02 7.21216201782227e-04
508 4.88281250000000e-04 2.38418579101562e-07
509 1.61132812500000e-02 2.59637832641602e-04
510 2.73437500000000e-02 7.47680664062500e-04
511 2.49023437500000e-02 6.20126724243164e-04
512 6.59179687500000e-02 4.34517860412598e-03
513 5.90820312500000e-02 3.49068641662598e-03
514 1.16699218750000e-01 1.36187076568604e-02
515 9.66796875000000e-02 9.34696197509766e-03
516 8.00781250000000e-02 6.41250610351562e-03
517 1.56738281250000e-01 2.45668888092041e-02
518 1.73828125000000e-01 3.02162170410156e-02
519 1.54785156250000e-01 2.39584445953369e-02
520 1.87500000000000e-01 3.51562500000000e-02
521 1.51367187500000e-01 2.29120254516602e-02
522 1.34277343750000e-01 1.80304050445557e-02
523 1.82128906250000e-01 3.31709384918213e-02
524 2.19238281250000e-01 4.80654239654541e-02
525 1.66015625000000e-01 2.75611877441406e-02
526 7.12890625000000e-02 5.08213043212891e-03
527 1.00097656250000e-01 1.00195407867432e-02
528 1.27441406250000e-01 1.62413120269775e-02
529 7.56835937500000e-02 5.72800636291504e-03
530 1.19140625000000e-01 1.41944885253906e-02
531 1.76757812500000e-01 3.12433242797852e-02
532 1.30859375000000e-01 1.71241760253906e-02
533 1.54785156250000e-01 2.39584445953369e-02
534 2.00195312500000e-01 4.00781631469727e-02
535 1.30371093750000e-01 1.69966220855713e-02
536 1.45996093750000e-01 2.13148593902588e-02
537 1.04003906250000e-01 1.08168125152588e-02
538 1.66992187500000e-01 2.78863906860352e-02
539 1.45507812500000e-01 2.11725234985352e-02
540 1.61132812500000e-01 2.59637832641602e-02
541 1.10839843750000e-01 1.22854709625244e-02
542 9.57031250000000e-02 9.15908813476562e-03
543 3.46679687500000e-02 1.20186805725098e-03
544 1.12304687500000e-02 1.26123428344727e-04
545 4.39453125000000e-03 1.93119049072266e-05
546 6.88476562500000e-02 4.73999977111816e-03
547 8.30078125000000e-02 6.89029693603516e-03
548 1.07421875000000e-01 1.15394592285156e-02
549 1.56738281250000e-01 2.45668888092041e-02
550 1.36230468750000e-01 1.85587406158447e-02
551 9.76562500000000e-02 9.53674316406250e-03
552 1.50390625000000e-01 2.26173400878906e-02
553 2.14355468750000e-01 4.59482669830322e-02
554 1.86523437500000e-01 3.47909927368164e-02
555 1.88476562500000e-01 3.55234146118164e-02
556 1.45019531250000e-01 2.10306644439697e-02
557 1.64550781250000e-01 2.70769596099854e-02
558 1.90429687500000e-01 3.62634658813477e-02
559 1.67480468750000e-01 2.80497074127197e-02
560 2.06054687500000e-01 4.24585342407227e-02
561 2.36816406250000e-01 5.60820102691650e-02
562 2.49023437500000e-01 6.20126724243164e-02
563 2.38281250000000e-01 5.67779541015625e-02
564 2.93457031250000e-01 8.61170291900635e-02
565 3.37890625000000e-01 1.14170074462891e-01
566 4.09667968750000e-01 1.67827844619751e-01
567 4.16503906250000e-01 1.73475503921509e-01
568 3.92089843750000e-01 1.53734445571899e-01
569 3.89160156250000e-01 1.51445627212524e-01
570 3.84765625000000e-01 1.48044586181641e-01
571 4.19433593750000e-01 1.75924539566040e-01
572 4.59960937500000e-01 2.11564064025879e-01
573 5.08789062500000e-01 2.58866310119629e-01
574 5.11718750000000e-01 2.61856079101562e-01
575 5.00000000000000e-01 2.50000000000000e-01
576 5.17089843750000e-01 2.67381906509399e-01
577 5.28808593750000e-01 2.79638528823853e-01
578 5.11718750000000e-01 2.61856079101562e-01
579 5.57128906250000e-01 3.10392618179321e-01
580 5.55664062500000e-01 3.08762550354004e-01
581 6.05957031250000e-01 3.67183923721313e-01
582 6.24511718750000e-01 3.90014886856079e-01
583 6.46972656250000e-01 4.18573617935181e-01
584 6.98242187500000e-01 4.87542152404785e-01
585 7.13378906250000e-01 5.08909463882446e-01
586 7.25097656250000e-01 5.25766611099243e-01
587 7.38769531250000e-01 5.45780420303345e-01
588 6.82128906250000e-01 4.65299844741821e-01
589 6.73339843750000e-01 4.53386545181274e-01
590 6.06445312500000e-01 3.67775917053223e-01
591 6.41601562500000e-01 4.11652565002441e-01
592 6.61132812500000e-01 4.37096595764160e-01
593 6.79687500000000e-01 4.61975097656250e-01
594 6.82128906250000e-01 4.65299844741821e-01
595 6.88476562500000e-01 4.73999977111816e-01
596 6.58691406250000e-01 4.33874368667603e-01
597 6.19628906250000e-01 3.83939981460571e-01
598 7.00683593750000e-01 4.90957498550415e-01
599 6.48925781250000e-01 4.21104669570923e-01
600 6.50390625000000e-01 4.23007965087891e-01
601 6.61132812500000e-01 4.37096595764160e-01
602 5.84960937500000e-01 3.42179298400879e-01
603 5.66894531250000e-01 3.21369409561157e-01
604 5.31250000000000e-01 2.82226562500000e-01
605 5.90820312500000e-01 3.49068641662598e-01
606 4.98046875000000e-01 2.48050689697266e-01
607 4.96582031250000e-01 2.46593713760376e-01
608 4.92187500000000e-01 2.42248535156250e-01
609 4.98046875000000e-01 2.48050689697266e-01
610 5.18066406250000e-01 2.68392801284790e-01
611 5.67382812500000e-01 3.21923255920410e-01
612 5.57617187500000e-01 3.10936927795410e-01
613 5.18554687500000e-01 2.68898963928223e-01
614 6.10839843750000e-01 3.73125314712524e-01
615 5.34179687500000e-01 2.85347938537598e-01
616 5.46386718750000e-01 2.98538446426392e-01
617 5.92773437500000e-01 3.51380348205566e-01
618 6.32324218750000e-01 3.99833917617798e-01
619 6.19628906250000e-01 3.83939981460571e-01
620 6.02539062500000e-01 3.63053321838379e-01
621 5.87890625000000e-01 3.45615386962891e-01
622 5.44921875000000e-01 2.96939849853516e-01
623 5.77636718750000e-01 3.33664178848267e-01
624 6.36230468750000e-01 4.04789209365845e-01
625 6.41113281250000e-01 4.11026239395142e-01
626 5.67871093750000e-01 3.22477579116821e-01
627 6.16699218750000e-01 3.80317926406860e-01
628 6.06445312500000e-01 3.67775917053223e-01
629 6.23535156250000e-01 3.88796091079712e-01
630 6.63085937500000e-01 4.39682960510254e-01
631 6.27441406250000e-01 3.93682718276978e-01
632 6.64550781250000e-01 4.41627740859985e-01
633 6.23046875000000e-01 3.88187408447266e-01
634 5.75195312500000e-01 3.30849647521973e-01
635 5.53710937500000e-01 3.06595802307129e-01
636 6.39648437500000e-01 4.09150123596191e-01
637 6.51855468750000e-01 4.24915552139282e-01
638 6.25976562500000e-01 3.91846656799316e-01
639 6.29394531250000e-01 3.96137475967407e-01
640 6.03515625000000e-01 3.64231109619141e-01
641 6.02050781250000e-01 3.62465143203735e-01
642 6.12304687500000e-01 3.74917030334473e-01
643 5.83984375000000e-01 3.41037750244141e-01
644 6.17675781250000e-01 3.81523370742798e-01
645 6.39160156250000e-01 4.08525705337524e-01
646 6.87011718750000e-01 4.71985101699829e-01
647 7.14843750000000e-01 5.11001586914062e-01
648 7.13378906250000e-01 5.08909463882446e-01
649 7.18261718750000e-01 5.15899896621704e-01
650 7.55371093750000e-01 5.70585489273071e-01
651 8.31054687500000e-01 6.90651893615723e-01
652 7.76367187500000e-01 6.02746009826660e-01
653 7.67578125000000e-01 5.89176177978516e-01
654 7.51953125000000e-01 5.65433502197266e-01
655 7.50000000000000e-01 5.62500000000000e-01
656 7.35351562500000e-01 5.40741920471191e-01
657 7.46582031250000e-01 5.57384729385376e-01
658 7.99316406250000e-01 6.38906717300415e-01
659 7.91503906250000e-01 6.26478433609009e-01
660 7.43652343750000e-01 5.53018808364868e-01
661 7.24121093750000e-01 5.24351358413696e-01
662 7.70019531250000e-01 5.92930078506470e-01
663 7.12402343750000e-01 5.07517099380493e-01
664 6.70898437500000e-01 4.50104713439941e-01
665 6.72363281250000e-01 4.52072381973267e-01
666 6.85546875000000e-01 4.69974517822266e-01
667 6.93359375000000e-01 4.80747222900391e-01
668 6.77246093750000e-01 4.58662271499634e-01
669 6.68945312500000e-01 4.47487831115723e-01
670 6.26464843750000e-01 3.92458200454712e-01
671 6.18164062500000e-01 3.82126808166504e-01
672 5.39062500000000e-01 2.90588378906250e-01
673 6.32324218750000e-01 3.99833917617798e-01
674 6.09863281250000e-01 3.71933221817017e-01
675 6.57226562500000e-01 4.31946754455566e-01
676 6.21582031250000e-01 3.86364221572876e-01
677 6.17675781250000e-01 3.81523370742798e-01
678 5.86914062500000e-01 3.44468116760254e-01
679 5.89355468750000e-01 3.47339868545532e-01
680 5.86914062500000e-01 3.44468116760254e-01
681 5.84960937500000e-01 3.42179298400879e-01
682 5.70800781250000e-01 3.25813531875610e-01
683 5.23925781250000e-01 2.74498224258423e-01
684 4.88281250000000e-01 2.38418579101562e-01
685 5.16113281250000e-01 2.66372919082642e-01
686 5.46386718750000e-01 2.98538446426392e-01
687 5.68359375000000e-01 3.23032379150391e-01
688 5.39550781250000e-01 2.91115045547485e-01
689 5.15136718750000e-01 2.65365839004517e-01
690 5.72265625000000e-01 3.27487945556641e-01
691 5.62988281250000e-01 3.16955804824829e-01
692 5.84472656250000e-01 3.41608285903931e-01
693 5.78613281250000e-01 3.34793329238892e-01
694 6.08398437500000e-01 3.70148658752441e-01
695 5.94238281250000e-01 3.53119134902954e-01
696 5.44433593750000e-01 2.96407938003540e-01
697 6.06445312500000e-01 3.67775917053223e-01
698 5.72265625000000e-01 3.27487945556641e-01
699 5.10253906250000e-01 2.60359048843384e-01
700 5.14160156250000e-01 2.64360666275024e-01
701 5.42480468750000e-01 2.94285058975220e-01
702 6.08886718750000e-01 3.70743036270142e-01
703 5.66406250000000e-01 3.20816040039062e-01
704 5.27343750000000e-01 2.78091430664062e-01
705 5.41503906250000e-01 2.93226480484009e-01
706 5.66406250000000e-01 3.20816040039062e-01
707 5.99609375000000e-01 3.59531402587891e-01
708 5.78125000000000e-01 3.34228515625000e-01
709 5.21484375000000e-01 2.71945953369141e-01
710 4.67285156250000e-01 2.18355417251587e-01
711 4.39941406250000e-01 1.93548440933228e-01
712 3.98437500000000e-01 1.58752441406250e-01
713 4.20410156250000e-01 1.76744699478149e-01
714 3.05175781250000e-01 9.31322574615479e-02
715 2.99316406250000e-01 8.95903110504150e-02
716 2.72949218750000e-01 7.45012760162354e-02
717 3.42773437500000e-01 1.17493629455566e-01
718 4.06738281250000e-01 1.65436029434204e-01
719 3.93066406250000e-01 1.54501199722290e-01
720 4.77050781250000e-01 2.27577447891235e-01
721 5.07812500000000e-01 2.57873535156250e-01
722 5.74707031250000e-01 3.30288171768188e-01
723 5.16113281250000e-01 2.66372919082642e-01
724 4.53125000000000e-01 2.05322265625000e-01
725 4.82421875000000e-01 2.32730865478516e-01
726 4.67773437500000e-01 2.18811988830566e-01
727 4.72167968750000e-01 2.22942590713501e-01
728 4.40429687500000e-01 1.93978309631348e-01
729 4.21386718750000e-01 1.77566766738892e-01
730 4.97558593750000e-01 2.47564554214478e-01
731 4.37500000000000e-01 1.91406250000000e-01
732 3.88671875000000e-01 1.51065826416016e-01
733 4.22851562500000e-01 1.78803443908691e-01
734 4.12597656250000e-01 1.70236825942993e-01
735 4.56542968750000e-01 2.08431482315063e-01
736 3.98925781250000e-01 1.59141778945923e-01
737 3.58886718750000e-01 1.28799676895142e-01
738 3.29589843750000e-01 1.08629465103149e-01
739 3.99902343750000e-01 1.59921884536743e-01
740 4.08203125000000e-01 1.66629791259766e-01
741 4.64843750000000e-01 2.16079711914062e-01
742 4.79492187500000e-01 2.29912757873535e-01
743 4.78027343750000e-01 2.28510141372681e-01
744 5.11230468750000e-01 2.61356592178345e-01
745 5.71777343750000e-01 3.26929330825806e-01
746 5.67382812500000e-01 3.21923255920410e-01
747 5.80078125000000e-01 3.36490631103516e-01
748 5.64941406250000e-01 3.19158792495728e-01
749 5.16601562500000e-01 2.66877174377441e-01
750 5.15136718750000e-01 2.65365839004517e-01
751 5.30761718750000e-01 2.81708002090454e-01
752 4.79492187500000e-01 2.29912757873535e-01
753 5.15625000000000e-01 2.65869140625000e-01
754 4.70214843750000e-01 2.21101999282837e-01
755 4.43359375000000e-01 1.96567535400391e-01
756 4.69238281250000e-01 2.20184564590454e-01
757 4.57519531250000e-01 2.09324121475220e-01
758 4.78515625000000e-01 2.28977203369141e-01
759 5.34179687500000e-01 2.85347938537598e-01
760 5.53710937500000e-01 3.06595802307129e-01
761 5.43457031250000e-01 2.95345544815063e-01
762 5.10253906250000e-01 2.60359048843384e-01
763 5.48828125000000e-01 3.01212310791016e-01
764 5.41503906250000e-01 2.93226480484009e-01
765 5.53222656250000e-01 3.06055307388306e-01
766 5.92773437500000e-01 3.51380348205566e-01
767 5.62988281250000e-01 3.16955804824829e-01
768 6.02539062500000e-01 3.63053321838379e-01
769 5.93750000000000e-01 3.52539062500000e-01
770 5.57617187500000e-01 3.10936927795410e-01
771 5.60058593750000e-01 3.13665628433228e-01
772 5.49316406250000e-01 3.01748514175415e-01
773 6.00097656250000e-01 3.60117197036743e-01
774 6.06933593750000e-01 3.68368387222290e-01
775 6.16699218750000e-01 3.80317926406860e-01
776 5.30273437500000e-01 2.81189918518066e-01
777 5.29296875000000e-01 2.80155181884766e-01
778 5.47363281250000e-01 2.99606561660767e-01
779 5.41992187500000e-01 2.93755531311035e-01
780 5.42968750000000e-01 2.94815063476562e-01
781 5.61523437500000e-01 3.15308570861816e-01
782 4.67285156250000e-01 2.18355417251587e-01
783 4.36523437500000e-01 1.90552711486816e-01
784 3.59863281250000e-01 1.29501581192017e-01
785 2.91992187500000e-01 8.52594375610352e-02
786 3.66699218750000e-01 1.34468317031860e-01
787 3.58886718750000e-01 1.28799676895142e-01
788 3.82324218750000e-01 1.46171808242798e-01
789 3.75488281250000e-01 1.40991449356079e-01
790 3.74023437500000e-01 1.39893531799316e-01
791 3.93066406250000e-01 1.54501199722290e-01
792 3.80371093750000e-01 1.44682168960571e-01
793 3.43261718750000e-01 1.17828607559204e-01
794 3.33007812500000e-01 1.10894203186035e-01
795 3.44726562500000e-01 1.18836402893066e-01
796 3.64746093750000e-01 1.33039712905884e-01
797 3.40332031250000e-01 1.15825891494751e-01
798 2.96386718750000e-01 8.78450870513916e-02
799 3.59375000000000e-01 1.29150390625000e-01
800 3.56445312500000e-01 1.27053260803223e-01
801 3.47656250000000e-01 1.20864868164062e-01
802 4.29687500000000e-01 1.84631347656250e-01
803 4.40429687500000e-01 1.93978309631348e-01
804 4.02343750000000e-01 1.61880493164062e-01
805 4.02832031250000e-01 1.62273645401001e-01
806 3.89648437500000e-01 1.51825904846191e-01
807 3.33984375000000e-01 1.11545562744141e-01
808 3.48632812500000e-01 1.21544837951660e-01
809 2.81250000000000e-01 7.91015625000000e-02
810 3.12500000000000e-01 9.76562500000000e-02
811 3.35449218750000e-01 1.12526178359985e-01
812 3.25195312500000e-01 1.05751991271973e-01
813 3.22753906250000e-01 1.04170083999634e-01
814 3.01757812500000e-01 9.10577774047852e-02
815 2.70507812500000e-01 7.31744766235352e-02
816 2.73925781250000e-01 7.50353336334229e-02
817 2.41699218750000e-01 5.84185123443604e-02
818 2.27050781250000e-01 5.15520572662354e-02
819 2.29980468750000e-01 5.28910160064697e-02
820 2.81250000000000e-01 7.91015625000000e-02
821 2.67089843750000e-01 7.13369846343994e-02
822 3.15917968750000e-01 9.98041629791260e-02
823 3.71093750000000e-01 1.37710571289062e-01
824 3.99902343750000e-01 1.59921884536743e-01
825 3.21289062500000e-01 1.03226661682129e-01
826 3.50097656250000e-01 1.22568368911743e-01
827 3.84765625000000e-01 1.48044586181641e-01
828 4.08203125000000e-01 1.66629791259766e-01
829 3.93554687500000e-01 1.54885292053223e-01
830 3.63281250000000e-01 1.31973266601562e-01
831 3.33984375000000e-01 1.11545562744141e-01
832 3.36914062500000e-01 1.13511085510254e-01
833 3.19335937500000e-01 1.01975440979004e-01
834 3.30078125000000e-01 1.08951568603516e-01
835 2.49511718750000e-01 6.22560977935791e-02
836 3.04199218750000e-01 9.25371646881104e-02
837 3.20800781250000e-01 1.02913141250610e-01
838 2.61230468750000e-01 6.82413578033447e-02
839 2.50976562500000e-01 6.29892349243164e-02
840 2.52929687500000e-01 6.39734268188477e-02
841 2.34375000000000e-01 5.49316406250000e-02
842 2.16796875000000e-01 4.70008850097656e-02
843 2.29003906250000e-01 5.24427890777588e-02
844 2.18261718750000e-01 4.76381778717041e-02
845 1.88476562500000e-01 3.55234146118164e-02
846 2.01660156250000e-01 4.06668186187744e-02
847 1.88964843750000e-01 3.57077121734619e-02
848 1.93847656250000e-01 3.75769138336182e-02
849 1.69433593750000e-01 2.87077426910400e-02
850 1.48925781250000e-01 2.21788883209229e-02
851 2.00683593750000e-01 4.02739048004150e-02
852 2.43652343750000e-01 5.93664646148682e-02
853 2.87109375000000e-01 8.24317932128906e-02
854 3.54980468750000e-01 1.26011133193970e-01
855 3.26660156250000e-01 1.06706857681274e-01
856 3.96484375000000e-01 1.57199859619141e-01
857 3.98925781250000e-01 1.59141778945923e-01
858 3.66210937500000e-01 1.34110450744629e-01
859 4.06250000000000e-01 1.65039062500000e-01
860 4.06738281250000e-01 1.65436029434204e-01
861 4.47265625000000e-01 2.00046539306641e-01
862 4.62890625000000e-01 2.14267730712891e-01
863 4.56054687500000e-01 2.07985877990723e-01
864 5.38085937500000e-01 2.89536476135254e-01
865 5.18554687500000e-01 2.68898963928223e-01
866 5.75683593750000e-01 3.31411600112915e-01
867 5.03417968750000e-01 2.53429651260376e-01
868 5.07812500000000e-01 2.57873535156250e-01
869 4.88769531250000e-01 2.38895654678345e-01
870 4.22851562500000e-01 1.78803443908691e-01
871 4.24804687500000e-01 1.80459022521973e-01
872 4.97070312500000e-01 2.47078895568848e-01
873 5.19531250000000e-01 2.69912719726562e-01
874 5.37109375000000e-01 2.88486480712891e-01
875 5.50781250000000e-01 3.03359985351562e-01
876 6.21093750000000e-01 3.85757446289062e-01
877 6.19628906250000e-01 3.83939981460571e-01
878 6.07421875000000e-01 3.68961334228516e-01
879 6.16210937500000e-01 3.79715919494629e-01
880 5.76660156250000e-01 3.32536935806274e-01
881 5.64453125000000e-01 3.18607330322266e-01
882 6.11328125000000e-01 3.73722076416016e-01
883 6.28417968750000e-01 3.94909143447876e-01
884 6.32324218750000e-01 3.99833917617798e-01
885 5.85449218750000e-01 3.42750787734985e-01
886 5.90332031250000e-01 3.48491907119751e-01
887 6.04003906250000e-01 3.64820718765259e-01
888 6.31835937500000e-01 3.99216651916504e-01
889 6.68457031250000e-01 4.46834802627563e-01
890 6.52343750000000e-01 4.25552368164062e-01
891 5.86425781250000e-01 3.43895196914673e-01
892 6.10839843750000e-01 3.73125314712524e-01
893 6.42578125000000e-01 4.12906646728516e-01
894 5.64941406250000e-01 3.19158792495728e-01
895 5.32226562500000e-01 2.83265113830566e-01
896 5.71289062500000e-01 3.26371192932129e-01
897 5.69335937500000e-01 3.24143409729004e-01
898 4.83886718750000e-01 2.34146356582642e-01
899 6.21093750000000e-01 3.85757446289062e-01
900 5.66894531250000e-01 3.21369409561157e-01
901 6.34765625000000e-01 4.02927398681641e-01
902 6.25488281250000e-01 3.91235589981079e-01
903 6.04003906250000e-01 3.64820718765259e-01
904 5.77636718750000e-01 3.33664178848267e-01
905 6.24511718750000e-01 3.90014886856079e-01
906 6.89453125000000e-01 4.75345611572266e-01
907 6.49902343750000e-01 4.22373056411743e-01
908 6.90429687500000e-01 4.76693153381348e-01
909 6.87988281250000e-01 4.73327875137329e-01
910 6.21093750000000e-01 3.85757446289062e-01
911 5.62500000000000e-01 3.16406250000000e-01
912 5.84960937500000e-01 3.42179298400879e-01
913 5.61035156250000e-01 3.14760446548462e-01
914 5.45898437500000e-01 2.98005104064941e-01
915 6.08398437500000e-01 3.70148658752441e-01
916 5.82031250000000e-01 3.38760375976562e-01
917 6.44042968750000e-01 4.14791345596313e-01
918 6.30371093750000e-01 3.97367715835571e-01
919 6.10839843750000e-01 3.73125314712524e-01
920 6.82617187500000e-01 4.65966224670410e-01
921 6.54785156250000e-01 4.28743600845337e-01
922 6.47949218750000e-01 4.19838190078735e-01
923 6.49902343750000e-01 4.22373056411743e-01
924 6.74804687500000e-01 4.55361366271973e-01
925 7.02148437500000e-01 4.93012428283691e-01
926 6.92382812500000e-01 4.79393959045410e-01
927 7.26562500000000e-01 5.27893066406250e-01
928 7.11914062500000e-01 5.06821632385254e-01
929 6.93847656250000e-01 4.81424570083618e-01
930 6.88476562500000e-01 4.73999977111816e-01
931 6.18164062500000e-01 3.82126808166504e-01
932 6.45019531250000e-01 4.16050195693970e-01
933 6.40625000000000e-01 4.10400390625000e-01
934 6.97265625000000e-01 4.86179351806641e-01
935 6.63085937500000e-01 4.39682960510254e-01
936 6.72851562500000e-01 4.52729225158691e-01
937 7.26562500000000e-01 5.27893066406250e-01
938 7.18750000000000e-01 5.16601562500000e-01
939 6.89453125000000e-01 4.75345611572266e-01
940 6.63085937500000e-01 4.39682960510254e-01
941 7.02148437500000e-01 4.93012428283691e-01
942 6.42089843750000e-01 4.12279367446899e-01
943 6.48437500000000e-01 4.20471191406250e-01
944 6.72851562500000e-01 4.52729225158691e-01
945 6.82128906250000e-01 4.65299844741821e-01
946 6.77246093750000e-01 4.58662271499634e-01
947 6.72363281250000e-01 4.52072381973267e-01
948 6.28417968750000e-01 3.94909143447876e-01
949 7.01660156250000e-01 4.92326974868774e-01
950 7.14355468750000e-01 5.10303735733032e-01
951 7.00683593750000e-01 4.90957498550415e-01
952 7.05078125000000e-01 4.97135162353516e-01
953 6.66503906250000e-01 4.44227457046509e-01
954 6.93847656250000e-01 4.81424570083618e-01
955 6.61132812500000e-01 4.37096595764160e-01
956 6.53320312500000e-01 4.26827430725098e-01
957 6.73339843750000e-01 4.53386545181274e-01
958 6.93847656250000e-01 4.81424570083618e-01
959 7.04101562500000e-01 4.95759010314941e-01
960 6.68945312500000e-01 4.47487831115723e-01
961 6.24511718750000e-01 3.90014886856079e-01
962 5.78125000000000e-01 3.34228515625000e-01
963 5.83007812500000e-01 3.39898109436035e-01
964 5.74707031250000e-01 3.30288171768188e-01
965 5.91308593750000e-01 3.49645853042603e-01
966 5.92285156250000e-01 3.50801706314087e-01
967 5.50781250000000e-01 3.03359985351562e-01
968 5.31250000000000e-01 2.82226562500000e-01
969 5.64453125000000e-01 3.18607330322266e-01
970 5.62011718750000e-01 3.15857172012329e-01
971 5.90332031250000e-01 3.48491907119751e-01
972 5.75195312500000e-01 3.30849647521973e-01
973 5.91308593750000e-01 3.49645853042603e-01
974 5.48339843750000e-01 3.00676584243774e-01
975 5.74707031250000e-01 3.30288171768188e-01
976 5.90332031250000e-01 3.48491907119751e-01
977 5.98632812500000e-01 3.58361244201660e-01
978 6.56250000000000e-01 4.30664062500000e-01
979 6.40136718750000e-01 4.09775018692017e-01
980 5.93750000000000e-01 3.52539062500000e-01
981 5.83496093750000e-01 3.40467691421509e-01
982 5.52734375000000e-01 3.05515289306641e-01
983 5.98144531250000e-01 3.57776880264282e-01
984 5.95214843750000e-01 3.54280710220337e-01
985 6.53320312500000e-01 4.26827430725098e-01
986 6.49902343750000e-01 4.22373056411743e-01
987 6.52343750000000e-01 4.25552368164062e-01
988 6.40625000000000e-01 4.10400390625000e-01
989 6.56738281250000e-01 4.31305170059204e-01
990 7.01171875000000e-01 4.91641998291016e-01
991 6.54296875000000e-01 4.28104400634766e-01
992 6.94824218750000e-01 4.82780694961548e-01
993 7.27050781250000e-01 5.28602838516235e-01
994 7.31933593750000e-01 5.35726785659790e-01
995 6.81640625000000e-01 4.64633941650391e-01
996 6.67480468750000e-01 4.45530176162720e-01
997 7.11914062500000e-01 5.06821632385254e-01
998 6.17675781250000e-01 3.81523370742798e-01
999 5.94238281250000e-01 3.53119134902954e-01
