0 1.00000000000000e+00 1.00000000000000e+00
1 1.00000000000000e+00 1.00000000000000e+00
2 1.00000000000000e+00 1.00000000000000e+00
3 1.00000000000000e+00 1.00000000000000e+00
4 1.00000000000000e+00 1.00000000000000e+00
5 1.00000000000000e+00 1.00000000000000e+00
6 1.00000000000000e+00 1.00000000000000e+00
7 1.00000000000000e+00 1.00000000000000e+00
8 1.00000000000000e+00 1.00000000000000e+00
9 1.00000000000000e+00 1.00000000000000e+00
10 1.00000000000000e+00 1.00000000000000e+00
11 1.00000000000000e+00 1.00000000000000e+00
12 9.99511718750000e-01 9.99023675918579e-01
13 9.99511718750000e-01 9.99023675918579e-01
14 9.99023437500000e-01 9.98047828674316e-01
15 9.99023437500000e-01 9.98047828674316e-01
16 9.99023437500000e-01 9.98047828674316e-01
17 9.99023437500000e-01 9.98047828674316e-01
18 9.99023437500000e-01 9.98047828674316e-01
19 9.99023437500000e-01 9.98047828674316e-01
20 9.99023437500000e-01 9.98047828674316e-01
21 9.98535156250000e-01 9.97072458267212e-01
22 9.98535156250000e-01 9.97072458267212e-01
23 9.98535156250000e-01 9.97072458267212e-01
24 9.98535156250000e-01 9.97072458267212e-01
25 9.98535156250000e-01 9.97072458267212e-01
26 9.98535156250000e-01 9.97072458267212e-01
27 9.98535156250000e-01 9.97072458267212e-01
28 9.98535156250000e-01 9.97072458267212e-01
29 9.98535156250000e-01 9.97072458267212e-01
30 9.98535156250000e-01 9.97072458267212e-01
31 9.98535156250000e-01 9.97072458267212e-01
32 9.98535156250000e-01 9.97072458267212e-01
33 9.98535156250000e-01 9.97072458267212e-01
34 9.98535156250000e-01 9.97072458267212e-01
35 9.98535156250000e-01 9.97072458267212e-01
36 9.98046875000000e-01 9.96097564697266e-01
37 9.98046875000000e-01 9.96097564697266e-01
38 9.98046875000000e-01 9.96097564697266e-01
39 9.98046875000000e-01 9.96097564697266e-01
40 9.98046875000000e-01 9.96097564697266e-01
41 9.98046875000000e-01 9.96097564697266e-01
42 9.98046875000000e-01 9.96097564697266e-01
43 9.98046875000000e-01 9.96097564697266e-01
44 9.98046875000000e-01 9.96097564697266e-01
45 9.98046875000000e-01 9.96097564697266e-01
46 9.98046875000000e-01 9.96097564697266e-01
47 9.98046875000000e-01 9.96097564697266e-01
48 9.98046875000000e-01 9.96097564697266e-01
49 9.98046875000000e-01 9.96097564697266e-01
50 9.98046875000000e-01 9.96097564697266e-01
51 9.98046875000000e-01 9.96097564697266e-01
52 9.98046875000000e-01 9.96097564697266e-01
53 9.98046875000000e-01 9.96097564697266e-01
54 9.98046875000000e-01 9.96097564697266e-01
55 9.98046875000000e-01 9.96097564697266e-01
56 9.98046875000000e-01 9.96097564697266e-01
57 9.98046875000000e-01 9.96097564697266e-01
58 9.98046875000000e-01 9.96097564697266e-01
59 9.98046875000000e-01 9.96097564697266e-01
60 9.98046875000000e-01 9.96097564697266e-01
61 9.98046875000000e-01 9.96097564697266e-01
62 9.98046875000000e-01 9.96097564697266e-01
63 9.98046875000000e-01 9.96097564697266e-01
64 9.98046875000000e-01 9.96097564697266e-01
65 9.98046875000000e-01 9.96097564697266e-01
66 9.98046875000000e-01 9.96097564697266e-01
67 9.98046875000000e-01 9.96097564697266e-01
68 9.98046875000000e-01 9.96097564697266e-01
69 9.98046875000000e-01 9.96097564697266e-01
70 9.98046875000000e-01 9.96097564697266e-01
71 9.98046875000000e-01 9.96097564697266e-01
72 9.98046875000000e-01 9.96097564697266e-01
73 9.98046875000000e-01 9.96097564697266e-01
74 9.98046875000000e-01 9.96097564697266e-01
75 9.98046875000000e-01 9.96097564697266e-01
76 9.98046875000000e-01 9.96097564697266e-01
77 9.98046875000000e-01 9.96097564697266e-01
78 9.98046875000000e-01 9.96097564697266e-01
79 9.98046875000000e-01 9.96097564697266e-01
80 9.98046875000000e-01 9.96097564697266e-01
81 9.98046875000000e-01 9.96097564697266e-01
82 9.98046875000000e-01 9.96097564697266e-01
83 9.98046875000000e-01 9.96097564697266e-01
84 9.98046875000000e-01 9.96097564697266e-01
85 9.98046875000000e-01 9.96097564697266e-01
86 9.98046875000000e-01 9.96097564697266e-01
87 9.98046875000000e-01 9.96097564697266e-01
88 9.98046875000000e-01 9.96097564697266e-01
89 9.97558593750000e-01 9.95123147964478e-01
90 9.97558593750000e-01 9.95123147964478e-01
91 9.97558593750000e-01 9.95123147964478e-01
92 9.97558593750000e-01 9.95123147964478e-01
93 9.97558593750000e-01 9.95123147964478e-01
94 9.97558593750000e-01 9.95123147964478e-01
95 9.97558593750000e-01 9.95123147964478e-01
96 9.97558593750000e-01 9.95123147964478e-01
97 9.97558593750000e-01 9.95123147964478e-01
98 9.97558593750000e-01 9.95123147964478e-01
99 9.97558593750000e-01 9.95123147964478e-01
100 9.97558593750000e-01 9.95123147964478e-01
101 9.97558593750000e-01 9.95123147964478e-01
102 9.97558593750000e-01 9.95123147964478e-01
103 9.97558593750000e-01 9.95123147964478e-01
104 9.97558593750000e-01 9.95123147964478e-01
105 9.97558593750000e-01 9.95123147964478e-01
106 9.97558593750000e-01 9.95123147964478e-01
107 9.97558593750000e-01 9.95123147964478e-01
108 9.97558593750000e-01 9.95123147964478e-01
109 9.97558593750000e-01 9.95123147964478e-01
110 9.97558593750000e-01 9.95123147964478e-01
111 9.97558593750000e-01 9.95123147964478e-01
112 9.97558593750000e-01 9.95123147964478e-01
113 9.97558593750000e-01 9.95123147964478e-01
114 9.97558593750000e-01 9.95123147964478e-01
115 9.97558593750000e-01 9.95123147964478e-01
116 9.97558593750000e-01 9.95123147964478e-01
117 9.97558593750000e-01 9.95123147964478e-01
118 9.97558593750000e-01 9.95123147964478e-01
119 9.97558593750000e-01 9.95123147964478e-01
120 9.97558593750000e-01 9.95123147964478e-01
121 9.97558593750000e-01 9.95123147964478e-01
122 9.97558593750000e-01 9.95123147964478e-01
123 9.97558593750000e-01 9.95123147964478e-01
124 9.97558593750000e-01 9.95123147964478e-01
125 9.97558593750000e-01 9.95123147964478e-01
126 9.97558593750000e-01 9.95123147964478e-01
127 9.97558593750000e-01 9.95123147964478e-01
128 9.97558593750000e-01 9.95123147964478e-01
129 9.97558593750000e-01 9.95123147964478e-01
130 9.97558593750000e-01 9.95123147964478e-01
131 9.97558593750000e-01 9.95123147964478e-01
132 9.97558593750000e-01 9.95123147964478e-01
133 9.97558593750000e-01 9.95123147964478e-01
134 9.97558593750000e-01 9.95123147964478e-01
135 9.97558593750000e-01 9.95123147964478e-01
136 9.97558593750000e-01 9.95123147964478e-01
137 9.97558593750000e-01 9.95123147964478e-01
138 9.97558593750000e-01 9.95123147964478e-01
139 9.97558593750000e-01 9.95123147964478e-01
140 9.97558593750000e-01 9.95123147964478e-01
141 9.97558593750000e-01 9.95123147964478e-01
142 9.97070312500000e-01 9.94149208068848e-01
143 9.97070312500000e-01 9.94149208068848e-01
144 9.97070312500000e-01 9.94149208068848e-01
145 9.97070312500000e-01 9.94149208068848e-01
146 9.97070312500000e-01 9.94149208068848e-01
147 9.97070312500000e-01 9.94149208068848e-01
148 9.97070312500000e-01 9.94149208068848e-01
149 9.97070312500000e-01 9.94149208068848e-01
150 9.97070312500000e-01 9.94149208068848e-01
151 9.97070312500000e-01 9.94149208068848e-01
152 9.97070312500000e-01 9.94149208068848e-01
153 9.97070312500000e-01 9.94149208068848e-01
154 9.96582031250000e-01 9.93175745010376e-01
155 9.96582031250000e-01 9.93175745010376e-01
156 9.96582031250000e-01 9.93175745010376e-01
157 9.96582031250000e-01 9.93175745010376e-01
158 9.96582031250000e-01 9.93175745010376e-01
159 9.96582031250000e-01 9.93175745010376e-01
160 9.96582031250000e-01 9.93175745010376e-01
161 9.96582031250000e-01 9.93175745010376e-01
162 9.96582031250000e-01 9.93175745010376e-01
163 9.96582031250000e-01 9.93175745010376e-01
164 9.96582031250000e-01 9.93175745010376e-01
165 9.96582031250000e-01 9.93175745010376e-01
166 9.96582031250000e-01 9.93175745010376e-01
167 9.96582031250000e-01 9.93175745010376e-01
168 9.96582031250000e-01 9.93175745010376e-01
169 9.96582031250000e-01 9.93175745010376e-01
170 9.96582031250000e-01 9.93175745010376e-01
171 9.96582031250000e-01 9.93175745010376e-01
172 9.96582031250000e-01 9.93175745010376e-01
173 9.96582031250000e-01 9.93175745010376e-01
174 9.96582031250000e-01 9.93175745010376e-01
175 9.96582031250000e-01 9.93175745010376e-01
176 9.96582031250000e-01 9.93175745010376e-01
177 9.96582031250000e-01 9.93175745010376e-01
178 9.96582031250000e-01 9.93175745010376e-01
179 9.96582031250000e-01 9.93175745010376e-01
180 9.96582031250000e-01 9.93175745010376e-01
181 9.96582031250000e-01 9.93175745010376e-01
182 9.96582031250000e-01 9.93175745010376e-01
183 9.96582031250000e-01 9.93175745010376e-01
184 9.96582031250000e-01 9.93175745010376e-01
185 9.96582031250000e-01 9.93175745010376e-01
186 9.96582031250000e-01 9.93175745010376e-01
187 9.96582031250000e-01 9.93175745010376e-01
188 9.96582031250000e-01 9.93175745010376e-01
189 9.96582031250000e-01 9.93175745010376e-01
190 9.96582031250000e-01 9.93175745010376e-01
191 9.96582031250000e-01 9.93175745010376e-01
192 9.96582031250000e-01 9.93175745010376e-01
193 9.96582031250000e-01 9.93175745010376e-01
194 9.96582031250000e-01 9.93175745010376e-01
195 9.96582031250000e-01 9.93175745010376e-01
196 9.96582031250000e-01 9.93175745010376e-01
197 9.96582031250000e-01 9.93175745010376e-01
198 9.96582031250000e-01 9.93175745010376e-01
199 9.96582031250000e-01 9.93175745010376e-01
200 9.96582031250000e-01 9.93175745010376e-01
201 9.96582031250000e-01 9.93175745010376e-01
202 9.96582031250000e-01 9.93175745010376e-01
203 9.96582031250000e-01 9.93175745010376e-01
204 9.96582031250000e-01 9.93175745010376e-01
205 9.96582031250000e-01 9.93175745010376e-01
206 9.96582031250000e-01 9.93175745010376e-01
207 9.96582031250000e-01 9.93175745010376e-01
208 9.96582031250000e-01 9.93175745010376e-01
209 9.96582031250000e-01 9.93175745010376e-01
210 9.96582031250000e-01 9.93175745010376e-01
211 9.96582031250000e-01 9.93175745010376e-01
212 9.96582031250000e-01 9.93175745010376e-01
213 9.96582031250000e-01 9.93175745010376e-01
214 9.96582031250000e-01 9.93175745010376e-01
215 9.96582031250000e-01 9.93175745010376e-01
216 9.96582031250000e-01 9.93175745010376e-01
217 9.97070312500000e-01 9.94149208068848e-01
218 9.97070312500000e-01 9.94149208068848e-01
219 9.97070312500000e-01 9.94149208068848e-01
220 9.97070312500000e-01 9.94149208068848e-01
221 9.97070312500000e-01 9.94149208068848e-01
222 9.96582031250000e-01 9.93175745010376e-01
223 9.96093750000000e-01 9.92202758789062e-01
224 9.96093750000000e-01 9.92202758789062e-01
225 9.96093750000000e-01 9.92202758789062e-01
226 9.96093750000000e-01 9.92202758789062e-01
227 9.96093750000000e-01 9.92202758789062e-01
228 9.95605468750000e-01 9.91230249404907e-01
229 9.95605468750000e-01 9.91230249404907e-01
230 9.95605468750000e-01 9.91230249404907e-01
231 9.95605468750000e-01 9.91230249404907e-01
232 9.95605468750000e-01 9.91230249404907e-01
233 9.95605468750000e-01 9.91230249404907e-01
234 9.95605468750000e-01 9.91230249404907e-01
235 9.95605468750000e-01 9.91230249404907e-01
236 9.95605468750000e-01 9.91230249404907e-01
237 9.95605468750000e-01 9.91230249404907e-01
238 9.95605468750000e-01 9.91230249404907e-01
239 9.95605468750000e-01 9.91230249404907e-01
240 9.95605468750000e-01 9.91230249404907e-01
241 9.95117187500000e-01 9.90258216857910e-01
242 9.95117187500000e-01 9.90258216857910e-01
243 9.95117187500000e-01 9.90258216857910e-01
244 9.95117187500000e-01 9.90258216857910e-01
245 9.95117187500000e-01 9.90258216857910e-01
246 9.95117187500000e-01 9.90258216857910e-01
247 9.95117187500000e-01 9.90258216857910e-01
248 9.95117187500000e-01 9.90258216857910e-01
249 9.95117187500000e-01 9.90258216857910e-01
250 9.95117187500000e-01 9.90258216857910e-01
251 9.95117187500000e-01 9.90258216857910e-01
252 9.95117187500000e-01 9.90258216857910e-01
253 9.95117187500000e-01 9.90258216857910e-01
254 9.95117187500000e-01 9.90258216857910e-01
255 9.95117187500000e-01 9.90258216857910e-01
256 9.95117187500000e-01 9.90258216857910e-01
257 9.95117187500000e-01 9.90258216857910e-01
258 9.95117187500000e-01 9.90258216857910e-01
259 9.95117187500000e-01 9.90258216857910e-01
260 9.95117187500000e-01 9.90258216857910e-01
261 9.95117187500000e-01 9.90258216857910e-01
262 9.95117187500000e-01 9.90258216857910e-01
263 9.95117187500000e-01 9.90258216857910e-01
264 9.95117187500000e-01 9.90258216857910e-01
265 9.95117187500000e-01 9.90258216857910e-01
266 9.95117187500000e-01 9.90258216857910e-01
267 9.95117187500000e-01 9.90258216857910e-01
268 9.95117187500000e-01 9.90258216857910e-01
269 9.95117187500000e-01 9.90258216857910e-01
270 9.95117187500000e-01 9.90258216857910e-01
271 9.95117187500000e-01 9.90258216857910e-01
272 9.94628906250000e-01 9.89286661148071e-01
273 9.94628906250000e-01 9.89286661148071e-01
274 9.94628906250000e-01 9.89286661148071e-01
275 9.94628906250000e-01 9.89286661148071e-01
276 9.94628906250000e-01 9.89286661148071e-01
277 9.94628906250000e-01 9.89286661148071e-01
278 9.94628906250000e-01 9.89286661148071e-01
279 9.94628906250000e-01 9.89286661148071e-01
280 9.94628906250000e-01 9.89286661148071e-01
281 9.94628906250000e-01 9.89286661148071e-01
282 9.94628906250000e-01 9.89286661148071e-01
283 9.94628906250000e-01 9.89286661148071e-01
284 9.94628906250000e-01 9.89286661148071e-01
285 9.94140625000000e-01 9.88315582275391e-01
286 9.94140625000000e-01 9.88315582275391e-01
287 9.94140625000000e-01 9.88315582275391e-01
288 9.94140625000000e-01 9.88315582275391e-01
289 9.94140625000000e-01 9.88315582275391e-01
290 9.94140625000000e-01 9.88315582275391e-01
291 9.94140625000000e-01 9.88315582275391e-01
292 9.94140625000000e-01 9.88315582275391e-01
293 9.94140625000000e-01 9.88315582275391e-01
294 9.94140625000000e-01 9.88315582275391e-01
295 9.94140625000000e-01 9.88315582275391e-01
296 9.94140625000000e-01 9.88315582275391e-01
297 9.94140625000000e-01 9.88315582275391e-01
298 9.94140625000000e-01 9.88315582275391e-01
299 9.94140625000000e-01 9.88315582275391e-01
300 9.94140625000000e-01 9.88315582275391e-01
301 9.94140625000000e-01 9.88315582275391e-01
302 9.94140625000000e-01 9.88315582275391e-01
303 9.94140625000000e-01 9.88315582275391e-01
304 9.94140625000000e-01 9.88315582275391e-01
305 9.94140625000000e-01 9.88315582275391e-01
306 9.94140625000000e-01 9.88315582275391e-01
307 9.94140625000000e-01 9.88315582275391e-01
308 9.94140625000000e-01 9.88315582275391e-01
309 9.94140625000000e-01 9.88315582275391e-01
310 9.94140625000000e-01 9.88315582275391e-01
311 9.94140625000000e-01 9.88315582275391e-01
312 9.94140625000000e-01 9.88315582275391e-01
313 9.94140625000000e-01 9.88315582275391e-01
314 9.94140625000000e-01 9.88315582275391e-01
315 9.94140625000000e-01 9.88315582275391e-01
316 9.94140625000000e-01 9.88315582275391e-01
317 9.94140625000000e-01 9.88315582275391e-01
318 9.94140625000000e-01 9.88315582275391e-01
319 9.94140625000000e-01 9.88315582275391e-01
320 9.94140625000000e-01 9.88315582275391e-01
321 9.94140625000000e-01 9.88315582275391e-01
322 9.94140625000000e-01 9.88315582275391e-01
323 9.94140625000000e-01 9.88315582275391e-01
324 9.94140625000000e-01 9.88315582275391e-01
325 9.94140625000000e-01 9.88315582275391e-01
326 9.94140625000000e-01 9.88315582275391e-01
327 9.94140625000000e-01 9.88315582275391e-01
328 9.94140625000000e-01 9.88315582275391e-01
329 9.94140625000000e-01 9.88315582275391e-01
330 9.94140625000000e-01 9.88315582275391e-01
331 9.94140625000000e-01 9.88315582275391e-01
332 9.94140625000000e-01 9.88315582275391e-01
333 9.94140625000000e-01 9.88315582275391e-01
334 9.94140625000000e-01 9.88315582275391e-01
335 9.94140625000000e-01 9.88315582275391e-01
336 9.94140625000000e-01 9.88315582275391e-01
337 9.94140625000000e-01 9.88315582275391e-01
338 9.94140625000000e-01 9.88315582275391e-01
339 9.94140625000000e-01 9.88315582275391e-01
340 9.94140625000000e-01 9.88315582275391e-01
341 9.94140625000000e-01 9.88315582275391e-01
342 9.94140625000000e-01 9.88315582275391e-01
343 9.94140625000000e-01 9.88315582275391e-01
344 9.94140625000000e-01 9.88315582275391e-01
345 9.94140625000000e-01 9.88315582275391e-01
346 9.94140625000000e-01 9.88315582275391e-01
347 9.94140625000000e-01 9.88315582275391e-01
348 9.94140625000000e-01 9.88315582275391e-01
349 9.94140625000000e-01 9.88315582275391e-01
350 9.94140625000000e-01 9.88315582275391e-01
351 9.94140625000000e-01 9.88315582275391e-01
352 9.94140625000000e-01 9.88315582275391e-01
353 9.94140625000000e-01 9.88315582275391e-01
354 9.94140625000000e-01 9.88315582275391e-01
355 9.94140625000000e-01 9.88315582275391e-01
356 9.94140625000000e-01 9.88315582275391e-01
357 9.94140625000000e-01 9.88315582275391e-01
358 9.94140625000000e-01 9.88315582275391e-01
359 9.94140625000000e-01 9.88315582275391e-01
360 9.94140625000000e-01 9.88315582275391e-01
361 9.94140625000000e-01 9.88315582275391e-01
362 9.94140625000000e-01 9.88315582275391e-01
363 9.94140625000000e-01 9.88315582275391e-01
364 9.94140625000000e-01 9.88315582275391e-01
365 9.93652343750000e-01 9.87344980239868e-01
366 9.93652343750000e-01 9.87344980239868e-01
367 9.93652343750000e-01 9.87344980239868e-01
368 9.93652343750000e-01 9.87344980239868e-01
369 9.93652343750000e-01 9.87344980239868e-01
370 9.93652343750000e-01 9.87344980239868e-01
371 9.93652343750000e-01 9.87344980239868e-01
372 9.93652343750000e-01 9.87344980239868e-01
373 9.93652343750000e-01 9.87344980239868e-01
374 9.93652343750000e-01 9.87344980239868e-01
375 9.93652343750000e-01 9.87344980239868e-01
376 9.93652343750000e-01 9.87344980239868e-01
377 9.93652343750000e-01 9.87344980239868e-01
378 9.93652343750000e-01 9.87344980239868e-01
379 9.93652343750000e-01 9.87344980239868e-01
380 9.93652343750000e-01 9.87344980239868e-01
381 9.93652343750000e-01 9.87344980239868e-01
382 9.93652343750000e-01 9.87344980239868e-01
383 9.93652343750000e-01 9.87344980239868e-01
384 9.93652343750000e-01 9.87344980239868e-01
385 9.93652343750000e-01 9.87344980239868e-01
386 9.93652343750000e-01 9.87344980239868e-01
387 9.93652343750000e-01 9.87344980239868e-01
388 9.93652343750000e-01 9.87344980239868e-01
389 9.93652343750000e-01 9.87344980239868e-01
390 9.93652343750000e-01 9.87344980239868e-01
391 9.93652343750000e-01 9.87344980239868e-01
392 9.93652343750000e-01 9.87344980239868e-01
393 9.93652343750000e-01 9.87344980239868e-01
394 9.93652343750000e-01 9.87344980239868e-01
395 9.93652343750000e-01 9.87344980239868e-01
396 9.93652343750000e-01 9.87344980239868e-01
397 9.93652343750000e-01 9.87344980239868e-01
398 9.93652343750000e-01 9.87344980239868e-01
399 9.93652343750000e-01 9.87344980239868e-01
400 9.93652343750000e-01 9.87344980239868e-01
401 9.93652343750000e-01 9.87344980239868e-01
402 9.93652343750000e-01 9.87344980239868e-01
403 9.93652343750000e-01 9.87344980239868e-01
404 9.93652343750000e-01 9.87344980239868e-01
405 9.93652343750000e-01 9.87344980239868e-01
406 9.93652343750000e-01 9.87344980239868e-01
407 9.93652343750000e-01 9.87344980239868e-01
408 9.93652343750000e-01 9.87344980239868e-01
409 9.93652343750000e-01 9.87344980239868e-01
410 9.93652343750000e-01 9.87344980239868e-01
411 9.93652343750000e-01 9.87344980239868e-01
412 9.93652343750000e-01 9.87344980239868e-01
413 9.93652343750000e-01 9.87344980239868e-01
414 9.93652343750000e-01 9.87344980239868e-01
415 9.93652343750000e-01 9.87344980239868e-01
416 9.93652343750000e-01 9.87344980239868e-01
417 9.93652343750000e-01 9.87344980239868e-01
418 9.93652343750000e-01 9.87344980239868e-01
419 9.93652343750000e-01 9.87344980239868e-01
420 9.93652343750000e-01 9.87344980239868e-01
421 9.93652343750000e-01 9.87344980239868e-01
422 9.93652343750000e-01 9.87344980239868e-01
423 9.93164062500000e-01 9.86374855041504e-01
424 9.93164062500000e-01 9.86374855041504e-01
425 9.93164062500000e-01 9.86374855041504e-01
426 9.93164062500000e-01 9.86374855041504e-01
427 9.93164062500000e-01 9.86374855041504e-01
428 9.93164062500000e-01 9.86374855041504e-01
429 9.93164062500000e-01 9.86374855041504e-01
430 9.93164062500000e-01 9.86374855041504e-01
431 9.93164062500000e-01 9.86374855041504e-01
432 9.93164062500000e-01 9.86374855041504e-01
433 9.93164062500000e-01 9.86374855041504e-01
434 9.93164062500000e-01 9.86374855041504e-01
435 9.93164062500000e-01 9.86374855041504e-01
436 9.93164062500000e-01 9.86374855041504e-01
437 9.93164062500000e-01 9.86374855041504e-01
438 9.93164062500000e-01 9.86374855041504e-01
439 9.93164062500000e-01 9.86374855041504e-01
440 9.93164062500000e-01 9.86374855041504e-01
441 9.92675781250000e-01 9.85405206680298e-01
442 9.92675781250000e-01 9.85405206680298e-01
443 9.92675781250000e-01 9.85405206680298e-01
444 9.92675781250000e-01 9.85405206680298e-01
445 9.92675781250000e-01 9.85405206680298e-01
446 9.92675781250000e-01 9.85405206680298e-01
447 9.92675781250000e-01 9.85405206680298e-01
448 9.92675781250000e-01 9.85405206680298e-01
449 9.92675781250000e-01 9.85405206680298e-01
450 9.92675781250000e-01 9.85405206680298e-01
451 9.92675781250000e-01 9.85405206680298e-01
452 9.92675781250000e-01 9.85405206680298e-01
453 9.92675781250000e-01 9.85405206680298e-01
454 9.92675781250000e-01 9.85405206680298e-01
455 9.92675781250000e-01 9.85405206680298e-01
456 9.92675781250000e-01 9.85405206680298e-01
457 9.92675781250000e-01 9.85405206680298e-01
458 9.92675781250000e-01 9.85405206680298e-01
459 9.92675781250000e-01 9.85405206680298e-01
460 9.92675781250000e-01 9.85405206680298e-01
461 9.92675781250000e-01 9.85405206680298e-01
462 9.92675781250000e-01 9.85405206680298e-01
463 9.92675781250000e-01 9.85405206680298e-01
464 9.92675781250000e-01 9.85405206680298e-01
465 9.92675781250000e-01 9.85405206680298e-01
466 9.92675781250000e-01 9.85405206680298e-01
467 9.92675781250000e-01 9.85405206680298e-01
468 9.92675781250000e-01 9.85405206680298e-01
469 9.92187500000000e-01 9.84436035156250e-01
470 9.91699218750000e-01 9.83467340469360e-01
471 9.91699218750000e-01 9.83467340469360e-01
472 9.91699218750000e-01 9.83467340469360e-01
473 9.91699218750000e-01 9.83467340469360e-01
474 9.91699218750000e-01 9.83467340469360e-01
475 9.91699218750000e-01 9.83467340469360e-01
476 9.91699218750000e-01 9.83467340469360e-01
477 9.91699218750000e-01 9.83467340469360e-01
478 9.91699218750000e-01 9.83467340469360e-01
479 9.91699218750000e-01 9.83467340469360e-01
480 9.91699218750000e-01 9.83467340469360e-01
481 9.91699218750000e-01 9.83467340469360e-01
482 9.91699218750000e-01 9.83467340469360e-01
483 9.91699218750000e-01 9.83467340469360e-01
484 9.91699218750000e-01 9.83467340469360e-01
485 9.91699218750000e-01 9.83467340469360e-01
486 9.91699218750000e-01 9.83467340469360e-01
487 9.91699218750000e-01 9.83467340469360e-01
488 9.91699218750000e-01 9.83467340469360e-01
489 9.91699218750000e-01 9.83467340469360e-01
490 9.91699218750000e-01 9.83467340469360e-01
491 9.91699218750000e-01 9.83467340469360e-01
492 9.91699218750000e-01 9.83467340469360e-01
493 9.91699218750000e-01 9.83467340469360e-01
494 9.91699218750000e-01 9.83467340469360e-01
495 9.91699218750000e-01 9.83467340469360e-01
496 9.91699218750000e-01 9.83467340469360e-01
497 9.91699218750000e-01 9.83467340469360e-01
498 9.91699218750000e-01 9.83467340469360e-01
499 9.91699218750000e-01 9.83467340469360e-01
500 9.91699218750000e-01 9.83467340469360e-01
501 9.91699218750000e-01 9.83467340469360e-01
502 9.91699218750000e-01 9.83467340469360e-01
503 9.91699218750000e-01 9.83467340469360e-01
504 9.91699218750000e-01 9.83467340469360e-01
505 9.91699218750000e-01 9.83467340469360e-01
506 9.91699218750000e-01 9.83467340469360e-01
507 9.91699218750000e-01 9.83467340469360e-01
508 9.91699218750000e-01 9.83467340469360e-01
509 9.91699218750000e-01 9.83467340469360e-01
510 9.91699218750000e-01 9.83467340469360e-01
511 9.91699218750000e-01 9.83467340469360e-01
512 9.91699218750000e-01 9.83467340469360e-01
513 9.91699218750000e-01 9.83467340469360e-01
514 9.91699218750000e-01 9.83467340469360e-01
515 9.91699218750000e-01 9.83467340469360e-01
516 9.91699218750000e-01 9.83467340469360e-01
517 9.91699218750000e-01 9.83467340469360e-01
518 9.91699218750000e-01 9.83467340469360e-01
519 9.91699218750000e-01 9.83467340469360e-01
520 9.91699218750000e-01 9.83467340469360e-01
521 9.91699218750000e-01 9.83467340469360e-01
522 9.91699218750000e-01 9.83467340469360e-01
523 9.91699218750000e-01 9.83467340469360e-01
524 9.91699218750000e-01 9.83467340469360e-01
525 9.91699218750000e-01 9.83467340469360e-01
526 9.91210937500000e-01 9.82499122619629e-01
527 9.91210937500000e-01 9.82499122619629e-01
528 9.91210937500000e-01 9.82499122619629e-01
529 9.91210937500000e-01 9.82499122619629e-01
530 9.91210937500000e-01 9.82499122619629e-01
531 9.91210937500000e-01 9.82499122619629e-01
532 9.91210937500000e-01 9.82499122619629e-01
533 9.91210937500000e-01 9.82499122619629e-01
534 9.91210937500000e-01 9.82499122619629e-01
535 9.91210937500000e-01 9.82499122619629e-01
536 9.91210937500000e-01 9.82499122619629e-01
537 9.91210937500000e-01 9.82499122619629e-01
538 9.91210937500000e-01 9.82499122619629e-01
539 9.91210937500000e-01 9.82499122619629e-01
540 9.91210937500000e-01 9.82499122619629e-01
541 9.91210937500000e-01 9.82499122619629e-01
542 9.91210937500000e-01 9.82499122619629e-01
543 9.91210937500000e-01 9.82499122619629e-01
544 9.91210937500000e-01 9.82499122619629e-01
545 9.91210937500000e-01 9.82499122619629e-01
546 9.91210937500000e-01 9.82499122619629e-01
547 9.91210937500000e-01 9.82499122619629e-01
548 9.91210937500000e-01 9.82499122619629e-01
549 9.91210937500000e-01 9.82499122619629e-01
550 9.91210937500000e-01 9.82499122619629e-01
551 9.91210937500000e-01 9.82499122619629e-01
552 9.91210937500000e-01 9.82499122619629e-01
553 9.91210937500000e-01 9.82499122619629e-01
554 9.91210937500000e-01 9.82499122619629e-01
555 9.91210937500000e-01 9.82499122619629e-01
556 9.90722656250000e-01 9.81531381607056e-01
557 9.90722656250000e-01 9.81531381607056e-01
558 9.90722656250000e-01 9.81531381607056e-01
559 9.90722656250000e-01 9.81531381607056e-01
560 9.90722656250000e-01 9.81531381607056e-01
561 9.90722656250000e-01 9.81531381607056e-01
562 9.90722656250000e-01 9.81531381607056e-01
563 9.90722656250000e-01 9.81531381607056e-01
564 9.90722656250000e-01 9.81531381607056e-01
565 9.90722656250000e-01 9.81531381607056e-01
566 9.90722656250000e-01 9.81531381607056e-01
567 9.90722656250000e-01 9.81531381607056e-01
568 9.90722656250000e-01 9.81531381607056e-01
569 9.90722656250000e-01 9.81531381607056e-01
570 9.90722656250000e-01 9.81531381607056e-01
571 9.90722656250000e-01 9.81531381607056e-01
572 9.90722656250000e-01 9.81531381607056e-01
573 9.90722656250000e-01 9.81531381607056e-01
574 9.90722656250000e-01 9.81531381607056e-01
575 9.90722656250000e-01 9.81531381607056e-01
576 9.90722656250000e-01 9.81531381607056e-01
577 9.90722656250000e-01 9.81531381607056e-01
578 9.90722656250000e-01 9.81531381607056e-01
579 9.90722656250000e-01 9.81531381607056e-01
580 9.90722656250000e-01 9.81531381607056e-01
581 9.90722656250000e-01 9.81531381607056e-01
582 9.90722656250000e-01 9.81531381607056e-01
583 9.90722656250000e-01 9.81531381607056e-01
584 9.90722656250000e-01 9.81531381607056e-01
585 9.90722656250000e-01 9.81531381607056e-01
586 9.90722656250000e-01 9.81531381607056e-01
587 9.90722656250000e-01 9.81531381607056e-01
588 9.90722656250000e-01 9.81531381607056e-01
589 9.90722656250000e-01 9.81531381607056e-01
590 9.90722656250000e-01 9.81531381607056e-01
591 9.90722656250000e-01 9.81531381607056e-01
592 9.90722656250000e-01 9.81531381607056e-01
593 9.90722656250000e-01 9.81531381607056e-01
594 9.90722656250000e-01 9.81531381607056e-01
595 9.90722656250000e-01 9.81531381607056e-01
596 9.90722656250000e-01 9.81531381607056e-01
597 9.90722656250000e-01 9.81531381607056e-01
598 9.90722656250000e-01 9.81531381607056e-01
599 9.90722656250000e-01 9.81531381607056e-01
600 9.90722656250000e-01 9.81531381607056e-01
601 9.90722656250000e-01 9.81531381607056e-01
602 9.90722656250000e-01 9.81531381607056e-01
603 9.90722656250000e-01 9.81531381607056e-01
604 9.90722656250000e-01 9.81531381607056e-01
605 9.90722656250000e-01 9.81531381607056e-01
606 9.90722656250000e-01 9.81531381607056e-01
607 9.90722656250000e-01 9.81531381607056e-01
608 9.90722656250000e-01 9.81531381607056e-01
609 9.90722656250000e-01 9.81531381607056e-01
610 9.90722656250000e-01 9.81531381607056e-01
611 9.90722656250000e-01 9.81531381607056e-01
612 9.90722656250000e-01 9.81531381607056e-01
613 9.90722656250000e-01 9.81531381607056e-01
614 9.90722656250000e-01 9.81531381607056e-01
615 9.90722656250000e-01 9.81531381607056e-01
616 9.90722656250000e-01 9.81531381607056e-01
617 9.90722656250000e-01 9.81531381607056e-01
618 9.90722656250000e-01 9.81531381607056e-01
619 9.90722656250000e-01 9.81531381607056e-01
620 9.90722656250000e-01 9.81531381607056e-01
621 9.90722656250000e-01 9.81531381607056e-01
622 9.90722656250000e-01 9.81531381607056e-01
623 9.90722656250000e-01 9.81531381607056e-01
624 9.90234375000000e-01 9.80564117431641e-01
625 9.90234375000000e-01 9.80564117431641e-01
626 9.90234375000000e-01 9.80564117431641e-01
627 9.90234375000000e-01 9.80564117431641e-01
628 9.90234375000000e-01 9.80564117431641e-01
629 9.90234375000000e-01 9.80564117431641e-01
630 9.90234375000000e-01 9.80564117431641e-01
631 9.90234375000000e-01 9.80564117431641e-01
632 9.90234375000000e-01 9.80564117431641e-01
633 9.90234375000000e-01 9.80564117431641e-01
634 9.90234375000000e-01 9.80564117431641e-01
635 9.90234375000000e-01 9.80564117431641e-01
636 9.90234375000000e-01 9.80564117431641e-01
637 9.90234375000000e-01 9.80564117431641e-01
638 9.90234375000000e-01 9.80564117431641e-01
639 9.90234375000000e-01 9.80564117431641e-01
640 9.90234375000000e-01 9.80564117431641e-01
641 9.90234375000000e-01 9.80564117431641e-01
642 9.90234375000000e-01 9.80564117431641e-01
643 9.90234375000000e-01 9.80564117431641e-01
644 9.89746093750000e-01 9.79597330093384e-01
645 9.89746093750000e-01 9.79597330093384e-01
646 9.89746093750000e-01 9.79597330093384e-01
647 9.89746093750000e-01 9.79597330093384e-01
648 9.89746093750000e-01 9.79597330093384e-01
649 9.89746093750000e-01 9.79597330093384e-01
650 9.89746093750000e-01 9.79597330093384e-01
651 9.89746093750000e-01 9.79597330093384e-01
652 9.89746093750000e-01 9.79597330093384e-01
653 9.89746093750000e-01 9.79597330093384e-01
654 9.89746093750000e-01 9.79597330093384e-01
655 9.89746093750000e-01 9.79597330093384e-01
656 9.89746093750000e-01 9.79597330093384e-01
657 9.89746093750000e-01 9.79597330093384e-01
658 9.89746093750000e-01 9.79597330093384e-01
659 9.89746093750000e-01 9.79597330093384e-01
660 9.89746093750000e-01 9.79597330093384e-01
661 9.89746093750000e-01 9.79597330093384e-01
662 9.89746093750000e-01 9.79597330093384e-01
663 9.89746093750000e-01 9.79597330093384e-01
664 9.89746093750000e-01 9.79597330093384e-01
665 9.89746093750000e-01 9.79597330093384e-01
666 9.89746093750000e-01 9.79597330093384e-01
667 9.89746093750000e-01 9.79597330093384e-01
668 9.89746093750000e-01 9.79597330093384e-01
669 9.89746093750000e-01 9.79597330093384e-01
670 9.89746093750000e-01 9.79597330093384e-01
671 9.89746093750000e-01 9.79597330093384e-01
672 9.89257812500000e-01 9.78631019592285e-01
673 9.89257812500000e-01 9.78631019592285e-01
674 9.88769531250000e-01 9.77665185928345e-01
675 9.88769531250000e-01 9.77665185928345e-01
676 9.88769531250000e-01 9.77665185928345e-01
677 9.88769531250000e-01 9.77665185928345e-01
678 9.88769531250000e-01 9.77665185928345e-01
679 9.88769531250000e-01 9.77665185928345e-01
680 9.88769531250000e-01 9.77665185928345e-01
681 9.88769531250000e-01 9.77665185928345e-01
682 9.88769531250000e-01 9.77665185928345e-01
683 9.88769531250000e-01 9.77665185928345e-01
684 9.88769531250000e-01 9.77665185928345e-01
685 9.88769531250000e-01 9.77665185928345e-01
686 9.88769531250000e-01 9.77665185928345e-01
687 9.88769531250000e-01 9.77665185928345e-01
688 9.88769531250000e-01 9.77665185928345e-01
689 9.88769531250000e-01 9.77665185928345e-01
690 9.88769531250000e-01 9.77665185928345e-01
691 9.88769531250000e-01 9.77665185928345e-01
692 9.88769531250000e-01 9.77665185928345e-01
693 9.88769531250000e-01 9.77665185928345e-01
694 9.88769531250000e-01 9.77665185928345e-01
695 9.88769531250000e-01 9.77665185928345e-01
696 9.88769531250000e-01 9.77665185928345e-01
697 9.88769531250000e-01 9.77665185928345e-01
698 9.88281250000000e-01 9.76699829101562e-01
699 9.88281250000000e-01 9.76699829101562e-01
700 9.88281250000000e-01 9.76699829101562e-01
701 9.88281250000000e-01 9.76699829101562e-01
702 9.87792968750000e-01 9.75734949111938e-01
703 9.87792968750000e-01 9.75734949111938e-01
704 9.87792968750000e-01 9.75734949111938e-01
705 9.87792968750000e-01 9.75734949111938e-01
706 9.87792968750000e-01 9.75734949111938e-01
707 9.87792968750000e-01 9.75734949111938e-01
708 9.87792968750000e-01 9.75734949111938e-01
709 9.87792968750000e-01 9.75734949111938e-01
710 9.87792968750000e-01 9.75734949111938e-01
711 9.87304687500000e-01 9.74770545959473e-01
712 9.87304687500000e-01 9.74770545959473e-01
713 9.87304687500000e-01 9.74770545959473e-01
714 9.87304687500000e-01 9.74770545959473e-01
715 9.87304687500000e-01 9.74770545959473e-01
716 9.87304687500000e-01 9.74770545959473e-01
717 9.87304687500000e-01 9.74770545959473e-01
718 9.87304687500000e-01 9.74770545959473e-01
719 9.87304687500000e-01 9.74770545959473e-01
720 9.87304687500000e-01 9.74770545959473e-01
721 9.87304687500000e-01 9.74770545959473e-01
722 9.87304687500000e-01 9.74770545959473e-01
723 9.87304687500000e-01 9.74770545959473e-01
724 9.87304687500000e-01 9.74770545959473e-01
725 9.87304687500000e-01 9.74770545959473e-01
726 9.87304687500000e-01 9.74770545959473e-01
727 9.87304687500000e-01 9.74770545959473e-01
728 9.87304687500000e-01 9.74770545959473e-01
729 9.87304687500000e-01 9.74770545959473e-01
730 9.87304687500000e-01 9.74770545959473e-01
731 9.87304687500000e-01 9.74770545959473e-01
732 9.87304687500000e-01 9.74770545959473e-01
733 9.87304687500000e-01 9.74770545959473e-01
734 9.87304687500000e-01 9.74770545959473e-01
735 9.87304687500000e-01 9.74770545959473e-01
736 9.87304687500000e-01 9.74770545959473e-01
737 9.87304687500000e-01 9.74770545959473e-01
738 9.87304687500000e-01 9.74770545959473e-01
739 9.87304687500000e-01 9.74770545959473e-01
740 9.87304687500000e-01 9.74770545959473e-01
741 9.87304687500000e-01 9.74770545959473e-01
742 9.87304687500000e-01 9.74770545959473e-01
743 9.86816406250000e-01 9.73806619644165e-01
744 9.86816406250000e-01 9.73806619644165e-01
745 9.86816406250000e-01 9.73806619644165e-01
746 9.86816406250000e-01 9.73806619644165e-01
747 9.86816406250000e-01 9.73806619644165e-01
748 9.86816406250000e-01 9.73806619644165e-01
749 9.86816406250000e-01 9.73806619644165e-01
750 9.86816406250000e-01 9.73806619644165e-01
751 9.86816406250000e-01 9.73806619644165e-01
752 9.86816406250000e-01 9.73806619644165e-01
753 9.86816406250000e-01 9.73806619644165e-01
754 9.86816406250000e-01 9.73806619644165e-01
755 9.86816406250000e-01 9.73806619644165e-01
756 9.86328125000000e-01 9.72843170166016e-01
757 9.86328125000000e-01 9.72843170166016e-01
758 9.86328125000000e-01 9.72843170166016e-01
759 9.86328125000000e-01 9.72843170166016e-01
760 9.86328125000000e-01 9.72843170166016e-01
761 9.86328125000000e-01 9.72843170166016e-01
762 9.86328125000000e-01 9.72843170166016e-01
763 9.86328125000000e-01 9.72843170166016e-01
764 9.86816406250000e-01 9.73806619644165e-01
765 9.86816406250000e-01 9.73806619644165e-01
766 9.86816406250000e-01 9.73806619644165e-01
767 9.86816406250000e-01 9.73806619644165e-01
768 9.86816406250000e-01 9.73806619644165e-01
769 9.86816406250000e-01 9.73806619644165e-01
770 9.86816406250000e-01 9.73806619644165e-01
771 9.86816406250000e-01 9.73806619644165e-01
772 9.86816406250000e-01 9.73806619644165e-01
773 9.86816406250000e-01 9.73806619644165e-01
774 9.86816406250000e-01 9.73806619644165e-01
775 9.86816406250000e-01 9.73806619644165e-01
776 9.86816406250000e-01 9.73806619644165e-01
777 9.86328125000000e-01 9.72843170166016e-01
778 9.86328125000000e-01 9.72843170166016e-01
779 9.86328125000000e-01 9.72843170166016e-01
780 9.86328125000000e-01 9.72843170166016e-01
781 9.86328125000000e-01 9.72843170166016e-01
782 9.86328125000000e-01 9.72843170166016e-01
783 9.86328125000000e-01 9.72843170166016e-01
784 9.86328125000000e-01 9.72843170166016e-01
785 9.86328125000000e-01 9.72843170166016e-01
786 9.86328125000000e-01 9.72843170166016e-01
787 9.86328125000000e-01 9.72843170166016e-01
788 9.86328125000000e-01 9.72843170166016e-01
789 9.86328125000000e-01 9.72843170166016e-01
790 9.86328125000000e-01 9.72843170166016e-01
791 9.86328125000000e-01 9.72843170166016e-01
792 9.86328125000000e-01 9.72843170166016e-01
793 9.86328125000000e-01 9.72843170166016e-01
794 9.86328125000000e-01 9.72843170166016e-01
795 9.86328125000000e-01 9.72843170166016e-01
796 9.86328125000000e-01 9.72843170166016e-01
797 9.86328125000000e-01 9.72843170166016e-01
798 9.86328125000000e-01 9.72843170166016e-01
799 9.86328125000000e-01 9.72843170166016e-01
800 9.86328125000000e-01 9.72843170166016e-01
801 9.86328125000000e-01 9.72843170166016e-01
802 9.86328125000000e-01 9.72843170166016e-01
803 9.86328125000000e-01 9.72843170166016e-01
804 9.86328125000000e-01 9.72843170166016e-01
805 9.86328125000000e-01 9.72843170166016e-01
806 9.86328125000000e-01 9.72843170166016e-01
807 9.86328125000000e-01 9.72843170166016e-01
808 9.86328125000000e-01 9.72843170166016e-01
809 9.86328125000000e-01 9.72843170166016e-01
810 9.86328125000000e-01 9.72843170166016e-01
811 9.86328125000000e-01 9.72843170166016e-01
812 9.86328125000000e-01 9.72843170166016e-01
813 9.86328125000000e-01 9.72843170166016e-01
814 9.86328125000000e-01 9.72843170166016e-01
815 9.86328125000000e-01 9.72843170166016e-01
816 9.86328125000000e-01 9.72843170166016e-01
817 9.85839843750000e-01 9.71880197525024e-01
818 9.85839843750000e-01 9.71880197525024e-01
819 9.85839843750000e-01 9.71880197525024e-01
820 9.85839843750000e-01 9.71880197525024e-01
821 9.85839843750000e-01 9.71880197525024e-01
822 9.85839843750000e-01 9.71880197525024e-01
823 9.85839843750000e-01 9.71880197525024e-01
824 9.85839843750000e-01 9.71880197525024e-01
825 9.85839843750000e-01 9.71880197525024e-01
826 9.85839843750000e-01 9.71880197525024e-01
827 9.85351562500000e-01 9.70917701721191e-01
828 9.85351562500000e-01 9.70917701721191e-01
829 9.85351562500000e-01 9.70917701721191e-01
830 9.85351562500000e-01 9.70917701721191e-01
831 9.84863281250000e-01 9.69955682754517e-01
832 9.84863281250000e-01 9.69955682754517e-01
833 9.84863281250000e-01 9.69955682754517e-01
834 9.84863281250000e-01 9.69955682754517e-01
835 9.84863281250000e-01 9.69955682754517e-01
836 9.84863281250000e-01 9.69955682754517e-01
837 9.84863281250000e-01 9.69955682754517e-01
838 9.84863281250000e-01 9.69955682754517e-01
839 9.84863281250000e-01 9.69955682754517e-01
840 9.84863281250000e-01 9.69955682754517e-01
841 9.84863281250000e-01 9.69955682754517e-01
842 9.84863281250000e-01 9.69955682754517e-01
843 9.84863281250000e-01 9.69955682754517e-01
844 9.84863281250000e-01 9.69955682754517e-01
845 9.84863281250000e-01 9.69955682754517e-01
846 9.84863281250000e-01 9.69955682754517e-01
847 9.84863281250000e-01 9.69955682754517e-01
848 9.84863281250000e-01 9.69955682754517e-01
849 9.84863281250000e-01 9.69955682754517e-01
850 9.84863281250000e-01 9.69955682754517e-01
851 9.84863281250000e-01 9.69955682754517e-01
852 9.84863281250000e-01 9.69955682754517e-01
853 9.84863281250000e-01 9.69955682754517e-01
854 9.84863281250000e-01 9.69955682754517e-01
855 9.84863281250000e-01 9.69955682754517e-01
856 9.84863281250000e-01 9.69955682754517e-01
857 9.84863281250000e-01 9.69955682754517e-01
858 9.84863281250000e-01 9.69955682754517e-01
859 9.84863281250000e-01 9.69955682754517e-01
860 9.84863281250000e-01 9.69955682754517e-01
861 9.84863281250000e-01 9.69955682754517e-01
862 9.84863281250000e-01 9.69955682754517e-01
863 9.84863281250000e-01 9.69955682754517e-01
864 9.84863281250000e-01 9.69955682754517e-01
865 9.84863281250000e-01 9.69955682754517e-01
866 9.84863281250000e-01 9.69955682754517e-01
867 9.84863281250000e-01 9.69955682754517e-01
868 9.84863281250000e-01 9.69955682754517e-01
869 9.84863281250000e-01 9.69955682754517e-01
870 9.84863281250000e-01 9.69955682754517e-01
871 9.84863281250000e-01 9.69955682754517e-01
872 9.84863281250000e-01 9.69955682754517e-01
873 9.84863281250000e-01 9.69955682754517e-01
874 9.84863281250000e-01 9.69955682754517e-01
875 9.84863281250000e-01 9.69955682754517e-01
876 9.84863281250000e-01 9.69955682754517e-01
877 9.84863281250000e-01 9.69955682754517e-01
878 9.84863281250000e-01 9.69955682754517e-01
879 9.84863281250000e-01 9.69955682754517e-01
880 9.84863281250000e-01 9.69955682754517e-01
881 9.84863281250000e-01 9.69955682754517e-01
882 9.84863281250000e-01 9.69955682754517e-01
883 9.84863281250000e-01 9.69955682754517e-01
884 9.84863281250000e-01 9.69955682754517e-01
885 9.84863281250000e-01 9.69955682754517e-01
886 9.84863281250000e-01 9.69955682754517e-01
887 9.84863281250000e-01 9.69955682754517e-01
888 9.84863281250000e-01 9.69955682754517e-01
889 9.84863281250000e-01 9.69955682754517e-01
890 9.84863281250000e-01 9.69955682754517e-01
891 9.84863281250000e-01 9.69955682754517e-01
892 9.84863281250000e-01 9.69955682754517e-01
893 9.84863281250000e-01 9.69955682754517e-01
894 9.84863281250000e-01 9.69955682754517e-01
895 9.84863281250000e-01 9.69955682754517e-01
896 9.84863281250000e-01 9.69955682754517e-01
897 9.84375000000000e-01 9.68994140625000e-01
898 9.84375000000000e-01 9.68994140625000e-01
899 9.84375000000000e-01 9.68994140625000e-01
900 9.84375000000000e-01 9.68994140625000e-01
901 9.84375000000000e-01 9.68994140625000e-01
902 9.83886718750000e-01 9.68033075332642e-01
903 9.83886718750000e-01 9.68033075332642e-01
904 9.83886718750000e-01 9.68033075332642e-01
905 9.83886718750000e-01 9.68033075332642e-01
906 9.83886718750000e-01 9.68033075332642e-01
907 9.83886718750000e-01 9.68033075332642e-01
908 9.83886718750000e-01 9.68033075332642e-01
909 9.83886718750000e-01 9.68033075332642e-01
910 9.83886718750000e-01 9.68033075332642e-01
911 9.83886718750000e-01 9.68033075332642e-01
912 9.83886718750000e-01 9.68033075332642e-01
913 9.83886718750000e-01 9.68033075332642e-01
914 9.83886718750000e-01 9.68033075332642e-01
915 9.83398437500000e-01 9.67072486877441e-01
916 9.83886718750000e-01 9.68033075332642e-01
917 9.83886718750000e-01 9.68033075332642e-01
918 9.83886718750000e-01 9.68033075332642e-01
919 9.83886718750000e-01 9.68033075332642e-01
920 9.83886718750000e-01 9.68033075332642e-01
921 9.83886718750000e-01 9.68033075332642e-01
922 9.83886718750000e-01 9.68033075332642e-01
923 9.83398437500000e-01 9.67072486877441e-01
924 9.83398437500000e-01 9.67072486877441e-01
925 9.83398437500000e-01 9.67072486877441e-01
926 9.83398437500000e-01 9.67072486877441e-01
927 9.83398437500000e-01 9.67072486877441e-01
928 9.83398437500000e-01 9.67072486877441e-01
929 9.83398437500000e-01 9.67072486877441e-01
930 9.83398437500000e-01 9.67072486877441e-01
931 9.83398437500000e-01 9.67072486877441e-01
932 9.83398437500000e-01 9.67072486877441e-01
933 9.83398437500000e-01 9.67072486877441e-01
934 9.83398437500000e-01 9.67072486877441e-01
935 9.83398437500000e-01 9.67072486877441e-01
936 9.83398437500000e-01 9.67072486877441e-01
937 9.83398437500000e-01 9.67072486877441e-01
938 9.83398437500000e-01 9.67072486877441e-01
939 9.83398437500000e-01 9.67072486877441e-01
940 9.83398437500000e-01 9.67072486877441e-01
941 9.83398437500000e-01 9.67072486877441e-01
942 9.83398437500000e-01 9.67072486877441e-01
943 9.83398437500000e-01 9.67072486877441e-01
944 9.83398437500000e-01 9.67072486877441e-01
945 9.83398437500000e-01 9.67072486877441e-01
946 9.83398437500000e-01 9.67072486877441e-01
947 9.83398437500000e-01 9.67072486877441e-01
948 9.83398437500000e-01 9.67072486877441e-01
949 9.83398437500000e-01 9.67072486877441e-01
950 9.83398437500000e-01 9.67072486877441e-01
951 9.83398437500000e-01 9.67072486877441e-01
952 9.83398437500000e-01 9.67072486877441e-01
953 9.83398437500000e-01 9.67072486877441e-01
954 9.83398437500000e-01 9.67072486877441e-01
955 9.83398437500000e-01 9.67072486877441e-01
956 9.83398437500000e-01 9.67072486877441e-01
957 9.83398437500000e-01 9.67072486877441e-01
958 9.83398437500000e-01 9.67072486877441e-01
959 9.83398437500000e-01 9.67072486877441e-01
960 9.83398437500000e-01 9.67072486877441e-01
961 9.83398437500000e-01 9.67072486877441e-01
962 9.83398437500000e-01 9.67072486877441e-01
963 9.83398437500000e-01 9.67072486877441e-01
964 9.83398437500000e-01 9.67072486877441e-01
965 9.83398437500000e-01 9.67072486877441e-01
966 9.83398437500000e-01 9.67072486877441e-01
967 9.83398437500000e-01 9.67072486877441e-01
968 9.83398437500000e-01 9.67072486877441e-01
969 9.83398437500000e-01 9.67072486877441e-01
970 9.83398437500000e-01 9.67072486877441e-01
971 9.83398437500000e-01 9.67072486877441e-01
972 9.83398437500000e-01 9.67072486877441e-01
973 9.83398437500000e-01 9.67072486877441e-01
974 9.82910156250000e-01 9.66112375259399e-01
975 9.82910156250000e-01 9.66112375259399e-01
976 9.82910156250000e-01 9.66112375259399e-01
977 9.82910156250000e-01 9.66112375259399e-01
978 9.82910156250000e-01 9.66112375259399e-01
979 9.82910156250000e-01 9.66112375259399e-01
980 9.82910156250000e-01 9.66112375259399e-01
981 9.82421875000000e-01 9.65152740478516e-01
982 9.82421875000000e-01 9.65152740478516e-01
983 9.82421875000000e-01 9.65152740478516e-01
984 9.82421875000000e-01 9.65152740478516e-01
985 9.82421875000000e-01 9.65152740478516e-01
986 9.81933593750000e-01 9.64193582534790e-01
987 9.81933593750000e-01 9.64193582534790e-01
988 9.81445312500000e-01 9.63234901428223e-01
989 9.81445312500000e-01 9.63234901428223e-01
990 9.81445312500000e-01 9.63234901428223e-01
991 9.81445312500000e-01 9.63234901428223e-01
992 9.81445312500000e-01 9.63234901428223e-01
993 9.80957031250000e-01 9.62276697158813e-01
994 9.80957031250000e-01 9.62276697158813e-01
995 9.80957031250000e-01 9.62276697158813e-01
996 9.80957031250000e-01 9.62276697158813e-01
997 9.80957031250000e-01 9.62276697158813e-01
998 9.80957031250000e-01 9.62276697158813e-01
999 9.80957031250000e-01 9.62276697158813e-01
