0 1.00000000000000e+00 1.00000000000000e+00
1 1.00000000000000e+00 1.00000000000000e+00
2 1.00000000000000e+00 1.00000000000000e+00
3 1.00000000000000e+00 1.00000000000000e+00
4 1.00000000000000e+00 1.00000000000000e+00
5 1.00000000000000e+00 1.00000000000000e+00
6 1.00000000000000e+00 1.00000000000000e+00
7 1.00000000000000e+00 1.00000000000000e+00
8 1.00000000000000e+00 1.00000000000000e+00
9 1.00000000000000e+00 1.00000000000000e+00
10 1.00000000000000e+00 1.00000000000000e+00
11 1.00000000000000e+00 1.00000000000000e+00
12 1.00000000000000e+00 1.00000000000000e+00
13 1.00000000000000e+00 1.00000000000000e+00
14 1.00000000000000e+00 1.00000000000000e+00
15 1.00000000000000e+00 1.00000000000000e+00
16 1.00000000000000e+00 1.00000000000000e+00
17 1.00000000000000e+00 1.00000000000000e+00
18 1.00000000000000e+00 1.00000000000000e+00
19 1.00000000000000e+00 1.00000000000000e+00
20 1.00000000000000e+00 1.00000000000000e+00
21 1.00000000000000e+00 1.00000000000000e+00
22 1.00000000000000e+00 1.00000000000000e+00
23 1.00000000000000e+00 1.00000000000000e+00
24 1.00000000000000e+00 1.00000000000000e+00
25 1.00000000000000e+00 1.00000000000000e+00
26 1.00000000000000e+00 1.00000000000000e+00
27 1.00000000000000e+00 1.00000000000000e+00
28 1.00000000000000e+00 1.00000000000000e+00
29 1.00000000000000e+00 1.00000000000000e+00
30 1.00000000000000e+00 1.00000000000000e+00
31 1.00000000000000e+00 1.00000000000000e+00
32 1.00000000000000e+00 1.00000000000000e+00
33 1.00000000000000e+00 1.00000000000000e+00
34 1.00000000000000e+00 1.00000000000000e+00
35 1.00000000000000e+00 1.00000000000000e+00
36 1.00000000000000e+00 1.00000000000000e+00
37 1.00000000000000e+00 1.00000000000000e+00
38 1.00000000000000e+00 1.00000000000000e+00
39 1.00000000000000e+00 1.00000000000000e+00
40 1.00000000000000e+00 1.00000000000000e+00
41 1.00000000000000e+00 1.00000000000000e+00
42 1.00000000000000e+00 1.00000000000000e+00
43 1.00000000000000e+00 1.00000000000000e+00
44 1.00000000000000e+00 1.00000000000000e+00
45 1.00000000000000e+00 1.00000000000000e+00
46 1.00000000000000e+00 1.00000000000000e+00
47 1.00000000000000e+00 1.00000000000000e+00
48 1.00000000000000e+00 1.00000000000000e+00
49 1.00000000000000e+00 1.00000000000000e+00
50 1.00000000000000e+00 1.00000000000000e+00
51 1.00000000000000e+00 1.00000000000000e+00
52 1.00000000000000e+00 1.00000000000000e+00
53 1.00000000000000e+00 1.00000000000000e+00
54 1.00000000000000e+00 1.00000000000000e+00
55 1.00000000000000e+00 1.00000000000000e+00
56 1.00000000000000e+00 1.00000000000000e+00
57 1.00000000000000e+00 1.00000000000000e+00
58 1.00000000000000e+00 1.00000000000000e+00
59 1.00000000000000e+00 1.00000000000000e+00
60 1.00000000000000e+00 1.00000000000000e+00
61 1.00000000000000e+00 1.00000000000000e+00
62 1.00000000000000e+00 1.00000000000000e+00
63 1.00000000000000e+00 1.00000000000000e+00
64 1.00000000000000e+00 1.00000000000000e+00
65 1.00000000000000e+00 1.00000000000000e+00
66 1.00000000000000e+00 1.00000000000000e+00
67 1.00000000000000e+00 1.00000000000000e+00
68 1.00000000000000e+00 1.00000000000000e+00
69 1.00000000000000e+00 1.00000000000000e+00
70 1.00000000000000e+00 1.00000000000000e+00
71 1.00000000000000e+00 1.00000000000000e+00
72 1.00000000000000e+00 1.00000000000000e+00
73 1.00000000000000e+00 1.00000000000000e+00
74 1.00000000000000e+00 1.00000000000000e+00
75 1.00000000000000e+00 1.00000000000000e+00
76 1.00000000000000e+00 1.00000000000000e+00
77 1.00000000000000e+00 1.00000000000000e+00
78 1.00000000000000e+00 1.00000000000000e+00
79 1.00000000000000e+00 1.00000000000000e+00
80 1.00000000000000e+00 1.00000000000000e+00
81 1.00000000000000e+00 1.00000000000000e+00
82 1.00000000000000e+00 1.00000000000000e+00
83 1.00000000000000e+00 1.00000000000000e+00
84 1.00000000000000e+00 1.00000000000000e+00
85 1.00000000000000e+00 1.00000000000000e+00
86 1.00000000000000e+00 1.00000000000000e+00
87 1.00000000000000e+00 1.00000000000000e+00
88 1.00000000000000e+00 1.00000000000000e+00
89 1.00000000000000e+00 1.00000000000000e+00
90 1.00000000000000e+00 1.00000000000000e+00
91 1.00000000000000e+00 1.00000000000000e+00
92 1.00000000000000e+00 1.00000000000000e+00
93 1.00000000000000e+00 1.00000000000000e+00
94 1.00000000000000e+00 1.00000000000000e+00
95 1.00000000000000e+00 1.00000000000000e+00
96 1.00000000000000e+00 1.00000000000000e+00
97 1.00000000000000e+00 1.00000000000000e+00
98 1.00000000000000e+00 1.00000000000000e+00
99 1.00000000000000e+00 1.00000000000000e+00
100 1.00000000000000e+00 1.00000000000000e+00
101 1.00000000000000e+00 1.00000000000000e+00
102 1.00000000000000e+00 1.00000000000000e+00
103 1.00000000000000e+00 1.00000000000000e+00
104 1.00000000000000e+00 1.00000000000000e+00
105 1.00000000000000e+00 1.00000000000000e+00
106 1.00000000000000e+00 1.00000000000000e+00
107 1.00000000000000e+00 1.00000000000000e+00
108 1.00000000000000e+00 1.00000000000000e+00
109 1.00000000000000e+00 1.00000000000000e+00
110 1.00000000000000e+00 1.00000000000000e+00
111 1.00000000000000e+00 1.00000000000000e+00
112 1.00000000000000e+00 1.00000000000000e+00
113 1.00000000000000e+00 1.00000000000000e+00
114 1.00000000000000e+00 1.00000000000000e+00
115 1.00000000000000e+00 1.00000000000000e+00
116 1.00000000000000e+00 1.00000000000000e+00
117 1.00000000000000e+00 1.00000000000000e+00
118 1.00000000000000e+00 1.00000000000000e+00
119 1.00000000000000e+00 1.00000000000000e+00
120 1.00000000000000e+00 1.00000000000000e+00
121 1.00000000000000e+00 1.00000000000000e+00
122 1.00000000000000e+00 1.00000000000000e+00
123 1.00000000000000e+00 1.00000000000000e+00
124 1.00000000000000e+00 1.00000000000000e+00
125 1.00000000000000e+00 1.00000000000000e+00
126 1.00000000000000e+00 1.00000000000000e+00
127 1.00000000000000e+00 1.00000000000000e+00
128 1.00000000000000e+00 1.00000000000000e+00
129 1.00000000000000e+00 1.00000000000000e+00
130 1.00000000000000e+00 1.00000000000000e+00
131 1.00000000000000e+00 1.00000000000000e+00
132 1.00000000000000e+00 1.00000000000000e+00
133 1.00000000000000e+00 1.00000000000000e+00
134 1.00000000000000e+00 1.00000000000000e+00
135 1.00000000000000e+00 1.00000000000000e+00
136 1.00000000000000e+00 1.00000000000000e+00
137 1.00000000000000e+00 1.00000000000000e+00
138 1.00000000000000e+00 1.00000000000000e+00
139 1.00000000000000e+00 1.00000000000000e+00
140 1.00000000000000e+00 1.00000000000000e+00
141 1.00000000000000e+00 1.00000000000000e+00
142 1.00000000000000e+00 1.00000000000000e+00
143 1.00000000000000e+00 1.00000000000000e+00
144 1.00000000000000e+00 1.00000000000000e+00
145 1.00000000000000e+00 1.00000000000000e+00
146 1.00000000000000e+00 1.00000000000000e+00
147 1.00000000000000e+00 1.00000000000000e+00
148 1.00000000000000e+00 1.00000000000000e+00
149 1.00000000000000e+00 1.00000000000000e+00
150 1.00000000000000e+00 1.00000000000000e+00
151 1.00000000000000e+00 1.00000000000000e+00
152 1.00000000000000e+00 1.00000000000000e+00
153 1.00000000000000e+00 1.00000000000000e+00
154 1.00000000000000e+00 1.00000000000000e+00
155 1.00000000000000e+00 1.00000000000000e+00
156 1.00000000000000e+00 1.00000000000000e+00
157 1.00000000000000e+00 1.00000000000000e+00
158 1.00000000000000e+00 1.00000000000000e+00
159 1.00000000000000e+00 1.00000000000000e+00
160 1.00000000000000e+00 1.00000000000000e+00
161 1.00000000000000e+00 1.00000000000000e+00
162 1.00000000000000e+00 1.00000000000000e+00
163 1.00000000000000e+00 1.00000000000000e+00
164 1.00000000000000e+00 1.00000000000000e+00
165 1.00000000000000e+00 1.00000000000000e+00
166 1.00000000000000e+00 1.00000000000000e+00
167 1.00000000000000e+00 1.00000000000000e+00
168 1.00000000000000e+00 1.00000000000000e+00
169 1.00000000000000e+00 1.00000000000000e+00
170 1.00000000000000e+00 1.00000000000000e+00
171 1.00000000000000e+00 1.00000000000000e+00
172 1.00000000000000e+00 1.00000000000000e+00
173 1.00000000000000e+00 1.00000000000000e+00
174 1.00000000000000e+00 1.00000000000000e+00
175 1.00000000000000e+00 1.00000000000000e+00
176 1.00000000000000e+00 1.00000000000000e+00
177 1.00000000000000e+00 1.00000000000000e+00
178 1.00000000000000e+00 1.00000000000000e+00
179 1.00000000000000e+00 1.00000000000000e+00
180 1.00000000000000e+00 1.00000000000000e+00
181 1.00000000000000e+00 1.00000000000000e+00
182 1.00000000000000e+00 1.00000000000000e+00
183 1.00000000000000e+00 1.00000000000000e+00
184 1.00000000000000e+00 1.00000000000000e+00
185 1.00000000000000e+00 1.00000000000000e+00
186 1.00000000000000e+00 1.00000000000000e+00
187 1.00000000000000e+00 1.00000000000000e+00
188 1.00000000000000e+00 1.00000000000000e+00
189 9.99511718750000e-01 9.99023675918579e-01
190 9.99511718750000e-01 9.99023675918579e-01
191 9.99511718750000e-01 9.99023675918579e-01
192 9.99511718750000e-01 9.99023675918579e-01
193 9.99511718750000e-01 9.99023675918579e-01
194 9.99511718750000e-01 9.99023675918579e-01
195 9.99511718750000e-01 9.99023675918579e-01
196 9.99511718750000e-01 9.99023675918579e-01
197 9.99511718750000e-01 9.99023675918579e-01
198 9.99511718750000e-01 9.99023675918579e-01
199 9.99511718750000e-01 9.99023675918579e-01
200 9.99511718750000e-01 9.99023675918579e-01
201 9.99511718750000e-01 9.99023675918579e-01
202 9.99511718750000e-01 9.99023675918579e-01
203 9.99511718750000e-01 9.99023675918579e-01
204 9.99511718750000e-01 9.99023675918579e-01
205 9.99511718750000e-01 9.99023675918579e-01
206 9.99511718750000e-01 9.99023675918579e-01
207 9.99511718750000e-01 9.99023675918579e-01
208 9.99511718750000e-01 9.99023675918579e-01
209 9.99511718750000e-01 9.99023675918579e-01
210 9.99511718750000e-01 9.99023675918579e-01
211 9.99511718750000e-01 9.99023675918579e-01
212 9.99511718750000e-01 9.99023675918579e-01
213 9.99511718750000e-01 9.99023675918579e-01
214 9.99511718750000e-01 9.99023675918579e-01
215 9.99511718750000e-01 9.99023675918579e-01
216 9.99511718750000e-01 9.99023675918579e-01
217 9.99511718750000e-01 9.99023675918579e-01
218 9.99511718750000e-01 9.99023675918579e-01
219 9.99511718750000e-01 9.99023675918579e-01
220 9.99511718750000e-01 9.99023675918579e-01
221 9.99511718750000e-01 9.99023675918579e-01
222 9.99511718750000e-01 9.99023675918579e-01
223 9.99511718750000e-01 9.99023675918579e-01
224 9.99511718750000e-01 9.99023675918579e-01
225 9.99511718750000e-01 9.99023675918579e-01
226 9.99511718750000e-01 9.99023675918579e-01
227 9.99511718750000e-01 9.99023675918579e-01
228 9.99511718750000e-01 9.99023675918579e-01
229 9.99511718750000e-01 9.99023675918579e-01
230 9.99511718750000e-01 9.99023675918579e-01
231 9.99511718750000e-01 9.99023675918579e-01
232 9.99511718750000e-01 9.99023675918579e-01
233 9.99511718750000e-01 9.99023675918579e-01
234 9.99511718750000e-01 9.99023675918579e-01
235 1.00000000000000e+00 1.00000000000000e+00
236 1.00000000000000e+00 1.00000000000000e+00
237 1.00000000000000e+00 1.00000000000000e+00
238 1.00000000000000e+00 1.00000000000000e+00
239 1.00000000000000e+00 1.00000000000000e+00
240 1.00000000000000e+00 1.00000000000000e+00
241 1.00000000000000e+00 1.00000000000000e+00
242 1.00000000000000e+00 1.00000000000000e+00
243 1.00000000000000e+00 1.00000000000000e+00
244 1.00000000000000e+00 1.00000000000000e+00
245 1.00000000000000e+00 1.00000000000000e+00
246 1.00000000000000e+00 1.00000000000000e+00
247 1.00000000000000e+00 1.00000000000000e+00
248 1.00000000000000e+00 1.00000000000000e+00
249 1.00000000000000e+00 1.00000000000000e+00
250 1.00000000000000e+00 1.00000000000000e+00
251 1.00000000000000e+00 1.00000000000000e+00
252 1.00000000000000e+00 1.00000000000000e+00
253 1.00000000000000e+00 1.00000000000000e+00
254 1.00000000000000e+00 1.00000000000000e+00
255 1.00000000000000e+00 1.00000000000000e+00
256 1.00000000000000e+00 1.00000000000000e+00
257 1.00000000000000e+00 1.00000000000000e+00
258 1.00000000000000e+00 1.00000000000000e+00
259 1.00000000000000e+00 1.00000000000000e+00
260 1.00000000000000e+00 1.00000000000000e+00
261 1.00000000000000e+00 1.00000000000000e+00
262 1.00000000000000e+00 1.00000000000000e+00
263 1.00000000000000e+00 1.00000000000000e+00
264 1.00000000000000e+00 1.00000000000000e+00
265 1.00000000000000e+00 1.00000000000000e+00
266 1.00000000000000e+00 1.00000000000000e+00
267 1.00000000000000e+00 1.00000000000000e+00
268 1.00000000000000e+00 1.00000000000000e+00
269 1.00000000000000e+00 1.00000000000000e+00
270 1.00000000000000e+00 1.00000000000000e+00
271 1.00000000000000e+00 1.00000000000000e+00
272 1.00000000000000e+00 1.00000000000000e+00
273 1.00000000000000e+00 1.00000000000000e+00
274 1.00000000000000e+00 1.00000000000000e+00
275 1.00000000000000e+00 1.00000000000000e+00
276 1.00000000000000e+00 1.00000000000000e+00
277 1.00000000000000e+00 1.00000000000000e+00
278 1.00000000000000e+00 1.00000000000000e+00
279 1.00000000000000e+00 1.00000000000000e+00
280 1.00000000000000e+00 1.00000000000000e+00
281 1.00000000000000e+00 1.00000000000000e+00
282 1.00000000000000e+00 1.00000000000000e+00
283 1.00000000000000e+00 1.00000000000000e+00
284 1.00000000000000e+00 1.00000000000000e+00
285 1.00000000000000e+00 1.00000000000000e+00
286 1.00000000000000e+00 1.00000000000000e+00
287 1.00000000000000e+00 1.00000000000000e+00
288 1.00000000000000e+00 1.00000000000000e+00
289 1.00000000000000e+00 1.00000000000000e+00
290 1.00000000000000e+00 1.00000000000000e+00
291 1.00000000000000e+00 1.00000000000000e+00
292 1.00000000000000e+00 1.00000000000000e+00
293 1.00000000000000e+00 1.00000000000000e+00
294 1.00000000000000e+00 1.00000000000000e+00
295 1.00000000000000e+00 1.00000000000000e+00
296 1.00000000000000e+00 1.00000000000000e+00
297 1.00000000000000e+00 1.00000000000000e+00
298 1.00000000000000e+00 1.00000000000000e+00
299 1.00000000000000e+00 1.00000000000000e+00
300 1.00000000000000e+00 1.00000000000000e+00
301 1.00000000000000e+00 1.00000000000000e+00
302 1.00000000000000e+00 1.00000000000000e+00
303 1.00000000000000e+00 1.00000000000000e+00
304 1.00000000000000e+00 1.00000000000000e+00
305 1.00000000000000e+00 1.00000000000000e+00
306 1.00000000000000e+00 1.00000000000000e+00
307 1.00000000000000e+00 1.00000000000000e+00
308 1.00000000000000e+00 1.00000000000000e+00
309 1.00000000000000e+00 1.00000000000000e+00
310 1.00000000000000e+00 1.00000000000000e+00
311 1.00000000000000e+00 1.00000000000000e+00
312 1.00000000000000e+00 1.00000000000000e+00
313 1.00000000000000e+00 1.00000000000000e+00
314 1.00000000000000e+00 1.00000000000000e+00
315 1.00000000000000e+00 1.00000000000000e+00
316 1.00000000000000e+00 1.00000000000000e+00
317 1.00000000000000e+00 1.00000000000000e+00
318 1.00000000000000e+00 1.00000000000000e+00
319 1.00000000000000e+00 1.00000000000000e+00
320 1.00000000000000e+00 1.00000000000000e+00
321 1.00000000000000e+00 1.00000000000000e+00
322 9.99511718750000e-01 9.99023675918579e-01
323 9.99511718750000e-01 9.99023675918579e-01
324 9.99511718750000e-01 9.99023675918579e-01
325 9.99511718750000e-01 9.99023675918579e-01
326 9.99511718750000e-01 9.99023675918579e-01
327 9.99511718750000e-01 9.99023675918579e-01
328 9.99511718750000e-01 9.99023675918579e-01
329 9.99511718750000e-01 9.99023675918579e-01
330 9.99511718750000e-01 9.99023675918579e-01
331 9.99511718750000e-01 9.99023675918579e-01
332 9.99511718750000e-01 9.99023675918579e-01
333 9.99511718750000e-01 9.99023675918579e-01
334 9.99511718750000e-01 9.99023675918579e-01
335 9.99511718750000e-01 9.99023675918579e-01
336 9.99511718750000e-01 9.99023675918579e-01
337 9.99511718750000e-01 9.99023675918579e-01
338 9.99511718750000e-01 9.99023675918579e-01
339 9.99511718750000e-01 9.99023675918579e-01
340 9.99511718750000e-01 9.99023675918579e-01
341 9.99511718750000e-01 9.99023675918579e-01
342 9.99511718750000e-01 9.99023675918579e-01
343 9.99511718750000e-01 9.99023675918579e-01
344 9.99511718750000e-01 9.99023675918579e-01
345 9.99511718750000e-01 9.99023675918579e-01
346 9.99511718750000e-01 9.99023675918579e-01
347 9.99511718750000e-01 9.99023675918579e-01
348 9.99511718750000e-01 9.99023675918579e-01
349 9.99511718750000e-01 9.99023675918579e-01
350 9.99511718750000e-01 9.99023675918579e-01
351 9.99511718750000e-01 9.99023675918579e-01
352 9.99511718750000e-01 9.99023675918579e-01
353 9.99511718750000e-01 9.99023675918579e-01
354 9.99511718750000e-01 9.99023675918579e-01
355 9.99511718750000e-01 9.99023675918579e-01
356 9.99511718750000e-01 9.99023675918579e-01
357 9.99511718750000e-01 9.99023675918579e-01
358 9.99511718750000e-01 9.99023675918579e-01
359 9.99511718750000e-01 9.99023675918579e-01
360 9.99511718750000e-01 9.99023675918579e-01
361 9.99511718750000e-01 9.99023675918579e-01
362 9.99511718750000e-01 9.99023675918579e-01
363 9.99511718750000e-01 9.99023675918579e-01
364 9.99511718750000e-01 9.99023675918579e-01
365 9.99511718750000e-01 9.99023675918579e-01
366 9.99511718750000e-01 9.99023675918579e-01
367 9.99511718750000e-01 9.99023675918579e-01
368 9.99511718750000e-01 9.99023675918579e-01
369 9.99511718750000e-01 9.99023675918579e-01
370 9.99511718750000e-01 9.99023675918579e-01
371 9.99511718750000e-01 9.99023675918579e-01
372 9.99511718750000e-01 9.99023675918579e-01
373 9.99511718750000e-01 9.99023675918579e-01
374 9.99511718750000e-01 9.99023675918579e-01
375 9.99511718750000e-01 9.99023675918579e-01
376 9.99511718750000e-01 9.99023675918579e-01
377 9.99511718750000e-01 9.99023675918579e-01
378 9.99511718750000e-01 9.99023675918579e-01
379 9.99511718750000e-01 9.99023675918579e-01
380 9.99511718750000e-01 9.99023675918579e-01
381 9.99511718750000e-01 9.99023675918579e-01
382 9.99511718750000e-01 9.99023675918579e-01
383 9.99511718750000e-01 9.99023675918579e-01
384 9.99511718750000e-01 9.99023675918579e-01
385 9.99511718750000e-01 9.99023675918579e-01
386 9.99511718750000e-01 9.99023675918579e-01
387 9.99511718750000e-01 9.99023675918579e-01
388 9.99511718750000e-01 9.99023675918579e-01
389 9.99023437500000e-01 9.98047828674316e-01
390 9.99023437500000e-01 9.98047828674316e-01
391 9.99023437500000e-01 9.98047828674316e-01
392 9.99023437500000e-01 9.98047828674316e-01
393 9.99023437500000e-01 9.98047828674316e-01
394 9.99023437500000e-01 9.98047828674316e-01
395 9.98535156250000e-01 9.97072458267212e-01
396 9.98535156250000e-01 9.97072458267212e-01
397 9.98535156250000e-01 9.97072458267212e-01
398 9.98535156250000e-01 9.97072458267212e-01
399 9.98535156250000e-01 9.97072458267212e-01
400 9.98535156250000e-01 9.97072458267212e-01
401 9.98535156250000e-01 9.97072458267212e-01
402 9.98535156250000e-01 9.97072458267212e-01
403 9.98535156250000e-01 9.97072458267212e-01
404 9.98535156250000e-01 9.97072458267212e-01
405 9.98535156250000e-01 9.97072458267212e-01
406 9.98535156250000e-01 9.97072458267212e-01
407 9.98535156250000e-01 9.97072458267212e-01
408 9.98535156250000e-01 9.97072458267212e-01
409 9.98535156250000e-01 9.97072458267212e-01
410 9.98535156250000e-01 9.97072458267212e-01
411 9.98535156250000e-01 9.97072458267212e-01
412 9.98535156250000e-01 9.97072458267212e-01
413 9.98535156250000e-01 9.97072458267212e-01
414 9.98535156250000e-01 9.97072458267212e-01
415 9.98535156250000e-01 9.97072458267212e-01
416 9.98535156250000e-01 9.97072458267212e-01
417 9.98535156250000e-01 9.97072458267212e-01
418 9.98535156250000e-01 9.97072458267212e-01
419 9.98535156250000e-01 9.97072458267212e-01
420 9.98535156250000e-01 9.97072458267212e-01
421 9.98535156250000e-01 9.97072458267212e-01
422 9.98535156250000e-01 9.97072458267212e-01
423 9.98535156250000e-01 9.97072458267212e-01
424 9.98535156250000e-01 9.97072458267212e-01
425 9.98535156250000e-01 9.97072458267212e-01
426 9.98535156250000e-01 9.97072458267212e-01
427 9.98535156250000e-01 9.97072458267212e-01
428 9.98535156250000e-01 9.97072458267212e-01
429 9.98535156250000e-01 9.97072458267212e-01
430 9.98535156250000e-01 9.97072458267212e-01
431 9.98535156250000e-01 9.97072458267212e-01
432 9.98535156250000e-01 9.97072458267212e-01
433 9.98535156250000e-01 9.97072458267212e-01
434 9.98535156250000e-01 9.97072458267212e-01
435 9.98535156250000e-01 9.97072458267212e-01
436 9.98535156250000e-01 9.97072458267212e-01
437 9.98535156250000e-01 9.97072458267212e-01
438 9.98535156250000e-01 9.97072458267212e-01
439 9.98535156250000e-01 9.97072458267212e-01
440 9.98535156250000e-01 9.97072458267212e-01
441 9.98535156250000e-01 9.97072458267212e-01
442 9.98535156250000e-01 9.97072458267212e-01
443 9.98535156250000e-01 9.97072458267212e-01
444 9.98535156250000e-01 9.97072458267212e-01
445 9.98535156250000e-01 9.97072458267212e-01
446 9.98535156250000e-01 9.97072458267212e-01
447 9.98535156250000e-01 9.97072458267212e-01
448 9.98535156250000e-01 9.97072458267212e-01
449 9.98535156250000e-01 9.97072458267212e-01
450 9.98046875000000e-01 9.96097564697266e-01
451 9.98046875000000e-01 9.96097564697266e-01
452 9.98046875000000e-01 9.96097564697266e-01
453 9.98046875000000e-01 9.96097564697266e-01
454 9.98046875000000e-01 9.96097564697266e-01
455 9.98046875000000e-01 9.96097564697266e-01
456 9.98046875000000e-01 9.96097564697266e-01
457 9.98046875000000e-01 9.96097564697266e-01
458 9.98046875000000e-01 9.96097564697266e-01
459 9.98046875000000e-01 9.96097564697266e-01
460 9.98046875000000e-01 9.96097564697266e-01
461 9.98046875000000e-01 9.96097564697266e-01
462 9.98046875000000e-01 9.96097564697266e-01
463 9.98046875000000e-01 9.96097564697266e-01
464 9.98046875000000e-01 9.96097564697266e-01
465 9.98046875000000e-01 9.96097564697266e-01
466 9.98046875000000e-01 9.96097564697266e-01
467 9.98046875000000e-01 9.96097564697266e-01
468 9.98046875000000e-01 9.96097564697266e-01
469 9.98046875000000e-01 9.96097564697266e-01
470 9.98046875000000e-01 9.96097564697266e-01
471 9.98046875000000e-01 9.96097564697266e-01
472 9.98046875000000e-01 9.96097564697266e-01
473 9.98046875000000e-01 9.96097564697266e-01
474 9.98046875000000e-01 9.96097564697266e-01
475 9.98046875000000e-01 9.96097564697266e-01
476 9.98046875000000e-01 9.96097564697266e-01
477 9.98046875000000e-01 9.96097564697266e-01
478 9.98046875000000e-01 9.96097564697266e-01
479 9.98046875000000e-01 9.96097564697266e-01
480 9.98046875000000e-01 9.96097564697266e-01
481 9.98046875000000e-01 9.96097564697266e-01
482 9.98046875000000e-01 9.96097564697266e-01
483 9.98046875000000e-01 9.96097564697266e-01
484 9.98046875000000e-01 9.96097564697266e-01
485 9.98046875000000e-01 9.96097564697266e-01
486 9.98046875000000e-01 9.96097564697266e-01
487 9.98046875000000e-01 9.96097564697266e-01
488 9.98046875000000e-01 9.96097564697266e-01
489 9.98046875000000e-01 9.96097564697266e-01
490 9.98046875000000e-01 9.96097564697266e-01
491 9.98046875000000e-01 9.96097564697266e-01
492 9.98046875000000e-01 9.96097564697266e-01
493 9.98046875000000e-01 9.96097564697266e-01
494 9.98046875000000e-01 9.96097564697266e-01
495 9.98046875000000e-01 9.96097564697266e-01
496 9.98046875000000e-01 9.96097564697266e-01
497 9.98046875000000e-01 9.96097564697266e-01
498 9.98046875000000e-01 9.96097564697266e-01
499 9.98046875000000e-01 9.96097564697266e-01
500 9.97558593750000e-01 9.95123147964478e-01
501 9.97558593750000e-01 9.95123147964478e-01
502 9.97558593750000e-01 9.95123147964478e-01
503 9.97558593750000e-01 9.95123147964478e-01
504 9.97558593750000e-01 9.95123147964478e-01
505 9.97558593750000e-01 9.95123147964478e-01
506 9.97558593750000e-01 9.95123147964478e-01
507 9.97558593750000e-01 9.95123147964478e-01
508 9.97558593750000e-01 9.95123147964478e-01
509 9.97558593750000e-01 9.95123147964478e-01
510 9.97558593750000e-01 9.95123147964478e-01
511 9.97558593750000e-01 9.95123147964478e-01
512 9.97558593750000e-01 9.95123147964478e-01
513 9.97558593750000e-01 9.95123147964478e-01
514 9.97558593750000e-01 9.95123147964478e-01
515 9.97558593750000e-01 9.95123147964478e-01
516 9.97558593750000e-01 9.95123147964478e-01
517 9.97558593750000e-01 9.95123147964478e-01
518 9.97070312500000e-01 9.94149208068848e-01
519 9.97070312500000e-01 9.94149208068848e-01
520 9.97070312500000e-01 9.94149208068848e-01
521 9.97070312500000e-01 9.94149208068848e-01
522 9.97070312500000e-01 9.94149208068848e-01
523 9.97070312500000e-01 9.94149208068848e-01
524 9.97070312500000e-01 9.94149208068848e-01
525 9.97070312500000e-01 9.94149208068848e-01
526 9.97070312500000e-01 9.94149208068848e-01
527 9.97070312500000e-01 9.94149208068848e-01
528 9.97070312500000e-01 9.94149208068848e-01
529 9.97070312500000e-01 9.94149208068848e-01
530 9.97070312500000e-01 9.94149208068848e-01
531 9.97070312500000e-01 9.94149208068848e-01
532 9.97070312500000e-01 9.94149208068848e-01
533 9.97070312500000e-01 9.94149208068848e-01
534 9.97070312500000e-01 9.94149208068848e-01
535 9.97070312500000e-01 9.94149208068848e-01
536 9.96582031250000e-01 9.93175745010376e-01
537 9.96582031250000e-01 9.93175745010376e-01
538 9.96582031250000e-01 9.93175745010376e-01
539 9.96582031250000e-01 9.93175745010376e-01
540 9.96582031250000e-01 9.93175745010376e-01
541 9.96582031250000e-01 9.93175745010376e-01
542 9.96582031250000e-01 9.93175745010376e-01
543 9.96582031250000e-01 9.93175745010376e-01
544 9.96582031250000e-01 9.93175745010376e-01
545 9.96582031250000e-01 9.93175745010376e-01
546 9.96582031250000e-01 9.93175745010376e-01
547 9.96582031250000e-01 9.93175745010376e-01
548 9.96582031250000e-01 9.93175745010376e-01
549 9.96582031250000e-01 9.93175745010376e-01
550 9.96582031250000e-01 9.93175745010376e-01
551 9.96582031250000e-01 9.93175745010376e-01
552 9.96582031250000e-01 9.93175745010376e-01
553 9.96582031250000e-01 9.93175745010376e-01
554 9.96582031250000e-01 9.93175745010376e-01
555 9.96582031250000e-01 9.93175745010376e-01
556 9.96582031250000e-01 9.93175745010376e-01
557 9.96582031250000e-01 9.93175745010376e-01
558 9.96582031250000e-01 9.93175745010376e-01
559 9.96093750000000e-01 9.92202758789062e-01
560 9.96093750000000e-01 9.92202758789062e-01
561 9.96093750000000e-01 9.92202758789062e-01
562 9.96093750000000e-01 9.92202758789062e-01
563 9.96093750000000e-01 9.92202758789062e-01
564 9.96093750000000e-01 9.92202758789062e-01
565 9.96093750000000e-01 9.92202758789062e-01
566 9.96093750000000e-01 9.92202758789062e-01
567 9.96093750000000e-01 9.92202758789062e-01
568 9.96093750000000e-01 9.92202758789062e-01
569 9.96093750000000e-01 9.92202758789062e-01
570 9.96093750000000e-01 9.92202758789062e-01
571 9.96093750000000e-01 9.92202758789062e-01
572 9.96093750000000e-01 9.92202758789062e-01
573 9.96093750000000e-01 9.92202758789062e-01
574 9.96093750000000e-01 9.92202758789062e-01
575 9.96093750000000e-01 9.92202758789062e-01
576 9.96093750000000e-01 9.92202758789062e-01
577 9.96093750000000e-01 9.92202758789062e-01
578 9.96093750000000e-01 9.92202758789062e-01
579 9.96093750000000e-01 9.92202758789062e-01
580 9.96093750000000e-01 9.92202758789062e-01
581 9.95605468750000e-01 9.91230249404907e-01
582 9.95605468750000e-01 9.91230249404907e-01
583 9.95605468750000e-01 9.91230249404907e-01
584 9.95605468750000e-01 9.91230249404907e-01
585 9.95605468750000e-01 9.91230249404907e-01
586 9.95605468750000e-01 9.91230249404907e-01
587 9.95605468750000e-01 9.91230249404907e-01
588 9.95605468750000e-01 9.91230249404907e-01
589 9.95605468750000e-01 9.91230249404907e-01
590 9.95605468750000e-01 9.91230249404907e-01
591 9.95605468750000e-01 9.91230249404907e-01
592 9.95605468750000e-01 9.91230249404907e-01
593 9.95605468750000e-01 9.91230249404907e-01
594 9.95605468750000e-01 9.91230249404907e-01
595 9.95605468750000e-01 9.91230249404907e-01
596 9.95605468750000e-01 9.91230249404907e-01
597 9.95605468750000e-01 9.91230249404907e-01
598 9.95605468750000e-01 9.91230249404907e-01
599 9.95605468750000e-01 9.91230249404907e-01
600 9.95605468750000e-01 9.91230249404907e-01
601 9.95605468750000e-01 9.91230249404907e-01
602 9.95605468750000e-01 9.91230249404907e-01
603 9.95605468750000e-01 9.91230249404907e-01
604 9.95605468750000e-01 9.91230249404907e-01
605 9.95605468750000e-01 9.91230249404907e-01
606 9.95605468750000e-01 9.91230249404907e-01
607 9.95605468750000e-01 9.91230249404907e-01
608 9.95605468750000e-01 9.91230249404907e-01
609 9.95605468750000e-01 9.91230249404907e-01
610 9.95605468750000e-01 9.91230249404907e-01
611 9.95605468750000e-01 9.91230249404907e-01
612 9.95605468750000e-01 9.91230249404907e-01
613 9.95605468750000e-01 9.91230249404907e-01
614 9.95605468750000e-01 9.91230249404907e-01
615 9.95605468750000e-01 9.91230249404907e-01
616 9.95605468750000e-01 9.91230249404907e-01
617 9.95605468750000e-01 9.91230249404907e-01
618 9.95605468750000e-01 9.91230249404907e-01
619 9.95605468750000e-01 9.91230249404907e-01
620 9.95605468750000e-01 9.91230249404907e-01
621 9.95605468750000e-01 9.91230249404907e-01
622 9.95605468750000e-01 9.91230249404907e-01
623 9.95605468750000e-01 9.91230249404907e-01
624 9.95605468750000e-01 9.91230249404907e-01
625 9.95605468750000e-01 9.91230249404907e-01
626 9.95605468750000e-01 9.91230249404907e-01
627 9.95605468750000e-01 9.91230249404907e-01
628 9.95605468750000e-01 9.91230249404907e-01
629 9.95605468750000e-01 9.91230249404907e-01
630 9.95605468750000e-01 9.91230249404907e-01
631 9.95605468750000e-01 9.91230249404907e-01
632 9.95605468750000e-01 9.91230249404907e-01
633 9.95605468750000e-01 9.91230249404907e-01
634 9.95605468750000e-01 9.91230249404907e-01
635 9.95605468750000e-01 9.91230249404907e-01
636 9.95605468750000e-01 9.91230249404907e-01
637 9.95605468750000e-01 9.91230249404907e-01
638 9.95605468750000e-01 9.91230249404907e-01
639 9.95605468750000e-01 9.91230249404907e-01
640 9.95605468750000e-01 9.91230249404907e-01
641 9.95605468750000e-01 9.91230249404907e-01
642 9.95605468750000e-01 9.91230249404907e-01
643 9.95605468750000e-01 9.91230249404907e-01
644 9.95605468750000e-01 9.91230249404907e-01
645 9.95605468750000e-01 9.91230249404907e-01
646 9.95605468750000e-01 9.91230249404907e-01
647 9.95605468750000e-01 9.91230249404907e-01
648 9.95605468750000e-01 9.91230249404907e-01
649 9.95605468750000e-01 9.91230249404907e-01
650 9.95605468750000e-01 9.91230249404907e-01
651 9.95605468750000e-01 9.91230249404907e-01
652 9.95605468750000e-01 9.91230249404907e-01
653 9.95605468750000e-01 9.91230249404907e-01
654 9.95605468750000e-01 9.91230249404907e-01
655 9.95605468750000e-01 9.91230249404907e-01
656 9.95605468750000e-01 9.91230249404907e-01
657 9.95605468750000e-01 9.91230249404907e-01
658 9.95605468750000e-01 9.91230249404907e-01
659 9.95605468750000e-01 9.91230249404907e-01
660 9.95605468750000e-01 9.91230249404907e-01
661 9.95605468750000e-01 9.91230249404907e-01
662 9.95605468750000e-01 9.91230249404907e-01
663 9.95605468750000e-01 9.91230249404907e-01
664 9.95605468750000e-01 9.91230249404907e-01
665 9.95605468750000e-01 9.91230249404907e-01
666 9.95605468750000e-01 9.91230249404907e-01
667 9.95605468750000e-01 9.91230249404907e-01
668 9.95605468750000e-01 9.91230249404907e-01
669 9.95605468750000e-01 9.91230249404907e-01
670 9.95605468750000e-01 9.91230249404907e-01
671 9.95605468750000e-01 9.91230249404907e-01
672 9.95605468750000e-01 9.91230249404907e-01
673 9.95605468750000e-01 9.91230249404907e-01
674 9.95605468750000e-01 9.91230249404907e-01
675 9.95605468750000e-01 9.91230249404907e-01
676 9.95605468750000e-01 9.91230249404907e-01
677 9.95605468750000e-01 9.91230249404907e-01
678 9.95605468750000e-01 9.91230249404907e-01
679 9.95605468750000e-01 9.91230249404907e-01
680 9.95605468750000e-01 9.91230249404907e-01
681 9.95605468750000e-01 9.91230249404907e-01
682 9.95605468750000e-01 9.91230249404907e-01
683 9.95605468750000e-01 9.91230249404907e-01
684 9.95605468750000e-01 9.91230249404907e-01
685 9.95605468750000e-01 9.91230249404907e-01
686 9.95605468750000e-01 9.91230249404907e-01
687 9.95605468750000e-01 9.91230249404907e-01
688 9.95605468750000e-01 9.91230249404907e-01
689 9.95605468750000e-01 9.91230249404907e-01
690 9.95605468750000e-01 9.91230249404907e-01
691 9.95605468750000e-01 9.91230249404907e-01
692 9.95605468750000e-01 9.91230249404907e-01
693 9.95605468750000e-01 9.91230249404907e-01
694 9.95605468750000e-01 9.91230249404907e-01
695 9.95605468750000e-01 9.91230249404907e-01
696 9.95605468750000e-01 9.91230249404907e-01
697 9.95605468750000e-01 9.91230249404907e-01
698 9.95605468750000e-01 9.91230249404907e-01
699 9.95605468750000e-01 9.91230249404907e-01
700 9.95605468750000e-01 9.91230249404907e-01
701 9.95605468750000e-01 9.91230249404907e-01
702 9.95605468750000e-01 9.91230249404907e-01
703 9.95605468750000e-01 9.91230249404907e-01
704 9.95605468750000e-01 9.91230249404907e-01
705 9.95605468750000e-01 9.91230249404907e-01
706 9.95605468750000e-01 9.91230249404907e-01
707 9.95605468750000e-01 9.91230249404907e-01
708 9.95605468750000e-01 9.91230249404907e-01
709 9.95605468750000e-01 9.91230249404907e-01
710 9.95605468750000e-01 9.91230249404907e-01
711 9.95605468750000e-01 9.91230249404907e-01
712 9.95605468750000e-01 9.91230249404907e-01
713 9.95605468750000e-01 9.91230249404907e-01
714 9.95605468750000e-01 9.91230249404907e-01
715 9.95605468750000e-01 9.91230249404907e-01
716 9.95605468750000e-01 9.91230249404907e-01
717 9.95605468750000e-01 9.91230249404907e-01
718 9.95605468750000e-01 9.91230249404907e-01
719 9.95605468750000e-01 9.91230249404907e-01
720 9.95605468750000e-01 9.91230249404907e-01
721 9.95605468750000e-01 9.91230249404907e-01
722 9.95605468750000e-01 9.91230249404907e-01
723 9.95605468750000e-01 9.91230249404907e-01
724 9.95605468750000e-01 9.91230249404907e-01
725 9.95605468750000e-01 9.91230249404907e-01
726 9.95117187500000e-01 9.90258216857910e-01
727 9.95117187500000e-01 9.90258216857910e-01
728 9.95117187500000e-01 9.90258216857910e-01
729 9.95117187500000e-01 9.90258216857910e-01
730 9.95117187500000e-01 9.90258216857910e-01
731 9.95117187500000e-01 9.90258216857910e-01
732 9.95117187500000e-01 9.90258216857910e-01
733 9.95117187500000e-01 9.90258216857910e-01
734 9.95117187500000e-01 9.90258216857910e-01
735 9.95117187500000e-01 9.90258216857910e-01
736 9.95117187500000e-01 9.90258216857910e-01
737 9.95117187500000e-01 9.90258216857910e-01
738 9.95117187500000e-01 9.90258216857910e-01
739 9.94628906250000e-01 9.89286661148071e-01
740 9.94628906250000e-01 9.89286661148071e-01
741 9.94628906250000e-01 9.89286661148071e-01
742 9.94628906250000e-01 9.89286661148071e-01
743 9.94628906250000e-01 9.89286661148071e-01
744 9.94628906250000e-01 9.89286661148071e-01
745 9.94628906250000e-01 9.89286661148071e-01
746 9.94628906250000e-01 9.89286661148071e-01
747 9.94628906250000e-01 9.89286661148071e-01
748 9.94628906250000e-01 9.89286661148071e-01
749 9.94628906250000e-01 9.89286661148071e-01
750 9.94628906250000e-01 9.89286661148071e-01
751 9.94628906250000e-01 9.89286661148071e-01
752 9.94628906250000e-01 9.89286661148071e-01
753 9.94628906250000e-01 9.89286661148071e-01
754 9.94140625000000e-01 9.88315582275391e-01
755 9.94140625000000e-01 9.88315582275391e-01
756 9.94140625000000e-01 9.88315582275391e-01
757 9.94140625000000e-01 9.88315582275391e-01
758 9.94140625000000e-01 9.88315582275391e-01
759 9.94140625000000e-01 9.88315582275391e-01
760 9.94140625000000e-01 9.88315582275391e-01
761 9.94140625000000e-01 9.88315582275391e-01
762 9.94140625000000e-01 9.88315582275391e-01
763 9.94140625000000e-01 9.88315582275391e-01
764 9.94140625000000e-01 9.88315582275391e-01
765 9.94140625000000e-01 9.88315582275391e-01
766 9.94140625000000e-01 9.88315582275391e-01
767 9.94140625000000e-01 9.88315582275391e-01
768 9.94140625000000e-01 9.88315582275391e-01
769 9.93652343750000e-01 9.87344980239868e-01
770 9.93652343750000e-01 9.87344980239868e-01
771 9.93652343750000e-01 9.87344980239868e-01
772 9.93652343750000e-01 9.87344980239868e-01
773 9.93652343750000e-01 9.87344980239868e-01
774 9.93652343750000e-01 9.87344980239868e-01
775 9.93652343750000e-01 9.87344980239868e-01
776 9.93652343750000e-01 9.87344980239868e-01
777 9.93652343750000e-01 9.87344980239868e-01
778 9.93652343750000e-01 9.87344980239868e-01
779 9.93652343750000e-01 9.87344980239868e-01
780 9.93652343750000e-01 9.87344980239868e-01
781 9.93652343750000e-01 9.87344980239868e-01
782 9.93652343750000e-01 9.87344980239868e-01
783 9.93652343750000e-01 9.87344980239868e-01
784 9.93652343750000e-01 9.87344980239868e-01
785 9.93652343750000e-01 9.87344980239868e-01
786 9.93652343750000e-01 9.87344980239868e-01
787 9.93652343750000e-01 9.87344980239868e-01
788 9.93652343750000e-01 9.87344980239868e-01
789 9.93652343750000e-01 9.87344980239868e-01
790 9.93652343750000e-01 9.87344980239868e-01
791 9.93652343750000e-01 9.87344980239868e-01
792 9.93652343750000e-01 9.87344980239868e-01
793 9.93652343750000e-01 9.87344980239868e-01
794 9.93652343750000e-01 9.87344980239868e-01
795 9.93652343750000e-01 9.87344980239868e-01
796 9.93652343750000e-01 9.87344980239868e-01
797 9.93652343750000e-01 9.87344980239868e-01
798 9.93652343750000e-01 9.87344980239868e-01
799 9.93652343750000e-01 9.87344980239868e-01
800 9.93652343750000e-01 9.87344980239868e-01
801 9.93652343750000e-01 9.87344980239868e-01
802 9.93652343750000e-01 9.87344980239868e-01
803 9.93652343750000e-01 9.87344980239868e-01
804 9.93652343750000e-01 9.87344980239868e-01
805 9.93652343750000e-01 9.87344980239868e-01
806 9.93652343750000e-01 9.87344980239868e-01
807 9.93652343750000e-01 9.87344980239868e-01
808 9.93652343750000e-01 9.87344980239868e-01
809 9.93652343750000e-01 9.87344980239868e-01
810 9.93652343750000e-01 9.87344980239868e-01
811 9.93652343750000e-01 9.87344980239868e-01
812 9.93652343750000e-01 9.87344980239868e-01
813 9.93652343750000e-01 9.87344980239868e-01
814 9.93652343750000e-01 9.87344980239868e-01
815 9.93652343750000e-01 9.87344980239868e-01
816 9.93652343750000e-01 9.87344980239868e-01
817 9.93652343750000e-01 9.87344980239868e-01
818 9.93652343750000e-01 9.87344980239868e-01
819 9.93652343750000e-01 9.87344980239868e-01
820 9.93652343750000e-01 9.87344980239868e-01
821 9.93652343750000e-01 9.87344980239868e-01
822 9.93652343750000e-01 9.87344980239868e-01
823 9.93652343750000e-01 9.87344980239868e-01
824 9.93652343750000e-01 9.87344980239868e-01
825 9.93652343750000e-01 9.87344980239868e-01
826 9.93164062500000e-01 9.86374855041504e-01
827 9.93164062500000e-01 9.86374855041504e-01
828 9.93164062500000e-01 9.86374855041504e-01
829 9.93164062500000e-01 9.86374855041504e-01
830 9.93164062500000e-01 9.86374855041504e-01
831 9.93164062500000e-01 9.86374855041504e-01
832 9.93164062500000e-01 9.86374855041504e-01
833 9.93164062500000e-01 9.86374855041504e-01
834 9.93164062500000e-01 9.86374855041504e-01
835 9.93164062500000e-01 9.86374855041504e-01
836 9.92675781250000e-01 9.85405206680298e-01
837 9.92675781250000e-01 9.85405206680298e-01
838 9.92675781250000e-01 9.85405206680298e-01
839 9.92675781250000e-01 9.85405206680298e-01
840 9.92675781250000e-01 9.85405206680298e-01
841 9.92675781250000e-01 9.85405206680298e-01
842 9.92675781250000e-01 9.85405206680298e-01
843 9.92675781250000e-01 9.85405206680298e-01
844 9.92675781250000e-01 9.85405206680298e-01
845 9.92675781250000e-01 9.85405206680298e-01
846 9.92675781250000e-01 9.85405206680298e-01
847 9.92675781250000e-01 9.85405206680298e-01
848 9.92187500000000e-01 9.84436035156250e-01
849 9.92187500000000e-01 9.84436035156250e-01
850 9.92187500000000e-01 9.84436035156250e-01
851 9.92187500000000e-01 9.84436035156250e-01
852 9.92187500000000e-01 9.84436035156250e-01
853 9.92187500000000e-01 9.84436035156250e-01
854 9.92187500000000e-01 9.84436035156250e-01
855 9.92187500000000e-01 9.84436035156250e-01
856 9.92187500000000e-01 9.84436035156250e-01
857 9.92187500000000e-01 9.84436035156250e-01
858 9.92187500000000e-01 9.84436035156250e-01
859 9.92187500000000e-01 9.84436035156250e-01
860 9.92187500000000e-01 9.84436035156250e-01
861 9.92187500000000e-01 9.84436035156250e-01
862 9.92187500000000e-01 9.84436035156250e-01
863 9.92187500000000e-01 9.84436035156250e-01
864 9.92187500000000e-01 9.84436035156250e-01
865 9.92187500000000e-01 9.84436035156250e-01
866 9.92187500000000e-01 9.84436035156250e-01
867 9.92187500000000e-01 9.84436035156250e-01
868 9.92187500000000e-01 9.84436035156250e-01
869 9.92187500000000e-01 9.84436035156250e-01
870 9.92187500000000e-01 9.84436035156250e-01
871 9.92187500000000e-01 9.84436035156250e-01
872 9.92187500000000e-01 9.84436035156250e-01
873 9.92187500000000e-01 9.84436035156250e-01
874 9.92187500000000e-01 9.84436035156250e-01
875 9.92187500000000e-01 9.84436035156250e-01
876 9.92187500000000e-01 9.84436035156250e-01
877 9.92187500000000e-01 9.84436035156250e-01
878 9.92187500000000e-01 9.84436035156250e-01
879 9.92187500000000e-01 9.84436035156250e-01
880 9.92187500000000e-01 9.84436035156250e-01
881 9.92187500000000e-01 9.84436035156250e-01
882 9.92187500000000e-01 9.84436035156250e-01
883 9.92187500000000e-01 9.84436035156250e-01
884 9.92187500000000e-01 9.84436035156250e-01
885 9.92187500000000e-01 9.84436035156250e-01
886 9.92187500000000e-01 9.84436035156250e-01
887 9.92187500000000e-01 9.84436035156250e-01
888 9.92187500000000e-01 9.84436035156250e-01
889 9.92187500000000e-01 9.84436035156250e-01
890 9.92187500000000e-01 9.84436035156250e-01
891 9.92187500000000e-01 9.84436035156250e-01
892 9.92187500000000e-01 9.84436035156250e-01
893 9.92187500000000e-01 9.84436035156250e-01
894 9.92187500000000e-01 9.84436035156250e-01
895 9.92187500000000e-01 9.84436035156250e-01
896 9.92187500000000e-01 9.84436035156250e-01
897 9.92187500000000e-01 9.84436035156250e-01
898 9.92187500000000e-01 9.84436035156250e-01
899 9.92187500000000e-01 9.84436035156250e-01
900 9.92187500000000e-01 9.84436035156250e-01
901 9.92187500000000e-01 9.84436035156250e-01
902 9.92187500000000e-01 9.84436035156250e-01
903 9.92187500000000e-01 9.84436035156250e-01
904 9.92187500000000e-01 9.84436035156250e-01
905 9.92187500000000e-01 9.84436035156250e-01
906 9.92187500000000e-01 9.84436035156250e-01
907 9.92187500000000e-01 9.84436035156250e-01
908 9.92187500000000e-01 9.84436035156250e-01
909 9.92187500000000e-01 9.84436035156250e-01
910 9.92187500000000e-01 9.84436035156250e-01
911 9.92187500000000e-01 9.84436035156250e-01
912 9.91699218750000e-01 9.83467340469360e-01
913 9.91699218750000e-01 9.83467340469360e-01
914 9.91699218750000e-01 9.83467340469360e-01
915 9.91699218750000e-01 9.83467340469360e-01
916 9.91699218750000e-01 9.83467340469360e-01
917 9.91699218750000e-01 9.83467340469360e-01
918 9.91699218750000e-01 9.83467340469360e-01
919 9.91699218750000e-01 9.83467340469360e-01
920 9.91699218750000e-01 9.83467340469360e-01
921 9.91699218750000e-01 9.83467340469360e-01
922 9.91699218750000e-01 9.83467340469360e-01
923 9.91699218750000e-01 9.83467340469360e-01
924 9.91699218750000e-01 9.83467340469360e-01
925 9.91699218750000e-01 9.83467340469360e-01
926 9.91699218750000e-01 9.83467340469360e-01
927 9.91699218750000e-01 9.83467340469360e-01
928 9.91699218750000e-01 9.83467340469360e-01
929 9.91699218750000e-01 9.83467340469360e-01
930 9.91699218750000e-01 9.83467340469360e-01
931 9.91699218750000e-01 9.83467340469360e-01
932 9.91699218750000e-01 9.83467340469360e-01
933 9.91699218750000e-01 9.83467340469360e-01
934 9.91699218750000e-01 9.83467340469360e-01
935 9.91699218750000e-01 9.83467340469360e-01
936 9.91699218750000e-01 9.83467340469360e-01
937 9.91699218750000e-01 9.83467340469360e-01
938 9.91699218750000e-01 9.83467340469360e-01
939 9.91699218750000e-01 9.83467340469360e-01
940 9.91699218750000e-01 9.83467340469360e-01
941 9.91699218750000e-01 9.83467340469360e-01
942 9.91699218750000e-01 9.83467340469360e-01
943 9.91210937500000e-01 9.82499122619629e-01
944 9.91210937500000e-01 9.82499122619629e-01
945 9.91210937500000e-01 9.82499122619629e-01
946 9.91210937500000e-01 9.82499122619629e-01
947 9.91210937500000e-01 9.82499122619629e-01
948 9.91210937500000e-01 9.82499122619629e-01
949 9.91210937500000e-01 9.82499122619629e-01
950 9.91210937500000e-01 9.82499122619629e-01
951 9.91210937500000e-01 9.82499122619629e-01
952 9.91210937500000e-01 9.82499122619629e-01
953 9.91210937500000e-01 9.82499122619629e-01
954 9.91210937500000e-01 9.82499122619629e-01
955 9.91210937500000e-01 9.82499122619629e-01
956 9.91210937500000e-01 9.82499122619629e-01
957 9.91210937500000e-01 9.82499122619629e-01
958 9.91210937500000e-01 9.82499122619629e-01
959 9.91210937500000e-01 9.82499122619629e-01
960 9.91210937500000e-01 9.82499122619629e-01
961 9.91210937500000e-01 9.82499122619629e-01
962 9.91210937500000e-01 9.82499122619629e-01
963 9.91210937500000e-01 9.82499122619629e-01
964 9.91210937500000e-01 9.82499122619629e-01
965 9.91210937500000e-01 9.82499122619629e-01
966 9.91210937500000e-01 9.82499122619629e-01
967 9.91210937500000e-01 9.82499122619629e-01
968 9.91210937500000e-01 9.82499122619629e-01
969 9.91210937500000e-01 9.82499122619629e-01
970 9.91210937500000e-01 9.82499122619629e-01
971 9.90722656250000e-01 9.81531381607056e-01
972 9.90722656250000e-01 9.81531381607056e-01
973 9.90722656250000e-01 9.81531381607056e-01
974 9.90722656250000e-01 9.81531381607056e-01
975 9.90722656250000e-01 9.81531381607056e-01
976 9.90722656250000e-01 9.81531381607056e-01
977 9.90722656250000e-01 9.81531381607056e-01
978 9.90722656250000e-01 9.81531381607056e-01
979 9.90722656250000e-01 9.81531381607056e-01
980 9.90722656250000e-01 9.81531381607056e-01
981 9.90722656250000e-01 9.81531381607056e-01
982 9.90722656250000e-01 9.81531381607056e-01
983 9.90722656250000e-01 9.81531381607056e-01
984 9.90722656250000e-01 9.81531381607056e-01
985 9.90722656250000e-01 9.81531381607056e-01
986 9.90722656250000e-01 9.81531381607056e-01
987 9.90722656250000e-01 9.81531381607056e-01
988 9.90722656250000e-01 9.81531381607056e-01
989 9.90722656250000e-01 9.81531381607056e-01
990 9.90722656250000e-01 9.81531381607056e-01
991 9.90722656250000e-01 9.81531381607056e-01
992 9.90722656250000e-01 9.81531381607056e-01
993 9.90722656250000e-01 9.81531381607056e-01
994 9.90722656250000e-01 9.81531381607056e-01
995 9.90722656250000e-01 9.81531381607056e-01
996 9.90722656250000e-01 9.81531381607056e-01
997 9.90722656250000e-01 9.81531381607056e-01
998 9.90722656250000e-01 9.81531381607056e-01
999 9.90722656250000e-01 9.81531381607056e-01
