0 7.64160156250000e-01 5.83940744400024e-01
1 7.53906250000000e-01 5.68374633789062e-01
2 6.88964843750000e-01 4.74672555923462e-01
3 6.82128906250000e-01 4.65299844741821e-01
4 6.33789062500000e-01 4.01688575744629e-01
5 6.53808593750000e-01 4.27465677261353e-01
6 5.95703125000000e-01 3.54862213134766e-01
7 6.30371093750000e-01 3.97367715835571e-01
8 6.69433593750000e-01 4.48141336441040e-01
9 6.65527343750000e-01 4.42926645278931e-01
10 6.82617187500000e-01 4.65966224670410e-01
11 7.01171875000000e-01 4.91641998291016e-01
12 6.76269531250000e-01 4.57340478897095e-01
13 6.59179687500000e-01 4.34517860412598e-01
14 6.96777343750000e-01 4.85498666763306e-01
15 6.73339843750000e-01 4.53386545181274e-01
16 6.69921875000000e-01 4.48795318603516e-01
17 5.76171875000000e-01 3.31974029541016e-01
18 5.91796875000000e-01 3.50223541259766e-01
19 6.10839843750000e-01 3.73125314712524e-01
20 5.45410156250000e-01 2.97472238540649e-01
21 5.25390625000000e-01 2.76035308837891e-01
22 4.87304687500000e-01 2.37465858459473e-01
23 4.75097656250000e-01 2.25717782974243e-01
24 4.84375000000000e-01 2.34619140625000e-01
25 4.45312500000000e-01 1.98303222656250e-01
26 4.59960937500000e-01 2.11564064025879e-01
27 4.60449218750000e-01 2.12013483047485e-01
28 5.21484375000000e-01 2.71945953369141e-01
29 4.51660156250000e-01 2.03996896743774e-01
30 4.89746093750000e-01 2.39851236343384e-01
31 6.10839843750000e-01 3.73125314712524e-01
32 6.42578125000000e-01 4.12906646728516e-01
33 6.26464843750000e-01 3.92458200454712e-01
34 6.20117187500000e-01 3.84545326232910e-01
35 6.21582031250000e-01 3.86364221572876e-01
36 5.51269531250000e-01 3.03898096084595e-01
37 5.90332031250000e-01 3.48491907119751e-01
38 6.51855468750000e-01 4.24915552139282e-01
39 5.96679687500000e-01 3.56026649475098e-01
40 5.82519531250000e-01 3.39329004287720e-01
41 4.89257812500000e-01 2.39373207092285e-01
42 4.95117187500000e-01 2.45141029357910e-01
43 4.82421875000000e-01 2.32730865478516e-01
44 4.42871093750000e-01 1.96134805679321e-01
45 4.57519531250000e-01 2.09324121475220e-01
46 4.21386718750000e-01 1.77566766738892e-01
47 4.57519531250000e-01 2.09324121475220e-01
48 4.16992187500000e-01 1.73882484436035e-01
49 4.21386718750000e-01 1.77566766738892e-01
50 3.65722656250000e-01 1.33753061294556e-01
51 3.36914062500000e-01 1.13511085510254e-01
52 3.51074218750000e-01 1.23253107070923e-01
53 2.62695312500000e-01 6.90088272094727e-02
54 3.44238281250000e-01 1.18499994277954e-01
55 3.09570312500000e-01 9.58337783813477e-02
56 3.36425781250000e-01 1.13182306289673e-01
57 3.34960937500000e-01 1.12198829650879e-01
58 3.65234375000000e-01 1.33396148681641e-01
59 3.77441406250000e-01 1.42462015151978e-01
60 4.75097656250000e-01 2.25717782974243e-01
61 4.64355468750000e-01 2.15626001358032e-01
62 4.70214843750000e-01 2.21101999282837e-01
63 5.53710937500000e-01 3.06595802307129e-01
64 5.00000000000000e-01 2.50000000000000e-01
65 4.86328125000000e-01 2.36515045166016e-01
66 4.54589843750000e-01 2.06651926040649e-01
67 4.25292968750000e-01 1.80874109268188e-01
68 4.37011718750000e-01 1.90979242324829e-01
69 4.71679687500000e-01 2.22481727600098e-01
70 4.37988281250000e-01 1.91833734512329e-01
71 4.15527343750000e-01 1.72662973403931e-01
72 4.04296875000000e-01 1.63455963134766e-01
73 4.04296875000000e-01 1.63455963134766e-01
74 4.44335937500000e-01 1.97434425354004e-01
75 4.80957031250000e-01 2.31319665908813e-01
76 4.50195312500000e-01 2.02675819396973e-01
77 3.95019531250000e-01 1.56040430068970e-01
78 4.37500000000000e-01 1.91406250000000e-01
79 4.48730468750000e-01 2.01359033584595e-01
80 4.73632812500000e-01 2.24328041076660e-01
81 4.79492187500000e-01 2.29912757873535e-01
82 5.01464843750000e-01 2.51466989517212e-01
83 5.20019531250000e-01 2.70420312881470e-01
84 5.27832031250000e-01 2.78606653213501e-01
85 4.84375000000000e-01 2.34619140625000e-01
86 5.36132812500000e-01 2.87438392639160e-01
87 5.52246093750000e-01 3.04975748062134e-01
88 6.00585937500000e-01 3.60703468322754e-01
89 6.03515625000000e-01 3.64231109619141e-01
90 5.79589843750000e-01 3.35924386978149e-01
91 5.91796875000000e-01 3.50223541259766e-01
92 5.37597656250000e-01 2.89011240005493e-01
93 4.67773437500000e-01 2.18811988830566e-01
94 4.77050781250000e-01 2.27577447891235e-01
95 4.83886718750000e-01 2.34146356582642e-01
96 5.44921875000000e-01 2.96939849853516e-01
97 5.21484375000000e-01 2.71945953369141e-01
98 5.85937500000000e-01 3.43322753906250e-01
99 5.69335937500000e-01 3.24143409729004e-01
100 5.64941406250000e-01 3.19158792495728e-01
101 5.47363281250000e-01 2.99606561660767e-01
102 5.62500000000000e-01 3.16406250000000e-01
103 5.78125000000000e-01 3.34228515625000e-01
104 5.37597656250000e-01 2.89011240005493e-01
105 5.41992187500000e-01 2.93755531311035e-01
106 5.48339843750000e-01 3.00676584243774e-01
107 5.16601562500000e-01 2.66877174377441e-01
108 5.08789062500000e-01 2.58866310119629e-01
109 5.48339843750000e-01 3.00676584243774e-01
110 6.15722656250000e-01 3.79114389419556e-01
111 5.01464843750000e-01 2.51466989517212e-01
112 5.19531250000000e-01 2.69912719726562e-01
113 5.16601562500000e-01 2.66877174377441e-01
114 5.11230468750000e-01 2.61356592178345e-01
115 5.32226562500000e-01 2.83265113830566e-01
116 5.24902343750000e-01 2.75522470474243e-01
117 5.50292968750000e-01 3.02822351455688e-01
118 5.29785156250000e-01 2.80672311782837e-01
119 5.85449218750000e-01 3.42750787734985e-01
120 6.11816406250000e-01 3.74319314956665e-01
121 5.95214843750000e-01 3.54280710220337e-01
122 5.69824218750000e-01 3.24699640274048e-01
123 5.83007812500000e-01 3.39898109436035e-01
124 6.43066406250000e-01 4.13534402847290e-01
125 6.54296875000000e-01 4.28104400634766e-01
126 6.40625000000000e-01 4.10400390625000e-01
127 6.55273437500000e-01 4.29383277893066e-01
128 6.90429687500000e-01 4.76693153381348e-01
129 6.75781250000000e-01 4.56680297851562e-01
130 7.11914062500000e-01 5.06821632385254e-01
131 7.08007812500000e-01 5.01275062561035e-01
132 7.16308593750000e-01 5.13098001480103e-01
133 7.09472656250000e-01 5.03351449966431e-01
134 6.30371093750000e-01 3.97367715835571e-01
135 6.58691406250000e-01 4.33874368667603e-01
136 6.39648437500000e-01 4.09150123596191e-01
137 6.85058593750000e-01 4.69305276870728e-01
138 7.29003906250000e-01 5.31446695327759e-01
139 7.17773437500000e-01 5.15198707580566e-01
140 6.89941406250000e-01 4.76019144058228e-01
141 6.95800781250000e-01 4.84138727188110e-01
142 7.17773437500000e-01 5.15198707580566e-01
143 6.81152343750000e-01 4.63968515396118e-01
144 5.93261718750000e-01 3.51959466934204e-01
145 6.03515625000000e-01 3.64231109619141e-01
146 5.90332031250000e-01 3.48491907119751e-01
147 5.31250000000000e-01 2.82226562500000e-01
148 5.75683593750000e-01 3.31411600112915e-01
149 5.54199218750000e-01 3.07136774063110e-01
150 5.58105468750000e-01 3.11481714248657e-01
151 5.64453125000000e-01 3.18607330322266e-01
152 5.74707031250000e-01 3.30288171768188e-01
153 5.30761718750000e-01 2.81708002090454e-01
154 5.08300781250000e-01 2.58369684219360e-01
155 5.43945312500000e-01 2.95876502990723e-01
156 5.33691406250000e-01 2.84826517105103e-01
157 4.94628906250000e-01 2.44657754898071e-01
158 5.19531250000000e-01 2.69912719726562e-01
159 5.29785156250000e-01 2.80672311782837e-01
160 5.84472656250000e-01 3.41608285903931e-01
161 6.34765625000000e-01 4.02927398681641e-01
162 5.83496093750000e-01 3.40467691421509e-01
163 6.26953125000000e-01 3.93070220947266e-01
164 5.79589843750000e-01 3.35924386978149e-01
165 5.53222656250000e-01 3.06055307388306e-01
166 4.30175781250000e-01 1.85051202774048e-01
167 3.02734375000000e-01 9.16481018066406e-02
168 2.51464843750000e-01 6.32345676422119e-02
169 2.64648437500000e-01 7.00387954711914e-02
170 1.49414062500000e-01 2.23245620727539e-02
171 1.57714843750000e-01 2.48739719390869e-02
172 1.29882812500000e-01 1.68695449829102e-02
173 8.98437500000000e-02 8.07189941406250e-03
174 9.32617187500000e-02 8.69774818420410e-03
175 1.48437500000000e-01 2.20336914062500e-02
176 1.25000000000000e-01 1.56250000000000e-02
177 1.84082031250000e-01 3.38861942291260e-02
178 1.73339843750000e-01 3.00467014312744e-02
179 1.24023437500000e-01 1.53818130493164e-02
180 1.61132812500000e-01 2.59637832641602e-02
181 9.27734375000000e-02 8.60691070556641e-03
182 1.09863281250000e-01 1.20699405670166e-02
183 2.92968750000000e-02 8.58306884765625e-04
184 4.19921875000000e-02 1.76334381103516e-03
185 2.92968750000000e-02 8.58306884765625e-04
186 7.71484375000000e-02 5.95188140869141e-03
187 1.05957031250000e-01 1.12268924713135e-02
188 4.00390625000000e-02 1.60312652587891e-03
189 1.66015625000000e-02 2.75611877441406e-04
190 1.57714843750000e-01 2.48739719390869e-02
191 2.44140625000000e-01 5.96046447753906e-02
192 2.98339843750000e-01 8.90066623687744e-02
193 3.08105468750000e-01 9.49289798736572e-02
194 3.22753906250000e-01 1.04170083999634e-01
195 3.18847656250000e-01 1.01663827896118e-01
196 2.66601562500000e-01 7.10763931274414e-02
197 2.76855468750000e-01 7.66489505767822e-02
198 2.76367187500000e-01 7.63788223266602e-02
199 3.14941406250000e-01 9.91880893707275e-02
200 3.37890625000000e-01 1.14170074462891e-01
201 3.34960937500000e-01 1.12198829650879e-01
202 3.48632812500000e-01 1.21544837951660e-01
203 2.88085937500000e-01 8.29935073852539e-02
204 3.54003906250000e-01 1.25318765640259e-01
205 3.96972656250000e-01 1.57587289810181e-01
206 4.82421875000000e-01 2.32730865478516e-01
207 4.88769531250000e-01 2.38895654678345e-01
208 4.90234375000000e-01 2.40329742431641e-01
209 4.41894531250000e-01 1.95270776748657e-01
210 4.59472656250000e-01 2.11115121841431e-01
211 5.00000000000000e-01 2.50000000000000e-01
212 4.26757812500000e-01 1.82122230529785e-01
213 4.09179687500000e-01 1.67428016662598e-01
214 4.64355468750000e-01 2.15626001358032e-01
215 3.05664062500000e-01 9.34305191040039e-02
216 3.07128906250000e-01 9.43281650543213e-02
217 2.98339843750000e-01 8.90066623687744e-02
218 3.14453125000000e-01 9.88807678222656e-02
219 3.11035156250000e-01 9.67428684234619e-02
220 3.65234375000000e-01 1.33396148681641e-01
221 3.64746093750000e-01 1.33039712905884e-01
222 3.68164062500000e-01 1.35544776916504e-01
223 3.74511718750000e-01 1.40259027481079e-01
224 3.87695312500000e-01 1.50307655334473e-01
225 3.94531250000000e-01 1.55654907226562e-01
226 4.50195312500000e-01 2.02675819396973e-01
227 4.17480468750000e-01 1.74289941787720e-01
228 4.79003906250000e-01 2.29444742202759e-01
229 4.76562500000000e-01 2.27111816406250e-01
230 4.76562500000000e-01 2.27111816406250e-01
231 5.24902343750000e-01 2.75522470474243e-01
232 5.27343750000000e-01 2.78091430664062e-01
233 5.63964843750000e-01 3.18056344985962e-01
234 4.42382812500000e-01 1.95702552795410e-01
235 4.23339843750000e-01 1.79216623306274e-01
236 3.77441406250000e-01 1.42462015151978e-01
237 3.76953125000000e-01 1.42093658447266e-01
238 4.19921875000000e-01 1.76334381103516e-01
239 4.49218750000000e-01 2.01797485351562e-01
240 4.24804687500000e-01 1.80459022521973e-01
241 3.85742187500000e-01 1.48797035217285e-01
242 3.42285156250000e-01 1.17159128189087e-01
243 3.55957031250000e-01 1.26705408096313e-01
244 3.67675781250000e-01 1.35185480117798e-01
245 4.64843750000000e-01 2.16079711914062e-01
246 4.52636718750000e-01 2.04879999160767e-01
247 4.52636718750000e-01 2.04879999160767e-01
248 4.58007812500000e-01 2.09771156311035e-01
249 5.32226562500000e-01 2.83265113830566e-01
250 4.63378906250000e-01 2.14720010757446e-01
251 4.63378906250000e-01 2.14720010757446e-01
252 5.33203125000000e-01 2.84305572509766e-01
253 4.88769531250000e-01 2.38895654678345e-01
254 4.84863281250000e-01 2.35092401504517e-01
255 4.87304687500000e-01 2.37465858459473e-01
256 4.30175781250000e-01 1.85051202774048e-01
257 4.36523437500000e-01 1.90552711486816e-01
258 4.44824218750000e-01 1.97868585586548e-01
259 4.72656250000000e-01 2.23403930664062e-01
260 4.67773437500000e-01 2.18811988830566e-01
261 5.13183593750000e-01 2.63357400894165e-01
262 5.22460937500000e-01 2.72965431213379e-01
263 5.95214843750000e-01 3.54280710220337e-01
264 5.88867187500000e-01 3.46764564514160e-01
265 5.61523437500000e-01 3.15308570861816e-01
266 6.00585937500000e-01 3.60703468322754e-01
267 6.33789062500000e-01 4.01688575744629e-01
268 6.07421875000000e-01 3.68961334228516e-01
269 5.44921875000000e-01 2.96939849853516e-01
270 5.03417968750000e-01 2.53429651260376e-01
271 5.24414062500000e-01 2.75010108947754e-01
272 4.66308593750000e-01 2.17443704605103e-01
273 4.42871093750000e-01 1.96134805679321e-01
274 4.89257812500000e-01 2.39373207092285e-01
275 5.09765625000000e-01 2.59860992431641e-01
276 5.70800781250000e-01 3.25813531875610e-01
277 5.41503906250000e-01 2.93226480484009e-01
278 4.83886718750000e-01 2.34146356582642e-01
279 4.69726562500000e-01 2.20643043518066e-01
280 4.55566406250000e-01 2.07540750503540e-01
281 4.40429687500000e-01 1.93978309631348e-01
282 3.42285156250000e-01 1.17159128189087e-01
283 3.20800781250000e-01 1.02913141250610e-01
284 2.81250000000000e-01 7.91015625000000e-02
285 3.59863281250000e-01 1.29501581192017e-01
286 4.26269531250000e-01 1.81705713272095e-01
287 4.46289062500000e-01 1.99173927307129e-01
288 4.56054687500000e-01 2.07985877990723e-01
289 4.12109375000000e-01 1.69834136962891e-01
290 4.54589843750000e-01 2.06651926040649e-01
291 4.31152343750000e-01 1.85892343521118e-01
292 4.78515625000000e-01 2.28977203369141e-01
293 4.89257812500000e-01 2.39373207092285e-01
294 4.96093750000000e-01 2.46109008789062e-01
295 5.51757812500000e-01 3.04436683654785e-01
296 4.76562500000000e-01 2.27111816406250e-01
297 4.98535156250000e-01 2.48537302017212e-01
298 4.54589843750000e-01 2.06651926040649e-01
299 4.11132812500000e-01 1.69030189514160e-01
300 4.62890625000000e-01 2.14267730712891e-01
301 5.49316406250000e-01 3.01748514175415e-01
302 5.71777343750000e-01 3.26929330825806e-01
303 5.54687500000000e-01 3.07678222656250e-01
304 5.11718750000000e-01 2.61856079101562e-01
305 4.72167968750000e-01 2.22942590713501e-01
306 4.96093750000000e-01 2.46109008789062e-01
307 4.89746093750000e-01 2.39851236343384e-01
308 4.77539062500000e-01 2.28043556213379e-01
309 4.51171875000000e-01 2.03556060791016e-01
310 5.10742187500000e-01 2.60857582092285e-01
311 5.25390625000000e-01 2.76035308837891e-01
312 4.96582031250000e-01 2.46593713760376e-01
313 4.80957031250000e-01 2.31319665908813e-01
314 5.12695312500000e-01 2.62856483459473e-01
315 5.09277343750000e-01 2.59363412857056e-01
316 5.82031250000000e-01 3.38760375976562e-01
317 5.22460937500000e-01 2.72965431213379e-01
318 5.57128906250000e-01 3.10392618179321e-01
319 6.38671875000000e-01 4.07901763916016e-01
320 6.48437500000000e-01 4.20471191406250e-01
321 6.47949218750000e-01 4.19838190078735e-01
322 6.32324218750000e-01 3.99833917617798e-01
323 6.17675781250000e-01 3.81523370742798e-01
324 6.03515625000000e-01 3.64231109619141e-01
325 6.28417968750000e-01 3.94909143447876e-01
326 6.56250000000000e-01 4.30664062500000e-01
327 6.58203125000000e-01 4.33231353759766e-01
328 7.13378906250000e-01 5.08909463882446e-01
329 6.97753906250000e-01 4.86860513687134e-01
330 7.20214843750000e-01 5.18709421157837e-01
331 6.45996093750000e-01 4.17310953140259e-01
332 6.21582031250000e-01 3.86364221572876e-01
333 5.98632812500000e-01 3.58361244201660e-01
334 5.41992187500000e-01 2.93755531311035e-01
335 6.45019531250000e-01 4.16050195693970e-01
336 6.49414062500000e-01 4.21738624572754e-01
337 6.73828125000000e-01 4.54044342041016e-01
338 6.56738281250000e-01 4.31305170059204e-01
339 6.70410156250000e-01 4.49449777603149e-01
340 6.62109375000000e-01 4.38388824462891e-01
341 7.04589843750000e-01 4.96446847915649e-01
342 6.54785156250000e-01 4.28743600845337e-01
343 7.10937500000000e-01 5.05432128906250e-01
344 6.66503906250000e-01 4.44227457046509e-01
345 6.62109375000000e-01 4.38388824462891e-01
346 6.35253906250000e-01 4.03547525405884e-01
347 5.94726562500000e-01 3.53699684143066e-01
348 5.73242187500000e-01 3.28606605529785e-01
349 5.41015625000000e-01 2.92697906494141e-01
350 4.97070312500000e-01 2.47078895568848e-01
351 5.04394531250000e-01 2.54413843154907e-01
352 4.47265625000000e-01 2.00046539306641e-01
353 5.17578125000000e-01 2.67887115478516e-01
354 5.11230468750000e-01 2.61356592178345e-01
355 4.75585937500000e-01 2.26181983947754e-01
356 5.20996093750000e-01 2.71436929702759e-01
357 5.54687500000000e-01 3.07678222656250e-01
358 5.97656250000000e-01 3.57192993164062e-01
359 5.85449218750000e-01 3.42750787734985e-01
360 6.08886718750000e-01 3.70743036270142e-01
361 6.44042968750000e-01 4.14791345596313e-01
362 6.41113281250000e-01 4.11026239395142e-01
363 6.45019531250000e-01 4.16050195693970e-01
364 6.36718750000000e-01 4.05410766601562e-01
365 5.84960937500000e-01 3.42179298400879e-01
366 6.03515625000000e-01 3.64231109619141e-01
367 6.14746093750000e-01 3.77912759780884e-01
368 6.57226562500000e-01 4.31946754455566e-01
369 6.26464843750000e-01 3.92458200454712e-01
370 6.32812500000000e-01 4.00451660156250e-01
371 5.78613281250000e-01 3.34793329238892e-01
372 5.79589843750000e-01 3.35924386978149e-01
373 6.50878906250000e-01 4.23643350601196e-01
374 6.87011718750000e-01 4.71985101699829e-01
375 6.83105468750000e-01 4.66633081436157e-01
376 7.22167968750000e-01 5.21526575088501e-01
377 6.67968750000000e-01 4.46182250976562e-01
378 6.28417968750000e-01 3.94909143447876e-01
379 6.95800781250000e-01 4.84138727188110e-01
380 6.54296875000000e-01 4.28104400634766e-01
381 6.28417968750000e-01 3.94909143447876e-01
382 6.34277343750000e-01 4.02307748794556e-01
383 6.48437500000000e-01 4.20471191406250e-01
384 6.36718750000000e-01 4.05410766601562e-01
385 6.26953125000000e-01 3.93070220947266e-01
386 6.85546875000000e-01 4.69974517822266e-01
387 6.18652343750000e-01 3.82730722427368e-01
388 6.18652343750000e-01 3.82730722427368e-01
389 6.51367187500000e-01 4.24279212951660e-01
390 5.62011718750000e-01 3.15857172012329e-01
391 6.29394531250000e-01 3.96137475967407e-01
392 6.56738281250000e-01 4.31305170059204e-01
393 5.88867187500000e-01 3.46764564514160e-01
394 5.26855468750000e-01 2.77576684951782e-01
395 5.53710937500000e-01 3.06595802307129e-01
396 6.01562500000000e-01 3.61877441406250e-01
397 6.28906250000000e-01 3.95523071289062e-01
398 5.99121093750000e-01 3.58946084976196e-01
399 5.07812500000000e-01 2.57873535156250e-01
400 5.24902343750000e-01 2.75522470474243e-01
401 5.74218750000000e-01 3.29727172851562e-01
402 5.19531250000000e-01 2.69912719726562e-01
403 4.66308593750000e-01 2.17443704605103e-01
404 4.79980468750000e-01 2.30381250381470e-01
405 4.97558593750000e-01 2.47564554214478e-01
406 4.61914062500000e-01 2.13364601135254e-01
407 4.99023437500000e-01 2.49024391174316e-01
408 5.02441406250000e-01 2.52447366714478e-01
409 4.87792968750000e-01 2.37941980361938e-01
410 4.25781250000000e-01 1.81289672851562e-01
411 4.23339843750000e-01 1.79216623306274e-01
412 4.50195312500000e-01 2.02675819396973e-01
413 4.79980468750000e-01 2.30381250381470e-01
414 4.54101562500000e-01 2.06208229064941e-01
415 4.70703125000000e-01 2.21561431884766e-01
416 5.00000000000000e-01 2.50000000000000e-01
417 4.91210937500000e-01 2.41288185119629e-01
418 4.93164062500000e-01 2.43210792541504e-01
419 5.06347656250000e-01 2.56387948989868e-01
420 4.97070312500000e-01 2.47078895568848e-01
421 4.14062500000000e-01 1.71447753906250e-01
422 4.22363281250000e-01 1.78390741348267e-01
423 4.65332031250000e-01 2.16533899307251e-01
424 3.93554687500000e-01 1.54885292053223e-01
425 4.18457031250000e-01 1.75106287002563e-01
426 4.81445312500000e-01 2.31789588928223e-01
427 5.10742187500000e-01 2.60857582092285e-01
428 4.63378906250000e-01 2.14720010757446e-01
429 4.05273437500000e-01 1.64246559143066e-01
430 4.04785156250000e-01 1.63851022720337e-01
431 4.17480468750000e-01 1.74289941787720e-01
432 5.23925781250000e-01 2.74498224258423e-01
433 5.01953125000000e-01 2.51956939697266e-01
434 5.46386718750000e-01 2.98538446426392e-01
435 5.15136718750000e-01 2.65365839004517e-01
436 5.43945312500000e-01 2.95876502990723e-01
437 5.30273437500000e-01 2.81189918518066e-01
438 5.12207031250000e-01 2.62356042861938e-01
439 5.17089843750000e-01 2.67381906509399e-01
440 5.81542968750000e-01 3.38192224502563e-01
441 5.65429687500000e-01 3.19710731506348e-01
442 5.72265625000000e-01 3.27487945556641e-01
443 5.64453125000000e-01 3.18607330322266e-01
444 6.12304687500000e-01 3.74917030334473e-01
445 6.34765625000000e-01 4.02927398681641e-01
446 6.02539062500000e-01 3.63053321838379e-01
447 6.16210937500000e-01 3.79715919494629e-01
448 5.69335937500000e-01 3.24143409729004e-01
449 5.44433593750000e-01 2.96407938003540e-01
450 6.06445312500000e-01 3.67775917053223e-01
451 5.62988281250000e-01 3.16955804824829e-01
452 5.74218750000000e-01 3.29727172851562e-01
453 5.93261718750000e-01 3.51959466934204e-01
454 6.21093750000000e-01 3.85757446289062e-01
455 6.51367187500000e-01 4.24279212951660e-01
456 6.36230468750000e-01 4.04789209365845e-01
457 6.29882812500000e-01 3.96752357482910e-01
458 5.30761718750000e-01 2.81708002090454e-01
459 5.94726562500000e-01 3.53699684143066e-01
460 6.07421875000000e-01 3.68961334228516e-01
461 6.57226562500000e-01 4.31946754455566e-01
462 7.40722656250000e-01 5.48670053482056e-01
463 7.20214843750000e-01 5.18709421157837e-01
464 6.58203125000000e-01 4.33231353759766e-01
465 6.71386718750000e-01 4.50760126113892e-01
466 6.09375000000000e-01 3.71337890625000e-01
467 6.27441406250000e-01 3.93682718276978e-01
468 6.36718750000000e-01 4.05410766601562e-01
469 6.65527343750000e-01 4.42926645278931e-01
470 5.73242187500000e-01 3.28606605529785e-01
471 5.76171875000000e-01 3.31974029541016e-01
472 5.51757812500000e-01 3.04436683654785e-01
473 5.47363281250000e-01 2.99606561660767e-01
474 4.90722656250000e-01 2.40808725357056e-01
475 5.52734375000000e-01 3.05515289306641e-01
476 6.22070312500000e-01 3.86971473693848e-01
477 6.20605468750000e-01 3.85151147842407e-01
478 5.58105468750000e-01 3.11481714248657e-01
479 5.42968750000000e-01 2.94815063476562e-01
480 5.19531250000000e-01 2.69912719726562e-01
481 5.56152343750000e-01 3.09305429458618e-01
482 6.03027343750000e-01 3.63641977310181e-01
483 6.01074218750000e-01 3.61290216445923e-01
484 6.36230468750000e-01 4.04789209365845e-01
485 6.38183593750000e-01 4.07278299331665e-01
486 6.52343750000000e-01 4.25552368164062e-01
487 6.34277343750000e-01 4.02307748794556e-01
488 6.45019531250000e-01 4.16050195693970e-01
489 6.12304687500000e-01 3.74917030334473e-01
490 5.83984375000000e-01 3.41037750244141e-01
491 6.55761718750000e-01 4.30023431777954e-01
492 6.52832031250000e-01 4.26189661026001e-01
493 6.51855468750000e-01 4.24915552139282e-01
494 6.43554687500000e-01 4.14162635803223e-01
495 6.23535156250000e-01 3.88796091079712e-01
496 6.44042968750000e-01 4.14791345596313e-01
497 6.41601562500000e-01 4.11652565002441e-01
498 6.20117187500000e-01 3.84545326232910e-01
499 6.45019531250000e-01 4.16050195693970e-01
500 6.37695312500000e-01 4.06655311584473e-01
501 6.05468750000000e-01 3.66592407226562e-01
502 5.66894531250000e-01 3.21369409561157e-01
503 4.95117187500000e-01 2.45141029357910e-01
504 4.41406250000000e-01 1.94839477539062e-01
505 3.87207031250000e-01 1.49929285049438e-01
506 4.34570312500000e-01 1.88851356506348e-01
507 4.38476562500000e-01 1.92261695861816e-01
508 4.55566406250000e-01 2.07540750503540e-01
509 4.99023437500000e-01 2.49024391174316e-01
510 4.72656250000000e-01 2.23403930664062e-01
511 4.51171875000000e-01 2.03556060791016e-01
512 4.49707031250000e-01 2.02236413955688e-01
513 4.32128906250000e-01 1.86735391616821e-01
514 4.62402343750000e-01 2.13815927505493e-01
515 4.42382812500000e-01 1.95702552795410e-01
516 4.09667968750000e-01 1.67827844619751e-01
517 3.85253906250000e-01 1.48420572280884e-01
518 4.44335937500000e-01 1.97434425354004e-01
519 4.81445312500000e-01 2.31789588928223e-01
520 4.55566406250000e-01 2.07540750503540e-01
521 4.37500000000000e-01 1.91406250000000e-01
522 4.18945312500000e-01 1.75515174865723e-01
523 4.17480468750000e-01 1.74289941787720e-01
524 4.84863281250000e-01 2.35092401504517e-01
525 4.49707031250000e-01 2.02236413955688e-01
526 4.59472656250000e-01 2.11115121841431e-01
527 5.99609375000000e-01 3.59531402587891e-01
528 6.10351562500000e-01 3.72529029846191e-01
529 5.77636718750000e-01 3.33664178848267e-01
530 6.30371093750000e-01 3.97367715835571e-01
531 6.89941406250000e-01 4.76019144058228e-01
532 6.46484375000000e-01 4.17942047119141e-01
533 6.68457031250000e-01 4.46834802627563e-01
534 5.98632812500000e-01 3.58361244201660e-01
535 5.78125000000000e-01 3.34228515625000e-01
536 5.86425781250000e-01 3.43895196914673e-01
537 5.97167968750000e-01 3.56609582901001e-01
538 5.99121093750000e-01 3.58946084976196e-01
539 5.35156250000000e-01 2.86392211914062e-01
540 5.92285156250000e-01 3.50801706314087e-01
541 5.55175781250000e-01 3.08220148086548e-01
542 5.51269531250000e-01 3.03898096084595e-01
543 5.44433593750000e-01 2.96407938003540e-01
544 5.50781250000000e-01 3.03359985351562e-01
545 5.83007812500000e-01 3.39898109436035e-01
546 5.26367187500000e-01 2.77062416076660e-01
547 5.27832031250000e-01 2.78606653213501e-01
548 5.54687500000000e-01 3.07678222656250e-01
549 5.66406250000000e-01 3.20816040039062e-01
550 5.77636718750000e-01 3.33664178848267e-01
551 5.83007812500000e-01 3.39898109436035e-01
552 5.42480468750000e-01 2.94285058975220e-01
553 5.63964843750000e-01 3.18056344985962e-01
554 5.36621093750000e-01 2.87962198257446e-01
555 5.24414062500000e-01 2.75010108947754e-01
556 5.55175781250000e-01 3.08220148086548e-01
557 5.52734375000000e-01 3.05515289306641e-01
558 5.56152343750000e-01 3.09305429458618e-01
559 5.05859375000000e-01 2.55893707275391e-01
560 4.59960937500000e-01 2.11564064025879e-01
561 4.49707031250000e-01 2.02236413955688e-01
562 4.17480468750000e-01 1.74289941787720e-01
563 3.95507812500000e-01 1.56426429748535e-01
564 4.54589843750000e-01 2.06651926040649e-01
565 4.35546875000000e-01 1.89701080322266e-01
566 4.02343750000000e-01 1.61880493164062e-01
567 3.88183593750000e-01 1.50686502456665e-01
568 3.84277343750000e-01 1.47669076919556e-01
569 2.74414062500000e-01 7.53030776977539e-02
570 2.15332031250000e-01 4.63678836822510e-02
571 2.06054687500000e-01 4.24585342407227e-02
572 2.95898437500000e-01 8.75558853149414e-02
573 2.27539062500000e-01 5.17740249633789e-02
574 3.02734375000000e-01 9.16481018066406e-02
575 3.14453125000000e-01 9.88807678222656e-02
576 3.25683593750000e-01 1.06069803237915e-01
577 3.42285156250000e-01 1.17159128189087e-01
578 3.47656250000000e-01 1.20864868164062e-01
579 3.56933593750000e-01 1.27401590347290e-01
580 3.05664062500000e-01 9.34305191040039e-02
581 2.60742187500000e-01 6.79864883422852e-02
582 3.22265625000000e-01 1.03855133056641e-01
583 2.96875000000000e-01 8.81347656250000e-02
584 2.39746093750000e-01 5.74781894683838e-02
585 2.60253906250000e-01 6.77320957183838e-02
586 2.81250000000000e-01 7.91015625000000e-02
587 2.91992187500000e-01 8.52594375610352e-02
588 3.36425781250000e-01 1.13182306289673e-01
589 3.28125000000000e-01 1.07666015625000e-01
590 2.88574218750000e-01 8.32750797271729e-02
591 2.70507812500000e-01 7.31744766235352e-02
592 2.80273437500000e-01 7.85531997680664e-02
593 2.81250000000000e-01 7.91015625000000e-02
594 2.85156250000000e-01 8.13140869140625e-02
595 2.64648437500000e-01 7.00387954711914e-02
596 2.17285156250000e-01 4.72128391265869e-02
597 2.70996093750000e-01 7.34388828277588e-02
598 2.72460937500000e-01 7.42349624633789e-02
599 3.10546875000000e-01 9.64393615722656e-02
600 3.27636718750000e-01 1.07345819473267e-01
601 3.93066406250000e-01 1.54501199722290e-01
602 4.33593750000000e-01 1.88003540039062e-01
603 4.95117187500000e-01 2.45141029357910e-01
604 5.32226562500000e-01 2.83265113830566e-01
605 5.77636718750000e-01 3.33664178848267e-01
606 5.98632812500000e-01 3.58361244201660e-01
607 5.75195312500000e-01 3.30849647521973e-01
608 5.46386718750000e-01 2.98538446426392e-01
609 5.78613281250000e-01 3.34793329238892e-01
610 5.12207031250000e-01 2.62356042861938e-01
611 4.68261718750000e-01 2.19269037246704e-01
612 5.12695312500000e-01 2.62856483459473e-01
613 4.82910156250000e-01 2.33202219009399e-01
614 4.25292968750000e-01 1.80874109268188e-01
615 5.06835937500000e-01 2.56882667541504e-01
616 4.60449218750000e-01 2.12013483047485e-01
617 4.23828125000000e-01 1.79630279541016e-01
618 3.80859375000000e-01 1.45053863525391e-01
619 3.66210937500000e-01 1.34110450744629e-01
620 3.79882812500000e-01 1.44310951232910e-01
621 3.92578125000000e-01 1.54117584228516e-01
622 3.75000000000000e-01 1.40625000000000e-01
623 3.66699218750000e-01 1.34468317031860e-01
624 4.16015625000000e-01 1.73069000244141e-01
625 4.15039062500000e-01 1.72257423400879e-01
626 4.51171875000000e-01 2.03556060791016e-01
627 4.19921875000000e-01 1.76334381103516e-01
628 4.30664062500000e-01 1.85471534729004e-01
629 4.24804687500000e-01 1.80459022521973e-01
630 4.17968750000000e-01 1.74697875976562e-01
631 3.84277343750000e-01 1.47669076919556e-01
632 4.32617187500000e-01 1.87157630920410e-01
633 4.67285156250000e-01 2.18355417251587e-01
634 4.51660156250000e-01 2.03996896743774e-01
635 4.51660156250000e-01 2.03996896743774e-01
636 4.64843750000000e-01 2.16079711914062e-01
637 4.81445312500000e-01 2.31789588928223e-01
638 4.71191406250000e-01 2.22021341323853e-01
639 5.16113281250000e-01 2.66372919082642e-01
640 5.58105468750000e-01 3.11481714248657e-01
641 5.74707031250000e-01 3.30288171768188e-01
642 5.06347656250000e-01 2.56387948989868e-01
643 4.58496093750000e-01 2.10218667984009e-01
644 4.41406250000000e-01 1.94839477539062e-01
645 4.40429687500000e-01 1.93978309631348e-01
646 4.50683593750000e-01 2.03115701675415e-01
647 4.74609375000000e-01 2.25254058837891e-01
648 4.75097656250000e-01 2.25717782974243e-01
649 4.61914062500000e-01 2.13364601135254e-01
650 4.40917968750000e-01 1.94408655166626e-01
651 5.12695312500000e-01 2.62856483459473e-01
652 5.19531250000000e-01 2.69912719726562e-01
653 5.37109375000000e-01 2.88486480712891e-01
654 5.58593750000000e-01 3.12026977539062e-01
655 6.05468750000000e-01 3.66592407226562e-01
656 5.84472656250000e-01 3.41608285903931e-01
657 5.33203125000000e-01 2.84305572509766e-01
658 5.58105468750000e-01 3.11481714248657e-01
659 5.46386718750000e-01 2.98538446426392e-01
660 5.29785156250000e-01 2.80672311782837e-01
661 5.65917968750000e-01 3.20263147354126e-01
662 5.09765625000000e-01 2.59860992431641e-01
663 5.06347656250000e-01 2.56387948989868e-01
664 4.80468750000000e-01 2.30850219726562e-01
665 4.72167968750000e-01 2.22942590713501e-01
666 4.88281250000000e-01 2.38418579101562e-01
667 4.30664062500000e-01 1.85471534729004e-01
668 4.80468750000000e-01 2.30850219726562e-01
669 4.15527343750000e-01 1.72662973403931e-01
670 3.99414062500000e-01 1.59531593322754e-01
671 3.42285156250000e-01 1.17159128189087e-01
672 2.98339843750000e-01 8.90066623687744e-02
673 2.56835937500000e-01 6.59646987915039e-02
674 2.18750000000000e-01 4.78515625000000e-02
675 2.11425781250000e-01 4.47008609771729e-02
676 2.57812500000000e-01 6.64672851562500e-02
677 3.32519531250000e-01 1.10569238662720e-01
678 2.16308593750000e-01 4.67894077301025e-02
679 2.61230468750000e-01 6.82413578033447e-02
680 1.66015625000000e-01 2.75611877441406e-02
681 1.94824218750000e-01 3.79564762115479e-02
682 1.65039062500000e-01 2.72378921508789e-02
683 1.31835937500000e-01 1.73807144165039e-02
684 1.12792968750000e-01 1.27222537994385e-02
685 9.76562500000000e-02 9.53674316406250e-03
686 5.66406250000000e-02 3.20816040039062e-03
687 4.98046875000000e-02 2.48050689697266e-03
688 1.95312500000000e-02 3.81469726562500e-04
689 7.37304687500000e-02 5.43618202209473e-03
690 5.61523437500000e-02 3.15308570861816e-03
691 1.37695312500000e-01 1.89599990844727e-02
692 1.77246093750000e-01 3.14161777496338e-02
693 2.89062500000000e-01 8.35571289062500e-02
694 2.35839843750000e-01 5.56204319000244e-02
695 2.57324218750000e-01 6.62157535552979e-02
696 2.28027343750000e-01 5.19964694976807e-02
697 2.19238281250000e-01 4.80654239654541e-02
698 1.46484375000000e-01 2.14576721191406e-02
699 1.70410156250000e-01 2.90396213531494e-02
700 1.95800781250000e-01 3.83379459381104e-02
701 1.66992187500000e-01 2.78863906860352e-02
702 2.04101562500000e-01 4.16574478149414e-02
703 1.85058593750000e-01 3.42466831207275e-02
704 1.88964843750000e-01 3.57077121734619e-02
705 1.82128906250000e-01 3.31709384918213e-02
706 2.15820312500000e-01 4.65784072875977e-02
707 1.42089843750000e-01 2.01895236968994e-02
708 8.98437500000000e-02 8.07189941406250e-03
709 1.42089843750000e-01 2.01895236968994e-02
710 1.46972656250000e-01 2.16009616851807e-02
711 1.12304687500000e-01 1.26123428344727e-02
712 1.30859375000000e-01 1.71241760253906e-02
713 1.58203125000000e-01 2.50282287597656e-02
714 1.37695312500000e-01 1.89599990844727e-02
715 1.74804687500000e-01 3.05566787719727e-02
716 1.86523437500000e-01 3.47909927368164e-02
717 1.68945312500000e-01 2.85425186157227e-02
718 2.27539062500000e-01 5.17740249633789e-02
719 2.50488281250000e-01 6.27443790435791e-02
720 2.38281250000000e-01 5.67779541015625e-02
721 2.44628906250000e-01 5.98433017730713e-02
722 1.93847656250000e-01 3.75769138336182e-02
723 1.62597656250000e-01 2.64379978179932e-02
724 2.64160156250000e-01 6.97805881500244e-02
725 2.70019531250000e-01 7.29105472564697e-02
726 2.46582031250000e-01 6.08026981353760e-02
727 2.94921875000000e-01 8.69789123535156e-02
728 3.61328125000000e-01 1.30558013916016e-01
729 3.40820312500000e-01 1.16158485412598e-01
730 3.07617187500000e-01 9.46283340454102e-02
731 2.50488281250000e-01 6.27443790435791e-02
732 3.01757812500000e-01 9.10577774047852e-02
733 3.80371093750000e-01 1.44682168960571e-01
734 3.17871093750000e-01 1.01042032241821e-01
735 3.52050781250000e-01 1.23939752578735e-01
736 2.78808593750000e-01 7.77342319488525e-02
737 2.22656250000000e-01 4.95758056640625e-02
738 1.61621093750000e-01 2.61213779449463e-02
739 1.63085937500000e-01 2.65970230102539e-02
740 1.14746093750000e-01 1.31666660308838e-02
741 8.44726562500000e-02 7.13562965393066e-03
742 1.19628906250000e-01 1.43110752105713e-02
743 1.48437500000000e-01 2.20336914062500e-02
744 1.06445312500000e-01 1.13306045532227e-02
745 3.56445312500000e-02 1.27053260803223e-03
746 4.10156250000000e-02 1.68228149414062e-03
747 9.96093750000000e-02 9.92202758789062e-03
748 6.78710937500000e-02 4.60648536682129e-03
749 1.11816406250000e-01 1.25029087066650e-02
750 1.27441406250000e-01 1.62413120269775e-02
751 1.31835937500000e-01 1.73807144165039e-02
752 1.83593750000000e-01 3.37066650390625e-02
753 1.55761718750000e-01 2.42617130279541e-02
754 1.86523437500000e-01 3.47909927368164e-02
755 1.87500000000000e-01 3.51562500000000e-02
756 1.55273437500000e-01 2.41098403930664e-02
757 1.23535156250000e-01 1.52609348297119e-02
758 1.33789062500000e-01 1.78995132446289e-02
759 5.90820312500000e-02 3.49068641662598e-03
760 8.49609375000000e-02 7.21836090087891e-03
761 2.78320312500000e-02 7.74621963500977e-04
762 1.41601562500000e-02 2.00510025024414e-04
763 1.90429687500000e-02 3.62634658813477e-04
764 6.25000000000000e-02 3.90625000000000e-03
765 4.19921875000000e-02 1.76334381103516e-03
766 8.54492187500000e-02 7.30156898498535e-03
767 5.17578125000000e-02 2.67887115478516e-03
768 1.12792968750000e-01 1.27222537994385e-02
769 1.49414062500000e-01 2.23245620727539e-02
770 1.06933593750000e-01 1.14347934722900e-02
771 5.02929687500000e-02 2.52938270568848e-03
772 1.16210937500000e-01 1.35049819946289e-02
773 1.21582031250000e-01 1.47821903228760e-02
774 1.13769531250000e-01 1.29435062408447e-02
775 1.87988281250000e-01 3.53395938873291e-02
776 1.93847656250000e-01 3.75769138336182e-02
777 2.11425781250000e-01 4.47008609771729e-02
778 1.13769531250000e-01 1.29435062408447e-02
779 1.56250000000000e-01 2.44140625000000e-02
780 1.87011718750000e-01 3.49733829498291e-02
781 1.45019531250000e-01 2.10306644439697e-02
782 1.63574218750000e-01 2.67565250396729e-02
783 1.57226562500000e-01 2.47201919555664e-02
784 1.70898437500000e-01 2.92062759399414e-02
785 1.46972656250000e-01 2.16009616851807e-02
786 3.61328125000000e-02 1.30558013916016e-03
787 4.49218750000000e-02 2.01797485351562e-03
788 6.83593750000000e-03 4.67300415039062e-05
789 4.34570312500000e-02 1.88851356506348e-03
790 9.57031250000000e-02 9.15908813476562e-03
791 6.20117187500000e-02 3.84545326232910e-03
792 6.93359375000000e-02 4.80747222900391e-03
793 4.49218750000000e-02 2.01797485351562e-03
794 1.07421875000000e-02 1.15394592285156e-04
795 3.75976562500000e-02 1.41358375549316e-03
796 3.61328125000000e-02 1.30558013916016e-03
797 4.49218750000000e-02 2.01797485351562e-03
798 1.46484375000000e-02 2.14576721191406e-04
799 1.07421875000000e-02 1.15394592285156e-04
800 5.46875000000000e-02 2.99072265625000e-03
801 5.07812500000000e-02 2.57873535156250e-03
802 9.32617187500000e-02 8.69774818420410e-03
803 1.56250000000000e-01 2.44140625000000e-02
804 1.45019531250000e-01 2.10306644439697e-02
805 1.65039062500000e-01 2.72378921508789e-02
806 1.91894531250000e-01 3.68235111236572e-02
807 2.46093750000000e-01 6.05621337890625e-02
808 2.24609375000000e-01 5.04493713378906e-02
809 2.09960937500000e-01 4.40835952758789e-02
810 2.07519531250000e-01 4.30643558502197e-02
811 2.28027343750000e-01 5.19964694976807e-02
812 3.06640625000000e-01 9.40284729003906e-02
813 4.55078125000000e-01 2.07096099853516e-01
814 4.49218750000000e-01 2.01797485351562e-01
815 4.60937500000000e-01 2.12463378906250e-01
816 4.65820312500000e-01 2.16988563537598e-01
817 4.57519531250000e-01 2.09324121475220e-01
818 5.05371093750000e-01 2.55399942398071e-01
819 5.66406250000000e-01 3.20816040039062e-01
820 6.36230468750000e-01 4.04789209365845e-01
821 6.47460937500000e-01 4.19205665588379e-01
822 6.34277343750000e-01 4.02307748794556e-01
823 5.92285156250000e-01 3.50801706314087e-01
824 5.81054687500000e-01 3.37624549865723e-01
825 5.90820312500000e-01 3.49068641662598e-01
826 6.09863281250000e-01 3.71933221817017e-01
827 5.61035156250000e-01 3.14760446548462e-01
828 5.49316406250000e-01 3.01748514175415e-01
829 4.86816406250000e-01 2.36990213394165e-01
830 4.95117187500000e-01 2.45141029357910e-01
831 5.48339843750000e-01 3.00676584243774e-01
832 5.52246093750000e-01 3.04975748062134e-01
833 5.52734375000000e-01 3.05515289306641e-01
834 4.98535156250000e-01 2.48537302017212e-01
835 5.41015625000000e-01 2.92697906494141e-01
836 5.29785156250000e-01 2.80672311782837e-01
837 4.96582031250000e-01 2.46593713760376e-01
838 4.67773437500000e-01 2.18811988830566e-01
839 5.02929687500000e-01 2.52938270568848e-01
840 5.50292968750000e-01 3.02822351455688e-01
841 5.20996093750000e-01 2.71436929702759e-01
842 5.59570312500000e-01 3.13118934631348e-01
843 4.91210937500000e-01 2.41288185119629e-01
844 5.08789062500000e-01 2.58866310119629e-01
845 5.71289062500000e-01 3.26371192932129e-01
846 6.18652343750000e-01 3.82730722427368e-01
847 5.83496093750000e-01 3.40467691421509e-01
848 5.20019531250000e-01 2.70420312881470e-01
849 5.71777343750000e-01 3.26929330825806e-01
850 5.18066406250000e-01 2.68392801284790e-01
851 5.47851562500000e-01 3.00141334533691e-01
852 4.50683593750000e-01 2.03115701675415e-01
853 4.56542968750000e-01 2.08431482315063e-01
854 4.92675781250000e-01 2.42729425430298e-01
855 5.29296875000000e-01 2.80155181884766e-01
856 5.51757812500000e-01 3.04436683654785e-01
857 5.57128906250000e-01 3.10392618179321e-01
858 5.37597656250000e-01 2.89011240005493e-01
859 5.72265625000000e-01 3.27487945556641e-01
860 5.84472656250000e-01 3.41608285903931e-01
861 5.57617187500000e-01 3.10936927795410e-01
862 5.87890625000000e-01 3.45615386962891e-01
863 5.80078125000000e-01 3.36490631103516e-01
864 6.31347656250000e-01 3.98599863052368e-01
865 5.84472656250000e-01 3.41608285903931e-01
866 6.26464843750000e-01 3.92458200454712e-01
867 6.03027343750000e-01 3.63641977310181e-01
868 5.89843750000000e-01 3.47915649414062e-01
869 5.26367187500000e-01 2.77062416076660e-01
870 5.07324218750000e-01 2.57377862930298e-01
871 5.28808593750000e-01 2.79638528823853e-01
872 5.46875000000000e-01 2.99072265625000e-01
873 5.29785156250000e-01 2.80672311782837e-01
874 4.61914062500000e-01 2.13364601135254e-01
875 4.67773437500000e-01 2.18811988830566e-01
876 4.97070312500000e-01 2.47078895568848e-01
877 5.00000000000000e-01 2.50000000000000e-01
878 5.40039062500000e-01 2.91642189025879e-01
879 5.70312500000000e-01 3.25256347656250e-01
880 5.26367187500000e-01 2.77062416076660e-01
881 5.67382812500000e-01 3.21923255920410e-01
882 5.36132812500000e-01 2.87438392639160e-01
883 4.89257812500000e-01 2.39373207092285e-01
884 5.36621093750000e-01 2.87962198257446e-01
885 5.71777343750000e-01 3.26929330825806e-01
886 5.77148437500000e-01 3.33100318908691e-01
887 6.21582031250000e-01 3.86364221572876e-01
888 6.45507812500000e-01 4.16680335998535e-01
889 6.50878906250000e-01 4.23643350601196e-01
890 6.21093750000000e-01 3.85757446289062e-01
891 6.01562500000000e-01 3.61877441406250e-01
892 5.97656250000000e-01 3.57192993164062e-01
893 6.66015625000000e-01 4.43576812744141e-01
894 6.63085937500000e-01 4.39682960510254e-01
895 5.99609375000000e-01 3.59531402587891e-01
896 5.87402343750000e-01 3.45041513442993e-01
897 6.22070312500000e-01 3.86971473693848e-01
898 6.53808593750000e-01 4.27465677261353e-01
899 6.26464843750000e-01 3.92458200454712e-01
900 6.07910156250000e-01 3.69554758071899e-01
901 6.15722656250000e-01 3.79114389419556e-01
902 5.87890625000000e-01 3.45615386962891e-01
903 5.59570312500000e-01 3.13118934631348e-01
904 5.55175781250000e-01 3.08220148086548e-01
905 5.29785156250000e-01 2.80672311782837e-01
906 5.08300781250000e-01 2.58369684219360e-01
907 4.79980468750000e-01 2.30381250381470e-01
908 5.54199218750000e-01 3.07136774063110e-01
909 4.89257812500000e-01 2.39373207092285e-01
910 5.02929687500000e-01 2.52938270568848e-01
911 4.58007812500000e-01 2.09771156311035e-01
912 4.83886718750000e-01 2.34146356582642e-01
913 4.09179687500000e-01 1.67428016662598e-01
914 4.54589843750000e-01 2.06651926040649e-01
915 4.79980468750000e-01 2.30381250381470e-01
916 5.01464843750000e-01 2.51466989517212e-01
917 5.57617187500000e-01 3.10936927795410e-01
918 5.48828125000000e-01 3.01212310791016e-01
919 5.36621093750000e-01 2.87962198257446e-01
920 5.53710937500000e-01 3.06595802307129e-01
921 6.08398437500000e-01 3.70148658752441e-01
922 6.14746093750000e-01 3.77912759780884e-01
923 6.41601562500000e-01 4.11652565002441e-01
924 6.81640625000000e-01 4.64633941650391e-01
925 6.74316406250000e-01 4.54702615737915e-01
926 6.57714843750000e-01 4.32588815689087e-01
927 6.40136718750000e-01 4.09775018692017e-01
928 5.92285156250000e-01 3.50801706314087e-01
929 5.45410156250000e-01 2.97472238540649e-01
930 5.38085937500000e-01 2.89536476135254e-01
931 5.19531250000000e-01 2.69912719726562e-01
932 4.79492187500000e-01 2.29912757873535e-01
933 5.13671875000000e-01 2.63858795166016e-01
934 5.92773437500000e-01 3.51380348205566e-01
935 5.37597656250000e-01 2.89011240005493e-01
936 6.23046875000000e-01 3.88187408447266e-01
937 6.75292968750000e-01 4.56020593643188e-01
938 6.17675781250000e-01 3.81523370742798e-01
939 5.87402343750000e-01 3.45041513442993e-01
940 6.08398437500000e-01 3.70148658752441e-01
941 6.50390625000000e-01 4.23007965087891e-01
942 5.78125000000000e-01 3.34228515625000e-01
943 5.86425781250000e-01 3.43895196914673e-01
944 6.38671875000000e-01 4.07901763916016e-01
945 6.71386718750000e-01 4.50760126113892e-01
946 6.36718750000000e-01 4.05410766601562e-01
947 6.07910156250000e-01 3.69554758071899e-01
948 6.06445312500000e-01 3.67775917053223e-01
949 5.85449218750000e-01 3.42750787734985e-01
950 6.50878906250000e-01 4.23643350601196e-01
951 6.55761718750000e-01 4.30023431777954e-01
952 7.03613281250000e-01 4.95071649551392e-01
953 7.23632812500000e-01 5.23644447326660e-01
954 7.92968750000000e-01 6.28799438476562e-01
955 7.84667968750000e-01 6.15703821182251e-01
956 7.61230468750000e-01 5.79471826553345e-01
957 6.76269531250000e-01 4.57340478897095e-01
958 7.08984375000000e-01 5.02658843994141e-01
959 6.79199218750000e-01 4.61311578750610e-01
960 6.54296875000000e-01 4.28104400634766e-01
961 6.47949218750000e-01 4.19838190078735e-01
962 6.56250000000000e-01 4.30664062500000e-01
963 6.52832031250000e-01 4.26189661026001e-01
964 6.19628906250000e-01 3.83939981460571e-01
965 6.73339843750000e-01 4.53386545181274e-01
966 6.55273437500000e-01 4.29383277893066e-01
967 5.98144531250000e-01 3.57776880264282e-01
968 5.65429687500000e-01 3.19710731506348e-01
969 5.51269531250000e-01 3.03898096084595e-01
970 5.71777343750000e-01 3.26929330825806e-01
971 5.82031250000000e-01 3.38760375976562e-01
972 5.49804687500000e-01 3.02285194396973e-01
973 5.51269531250000e-01 3.03898096084595e-01
974 5.90332031250000e-01 3.48491907119751e-01
975 6.00097656250000e-01 3.60117197036743e-01
976 5.99609375000000e-01 3.59531402587891e-01
977 6.43066406250000e-01 4.13534402847290e-01
978 6.17675781250000e-01 3.81523370742798e-01
979 6.10351562500000e-01 3.72529029846191e-01
980 5.47851562500000e-01 3.00141334533691e-01
981 6.03515625000000e-01 3.64231109619141e-01
982 6.17675781250000e-01 3.81523370742798e-01
983 5.42968750000000e-01 2.94815063476562e-01
984 4.96582031250000e-01 2.46593713760376e-01
985 4.93652343750000e-01 2.43692636489868e-01
986 4.95117187500000e-01 2.45141029357910e-01
987 4.75585937500000e-01 2.26181983947754e-01
988 4.46777343750000e-01 1.99609994888306e-01
989 5.27832031250000e-01 2.78606653213501e-01
990 5.30273437500000e-01 2.81189918518066e-01
991 5.51269531250000e-01 3.03898096084595e-01
992 5.63476562500000e-01 3.17505836486816e-01
993 5.60058593750000e-01 3.13665628433228e-01
994 5.75195312500000e-01 3.30849647521973e-01
995 6.11328125000000e-01 3.73722076416016e-01
996 5.36132812500000e-01 2.87438392639160e-01
997 4.37988281250000e-01 1.91833734512329e-01
998 4.15527343750000e-01 1.72662973403931e-01
999 4.17968750000000e-01 1.74697875976562e-01
