0 5.93261718750000e-01 3.51959466934204e-01
1 6.64550781250000e-01 4.41627740859985e-01
2 6.72363281250000e-01 4.52072381973267e-01
3 6.67968750000000e-01 4.46182250976562e-01
4 6.35253906250000e-01 4.03547525405884e-01
5 6.45019531250000e-01 4.16050195693970e-01
6 6.39648437500000e-01 4.09150123596191e-01
7 6.45019531250000e-01 4.16050195693970e-01
8 6.37207031250000e-01 4.06032800674438e-01
9 5.90820312500000e-01 3.49068641662598e-01
10 6.04003906250000e-01 3.64820718765259e-01
11 6.28906250000000e-01 3.95523071289062e-01
12 6.00585937500000e-01 3.60703468322754e-01
13 6.44531250000000e-01 4.15420532226562e-01
14 6.43554687500000e-01 4.14162635803223e-01
15 6.23535156250000e-01 3.88796091079712e-01
16 6.36718750000000e-01 4.05410766601562e-01
17 6.53808593750000e-01 4.27465677261353e-01
18 6.56250000000000e-01 4.30664062500000e-01
19 6.74316406250000e-01 4.54702615737915e-01
20 6.72363281250000e-01 4.52072381973267e-01
21 6.31835937500000e-01 3.99216651916504e-01
22 6.65527343750000e-01 4.42926645278931e-01
23 6.20117187500000e-01 3.84545326232910e-01
24 6.35742187500000e-01 4.04168128967285e-01
25 6.26464843750000e-01 3.92458200454712e-01
26 5.85449218750000e-01 3.42750787734985e-01
27 5.85449218750000e-01 3.42750787734985e-01
28 5.06835937500000e-01 2.56882667541504e-01
29 4.94628906250000e-01 2.44657754898071e-01
30 4.75585937500000e-01 2.26181983947754e-01
31 4.87792968750000e-01 2.37941980361938e-01
32 5.35644531250000e-01 2.86915063858032e-01
33 5.48339843750000e-01 3.00676584243774e-01
34 5.36132812500000e-01 2.87438392639160e-01
35 5.07324218750000e-01 2.57377862930298e-01
36 4.41894531250000e-01 1.95270776748657e-01
37 4.55078125000000e-01 2.07096099853516e-01
38 4.35546875000000e-01 1.89701080322266e-01
39 4.91699218750000e-01 2.41768121719360e-01
40 4.46289062500000e-01 1.99173927307129e-01
41 4.12109375000000e-01 1.69834136962891e-01
42 4.36035156250000e-01 1.90126657485962e-01
43 4.18457031250000e-01 1.75106287002563e-01
44 4.26757812500000e-01 1.82122230529785e-01
45 4.23828125000000e-01 1.79630279541016e-01
46 4.05273437500000e-01 1.64246559143066e-01
47 4.32128906250000e-01 1.86735391616821e-01
48 4.03808593750000e-01 1.63061380386353e-01
49 4.78515625000000e-01 2.28977203369141e-01
50 4.84863281250000e-01 2.35092401504517e-01
51 5.11230468750000e-01 2.61356592178345e-01
52 5.14160156250000e-01 2.64360666275024e-01
53 5.69335937500000e-01 3.24143409729004e-01
54 5.55175781250000e-01 3.08220148086548e-01
55 6.06445312500000e-01 3.67775917053223e-01
56 6.25976562500000e-01 3.91846656799316e-01
57 6.11328125000000e-01 3.73722076416016e-01
58 5.88378906250000e-01 3.46189737319946e-01
59 6.32812500000000e-01 4.00451660156250e-01
60 5.66406250000000e-01 3.20816040039062e-01
61 5.40527343750000e-01 2.92169809341431e-01
62 4.88281250000000e-01 2.38418579101562e-01
63 5.17089843750000e-01 2.67381906509399e-01
64 5.62011718750000e-01 3.15857172012329e-01
65 5.62500000000000e-01 3.16406250000000e-01
66 5.92285156250000e-01 3.50801706314087e-01
67 6.25976562500000e-01 3.91846656799316e-01
68 5.89355468750000e-01 3.47339868545532e-01
69 5.99609375000000e-01 3.59531402587891e-01
70 6.10351562500000e-01 3.72529029846191e-01
71 5.55664062500000e-01 3.08762550354004e-01
72 5.57617187500000e-01 3.10936927795410e-01
73 5.35156250000000e-01 2.86392211914062e-01
74 4.29687500000000e-01 1.84631347656250e-01
75 4.28710937500000e-01 1.83793067932129e-01
76 3.93066406250000e-01 1.54501199722290e-01
77 3.23730468750000e-01 1.04801416397095e-01
78 3.78906250000000e-01 1.43569946289062e-01
79 3.77441406250000e-01 1.42462015151978e-01
80 4.19921875000000e-01 1.76334381103516e-01
81 4.19921875000000e-01 1.76334381103516e-01
82 4.08691406250000e-01 1.67028665542603e-01
83 4.71191406250000e-01 2.22021341323853e-01
84 4.53125000000000e-01 2.05322265625000e-01
85 4.67285156250000e-01 2.18355417251587e-01
86 4.61914062500000e-01 2.13364601135254e-01
87 4.33105468750000e-01 1.87580347061157e-01
88 4.69726562500000e-01 2.20643043518066e-01
89 4.83398437500000e-01 2.33674049377441e-01
90 4.67773437500000e-01 2.18811988830566e-01
91 4.53125000000000e-01 2.05322265625000e-01
92 5.05371093750000e-01 2.55399942398071e-01
93 5.33203125000000e-01 2.84305572509766e-01
94 5.30273437500000e-01 2.81189918518066e-01
95 4.37011718750000e-01 1.90979242324829e-01
96 4.57031250000000e-01 2.08877563476562e-01
97 4.28222656250000e-01 1.83374643325806e-01
98 4.30175781250000e-01 1.85051202774048e-01
99 3.86230468750000e-01 1.49173974990845e-01
100 4.31152343750000e-01 1.85892343521118e-01
101 3.69140625000000e-01 1.36264801025391e-01
102 4.22363281250000e-01 1.78390741348267e-01
103 4.12597656250000e-01 1.70236825942993e-01
104 4.47753906250000e-01 2.00483560562134e-01
105 4.79980468750000e-01 2.30381250381470e-01
106 4.49218750000000e-01 2.01797485351562e-01
107 3.84277343750000e-01 1.47669076919556e-01
108 3.75488281250000e-01 1.40991449356079e-01
109 3.76953125000000e-01 1.42093658447266e-01
110 4.34570312500000e-01 1.88851356506348e-01
111 4.69238281250000e-01 2.20184564590454e-01
112 4.48730468750000e-01 2.01359033584595e-01
113 4.74121093750000e-01 2.24790811538696e-01
114 4.19433593750000e-01 1.75924539566040e-01
115 3.68164062500000e-01 1.35544776916504e-01
116 3.58886718750000e-01 1.28799676895142e-01
117 3.29101562500000e-01 1.08307838439941e-01
118 2.73925781250000e-01 7.50353336334229e-02
119 2.84667968750000e-01 8.10358524322510e-02
120 2.94433593750000e-01 8.66911411285400e-02
121 2.96875000000000e-01 8.81347656250000e-02
122 3.29589843750000e-01 1.08629465103149e-01
123 3.41796875000000e-01 1.16825103759766e-01
124 3.60351562500000e-01 1.29853248596191e-01
125 2.68554687500000e-01 7.21216201782227e-02
126 3.17382812500000e-01 1.00731849670410e-01
127 2.88085937500000e-01 8.29935073852539e-02
128 3.15429687500000e-01 9.94958877563477e-02
129 2.41210937500000e-01 5.81827163696289e-02
130 2.59765625000000e-01 6.74781799316406e-02
131 3.76464843750000e-01 1.41725778579712e-01
132 3.13964843750000e-01 9.85739231109619e-02
133 2.98339843750000e-01 8.90066623687744e-02
134 3.41796875000000e-01 1.16825103759766e-01
135 4.01855468750000e-01 1.61487817764282e-01
136 3.65234375000000e-01 1.33396148681641e-01
137 3.64257812500000e-01 1.32683753967285e-01
138 3.23730468750000e-01 1.04801416397095e-01
139 3.57421875000000e-01 1.27750396728516e-01
140 3.89160156250000e-01 1.51445627212524e-01
141 3.58886718750000e-01 1.28799676895142e-01
142 3.93554687500000e-01 1.54885292053223e-01
143 4.04785156250000e-01 1.63851022720337e-01
144 3.60839843750000e-01 1.30205392837524e-01
145 3.57910156250000e-01 1.28099679946899e-01
146 3.96484375000000e-01 1.57199859619141e-01
147 4.85351562500000e-01 2.35566139221191e-01
148 4.31640625000000e-01 1.86313629150391e-01
149 4.31640625000000e-01 1.86313629150391e-01
150 4.43359375000000e-01 1.96567535400391e-01
151 4.86328125000000e-01 2.36515045166016e-01
152 4.60449218750000e-01 2.12013483047485e-01
153 4.21386718750000e-01 1.77566766738892e-01
154 4.52636718750000e-01 2.04879999160767e-01
155 4.69238281250000e-01 2.20184564590454e-01
156 4.40917968750000e-01 1.94408655166626e-01
157 4.12109375000000e-01 1.69834136962891e-01
158 4.63378906250000e-01 2.14720010757446e-01
159 5.02441406250000e-01 2.52447366714478e-01
160 4.95605468750000e-01 2.45624780654907e-01
161 4.97558593750000e-01 2.47564554214478e-01
162 4.55566406250000e-01 2.07540750503540e-01
163 4.62890625000000e-01 2.14267730712891e-01
164 4.70703125000000e-01 2.21561431884766e-01
165 4.34570312500000e-01 1.88851356506348e-01
166 4.35546875000000e-01 1.89701080322266e-01
167 3.31542968750000e-01 1.09920740127563e-01
168 3.31542968750000e-01 1.09920740127563e-01
169 4.03320312500000e-01 1.62667274475098e-01
170 3.76464843750000e-01 1.41725778579712e-01
171 3.22753906250000e-01 1.04170083999634e-01
172 3.12011718750000e-01 9.73513126373291e-02
173 3.00781250000000e-01 9.04693603515625e-02
174 3.22753906250000e-01 1.04170083999634e-01
175 3.49609375000000e-01 1.22226715087891e-01
176 3.28613281250000e-01 1.07986688613892e-01
177 3.11035156250000e-01 9.67428684234619e-02
178 2.71972656250000e-01 7.39691257476807e-02
179 2.69042968750000e-01 7.23841190338135e-02
180 2.55371093750000e-01 6.52143955230713e-02
181 3.13964843750000e-01 9.85739231109619e-02
182 3.40820312500000e-01 1.16158485412598e-01
183 2.83203125000000e-01 8.02040100097656e-02
184 3.05664062500000e-01 9.34305191040039e-02
185 3.52050781250000e-01 1.23939752578735e-01
186 3.24707031250000e-01 1.05434656143188e-01
187 3.08105468750000e-01 9.49289798736572e-02
188 2.63671875000000e-01 6.95228576660156e-02
189 2.36816406250000e-01 5.60820102691650e-02
190 2.60253906250000e-01 6.77320957183838e-02
191 2.01660156250000e-01 4.06668186187744e-02
192 1.72851562500000e-01 2.98776626586914e-02
193 3.95507812500000e-02 1.56426429748535e-03
194 4.68750000000000e-02 2.19726562500000e-03
195 2.44140625000000e-03 5.96046447753906e-06
196 9.13085937500000e-02 8.33725929260254e-03
197 1.30859375000000e-01 1.71241760253906e-02
198 1.44042968750000e-01 2.07483768463135e-02
199 1.79687500000000e-01 3.22875976562500e-02
200 1.44531250000000e-01 2.08892822265625e-02
201 1.91406250000000e-01 3.66363525390625e-02
202 2.09960937500000e-01 4.40835952758789e-02
203 2.11425781250000e-01 4.47008609771729e-02
204 2.94433593750000e-01 8.66911411285400e-02
205 2.79296875000000e-01 7.80067443847656e-02
206 2.11425781250000e-01 4.47008609771729e-02
207 2.32421875000000e-01 5.40199279785156e-02
208 2.13867187500000e-01 4.57391738891602e-02
209 1.99218750000000e-01 3.96881103515625e-02
210 2.37304687500000e-01 5.63135147094727e-02
211 2.17773437500000e-01 4.74252700805664e-02
212 2.41699218750000e-01 5.84185123443604e-02
213 2.41699218750000e-01 5.84185123443604e-02
214 2.13378906250000e-01 4.55305576324463e-02
215 1.93359375000000e-01 3.73878479003906e-02
216 2.61718750000000e-01 6.84967041015625e-02
217 2.45605468750000e-01 6.03220462799072e-02
218 2.10449218750000e-01 4.42888736724854e-02
219 1.51367187500000e-01 2.29120254516602e-02
220 7.66601562500000e-02 5.87677955627441e-03
221 1.52343750000000e-01 2.32086181640625e-02
222 1.25976562500000e-01 1.58700942993164e-02
223 8.88671875000000e-02 7.89737701416016e-03
224 7.86132812500000e-02 6.18004798889160e-03
225 5.71289062500000e-02 3.26371192932129e-03
226 1.36718750000000e-01 1.86920166015625e-02
227 1.43554687500000e-01 2.06079483032227e-02
228 1.21582031250000e-01 1.47821903228760e-02
229 1.36230468750000e-01 1.85587406158447e-02
230 1.37695312500000e-01 1.89599990844727e-02
231 2.20703125000000e-01 4.87098693847656e-02
232 2.10937500000000e-01 4.44946289062500e-02
233 2.01660156250000e-01 4.06668186187744e-02
234 2.35351562500000e-01 5.53903579711914e-02
235 2.61718750000000e-01 6.84967041015625e-02
236 3.17871093750000e-01 1.01042032241821e-01
237 2.82226562500000e-01 7.96518325805664e-02
238 3.64746093750000e-01 1.33039712905884e-01
239 3.73535156250000e-01 1.39528512954712e-01
240 3.10058593750000e-01 9.61363315582275e-02
241 2.84667968750000e-01 8.10358524322510e-02
242 3.77929687500000e-01 1.42830848693848e-01
243 3.21777343750000e-01 1.03540658950806e-01
244 3.22753906250000e-01 1.04170083999634e-01
245 3.16406250000000e-01 1.00112915039062e-01
246 3.79882812500000e-01 1.44310951232910e-01
247 3.78906250000000e-01 1.43569946289062e-01
248 4.07226562500000e-01 1.65833473205566e-01
249 3.40820312500000e-01 1.16158485412598e-01
250 3.06640625000000e-01 9.40284729003906e-02
251 3.53027343750000e-01 1.24628305435181e-01
252 3.29101562500000e-01 1.08307838439941e-01
253 3.69628906250000e-01 1.36625528335571e-01
254 3.13476562500000e-01 9.82675552368164e-02
255 2.55371093750000e-01 6.52143955230713e-02
256 2.81250000000000e-01 7.91015625000000e-02
257 2.27050781250000e-01 5.15520572662354e-02
258 2.07031250000000e-01 4.28619384765625e-02
259 2.12890625000000e-01 4.53224182128906e-02
260 2.01660156250000e-01 4.06668186187744e-02
261 1.66015625000000e-01 2.75611877441406e-02
262 2.06542968750000e-01 4.26599979400635e-02
263 2.58789062500000e-01 6.69717788696289e-02
264 3.03710937500000e-01 9.22403335571289e-02
265 2.62695312500000e-01 6.90088272094727e-02
266 2.25585937500000e-01 5.08890151977539e-02
267 1.70410156250000e-01 2.90396213531494e-02
268 1.34277343750000e-01 1.80304050445557e-02
269 1.46972656250000e-01 2.16009616851807e-02
270 1.27441406250000e-01 1.62413120269775e-02
271 5.90820312500000e-02 3.49068641662598e-03
272 1.12792968750000e-01 1.27222537994385e-02
273 5.27343750000000e-02 2.78091430664062e-03
274 1.04492187500000e-01 1.09186172485352e-02
275 7.03125000000000e-02 4.94384765625000e-03
276 2.24609375000000e-02 5.04493713378906e-04
277 3.41796875000000e-03 1.16825103759766e-05
278 7.03125000000000e-02 4.94384765625000e-03
279 7.47070312500000e-02 5.58114051818848e-03
280 1.46484375000000e-02 2.14576721191406e-04
281 1.31835937500000e-02 1.73807144165039e-04
282 5.46875000000000e-02 2.99072265625000e-03
283 7.56835937500000e-02 5.72800636291504e-03
284 3.46679687500000e-02 1.20186805725098e-03
285 4.88281250000000e-03 2.38418579101562e-05
286 4.63867187500000e-02 2.15172767639160e-03
287 1.01562500000000e-01 1.03149414062500e-02
288 8.10546875000000e-02 6.56986236572266e-03
289 2.05078125000000e-02 4.20570373535156e-04
290 4.05273437500000e-02 1.64246559143066e-03
291 4.88281250000000e-04 2.38418579101562e-07
292 4.39453125000000e-03 1.93119049072266e-05
293 6.34765625000000e-03 4.02927398681641e-05
294 3.95507812500000e-02 1.56426429748535e-03
295 6.59179687500000e-02 4.34517860412598e-03
296 5.56640625000000e-02 3.09848785400391e-03
297 1.31835937500000e-01 1.73807144165039e-02
298 1.48925781250000e-01 2.21788883209229e-02
299 1.43066406250000e-01 2.04679965972900e-02
300 8.69140625000000e-02 7.55405426025391e-03
301 5.12695312500000e-02 2.62856483459473e-03
302 8.83789062500000e-02 7.81083106994629e-03
303 3.02734375000000e-02 9.16481018066406e-04
304 3.61328125000000e-02 1.30558013916016e-03
305 1.07421875000000e-02 1.15394592285156e-04
306 3.85742187500000e-02 1.48797035217285e-03
307 3.71093750000000e-02 1.37710571289062e-03
308 1.95312500000000e-03 3.81469726562500e-06
309 6.34765625000000e-03 4.02927398681641e-05
310 2.83203125000000e-02 8.02040100097656e-04
311 4.05273437500000e-02 1.64246559143066e-03
312 1.41601562500000e-02 2.00510025024414e-04
313 3.95507812500000e-02 1.56426429748535e-03
314 9.76562500000000e-04 9.53674316406250e-07
315 3.80859375000000e-02 1.45053863525391e-03
316 1.90429687500000e-02 3.62634658813477e-04
317 1.75781250000000e-02 3.08990478515625e-04
318 5.56640625000000e-02 3.09848785400391e-03
319 9.32617187500000e-02 8.69774818420410e-03
320 8.30078125000000e-02 6.89029693603516e-03
321 8.74023437500000e-02 7.63916969299316e-03
322 7.03125000000000e-02 4.94384765625000e-03
323 6.98242187500000e-02 4.87542152404785e-03
324 1.07910156250000e-01 1.16446018218994e-02
325 9.03320312500000e-02 8.15987586975098e-03
326 7.86132812500000e-02 6.18004798889160e-03
327 1.85546875000000e-02 3.44276428222656e-04
328 4.39453125000000e-02 1.93119049072266e-03
329 2.49023437500000e-02 6.20126724243164e-04
330 1.61132812500000e-02 2.59637832641602e-04
331 2.63671875000000e-02 6.95228576660156e-04
332 3.07617187500000e-02 9.46283340454102e-04
333 7.27539062500000e-02 5.29313087463379e-03
334 1.06933593750000e-01 1.14347934722900e-02
335 1.41113281250000e-01 1.99129581451416e-02
336 8.93554687500000e-02 7.98439979553223e-03
337 3.51562500000000e-02 1.23596191406250e-03
338 1.15722656250000e-01 1.33917331695557e-02
339 1.27441406250000e-01 1.62413120269775e-02
340 1.66015625000000e-01 2.75611877441406e-02
341 1.55273437500000e-01 2.41098403930664e-02
342 1.77246093750000e-01 3.14161777496338e-02
343 2.02636718750000e-01 4.10616397857666e-02
344 2.30468750000000e-01 5.31158447265625e-02
345 2.41699218750000e-01 5.84185123443604e-02
346 3.16406250000000e-01 1.00112915039062e-01
347 3.13964843750000e-01 9.85739231109619e-02
348 3.06152343750000e-01 9.37292575836182e-02
349 3.92578125000000e-01 1.54117584228516e-01
350 3.46191406250000e-01 1.19848489761353e-01
351 2.74414062500000e-01 7.53030776977539e-02
352 3.60839843750000e-01 1.30205392837524e-01
353 2.89062500000000e-01 8.35571289062500e-02
354 3.00781250000000e-01 9.04693603515625e-02
355 2.84667968750000e-01 8.10358524322510e-02
356 3.26660156250000e-01 1.06706857681274e-01
357 3.12011718750000e-01 9.73513126373291e-02
358 2.49023437500000e-01 6.20126724243164e-02
359 2.66113281250000e-01 7.08162784576416e-02
360 3.10546875000000e-01 9.64393615722656e-02
361 3.18847656250000e-01 1.01663827896118e-01
362 2.29492187500000e-01 5.26666641235352e-02
363 2.09960937500000e-01 4.40835952758789e-02
364 2.16308593750000e-01 4.67894077301025e-02
365 2.23144531250000e-01 4.97934818267822e-02
366 1.62109375000000e-01 2.62794494628906e-02
367 1.24511718750000e-01 1.55031681060791e-02
368 1.78710937500000e-01 3.19375991821289e-02
369 2.09960937500000e-01 4.40835952758789e-02
370 2.05078125000000e-01 4.20570373535156e-02
371 2.37304687500000e-01 5.63135147094727e-02
372 2.50000000000000e-01 6.25000000000000e-02
373 2.76855468750000e-01 7.66489505767822e-02
374 2.91503906250000e-01 8.49745273590088e-02
375 3.06152343750000e-01 9.37292575836182e-02
376 3.27636718750000e-01 1.07345819473267e-01
377 2.52929687500000e-01 6.39734268188477e-02
378 1.76269531250000e-01 3.10709476470947e-02
379 1.70898437500000e-01 2.92062759399414e-02
380 1.87500000000000e-01 3.51562500000000e-02
381 9.66796875000000e-02 9.34696197509766e-03
382 9.66796875000000e-02 9.34696197509766e-03
383 6.34765625000000e-02 4.02927398681641e-03
384 2.92968750000000e-02 8.58306884765625e-04
385 8.25195312500000e-02 6.80947303771973e-03
386 1.00097656250000e-01 1.00195407867432e-02
387 1.33789062500000e-01 1.78995132446289e-02
388 1.86035156250000e-01 3.46090793609619e-02
389 1.78222656250000e-01 3.17633152008057e-02
390 1.22558593750000e-01 1.50206089019775e-02
391 1.17187500000000e-01 1.37329101562500e-02
392 1.65039062500000e-01 2.72378921508789e-02
393 1.67968750000000e-01 2.82135009765625e-02
394 1.71875000000000e-01 2.95410156250000e-02
395 1.29882812500000e-01 1.68695449829102e-02
396 1.22070312500000e-01 1.49011611938477e-02
397 1.56250000000000e-01 2.44140625000000e-02
398 2.08984375000000e-01 4.36744689941406e-02
399 2.30468750000000e-01 5.31158447265625e-02
400 2.70019531250000e-01 7.29105472564697e-02
401 2.19238281250000e-01 4.80654239654541e-02
402 2.92480468750000e-01 8.55448246002197e-02
403 3.54980468750000e-01 1.26011133193970e-01
404 3.87695312500000e-01 1.50307655334473e-01
405 4.05761718750000e-01 1.64642572402954e-01
406 4.28222656250000e-01 1.83374643325806e-01
407 4.91210937500000e-01 2.41288185119629e-01
408 3.62792968750000e-01 1.31618738174438e-01
409 3.00781250000000e-01 9.04693603515625e-02
410 3.09082031250000e-01 9.55317020416260e-02
411 2.86132812500000e-01 8.18719863891602e-02
412 3.74023437500000e-01 1.39893531799316e-01
413 3.55957031250000e-01 1.26705408096313e-01
414 3.32031250000000e-01 1.10244750976562e-01
415 3.09570312500000e-01 9.58337783813477e-02
416 3.10058593750000e-01 9.61363315582275e-02
417 2.67089843750000e-01 7.13369846343994e-02
418 2.48535156250000e-01 6.17697238922119e-02
419 3.04199218750000e-01 9.25371646881104e-02
420 3.45214843750000e-01 1.19173288345337e-01
421 3.26171875000000e-01 1.06388092041016e-01
422 2.65136718750000e-01 7.02974796295166e-02
423 1.88964843750000e-01 3.57077121734619e-02
424 1.85546875000000e-01 3.44276428222656e-02
425 1.82617187500000e-01 3.33490371704102e-02
426 2.25585937500000e-01 5.08890151977539e-02
427 2.10449218750000e-01 4.42888736724854e-02
428 2.62695312500000e-01 6.90088272094727e-02
429 2.25097656250000e-01 5.06689548492432e-02
430 2.50000000000000e-01 6.25000000000000e-02
431 2.98339843750000e-01 8.90066623687744e-02
432 3.32519531250000e-01 1.10569238662720e-01
433 3.49609375000000e-01 1.22226715087891e-01
434 4.00878906250000e-01 1.60703897476196e-01
435 4.60449218750000e-01 2.12013483047485e-01
436 4.34570312500000e-01 1.88851356506348e-01
437 4.46289062500000e-01 1.99173927307129e-01
438 4.91210937500000e-01 2.41288185119629e-01
439 4.36035156250000e-01 1.90126657485962e-01
440 4.23339843750000e-01 1.79216623306274e-01
441 4.16015625000000e-01 1.73069000244141e-01
442 3.88671875000000e-01 1.51065826416016e-01
443 4.07226562500000e-01 1.65833473205566e-01
444 4.75585937500000e-01 2.26181983947754e-01
445 4.79980468750000e-01 2.30381250381470e-01
446 3.88671875000000e-01 1.51065826416016e-01
447 3.91113281250000e-01 1.52969598770142e-01
448 2.72949218750000e-01 7.45012760162354e-02
449 2.95410156250000e-01 8.72671604156494e-02
450 3.26171875000000e-01 1.06388092041016e-01
451 4.32617187500000e-01 1.87157630920410e-01
452 3.81347656250000e-01 1.45426034927368e-01
453 4.43359375000000e-01 1.96567535400391e-01
454 4.82421875000000e-01 2.32730865478516e-01
455 5.06835937500000e-01 2.56882667541504e-01
456 4.77539062500000e-01 2.28043556213379e-01
457 5.36132812500000e-01 2.87438392639160e-01
458 5.28808593750000e-01 2.79638528823853e-01
459 5.41015625000000e-01 2.92697906494141e-01
460 6.05957031250000e-01 3.67183923721313e-01
461 6.22070312500000e-01 3.86971473693848e-01
462 6.55273437500000e-01 4.29383277893066e-01
463 6.47460937500000e-01 4.19205665588379e-01
464 6.65527343750000e-01 4.42926645278931e-01
465 6.51855468750000e-01 4.24915552139282e-01
466 6.08886718750000e-01 3.70743036270142e-01
467 6.49902343750000e-01 4.22373056411743e-01
468 6.33789062500000e-01 4.01688575744629e-01
469 6.71875000000000e-01 4.51416015625000e-01
470 7.30468750000000e-01 5.33584594726562e-01
471 6.90917968750000e-01 4.77367639541626e-01
472 6.91406250000000e-01 4.78042602539062e-01
473 7.09472656250000e-01 5.03351449966431e-01
474 6.93847656250000e-01 4.81424570083618e-01
475 7.06542968750000e-01 4.99202966690063e-01
476 7.08007812500000e-01 5.01275062561035e-01
477 7.20703125000000e-01 5.19412994384766e-01
478 7.53906250000000e-01 5.68374633789062e-01
479 7.19238281250000e-01 5.17303705215454e-01
480 6.78710937500000e-01 4.60648536682129e-01
481 6.80175781250000e-01 4.62639093399048e-01
482 6.06445312500000e-01 3.67775917053223e-01
483 6.71386718750000e-01 4.50760126113892e-01
484 6.96777343750000e-01 4.85498666763306e-01
485 6.98242187500000e-01 4.87542152404785e-01
486 6.76757812500000e-01 4.58001136779785e-01
487 6.75781250000000e-01 4.56680297851562e-01
488 6.58203125000000e-01 4.33231353759766e-01
489 6.67968750000000e-01 4.46182250976562e-01
490 6.33789062500000e-01 4.01688575744629e-01
491 6.26953125000000e-01 3.93070220947266e-01
492 6.55273437500000e-01 4.29383277893066e-01
493 6.48925781250000e-01 4.21104669570923e-01
494 6.29882812500000e-01 3.96752357482910e-01
495 6.55761718750000e-01 4.30023431777954e-01
496 6.34277343750000e-01 4.02307748794556e-01
497 6.48437500000000e-01 4.20471191406250e-01
498 6.22558593750000e-01 3.87579202651978e-01
499 6.20117187500000e-01 3.84545326232910e-01
500 6.57714843750000e-01 4.32588815689087e-01
501 6.77246093750000e-01 4.58662271499634e-01
502 6.85546875000000e-01 4.69974517822266e-01
503 6.69921875000000e-01 4.48795318603516e-01
504 7.14355468750000e-01 5.10303735733032e-01
505 6.53808593750000e-01 4.27465677261353e-01
506 7.02636718750000e-01 4.93698358535767e-01
507 6.95800781250000e-01 4.84138727188110e-01
508 6.39648437500000e-01 4.09150123596191e-01
509 6.41113281250000e-01 4.11026239395142e-01
510 6.19140625000000e-01 3.83335113525391e-01
511 5.75195312500000e-01 3.30849647521973e-01
512 5.49316406250000e-01 3.01748514175415e-01
513 5.29785156250000e-01 2.80672311782837e-01
514 5.78125000000000e-01 3.34228515625000e-01
515 6.41113281250000e-01 4.11026239395142e-01
516 6.54785156250000e-01 4.28743600845337e-01
517 6.52832031250000e-01 4.26189661026001e-01
518 5.86425781250000e-01 3.43895196914673e-01
519 6.31835937500000e-01 3.99216651916504e-01
520 6.72363281250000e-01 4.52072381973267e-01
521 6.74316406250000e-01 4.54702615737915e-01
522 7.02636718750000e-01 4.93698358535767e-01
523 6.25488281250000e-01 3.91235589981079e-01
524 6.25976562500000e-01 3.91846656799316e-01
525 6.29394531250000e-01 3.96137475967407e-01
526 7.09960937500000e-01 5.04044532775879e-01
527 6.49414062500000e-01 4.21738624572754e-01
528 6.99218750000000e-01 4.88906860351562e-01
529 7.39257812500000e-01 5.46502113342285e-01
530 7.29492187500000e-01 5.32158851623535e-01
531 7.08984375000000e-01 5.02658843994141e-01
532 7.11914062500000e-01 5.06821632385254e-01
533 7.04589843750000e-01 4.96446847915649e-01
534 6.71875000000000e-01 4.51416015625000e-01
535 6.56738281250000e-01 4.31305170059204e-01
536 6.81152343750000e-01 4.63968515396118e-01
537 6.36718750000000e-01 4.05410766601562e-01
538 6.96289062500000e-01 4.84818458557129e-01
539 7.08496093750000e-01 5.01966714859009e-01
540 6.97265625000000e-01 4.86179351806641e-01
541 7.13867187500000e-01 5.09606361389160e-01
542 6.77246093750000e-01 4.58662271499634e-01
543 6.83105468750000e-01 4.66633081436157e-01
544 6.82617187500000e-01 4.65966224670410e-01
545 6.78710937500000e-01 4.60648536682129e-01
546 7.00683593750000e-01 4.90957498550415e-01
547 7.30957031250000e-01 5.34298181533813e-01
548 6.98242187500000e-01 4.87542152404785e-01
549 7.03613281250000e-01 4.95071649551392e-01
550 6.01074218750000e-01 3.61290216445923e-01
551 5.86425781250000e-01 3.43895196914673e-01
552 6.05957031250000e-01 3.67183923721313e-01
553 5.90820312500000e-01 3.49068641662598e-01
554 6.45507812500000e-01 4.16680335998535e-01
555 6.35253906250000e-01 4.03547525405884e-01
556 7.03125000000000e-01 4.94384765625000e-01
557 7.18750000000000e-01 5.16601562500000e-01
558 6.65039062500000e-01 4.42276954650879e-01
559 6.13769531250000e-01 3.76713037490845e-01
560 6.28906250000000e-01 3.95523071289062e-01
561 6.09375000000000e-01 3.71337890625000e-01
562 5.63476562500000e-01 3.17505836486816e-01
563 5.31738281250000e-01 2.82745599746704e-01
564 5.03906250000000e-01 2.53921508789062e-01
565 5.09277343750000e-01 2.59363412857056e-01
566 4.95117187500000e-01 2.45141029357910e-01
567 5.05859375000000e-01 2.55893707275391e-01
568 5.03417968750000e-01 2.53429651260376e-01
569 5.17578125000000e-01 2.67887115478516e-01
570 5.17578125000000e-01 2.67887115478516e-01
571 4.46777343750000e-01 1.99609994888306e-01
572 4.15039062500000e-01 1.72257423400879e-01
573 3.39843750000000e-01 1.15493774414062e-01
574 3.76953125000000e-01 1.42093658447266e-01
575 3.63281250000000e-01 1.31973266601562e-01
576 3.76464843750000e-01 1.41725778579712e-01
577 3.76953125000000e-01 1.42093658447266e-01
578 3.82812500000000e-01 1.46545410156250e-01
579 3.55468750000000e-01 1.26358032226562e-01
580 3.34472656250000e-01 1.11871957778931e-01
581 3.54492187500000e-01 1.25664710998535e-01
582 3.20800781250000e-01 1.02913141250610e-01
583 2.79296875000000e-01 7.80067443847656e-02
584 3.38378906250000e-01 1.14500284194946e-01
585 3.53515625000000e-01 1.24973297119141e-01
586 4.05273437500000e-01 1.64246559143066e-01
587 3.68164062500000e-01 1.35544776916504e-01
588 3.47167968750000e-01 1.20525598526001e-01
589 3.41796875000000e-01 1.16825103759766e-01
590 2.98339843750000e-01 8.90066623687744e-02
591 3.27148437500000e-01 1.07026100158691e-01
592 2.67578125000000e-01 7.15980529785156e-02
593 2.66113281250000e-01 7.08162784576416e-02
594 3.16406250000000e-01 1.00112915039062e-01
595 2.65625000000000e-01 7.05566406250000e-02
596 3.22753906250000e-01 1.04170083999634e-01
597 3.07617187500000e-01 9.46283340454102e-02
598 2.84667968750000e-01 8.10358524322510e-02
599 2.48535156250000e-01 6.17697238922119e-02
600 3.22753906250000e-01 1.04170083999634e-01
601 2.49023437500000e-01 6.20126724243164e-02
602 2.74414062500000e-01 7.53030776977539e-02
603 2.24609375000000e-01 5.04493713378906e-02
604 2.64648437500000e-01 7.00387954711914e-02
605 2.59765625000000e-01 6.74781799316406e-02
606 3.25195312500000e-01 1.05751991271973e-01
607 3.86230468750000e-01 1.49173974990845e-01
608 4.59472656250000e-01 2.11115121841431e-01
609 4.48242187500000e-01 2.00921058654785e-01
610 4.33105468750000e-01 1.87580347061157e-01
611 4.16503906250000e-01 1.73475503921509e-01
612 4.57519531250000e-01 2.09324121475220e-01
613 4.60449218750000e-01 2.12013483047485e-01
614 4.58007812500000e-01 2.09771156311035e-01
615 4.63378906250000e-01 2.14720010757446e-01
616 4.83886718750000e-01 2.34146356582642e-01
617 4.73144531250000e-01 2.23865747451782e-01
618 4.66796875000000e-01 2.17899322509766e-01
619 4.62402343750000e-01 2.13815927505493e-01
620 4.62890625000000e-01 2.14267730712891e-01
621 4.80957031250000e-01 2.31319665908813e-01
622 4.37011718750000e-01 1.90979242324829e-01
623 3.79394531250000e-01 1.43940210342407e-01
624 3.54492187500000e-01 1.25664710998535e-01
625 3.89160156250000e-01 1.51445627212524e-01
626 3.79882812500000e-01 1.44310951232910e-01
627 4.01367187500000e-01 1.61095619201660e-01
628 3.69140625000000e-01 1.36264801025391e-01
629 3.24218750000000e-01 1.05117797851562e-01
630 4.32617187500000e-01 1.87157630920410e-01
631 4.65820312500000e-01 2.16988563537598e-01
632 4.54101562500000e-01 2.06208229064941e-01
633 4.28710937500000e-01 1.83793067932129e-01
634 4.69726562500000e-01 2.20643043518066e-01
635 4.86816406250000e-01 2.36990213394165e-01
636 4.59472656250000e-01 2.11115121841431e-01
637 4.98535156250000e-01 2.48537302017212e-01
638 5.43457031250000e-01 2.95345544815063e-01
639 4.95605468750000e-01 2.45624780654907e-01
640 4.85351562500000e-01 2.35566139221191e-01
641 4.95605468750000e-01 2.45624780654907e-01
642 4.44335937500000e-01 1.97434425354004e-01
643 3.98925781250000e-01 1.59141778945923e-01
644 3.78906250000000e-01 1.43569946289062e-01
645 4.37500000000000e-01 1.91406250000000e-01
646 4.32617187500000e-01 1.87157630920410e-01
647 4.73632812500000e-01 2.24328041076660e-01
648 4.86328125000000e-01 2.36515045166016e-01
649 4.73144531250000e-01 2.23865747451782e-01
650 4.87792968750000e-01 2.37941980361938e-01
651 5.24902343750000e-01 2.75522470474243e-01
652 5.29785156250000e-01 2.80672311782837e-01
653 6.00585937500000e-01 3.60703468322754e-01
654 5.84960937500000e-01 3.42179298400879e-01
655 5.89355468750000e-01 3.47339868545532e-01
656 6.60644531250000e-01 4.36451196670532e-01
657 7.06054687500000e-01 4.98513221740723e-01
658 6.93847656250000e-01 4.81424570083618e-01
659 6.59179687500000e-01 4.34517860412598e-01
660 7.19238281250000e-01 5.17303705215454e-01
661 7.18750000000000e-01 5.16601562500000e-01
662 7.35351562500000e-01 5.40741920471191e-01
663 7.01660156250000e-01 4.92326974868774e-01
664 7.00683593750000e-01 4.90957498550415e-01
665 7.09472656250000e-01 5.03351449966431e-01
666 6.91894531250000e-01 4.78718042373657e-01
667 7.01660156250000e-01 4.92326974868774e-01
668 6.91406250000000e-01 4.78042602539062e-01
669 7.12402343750000e-01 5.07517099380493e-01
670 6.70410156250000e-01 4.49449777603149e-01
671 6.72851562500000e-01 4.52729225158691e-01
672 7.47558593750000e-01 5.58843851089478e-01
673 7.44140625000000e-01 5.53745269775391e-01
674 7.46093750000000e-01 5.56655883789062e-01
675 7.75390625000000e-01 6.01230621337891e-01
676 7.69042968750000e-01 5.91427087783813e-01
677 7.64160156250000e-01 5.83940744400024e-01
678 7.34375000000000e-01 5.39306640625000e-01
679 7.47070312500000e-01 5.58114051818848e-01
680 7.37304687500000e-01 5.43618202209473e-01
681 7.33886718750000e-01 5.38589715957642e-01
682 7.50488281250000e-01 5.63232660293579e-01
683 7.52929687500000e-01 5.66903114318848e-01
684 7.27050781250000e-01 5.28602838516235e-01
685 7.09472656250000e-01 5.03351449966431e-01
686 7.33398437500000e-01 5.37873268127441e-01
687 6.61621093750000e-01 4.37742471694946e-01
688 6.63085937500000e-01 4.39682960510254e-01
689 6.59667968750000e-01 4.35161828994751e-01
690 6.42578125000000e-01 4.12906646728516e-01
691 6.75781250000000e-01 4.56680297851562e-01
692 6.00585937500000e-01 3.60703468322754e-01
693 6.27929687500000e-01 3.94295692443848e-01
694 6.71386718750000e-01 4.50760126113892e-01
695 7.02148437500000e-01 4.93012428283691e-01
696 6.31347656250000e-01 3.98599863052368e-01
697 5.83984375000000e-01 3.41037750244141e-01
698 5.27343750000000e-01 2.78091430664062e-01
699 5.20019531250000e-01 2.70420312881470e-01
700 5.51757812500000e-01 3.04436683654785e-01
701 5.92773437500000e-01 3.51380348205566e-01
702 5.67871093750000e-01 3.22477579116821e-01
703 6.01074218750000e-01 3.61290216445923e-01
704 6.44042968750000e-01 4.14791345596313e-01
705 6.21093750000000e-01 3.85757446289062e-01
706 6.17675781250000e-01 3.81523370742798e-01
707 5.44921875000000e-01 2.96939849853516e-01
708 5.28808593750000e-01 2.79638528823853e-01
709 5.66894531250000e-01 3.21369409561157e-01
710 5.53710937500000e-01 3.06595802307129e-01
711 5.09765625000000e-01 2.59860992431641e-01
712 4.86328125000000e-01 2.36515045166016e-01
713 4.92187500000000e-01 2.42248535156250e-01
714 4.45800781250000e-01 1.98738336563110e-01
715 4.55078125000000e-01 2.07096099853516e-01
716 4.39941406250000e-01 1.93548440933228e-01
717 4.40917968750000e-01 1.94408655166626e-01
718 3.22265625000000e-01 1.03855133056641e-01
719 2.49023437500000e-01 6.20126724243164e-02
720 2.27050781250000e-01 5.15520572662354e-02
721 2.44140625000000e-01 5.96046447753906e-02
722 2.47070312500000e-01 6.10437393188477e-02
723 2.01171875000000e-01 4.04701232910156e-02
724 1.78710937500000e-01 3.19375991821289e-02
725 1.80664062500000e-01 3.26395034790039e-02
726 1.58691406250000e-01 2.51829624176025e-02
727 1.71386718750000e-01 2.93734073638916e-02
728 2.36816406250000e-01 5.60820102691650e-02
729 2.12890625000000e-01 4.53224182128906e-02
730 2.09472656250000e-01 4.38787937164307e-02
731 2.85156250000000e-01 8.13140869140625e-02
732 1.94335937500000e-01 3.77664566040039e-02
733 2.15820312500000e-01 4.65784072875977e-02
734 2.79785156250000e-01 7.82797336578369e-02
735 2.51464843750000e-01 6.32345676422119e-02
736 2.27539062500000e-01 5.17740249633789e-02
737 2.44628906250000e-01 5.98433017730713e-02
738 2.17773437500000e-01 4.74252700805664e-02
739 2.22167968750000e-01 4.93586063385010e-02
740 2.16308593750000e-01 4.67894077301025e-02
741 2.19238281250000e-01 4.80654239654541e-02
742 2.16308593750000e-01 4.67894077301025e-02
743 2.15820312500000e-01 4.65784072875977e-02
744 2.91503906250000e-01 8.49745273590088e-02
745 2.58789062500000e-01 6.69717788696289e-02
746 3.27636718750000e-01 1.07345819473267e-01
747 3.43750000000000e-01 1.18164062500000e-01
748 3.55957031250000e-01 1.26705408096313e-01
749 3.50097656250000e-01 1.22568368911743e-01
750 4.01855468750000e-01 1.61487817764282e-01
751 3.18359375000000e-01 1.01352691650391e-01
752 2.57324218750000e-01 6.62157535552979e-02
753 2.20214843750000e-01 4.84945774078369e-02
754 2.52929687500000e-01 6.39734268188477e-02
755 2.24609375000000e-01 5.04493713378906e-02
756 2.24121093750000e-01 5.02302646636963e-02
757 2.80273437500000e-01 7.85531997680664e-02
758 3.13964843750000e-01 9.85739231109619e-02
759 3.47656250000000e-01 1.20864868164062e-01
760 3.01757812500000e-01 9.10577774047852e-02
761 3.30078125000000e-01 1.08951568603516e-01
762 3.55468750000000e-01 1.26358032226562e-01
763 4.18945312500000e-01 1.75515174865723e-01
764 4.44335937500000e-01 1.97434425354004e-01
765 4.46777343750000e-01 1.99609994888306e-01
766 4.45800781250000e-01 1.98738336563110e-01
767 4.96582031250000e-01 2.46593713760376e-01
768 5.25878906250000e-01 2.76548624038696e-01
769 4.51171875000000e-01 2.03556060791016e-01
770 4.87792968750000e-01 2.37941980361938e-01
771 4.01367187500000e-01 1.61095619201660e-01
772 4.08203125000000e-01 1.66629791259766e-01
773 5.29785156250000e-01 2.80672311782837e-01
774 5.06347656250000e-01 2.56387948989868e-01
775 5.05371093750000e-01 2.55399942398071e-01
776 4.99511718750000e-01 2.49511957168579e-01
777 4.78027343750000e-01 2.28510141372681e-01
778 4.77539062500000e-01 2.28043556213379e-01
779 4.77539062500000e-01 2.28043556213379e-01
780 5.35156250000000e-01 2.86392211914062e-01
781 5.22460937500000e-01 2.72965431213379e-01
782 4.90722656250000e-01 2.40808725357056e-01
783 4.75585937500000e-01 2.26181983947754e-01
784 4.12109375000000e-01 1.69834136962891e-01
785 4.08203125000000e-01 1.66629791259766e-01
786 4.26757812500000e-01 1.82122230529785e-01
787 4.24804687500000e-01 1.80459022521973e-01
788 4.22851562500000e-01 1.78803443908691e-01
789 3.53027343750000e-01 1.24628305435181e-01
790 3.51074218750000e-01 1.23253107070923e-01
791 3.24707031250000e-01 1.05434656143188e-01
792 3.00292968750000e-01 9.01758670806885e-02
793 2.81738281250000e-01 7.93764591217041e-02
794 2.43164062500000e-01 5.91287612915039e-02
795 2.51464843750000e-01 6.32345676422119e-02
796 2.56835937500000e-01 6.59646987915039e-02
797 2.70019531250000e-01 7.29105472564697e-02
798 2.57324218750000e-01 6.62157535552979e-02
799 2.87109375000000e-01 8.24317932128906e-02
800 3.11035156250000e-01 9.67428684234619e-02
801 3.06640625000000e-01 9.40284729003906e-02
802 2.37792968750000e-01 5.65454959869385e-02
803 3.26660156250000e-01 1.06706857681274e-01
804 2.67089843750000e-01 7.13369846343994e-02
805 2.54394531250000e-01 6.47165775299072e-02
806 3.39843750000000e-01 1.15493774414062e-01
807 3.71093750000000e-01 1.37710571289062e-01
808 3.76464843750000e-01 1.41725778579712e-01
809 3.54980468750000e-01 1.26011133193970e-01
810 3.56933593750000e-01 1.27401590347290e-01
811 3.34472656250000e-01 1.11871957778931e-01
812 3.43261718750000e-01 1.17828607559204e-01
813 2.30957031250000e-01 5.33411502838135e-02
814 1.50390625000000e-01 2.26173400878906e-02
815 1.89453125000000e-01 3.58924865722656e-02
816 2.76855468750000e-01 7.66489505767822e-02
817 3.07128906250000e-01 9.43281650543213e-02
818 3.61816406250000e-01 1.30911111831665e-01
819 4.13085937500000e-01 1.70639991760254e-01
820 3.97460937500000e-01 1.57975196838379e-01
821 3.88671875000000e-01 1.51065826416016e-01
822 3.47167968750000e-01 1.20525598526001e-01
823 3.38867187500000e-01 1.14830970764160e-01
824 3.34960937500000e-01 1.12198829650879e-01
825 3.43261718750000e-01 1.17828607559204e-01
826 3.89160156250000e-01 1.51445627212524e-01
827 3.48144531250000e-01 1.21204614639282e-01
828 4.45800781250000e-01 1.98738336563110e-01
829 4.38964843750000e-01 1.92690134048462e-01
830 5.12695312500000e-01 2.62856483459473e-01
831 5.15625000000000e-01 2.65869140625000e-01
832 5.06347656250000e-01 2.56387948989868e-01
833 4.35546875000000e-01 1.89701080322266e-01
834 4.14550781250000e-01 1.71852350234985e-01
835 4.12109375000000e-01 1.69834136962891e-01
836 4.29199218750000e-01 1.84211969375610e-01
837 4.43847656250000e-01 1.97000741958618e-01
838 4.03808593750000e-01 1.63061380386353e-01
839 3.97949218750000e-01 1.58363580703735e-01
840 4.09179687500000e-01 1.67428016662598e-01
841 3.57421875000000e-01 1.27750396728516e-01
842 3.87207031250000e-01 1.49929285049438e-01
843 3.44726562500000e-01 1.18836402893066e-01
844 3.48144531250000e-01 1.21204614639282e-01
845 3.64746093750000e-01 1.33039712905884e-01
846 2.95898437500000e-01 8.75558853149414e-02
847 3.16406250000000e-01 1.00112915039062e-01
848 2.87597656250000e-01 8.27124118804932e-02
849 2.05566406250000e-01 4.22575473785400e-02
850 2.36816406250000e-01 5.60820102691650e-02
851 2.60742187500000e-01 6.79864883422852e-02
852 2.94433593750000e-01 8.66911411285400e-02
853 3.06152343750000e-01 9.37292575836182e-02
854 2.39746093750000e-01 5.74781894683838e-02
855 2.91992187500000e-01 8.52594375610352e-02
856 3.13476562500000e-01 9.82675552368164e-02
857 2.00683593750000e-01 4.02739048004150e-02
858 1.69433593750000e-01 2.87077426910400e-02
859 1.69433593750000e-01 2.87077426910400e-02
860 1.68945312500000e-01 2.85425186157227e-02
861 1.55273437500000e-01 2.41098403930664e-02
862 1.54296875000000e-01 2.38075256347656e-02
863 1.80664062500000e-01 3.26395034790039e-02
864 2.22167968750000e-01 4.93586063385010e-02
865 2.81738281250000e-01 7.93764591217041e-02
866 2.32421875000000e-01 5.40199279785156e-02
867 2.50488281250000e-01 6.27443790435791e-02
868 2.30957031250000e-01 5.33411502838135e-02
869 2.51464843750000e-01 6.32345676422119e-02
870 1.96777343750000e-01 3.87213230133057e-02
871 3.20312500000000e-01 1.02600097656250e-01
872 3.20800781250000e-01 1.02913141250610e-01
873 3.48632812500000e-01 1.21544837951660e-01
874 3.87207031250000e-01 1.49929285049438e-01
875 4.87792968750000e-01 2.37941980361938e-01
876 5.71777343750000e-01 3.26929330825806e-01
877 5.30761718750000e-01 2.81708002090454e-01
878 5.54199218750000e-01 3.07136774063110e-01
879 5.62011718750000e-01 3.15857172012329e-01
880 5.00000000000000e-01 2.50000000000000e-01
881 5.39062500000000e-01 2.90588378906250e-01
882 5.71777343750000e-01 3.26929330825806e-01
883 5.81054687500000e-01 3.37624549865723e-01
884 6.32324218750000e-01 3.99833917617798e-01
885 6.38671875000000e-01 4.07901763916016e-01
886 5.95703125000000e-01 3.54862213134766e-01
887 6.19628906250000e-01 3.83939981460571e-01
888 6.23046875000000e-01 3.88187408447266e-01
889 6.34765625000000e-01 4.02927398681641e-01
890 6.25976562500000e-01 3.91846656799316e-01
891 6.75781250000000e-01 4.56680297851562e-01
892 6.83593750000000e-01 4.67300415039062e-01
893 6.62109375000000e-01 4.38388824462891e-01
894 6.64550781250000e-01 4.41627740859985e-01
895 7.15332031250000e-01 5.11699914932251e-01
896 6.83105468750000e-01 4.66633081436157e-01
897 6.71875000000000e-01 4.51416015625000e-01
898 6.91894531250000e-01 4.78718042373657e-01
899 6.38671875000000e-01 4.07901763916016e-01
900 6.42089843750000e-01 4.12279367446899e-01
901 5.98632812500000e-01 3.58361244201660e-01
902 6.34277343750000e-01 4.02307748794556e-01
903 6.67968750000000e-01 4.46182250976562e-01
904 6.39160156250000e-01 4.08525705337524e-01
905 6.14746093750000e-01 3.77912759780884e-01
906 5.93261718750000e-01 3.51959466934204e-01
907 6.20605468750000e-01 3.85151147842407e-01
908 6.64062500000000e-01 4.40979003906250e-01
909 6.20605468750000e-01 3.85151147842407e-01
910 6.29882812500000e-01 3.96752357482910e-01
911 5.96679687500000e-01 3.56026649475098e-01
912 5.73242187500000e-01 3.28606605529785e-01
913 5.36132812500000e-01 2.87438392639160e-01
914 4.75585937500000e-01 2.26181983947754e-01
915 5.41015625000000e-01 2.92697906494141e-01
916 6.01074218750000e-01 3.61290216445923e-01
917 6.21093750000000e-01 3.85757446289062e-01
918 6.01562500000000e-01 3.61877441406250e-01
919 5.45410156250000e-01 2.97472238540649e-01
920 5.38574218750000e-01 2.90062189102173e-01
921 5.37597656250000e-01 2.89011240005493e-01
922 5.56640625000000e-01 3.09848785400391e-01
923 5.33203125000000e-01 2.84305572509766e-01
924 4.45312500000000e-01 1.98303222656250e-01
925 4.83886718750000e-01 2.34146356582642e-01
926 4.72656250000000e-01 2.23403930664062e-01
927 4.79980468750000e-01 2.30381250381470e-01
928 4.66796875000000e-01 2.17899322509766e-01
929 4.28222656250000e-01 1.83374643325806e-01
930 3.81835937500000e-01 1.45798683166504e-01
931 4.17968750000000e-01 1.74697875976562e-01
932 4.32128906250000e-01 1.86735391616821e-01
933 4.34570312500000e-01 1.88851356506348e-01
934 4.53125000000000e-01 2.05322265625000e-01
935 4.70703125000000e-01 2.21561431884766e-01
936 3.91113281250000e-01 1.52969598770142e-01
937 3.48632812500000e-01 1.21544837951660e-01
938 3.16894531250000e-01 1.00422143936157e-01
939 3.29589843750000e-01 1.08629465103149e-01
940 3.27636718750000e-01 1.07345819473267e-01
941 2.40234375000000e-01 5.77125549316406e-02
942 1.77734375000000e-01 3.15895080566406e-02
943 2.57324218750000e-01 6.62157535552979e-02
944 1.64550781250000e-01 2.70769596099854e-02
945 1.92871093750000e-01 3.71992588043213e-02
946 1.21093750000000e-01 1.46636962890625e-02
947 1.11328125000000e-01 1.23939514160156e-02
948 1.33789062500000e-01 1.78995132446289e-02
949 1.22070312500000e-01 1.49011611938477e-02
950 1.58691406250000e-01 2.51829624176025e-02
951 1.33300781250000e-01 1.77690982818604e-02
952 1.32324218750000e-01 1.75096988677979e-02
953 1.89941406250000e-01 3.60777378082275e-02
954 2.17285156250000e-01 4.72128391265869e-02
955 2.02148437500000e-01 4.08639907836914e-02
956 1.71386718750000e-01 2.93734073638916e-02
957 1.74316406250000e-01 3.03862094879150e-02
958 7.51953125000000e-02 5.65433502197266e-03
959 2.29492187500000e-02 5.26666641235352e-04
960 1.22070312500000e-02 1.49011611938477e-04
961 5.85937500000000e-02 3.43322753906250e-03
962 2.63671875000000e-02 6.95228576660156e-04
963 2.53906250000000e-02 6.44683837890625e-04
964 2.39257812500000e-02 5.72443008422852e-04
965 1.12304687500000e-02 1.26123428344727e-04
966 3.75976562500000e-02 1.41358375549316e-03
967 7.08007812500000e-02 5.01275062561035e-03
968 1.03515625000000e-01 1.07154846191406e-02
969 1.09863281250000e-01 1.20699405670166e-02
970 9.08203125000000e-02 8.24832916259766e-03
971 3.07617187500000e-02 9.46283340454102e-04
972 1.47949218750000e-01 2.18889713287354e-02
973 1.71386718750000e-01 2.93734073638916e-02
974 2.51953125000000e-01 6.34803771972656e-02
975 2.43164062500000e-01 5.91287612915039e-02
976 2.21679687500000e-01 4.91418838500977e-02
977 1.46972656250000e-01 2.16009616851807e-02
978 8.93554687500000e-02 7.98439979553223e-03
979 1.15234375000000e-01 1.32789611816406e-02
980 1.29394531250000e-01 1.67429447174072e-02
981 1.53320312500000e-01 2.35071182250977e-02
982 5.71289062500000e-02 3.26371192932129e-03
983 2.63671875000000e-02 6.95228576660156e-04
984 1.56250000000000e-02 2.44140625000000e-04
985 7.32421875000000e-03 5.36441802978516e-05
986 8.78906250000000e-03 7.72476196289062e-05
987 4.88281250000000e-04 2.38418579101562e-07
988 5.85937500000000e-02 3.43322753906250e-03
989 1.40136718750000e-01 1.96382999420166e-02
990 1.08398437500000e-01 1.17502212524414e-02
991 1.85546875000000e-01 3.44276428222656e-02
992 2.26074218750000e-01 5.11095523834229e-02
993 2.23144531250000e-01 4.97934818267822e-02
994 1.86523437500000e-01 3.47909927368164e-02
995 2.80273437500000e-01 7.85531997680664e-02
996 2.18261718750000e-01 4.76381778717041e-02
997 2.17285156250000e-01 4.72128391265869e-02
998 1.86035156250000e-01 3.46090793609619e-02
999 2.24609375000000e-01 5.04493713378906e-02
