0 6.55273437500000e-01 4.29383277893066e-01
1 6.75781250000000e-01 4.56680297851562e-01
2 6.85058593750000e-01 4.69305276870728e-01
3 6.78710937500000e-01 4.60648536682129e-01
4 5.83984375000000e-01 3.41037750244141e-01
5 6.43066406250000e-01 4.13534402847290e-01
6 5.72753906250000e-01 3.28047037124634e-01
7 5.51757812500000e-01 3.04436683654785e-01
8 6.25976562500000e-01 3.91846656799316e-01
9 6.80664062500000e-01 4.63303565979004e-01
10 6.24511718750000e-01 3.90014886856079e-01
11 5.39550781250000e-01 2.91115045547485e-01
12 5.51757812500000e-01 3.04436683654785e-01
13 5.70312500000000e-01 3.25256347656250e-01
14 6.04980468750000e-01 3.66001367568970e-01
15 6.22558593750000e-01 3.87579202651978e-01
16 7.01171875000000e-01 4.91641998291016e-01
17 6.49902343750000e-01 4.22373056411743e-01
18 7.30957031250000e-01 5.34298181533813e-01
19 7.44628906250000e-01 5.54472208023071e-01
20 7.41699218750000e-01 5.50117731094360e-01
21 6.92871093750000e-01 4.80070352554321e-01
22 6.91894531250000e-01 4.78718042373657e-01
23 6.70898437500000e-01 4.50104713439941e-01
24 6.42089843750000e-01 4.12279367446899e-01
25 6.41601562500000e-01 4.11652565002441e-01
26 6.17675781250000e-01 3.81523370742798e-01
27 6.01562500000000e-01 3.61877441406250e-01
28 6.02539062500000e-01 3.63053321838379e-01
29 6.13769531250000e-01 3.76713037490845e-01
30 6.05468750000000e-01 3.66592407226562e-01
31 5.83007812500000e-01 3.39898109436035e-01
32 5.88867187500000e-01 3.46764564514160e-01
33 6.18164062500000e-01 3.82126808166504e-01
34 7.01660156250000e-01 4.92326974868774e-01
35 6.86523437500000e-01 4.71314430236816e-01
36 6.71875000000000e-01 4.51416015625000e-01
37 6.15722656250000e-01 3.79114389419556e-01
38 6.39648437500000e-01 4.09150123596191e-01
39 6.14746093750000e-01 3.77912759780884e-01
40 6.90917968750000e-01 4.77367639541626e-01
41 6.48437500000000e-01 4.20471191406250e-01
42 5.85449218750000e-01 3.42750787734985e-01
43 6.26953125000000e-01 3.93070220947266e-01
44 6.43554687500000e-01 4.14162635803223e-01
45 6.53808593750000e-01 4.27465677261353e-01
46 7.28027343750000e-01 5.30023813247681e-01
47 7.17773437500000e-01 5.15198707580566e-01
48 7.02148437500000e-01 4.93012428283691e-01
49 7.04101562500000e-01 4.95759010314941e-01
50 7.08496093750000e-01 5.01966714859009e-01
51 6.41113281250000e-01 4.11026239395142e-01
52 6.31347656250000e-01 3.98599863052368e-01
53 6.33300781250000e-01 4.01069879531860e-01
54 6.29882812500000e-01 3.96752357482910e-01
55 6.41113281250000e-01 4.11026239395142e-01
56 5.82519531250000e-01 3.39329004287720e-01
57 6.06933593750000e-01 3.68368387222290e-01
58 6.43066406250000e-01 4.13534402847290e-01
59 6.48437500000000e-01 4.20471191406250e-01
60 6.44531250000000e-01 4.15420532226562e-01
61 6.08886718750000e-01 3.70743036270142e-01
62 6.40136718750000e-01 4.09775018692017e-01
63 7.01660156250000e-01 4.92326974868774e-01
64 7.12402343750000e-01 5.07517099380493e-01
65 6.90429687500000e-01 4.76693153381348e-01
66 6.76269531250000e-01 4.57340478897095e-01
67 6.76269531250000e-01 4.57340478897095e-01
68 6.89453125000000e-01 4.75345611572266e-01
69 6.75292968750000e-01 4.56020593643188e-01
70 7.36328125000000e-01 5.42179107666016e-01
71 6.65527343750000e-01 4.42926645278931e-01
72 7.25585937500000e-01 5.26474952697754e-01
73 7.22656250000000e-01 5.22232055664062e-01
74 6.61621093750000e-01 4.37742471694946e-01
75 6.76269531250000e-01 4.57340478897095e-01
76 6.59667968750000e-01 4.35161828994751e-01
77 6.50390625000000e-01 4.23007965087891e-01
78 6.09375000000000e-01 3.71337890625000e-01
79 6.39648437500000e-01 4.09150123596191e-01
80 6.09863281250000e-01 3.71933221817017e-01
81 5.83007812500000e-01 3.39898109436035e-01
82 5.64941406250000e-01 3.19158792495728e-01
83 5.14160156250000e-01 2.64360666275024e-01
84 4.90234375000000e-01 2.40329742431641e-01
85 4.89746093750000e-01 2.39851236343384e-01
86 4.79980468750000e-01 2.30381250381470e-01
87 4.77050781250000e-01 2.27577447891235e-01
88 5.51757812500000e-01 3.04436683654785e-01
89 5.54687500000000e-01 3.07678222656250e-01
90 5.82031250000000e-01 3.38760375976562e-01
91 5.91796875000000e-01 3.50223541259766e-01
92 5.41503906250000e-01 2.93226480484009e-01
93 4.96093750000000e-01 2.46109008789062e-01
94 4.71191406250000e-01 2.22021341323853e-01
95 4.76562500000000e-01 2.27111816406250e-01
96 5.17578125000000e-01 2.67887115478516e-01
97 5.00976562500000e-01 2.50977516174316e-01
98 5.25878906250000e-01 2.76548624038696e-01
99 5.70800781250000e-01 3.25813531875610e-01
100 5.71289062500000e-01 3.26371192932129e-01
101 5.28320312500000e-01 2.79122352600098e-01
102 5.53222656250000e-01 3.06055307388306e-01
103 5.50781250000000e-01 3.03359985351562e-01
104 5.65917968750000e-01 3.20263147354126e-01
105 5.72265625000000e-01 3.27487945556641e-01
106 5.55175781250000e-01 3.08220148086548e-01
107 5.71777343750000e-01 3.26929330825806e-01
108 5.10742187500000e-01 2.60857582092285e-01
109 5.05859375000000e-01 2.55893707275391e-01
110 4.59960937500000e-01 2.11564064025879e-01
111 4.45800781250000e-01 1.98738336563110e-01
112 4.32128906250000e-01 1.86735391616821e-01
113 3.85253906250000e-01 1.48420572280884e-01
114 4.28710937500000e-01 1.83793067932129e-01
115 4.17968750000000e-01 1.74697875976562e-01
116 4.25781250000000e-01 1.81289672851562e-01
117 4.43359375000000e-01 1.96567535400391e-01
118 3.75000000000000e-01 1.40625000000000e-01
119 3.29589843750000e-01 1.08629465103149e-01
120 3.28125000000000e-01 1.07666015625000e-01
121 3.48632812500000e-01 1.21544837951660e-01
122 3.85742187500000e-01 1.48797035217285e-01
123 4.10156250000000e-01 1.68228149414062e-01
124 3.60839843750000e-01 1.30205392837524e-01
125 2.99316406250000e-01 8.95903110504150e-02
126 2.53906250000000e-01 6.44683837890625e-02
127 3.61328125000000e-01 1.30558013916016e-01
128 3.13964843750000e-01 9.85739231109619e-02
129 3.62792968750000e-01 1.31618738174438e-01
130 3.76953125000000e-01 1.42093658447266e-01
131 4.68750000000000e-01 2.19726562500000e-01
132 4.20898437500000e-01 1.77155494689941e-01
133 4.31640625000000e-01 1.86313629150391e-01
134 4.03320312500000e-01 1.62667274475098e-01
135 4.43847656250000e-01 1.97000741958618e-01
136 5.28320312500000e-01 2.79122352600098e-01
137 5.58593750000000e-01 3.12026977539062e-01
138 5.30761718750000e-01 2.81708002090454e-01
139 5.45410156250000e-01 2.97472238540649e-01
140 5.74218750000000e-01 3.29727172851562e-01
141 5.76171875000000e-01 3.31974029541016e-01
142 6.43554687500000e-01 4.14162635803223e-01
143 6.59179687500000e-01 4.34517860412598e-01
144 5.98144531250000e-01 3.57776880264282e-01
145 5.42480468750000e-01 2.94285058975220e-01
146 5.25390625000000e-01 2.76035308837891e-01
147 5.91796875000000e-01 3.50223541259766e-01
148 5.98632812500000e-01 3.58361244201660e-01
149 5.76171875000000e-01 3.31974029541016e-01
150 5.97656250000000e-01 3.57192993164062e-01
151 5.62500000000000e-01 3.16406250000000e-01
152 5.65917968750000e-01 3.20263147354126e-01
153 5.41992187500000e-01 2.93755531311035e-01
154 5.45410156250000e-01 2.97472238540649e-01
155 6.09375000000000e-01 3.71337890625000e-01
156 5.43457031250000e-01 2.95345544815063e-01
157 5.38085937500000e-01 2.89536476135254e-01
158 5.29296875000000e-01 2.80155181884766e-01
159 5.71777343750000e-01 3.26929330825806e-01
160 5.92285156250000e-01 3.50801706314087e-01
161 6.00585937500000e-01 3.60703468322754e-01
162 5.74218750000000e-01 3.29727172851562e-01
163 5.29785156250000e-01 2.80672311782837e-01
164 4.48242187500000e-01 2.00921058654785e-01
165 5.40527343750000e-01 2.92169809341431e-01
166 5.43457031250000e-01 2.95345544815063e-01
167 6.13769531250000e-01 3.76713037490845e-01
168 5.65917968750000e-01 3.20263147354126e-01
169 5.26367187500000e-01 2.77062416076660e-01
170 4.68750000000000e-01 2.19726562500000e-01
171 4.46777343750000e-01 1.99609994888306e-01
172 4.55078125000000e-01 2.07096099853516e-01
173 4.92187500000000e-01 2.42248535156250e-01
174 4.84863281250000e-01 2.35092401504517e-01
175 4.78515625000000e-01 2.28977203369141e-01
176 4.05273437500000e-01 1.64246559143066e-01
177 4.11621093750000e-01 1.69431924819946e-01
178 4.53125000000000e-01 2.05322265625000e-01
179 4.00390625000000e-01 1.60312652587891e-01
180 3.46679687500000e-01 1.20186805725098e-01
181 3.39843750000000e-01 1.15493774414062e-01
182 3.69140625000000e-01 1.36264801025391e-01
183 3.67675781250000e-01 1.35185480117798e-01
184 3.53027343750000e-01 1.24628305435181e-01
185 2.94433593750000e-01 8.66911411285400e-02
186 2.57812500000000e-01 6.64672851562500e-02
187 2.93945312500000e-01 8.64038467407227e-02
188 3.01757812500000e-01 9.10577774047852e-02
189 2.96875000000000e-01 8.81347656250000e-02
190 3.18847656250000e-01 1.01663827896118e-01
191 3.13476562500000e-01 9.82675552368164e-02
192 3.12500000000000e-01 9.76562500000000e-02
193 3.54003906250000e-01 1.25318765640259e-01
194 3.57910156250000e-01 1.28099679946899e-01
195 3.44238281250000e-01 1.18499994277954e-01
196 3.16894531250000e-01 1.00422143936157e-01
197 3.17871093750000e-01 1.01042032241821e-01
198 3.01269531250000e-01 9.07633304595947e-02
199 2.17773437500000e-01 4.74252700805664e-02
200 2.78808593750000e-01 7.77342319488525e-02
201 2.47070312500000e-01 6.10437393188477e-02
202 2.69531250000000e-01 7.26470947265625e-02
203 3.01757812500000e-01 9.10577774047852e-02
204 3.68164062500000e-01 1.35544776916504e-01
205 3.86230468750000e-01 1.49173974990845e-01
206 4.33105468750000e-01 1.87580347061157e-01
207 4.83886718750000e-01 2.34146356582642e-01
208 5.50781250000000e-01 3.03359985351562e-01
209 5.29296875000000e-01 2.80155181884766e-01
210 4.94140625000000e-01 2.44174957275391e-01
211 5.25390625000000e-01 2.76035308837891e-01
212 4.81933593750000e-01 2.32259988784790e-01
213 4.41894531250000e-01 1.95270776748657e-01
214 5.11230468750000e-01 2.61356592178345e-01
215 5.00976562500000e-01 2.50977516174316e-01
216 5.46386718750000e-01 2.98538446426392e-01
217 5.12207031250000e-01 2.62356042861938e-01
218 5.74707031250000e-01 3.30288171768188e-01
219 5.81054687500000e-01 3.37624549865723e-01
220 5.62011718750000e-01 3.15857172012329e-01
221 5.67871093750000e-01 3.22477579116821e-01
222 5.54687500000000e-01 3.07678222656250e-01
223 5.52246093750000e-01 3.04975748062134e-01
224 5.97656250000000e-01 3.57192993164062e-01
225 6.13281250000000e-01 3.76113891601562e-01
226 5.50781250000000e-01 3.03359985351562e-01
227 6.12792968750000e-01 3.75515222549438e-01
228 6.07421875000000e-01 3.68961334228516e-01
229 5.24902343750000e-01 2.75522470474243e-01
230 5.06835937500000e-01 2.56882667541504e-01
231 4.80957031250000e-01 2.31319665908813e-01
232 4.54589843750000e-01 2.06651926040649e-01
233 4.29687500000000e-01 1.84631347656250e-01
234 4.33105468750000e-01 1.87580347061157e-01
235 5.08300781250000e-01 2.58369684219360e-01
236 3.84277343750000e-01 1.47669076919556e-01
237 3.37890625000000e-01 1.14170074462891e-01
238 3.34472656250000e-01 1.11871957778931e-01
239 3.68652343750000e-01 1.35904550552368e-01
240 3.82324218750000e-01 1.46171808242798e-01
241 3.94531250000000e-01 1.55654907226562e-01
242 4.75097656250000e-01 2.25717782974243e-01
243 4.75097656250000e-01 2.25717782974243e-01
244 4.18457031250000e-01 1.75106287002563e-01
245 4.58496093750000e-01 2.10218667984009e-01
246 4.80468750000000e-01 2.30850219726562e-01
247 4.99023437500000e-01 2.49024391174316e-01
248 4.24804687500000e-01 1.80459022521973e-01
249 4.48242187500000e-01 2.00921058654785e-01
250 5.49804687500000e-01 3.02285194396973e-01
251 5.45410156250000e-01 2.97472238540649e-01
252 4.95605468750000e-01 2.45624780654907e-01
253 4.98046875000000e-01 2.48050689697266e-01
254 4.90722656250000e-01 2.40808725357056e-01
255 5.00976562500000e-01 2.50977516174316e-01
256 5.44921875000000e-01 2.96939849853516e-01
257 5.78613281250000e-01 3.34793329238892e-01
258 5.88378906250000e-01 3.46189737319946e-01
259 5.71777343750000e-01 3.26929330825806e-01
260 5.37597656250000e-01 2.89011240005493e-01
261 5.68359375000000e-01 3.23032379150391e-01
262 5.69824218750000e-01 3.24699640274048e-01
263 5.66894531250000e-01 3.21369409561157e-01
264 5.68359375000000e-01 3.23032379150391e-01
265 5.44921875000000e-01 2.96939849853516e-01
266 5.14160156250000e-01 2.64360666275024e-01
267 5.51269531250000e-01 3.03898096084595e-01
268 5.58593750000000e-01 3.12026977539062e-01
269 5.13671875000000e-01 2.63858795166016e-01
270 5.58593750000000e-01 3.12026977539062e-01
271 5.69824218750000e-01 3.24699640274048e-01
272 6.07421875000000e-01 3.68961334228516e-01
273 5.97167968750000e-01 3.56609582901001e-01
274 6.33300781250000e-01 4.01069879531860e-01
275 6.52343750000000e-01 4.25552368164062e-01
276 6.43066406250000e-01 4.13534402847290e-01
277 6.76269531250000e-01 4.57340478897095e-01
278 7.11425781250000e-01 5.06126642227173e-01
279 7.08007812500000e-01 5.01275062561035e-01
280 6.95800781250000e-01 4.84138727188110e-01
281 6.71386718750000e-01 4.50760126113892e-01
282 6.97753906250000e-01 4.86860513687134e-01
283 6.34277343750000e-01 4.02307748794556e-01
284 5.99609375000000e-01 3.59531402587891e-01
285 6.51855468750000e-01 4.24915552139282e-01
286 6.42089843750000e-01 4.12279367446899e-01
287 5.94238281250000e-01 3.53119134902954e-01
288 6.44042968750000e-01 4.14791345596313e-01
289 6.76269531250000e-01 4.57340478897095e-01
290 6.39648437500000e-01 4.09150123596191e-01
291 6.25488281250000e-01 3.91235589981079e-01
292 5.70312500000000e-01 3.25256347656250e-01
293 5.96191406250000e-01 3.55444192886353e-01
294 5.72753906250000e-01 3.28047037124634e-01
295 5.35644531250000e-01 2.86915063858032e-01
296 5.33691406250000e-01 2.84826517105103e-01
297 5.00976562500000e-01 2.50977516174316e-01
298 4.80468750000000e-01 2.30850219726562e-01
299 4.98046875000000e-01 2.48050689697266e-01
300 4.56054687500000e-01 2.07985877990723e-01
301 4.41406250000000e-01 1.94839477539062e-01
302 3.76953125000000e-01 1.42093658447266e-01
303 4.47265625000000e-01 2.00046539306641e-01
304 4.94628906250000e-01 2.44657754898071e-01
305 5.12695312500000e-01 2.62856483459473e-01
306 5.86425781250000e-01 3.43895196914673e-01
307 5.74218750000000e-01 3.29727172851562e-01
308 6.28906250000000e-01 3.95523071289062e-01
309 5.66894531250000e-01 3.21369409561157e-01
310 5.43945312500000e-01 2.95876502990723e-01
311 5.43945312500000e-01 2.95876502990723e-01
312 4.89257812500000e-01 2.39373207092285e-01
313 4.61425781250000e-01 2.12913751602173e-01
314 4.75585937500000e-01 2.26181983947754e-01
315 4.84863281250000e-01 2.35092401504517e-01
316 4.97558593750000e-01 2.47564554214478e-01
317 4.90722656250000e-01 2.40808725357056e-01
318 4.77539062500000e-01 2.28043556213379e-01
319 5.04882812500000e-01 2.54906654357910e-01
320 4.62890625000000e-01 2.14267730712891e-01
321 4.26757812500000e-01 1.82122230529785e-01
322 4.62402343750000e-01 2.13815927505493e-01
323 5.02929687500000e-01 2.52938270568848e-01
324 5.03906250000000e-01 2.53921508789062e-01
325 4.72167968750000e-01 2.22942590713501e-01
326 4.80957031250000e-01 2.31319665908813e-01
327 5.25390625000000e-01 2.76035308837891e-01
328 5.35156250000000e-01 2.86392211914062e-01
329 5.41015625000000e-01 2.92697906494141e-01
330 5.19531250000000e-01 2.69912719726562e-01
331 5.04394531250000e-01 2.54413843154907e-01
332 4.81933593750000e-01 2.32259988784790e-01
333 4.88281250000000e-01 2.38418579101562e-01
334 4.95117187500000e-01 2.45141029357910e-01
335 4.99511718750000e-01 2.49511957168579e-01
336 5.16113281250000e-01 2.66372919082642e-01
337 5.35644531250000e-01 2.86915063858032e-01
338 6.20605468750000e-01 3.85151147842407e-01
339 5.71777343750000e-01 3.26929330825806e-01
340 5.46386718750000e-01 2.98538446426392e-01
341 4.67773437500000e-01 2.18811988830566e-01
342 5.23925781250000e-01 2.74498224258423e-01
343 5.66894531250000e-01 3.21369409561157e-01
344 5.88867187500000e-01 3.46764564514160e-01
345 5.40527343750000e-01 2.92169809341431e-01
346 5.14648437500000e-01 2.64863014221191e-01
347 4.86328125000000e-01 2.36515045166016e-01
348 4.71679687500000e-01 2.22481727600098e-01
349 4.88281250000000e-01 2.38418579101562e-01
350 4.62402343750000e-01 2.13815927505493e-01
351 4.43847656250000e-01 1.97000741958618e-01
352 4.65332031250000e-01 2.16533899307251e-01
353 3.77929687500000e-01 1.42830848693848e-01
354 3.53027343750000e-01 1.24628305435181e-01
355 3.13476562500000e-01 9.82675552368164e-02
356 2.73925781250000e-01 7.50353336334229e-02
357 3.06640625000000e-01 9.40284729003906e-02
358 2.49023437500000e-01 6.20126724243164e-02
359 2.04101562500000e-01 4.16574478149414e-02
360 1.55761718750000e-01 2.42617130279541e-02
361 1.23535156250000e-01 1.52609348297119e-02
362 1.16210937500000e-01 1.35049819946289e-02
363 6.73828125000000e-02 4.54044342041016e-03
364 4.88281250000000e-02 2.38418579101562e-03
365 1.61132812500000e-02 2.59637832641602e-04
366 4.44335937500000e-02 1.97434425354004e-03
367 1.12304687500000e-02 1.26123428344727e-04
368 2.92968750000000e-02 8.58306884765625e-04
369 6.73828125000000e-02 4.54044342041016e-03
370 5.81054687500000e-02 3.37624549865723e-03
371 1.72851562500000e-01 2.98776626586914e-02
372 1.69921875000000e-01 2.88734436035156e-02
373 2.35839843750000e-01 5.56204319000244e-02
374 2.44140625000000e-01 5.96046447753906e-02
375 2.14355468750000e-01 4.59482669830322e-02
376 1.79687500000000e-01 3.22875976562500e-02
377 1.53808593750000e-01 2.36570835113525e-02
378 1.53320312500000e-01 2.35071182250977e-02
379 1.05957031250000e-01 1.12268924713135e-02
380 1.28906250000000e-01 1.66168212890625e-02
381 2.06542968750000e-01 4.26599979400635e-02
382 1.93359375000000e-01 3.73878479003906e-02
383 2.03125000000000e-01 4.12597656250000e-02
384 2.08007812500000e-01 4.32672500610352e-02
385 2.26074218750000e-01 5.11095523834229e-02
386 1.68945312500000e-01 2.85425186157227e-02
387 1.52343750000000e-01 2.32086181640625e-02
388 1.76757812500000e-01 3.12433242797852e-02
389 1.75781250000000e-01 3.08990478515625e-02
390 2.21679687500000e-01 4.91418838500977e-02
391 2.73437500000000e-01 7.47680664062500e-02
392 1.68457031250000e-01 2.83777713775635e-02
393 2.89550781250000e-01 8.38396549224854e-02
394 2.24121093750000e-01 5.02302646636963e-02
395 1.93847656250000e-01 3.75769138336182e-02
396 1.83593750000000e-01 3.37066650390625e-02
397 1.25000000000000e-01 1.56250000000000e-02
398 4.88281250000000e-02 2.38418579101562e-03
399 4.19921875000000e-02 1.76334381103516e-03
400 8.15429687500000e-02 6.64925575256348e-03
401 9.42382812500000e-02 8.88085365295410e-03
402 1.05957031250000e-01 1.12268924713135e-02
403 8.93554687500000e-02 7.98439979553223e-03
404 1.32812500000000e-01 1.76391601562500e-02
405 1.01074218750000e-01 1.02159976959229e-02
406 8.05664062500000e-02 6.49094581604004e-03
407 1.11328125000000e-01 1.23939514160156e-02
408 1.23046875000000e-01 1.51405334472656e-02
409 8.44726562500000e-02 7.13562965393066e-03
410 7.91015625000000e-02 6.25705718994141e-03
411 1.10839843750000e-01 1.22854709625244e-02
412 1.54785156250000e-01 2.39584445953369e-02
413 1.67968750000000e-01 2.82135009765625e-02
414 1.12304687500000e-01 1.26123428344727e-02
415 1.21093750000000e-01 1.46636962890625e-02
416 4.73632812500000e-02 2.24328041076660e-03
417 6.29882812500000e-02 3.96752357482910e-03
418 7.76367187500000e-02 6.02746009826660e-03
419 1.36230468750000e-01 1.85587406158447e-02
420 1.69921875000000e-01 2.88734436035156e-02
421 1.60644531250000e-01 2.58066654205322e-02
422 1.27929687500000e-01 1.63660049438477e-02
423 1.23535156250000e-01 1.52609348297119e-02
424 9.66796875000000e-02 9.34696197509766e-03
425 1.45507812500000e-01 2.11725234985352e-02
426 1.63574218750000e-01 2.67565250396729e-02
427 1.82617187500000e-01 3.33490371704102e-02
428 1.25488281250000e-01 1.57473087310791e-02
429 1.56250000000000e-01 2.44140625000000e-02
430 1.46972656250000e-01 2.16009616851807e-02
431 1.50390625000000e-01 2.26173400878906e-02
432 1.47460937500000e-01 2.17447280883789e-02
433 9.76562500000000e-02 9.53674316406250e-03
434 1.20605468750000e-01 1.45456790924072e-02
435 1.71875000000000e-01 2.95410156250000e-02
436 1.99218750000000e-01 3.96881103515625e-02
437 2.74414062500000e-01 7.53030776977539e-02
438 3.36425781250000e-01 1.13182306289673e-01
439 3.17382812500000e-01 1.00731849670410e-01
440 2.93945312500000e-01 8.64038467407227e-02
441 4.10156250000000e-01 1.68228149414062e-01
442 4.53613281250000e-01 2.05765008926392e-01
443 4.73632812500000e-01 2.24328041076660e-01
444 4.87792968750000e-01 2.37941980361938e-01
445 5.45898437500000e-01 2.98005104064941e-01
446 5.64941406250000e-01 3.19158792495728e-01
447 5.48828125000000e-01 3.01212310791016e-01
448 5.57128906250000e-01 3.10392618179321e-01
449 5.67871093750000e-01 3.22477579116821e-01
450 6.04003906250000e-01 3.64820718765259e-01
451 6.41601562500000e-01 4.11652565002441e-01
452 6.50390625000000e-01 4.23007965087891e-01
453 6.47460937500000e-01 4.19205665588379e-01
454 7.66601562500000e-01 5.87677955627441e-01
455 7.66601562500000e-01 5.87677955627441e-01
456 7.60742187500000e-01 5.78728675842285e-01
457 7.78320312500000e-01 6.05782508850098e-01
458 7.72460937500000e-01 5.96695899963379e-01
459 7.73437500000000e-01 5.98205566406250e-01
460 7.36328125000000e-01 5.42179107666016e-01
461 7.58789062500000e-01 5.75760841369629e-01
462 7.22656250000000e-01 5.22232055664062e-01
463 7.38281250000000e-01 5.45059204101562e-01
464 6.75781250000000e-01 4.56680297851562e-01
465 7.44140625000000e-01 5.53745269775391e-01
466 6.51855468750000e-01 4.24915552139282e-01
467 6.77246093750000e-01 4.58662271499634e-01
468 6.72363281250000e-01 4.52072381973267e-01
469 7.15332031250000e-01 5.11699914932251e-01
470 7.33398437500000e-01 5.37873268127441e-01
471 7.66601562500000e-01 5.87677955627441e-01
472 7.47070312500000e-01 5.58114051818848e-01
473 7.34375000000000e-01 5.39306640625000e-01
474 7.48046875000000e-01 5.59574127197266e-01
475 7.43652343750000e-01 5.53018808364868e-01
476 7.43652343750000e-01 5.53018808364868e-01
477 7.72949218750000e-01 5.97450494766235e-01
478 7.31445312500000e-01 5.35012245178223e-01
479 7.32910156250000e-01 5.37157297134399e-01
480 7.22167968750000e-01 5.21526575088501e-01
481 7.25097656250000e-01 5.25766611099243e-01
482 7.04101562500000e-01 4.95759010314941e-01
483 7.10449218750000e-01 5.04738092422485e-01
484 6.47949218750000e-01 4.19838190078735e-01
485 6.50390625000000e-01 4.23007965087891e-01
486 6.77246093750000e-01 4.58662271499634e-01
487 6.84570312500000e-01 4.68636512756348e-01
488 7.22167968750000e-01 5.21526575088501e-01
489 6.51367187500000e-01 4.24279212951660e-01
490 6.00097656250000e-01 3.60117197036743e-01
491 6.44042968750000e-01 4.14791345596313e-01
492 5.29296875000000e-01 2.80155181884766e-01
493 5.40039062500000e-01 2.91642189025879e-01
494 5.93750000000000e-01 3.52539062500000e-01
495 6.19628906250000e-01 3.83939981460571e-01
496 6.40625000000000e-01 4.10400390625000e-01
497 6.52832031250000e-01 4.26189661026001e-01
498 6.55273437500000e-01 4.29383277893066e-01
499 6.48925781250000e-01 4.21104669570923e-01
500 6.87988281250000e-01 4.73327875137329e-01
501 7.05078125000000e-01 4.97135162353516e-01
502 6.87011718750000e-01 4.71985101699829e-01
503 6.13281250000000e-01 3.76113891601562e-01
504 6.10351562500000e-01 3.72529029846191e-01
505 6.44042968750000e-01 4.14791345596313e-01
506 6.44531250000000e-01 4.15420532226562e-01
507 7.00683593750000e-01 4.90957498550415e-01
508 7.27539062500000e-01 5.29313087463379e-01
509 7.32421875000000e-01 5.36441802978516e-01
510 6.85546875000000e-01 4.69974517822266e-01
511 6.95800781250000e-01 4.84138727188110e-01
512 6.81640625000000e-01 4.64633941650391e-01
513 6.71875000000000e-01 4.51416015625000e-01
514 6.02539062500000e-01 3.63053321838379e-01
515 6.39648437500000e-01 4.09150123596191e-01
516 6.50390625000000e-01 4.23007965087891e-01
517 6.70898437500000e-01 4.50104713439941e-01
518 7.22656250000000e-01 5.22232055664062e-01
519 6.99707031250000e-01 4.89589929580688e-01
520 6.56738281250000e-01 4.31305170059204e-01
521 5.96679687500000e-01 3.56026649475098e-01
522 6.79687500000000e-01 4.61975097656250e-01
523 6.89941406250000e-01 4.76019144058228e-01
524 6.25488281250000e-01 3.91235589981079e-01
525 6.37207031250000e-01 4.06032800674438e-01
526 6.37695312500000e-01 4.06655311584473e-01
527 5.53222656250000e-01 3.06055307388306e-01
528 5.87890625000000e-01 3.45615386962891e-01
529 5.85937500000000e-01 3.43322753906250e-01
530 6.22070312500000e-01 3.86971473693848e-01
531 6.43554687500000e-01 4.14162635803223e-01
532 6.39648437500000e-01 4.09150123596191e-01
533 6.87500000000000e-01 4.72656250000000e-01
534 6.04980468750000e-01 3.66001367568970e-01
535 6.51367187500000e-01 4.24279212951660e-01
536 6.68945312500000e-01 4.47487831115723e-01
537 6.94335937500000e-01 4.82102394104004e-01
538 6.72363281250000e-01 4.52072381973267e-01
539 6.42089843750000e-01 4.12279367446899e-01
540 6.05957031250000e-01 3.67183923721313e-01
541 6.28417968750000e-01 3.94909143447876e-01
542 6.20605468750000e-01 3.85151147842407e-01
543 5.66894531250000e-01 3.21369409561157e-01
544 5.72753906250000e-01 3.28047037124634e-01
545 5.78613281250000e-01 3.34793329238892e-01
546 5.26367187500000e-01 2.77062416076660e-01
547 5.29296875000000e-01 2.80155181884766e-01
548 5.41992187500000e-01 2.93755531311035e-01
549 4.60937500000000e-01 2.12463378906250e-01
550 5.11718750000000e-01 2.61856079101562e-01
551 5.28320312500000e-01 2.79122352600098e-01
552 5.48339843750000e-01 3.00676584243774e-01
553 5.67382812500000e-01 3.21923255920410e-01
554 5.94238281250000e-01 3.53119134902954e-01
555 5.99609375000000e-01 3.59531402587891e-01
556 5.36132812500000e-01 2.87438392639160e-01
557 4.62890625000000e-01 2.14267730712891e-01
558 4.14062500000000e-01 1.71447753906250e-01
559 4.67773437500000e-01 2.18811988830566e-01
560 5.38085937500000e-01 2.89536476135254e-01
561 5.97167968750000e-01 3.56609582901001e-01
562 6.28906250000000e-01 3.95523071289062e-01
563 5.88867187500000e-01 3.46764564514160e-01
564 6.27441406250000e-01 3.93682718276978e-01
565 6.17675781250000e-01 3.81523370742798e-01
566 6.46972656250000e-01 4.18573617935181e-01
567 6.57714843750000e-01 4.32588815689087e-01
568 6.49414062500000e-01 4.21738624572754e-01
569 6.14257812500000e-01 3.77312660217285e-01
570 6.58691406250000e-01 4.33874368667603e-01
571 5.89843750000000e-01 3.47915649414062e-01
572 5.91796875000000e-01 3.50223541259766e-01
573 6.17187500000000e-01 3.80920410156250e-01
574 6.67968750000000e-01 4.46182250976562e-01
575 6.77246093750000e-01 4.58662271499634e-01
576 6.83105468750000e-01 4.66633081436157e-01
577 7.47558593750000e-01 5.58843851089478e-01
578 7.07031250000000e-01 4.99893188476562e-01
579 6.17675781250000e-01 3.81523370742798e-01
580 6.49902343750000e-01 4.22373056411743e-01
581 6.45996093750000e-01 4.17310953140259e-01
582 6.50878906250000e-01 4.23643350601196e-01
583 6.93359375000000e-01 4.80747222900391e-01
584 7.07031250000000e-01 4.99893188476562e-01
585 6.28417968750000e-01 3.94909143447876e-01
586 5.97656250000000e-01 3.57192993164062e-01
587 6.35253906250000e-01 4.03547525405884e-01
588 6.93359375000000e-01 4.80747222900391e-01
589 7.44628906250000e-01 5.54472208023071e-01
590 6.97753906250000e-01 4.86860513687134e-01
591 6.60644531250000e-01 4.36451196670532e-01
592 6.41601562500000e-01 4.11652565002441e-01
593 7.14843750000000e-01 5.11001586914062e-01
594 6.68457031250000e-01 4.46834802627563e-01
595 6.01562500000000e-01 3.61877441406250e-01
596 6.76269531250000e-01 4.57340478897095e-01
597 6.40625000000000e-01 4.10400390625000e-01
598 6.56738281250000e-01 4.31305170059204e-01
599 6.09375000000000e-01 3.71337890625000e-01
600 6.29394531250000e-01 3.96137475967407e-01
601 6.48437500000000e-01 4.20471191406250e-01
602 6.69921875000000e-01 4.48795318603516e-01
603 6.13281250000000e-01 3.76113891601562e-01
604 5.60058593750000e-01 3.13665628433228e-01
605 5.55175781250000e-01 3.08220148086548e-01
606 6.18164062500000e-01 3.82126808166504e-01
607 6.16699218750000e-01 3.80317926406860e-01
608 5.83007812500000e-01 3.39898109436035e-01
609 5.30761718750000e-01 2.81708002090454e-01
610 5.13183593750000e-01 2.63357400894165e-01
611 5.44921875000000e-01 2.96939849853516e-01
612 4.94628906250000e-01 2.44657754898071e-01
613 4.93652343750000e-01 2.43692636489868e-01
614 5.71289062500000e-01 3.26371192932129e-01
615 6.13769531250000e-01 3.76713037490845e-01
616 5.47363281250000e-01 2.99606561660767e-01
617 4.63378906250000e-01 2.14720010757446e-01
618 5.83496093750000e-01 3.40467691421509e-01
619 5.87890625000000e-01 3.45615386962891e-01
620 5.86914062500000e-01 3.44468116760254e-01
621 5.99609375000000e-01 3.59531402587891e-01
622 5.83984375000000e-01 3.41037750244141e-01
623 5.32714843750000e-01 2.83785104751587e-01
624 5.95214843750000e-01 3.54280710220337e-01
625 5.37597656250000e-01 2.89011240005493e-01
626 5.88378906250000e-01 3.46189737319946e-01
627 6.11816406250000e-01 3.74319314956665e-01
628 5.90332031250000e-01 3.48491907119751e-01
629 5.58105468750000e-01 3.11481714248657e-01
630 6.07910156250000e-01 3.69554758071899e-01
631 6.31347656250000e-01 3.98599863052368e-01
632 5.70800781250000e-01 3.25813531875610e-01
633 4.78027343750000e-01 2.28510141372681e-01
634 5.18066406250000e-01 2.68392801284790e-01
635 5.62500000000000e-01 3.16406250000000e-01
636 5.33691406250000e-01 2.84826517105103e-01
637 4.93652343750000e-01 2.43692636489868e-01
638 5.00488281250000e-01 2.50488519668579e-01
639 5.07812500000000e-01 2.57873535156250e-01
640 5.15136718750000e-01 2.65365839004517e-01
641 5.31738281250000e-01 2.82745599746704e-01
642 4.76562500000000e-01 2.27111816406250e-01
643 4.13574218750000e-01 1.71043634414673e-01
644 3.97949218750000e-01 1.58363580703735e-01
645 4.28222656250000e-01 1.83374643325806e-01
646 4.38964843750000e-01 1.92690134048462e-01
647 4.46289062500000e-01 1.99173927307129e-01
648 3.84277343750000e-01 1.47669076919556e-01
649 3.37890625000000e-01 1.14170074462891e-01
650 3.70605468750000e-01 1.37348413467407e-01
651 4.18457031250000e-01 1.75106287002563e-01
652 4.37011718750000e-01 1.90979242324829e-01
653 3.97460937500000e-01 1.57975196838379e-01
654 4.04296875000000e-01 1.63455963134766e-01
655 3.62304687500000e-01 1.31264686584473e-01
656 3.44238281250000e-01 1.18499994277954e-01
657 3.67187500000000e-01 1.34826660156250e-01
658 4.31640625000000e-01 1.86313629150391e-01
659 4.86328125000000e-01 2.36515045166016e-01
660 4.62402343750000e-01 2.13815927505493e-01
661 4.63867187500000e-01 2.15172767639160e-01
662 4.22851562500000e-01 1.78803443908691e-01
663 4.33105468750000e-01 1.87580347061157e-01
664 3.84765625000000e-01 1.48044586181641e-01
665 3.88671875000000e-01 1.51065826416016e-01
666 4.10644531250000e-01 1.68628931045532e-01
667 3.95019531250000e-01 1.56040430068970e-01
668 4.20410156250000e-01 1.76744699478149e-01
669 3.95996093750000e-01 1.56812906265259e-01
670 3.82324218750000e-01 1.46171808242798e-01
671 3.96484375000000e-01 1.57199859619141e-01
672 4.16503906250000e-01 1.73475503921509e-01
673 3.44238281250000e-01 1.18499994277954e-01
674 4.33593750000000e-01 1.88003540039062e-01
675 4.04296875000000e-01 1.63455963134766e-01
676 3.79394531250000e-01 1.43940210342407e-01
677 4.10644531250000e-01 1.68628931045532e-01
678 3.64257812500000e-01 1.32683753967285e-01
679 3.70117187500000e-01 1.36986732482910e-01
680 4.43847656250000e-01 1.97000741958618e-01
681 4.15039062500000e-01 1.72257423400879e-01
682 4.53125000000000e-01 2.05322265625000e-01
683 4.49707031250000e-01 2.02236413955688e-01
684 4.58007812500000e-01 2.09771156311035e-01
685 5.37109375000000e-01 2.88486480712891e-01
686 5.21972656250000e-01 2.72455453872681e-01
687 4.76074218750000e-01 2.26646661758423e-01
688 4.93164062500000e-01 2.43210792541504e-01
689 5.44921875000000e-01 2.96939849853516e-01
690 6.63085937500000e-01 4.39682960510254e-01
691 6.84082031250000e-01 4.67968225479126e-01
692 6.83105468750000e-01 4.66633081436157e-01
693 6.53808593750000e-01 4.27465677261353e-01
694 6.09863281250000e-01 3.71933221817017e-01
695 6.62109375000000e-01 4.38388824462891e-01
696 6.11328125000000e-01 3.73722076416016e-01
697 6.10351562500000e-01 3.72529029846191e-01
698 6.24511718750000e-01 3.90014886856079e-01
699 6.96289062500000e-01 4.84818458557129e-01
700 6.22070312500000e-01 3.86971473693848e-01
701 5.91796875000000e-01 3.50223541259766e-01
702 6.18652343750000e-01 3.82730722427368e-01
703 5.70800781250000e-01 3.25813531875610e-01
704 5.89355468750000e-01 3.47339868545532e-01
705 5.84960937500000e-01 3.42179298400879e-01
706 5.70800781250000e-01 3.25813531875610e-01
707 5.49804687500000e-01 3.02285194396973e-01
708 5.60058593750000e-01 3.13665628433228e-01
709 5.32714843750000e-01 2.83785104751587e-01
710 5.09765625000000e-01 2.59860992431641e-01
711 6.08886718750000e-01 3.70743036270142e-01
712 5.96679687500000e-01 3.56026649475098e-01
713 5.77636718750000e-01 3.33664178848267e-01
714 5.25390625000000e-01 2.76035308837891e-01
715 5.21972656250000e-01 2.72455453872681e-01
716 5.52246093750000e-01 3.04975748062134e-01
717 5.86425781250000e-01 3.43895196914673e-01
718 5.72753906250000e-01 3.28047037124634e-01
719 6.59667968750000e-01 4.35161828994751e-01
720 6.79687500000000e-01 4.61975097656250e-01
721 6.83105468750000e-01 4.66633081436157e-01
722 6.66015625000000e-01 4.43576812744141e-01
723 6.17187500000000e-01 3.80920410156250e-01
724 6.65527343750000e-01 4.42926645278931e-01
725 6.50390625000000e-01 4.23007965087891e-01
726 6.28906250000000e-01 3.95523071289062e-01
727 5.98144531250000e-01 3.57776880264282e-01
728 6.55761718750000e-01 4.30023431777954e-01
729 6.75292968750000e-01 4.56020593643188e-01
730 7.15820312500000e-01 5.12398719787598e-01
731 6.45507812500000e-01 4.16680335998535e-01
732 6.66503906250000e-01 4.44227457046509e-01
733 6.54785156250000e-01 4.28743600845337e-01
734 5.83984375000000e-01 3.41037750244141e-01
735 5.26855468750000e-01 2.77576684951782e-01
736 5.47363281250000e-01 2.99606561660767e-01
737 6.15234375000000e-01 3.78513336181641e-01
738 5.75683593750000e-01 3.31411600112915e-01
739 5.33203125000000e-01 2.84305572509766e-01
740 5.33203125000000e-01 2.84305572509766e-01
741 5.83007812500000e-01 3.39898109436035e-01
742 5.79589843750000e-01 3.35924386978149e-01
743 5.30761718750000e-01 2.81708002090454e-01
744 6.04980468750000e-01 3.66001367568970e-01
745 6.10839843750000e-01 3.73125314712524e-01
746 5.66406250000000e-01 3.20816040039062e-01
747 6.24023437500000e-01 3.89405250549316e-01
748 5.54687500000000e-01 3.07678222656250e-01
749 5.20507812500000e-01 2.70928382873535e-01
750 5.20507812500000e-01 2.70928382873535e-01
751 5.34179687500000e-01 2.85347938537598e-01
752 5.44921875000000e-01 2.96939849853516e-01
753 5.73242187500000e-01 3.28606605529785e-01
754 5.74218750000000e-01 3.29727172851562e-01
755 6.19628906250000e-01 3.83939981460571e-01
756 6.42578125000000e-01 4.12906646728516e-01
757 6.62109375000000e-01 4.38388824462891e-01
758 6.37207031250000e-01 4.06032800674438e-01
759 6.73828125000000e-01 4.54044342041016e-01
760 6.15722656250000e-01 3.79114389419556e-01
761 6.84570312500000e-01 4.68636512756348e-01
762 7.26074218750000e-01 5.27183771133423e-01
763 6.41113281250000e-01 4.11026239395142e-01
764 6.04980468750000e-01 3.66001367568970e-01
765 6.56250000000000e-01 4.30664062500000e-01
766 6.41113281250000e-01 4.11026239395142e-01
767 6.59179687500000e-01 4.34517860412598e-01
768 6.74316406250000e-01 4.54702615737915e-01
769 6.25000000000000e-01 3.90625000000000e-01
770 6.36718750000000e-01 4.05410766601562e-01
771 6.05957031250000e-01 3.67183923721313e-01
772 5.69335937500000e-01 3.24143409729004e-01
773 6.34765625000000e-01 4.02927398681641e-01
774 6.38183593750000e-01 4.07278299331665e-01
775 6.41601562500000e-01 4.11652565002441e-01
776 6.01562500000000e-01 3.61877441406250e-01
777 6.36230468750000e-01 4.04789209365845e-01
778 6.00585937500000e-01 3.60703468322754e-01
779 6.62597656250000e-01 4.39035654067993e-01
780 6.74804687500000e-01 4.55361366271973e-01
781 6.75292968750000e-01 4.56020593643188e-01
782 6.59667968750000e-01 4.35161828994751e-01
783 5.85937500000000e-01 3.43322753906250e-01
784 5.72753906250000e-01 3.28047037124634e-01
785 6.01074218750000e-01 3.61290216445923e-01
786 6.09863281250000e-01 3.71933221817017e-01
787 5.61523437500000e-01 3.15308570861816e-01
788 5.93261718750000e-01 3.51959466934204e-01
789 5.82519531250000e-01 3.39329004287720e-01
790 5.41015625000000e-01 2.92697906494141e-01
791 5.30273437500000e-01 2.81189918518066e-01
792 5.48828125000000e-01 3.01212310791016e-01
793 5.27343750000000e-01 2.78091430664062e-01
794 5.01953125000000e-01 2.51956939697266e-01
795 4.61425781250000e-01 2.12913751602173e-01
796 5.18066406250000e-01 2.68392801284790e-01
797 5.04882812500000e-01 2.54906654357910e-01
798 5.20996093750000e-01 2.71436929702759e-01
799 4.86816406250000e-01 2.36990213394165e-01
800 4.17968750000000e-01 1.74697875976562e-01
801 3.30078125000000e-01 1.08951568603516e-01
802 3.12988281250000e-01 9.79616641998291e-02
803 3.05175781250000e-01 9.31322574615479e-02
804 3.62792968750000e-01 1.31618738174438e-01
805 3.89648437500000e-01 1.51825904846191e-01
806 3.93066406250000e-01 1.54501199722290e-01
807 3.75488281250000e-01 1.40991449356079e-01
808 3.54492187500000e-01 1.25664710998535e-01
809 4.17968750000000e-01 1.74697875976562e-01
810 4.00390625000000e-01 1.60312652587891e-01
811 4.02832031250000e-01 1.62273645401001e-01
812 3.16894531250000e-01 1.00422143936157e-01
813 2.98339843750000e-01 8.90066623687744e-02
814 2.59765625000000e-01 6.74781799316406e-02
815 2.92968750000000e-01 8.58306884765625e-02
816 1.99218750000000e-01 3.96881103515625e-02
817 2.37304687500000e-01 5.63135147094727e-02
818 2.81738281250000e-01 7.93764591217041e-02
819 3.10058593750000e-01 9.61363315582275e-02
820 2.50000000000000e-01 6.25000000000000e-02
821 2.34375000000000e-01 5.49316406250000e-02
822 2.59765625000000e-01 6.74781799316406e-02
823 3.33007812500000e-01 1.10894203186035e-01
824 3.31542968750000e-01 1.09920740127563e-01
825 3.14453125000000e-01 9.88807678222656e-02
826 3.59375000000000e-01 1.29150390625000e-01
827 3.79882812500000e-01 1.44310951232910e-01
828 3.51562500000000e-01 1.23596191406250e-01
829 3.84765625000000e-01 1.48044586181641e-01
830 3.62792968750000e-01 1.31618738174438e-01
831 4.59960937500000e-01 2.11564064025879e-01
832 4.69238281250000e-01 2.20184564590454e-01
833 4.96093750000000e-01 2.46109008789062e-01
834 4.77539062500000e-01 2.28043556213379e-01
835 5.32226562500000e-01 2.83265113830566e-01
836 4.54101562500000e-01 2.06208229064941e-01
837 4.54101562500000e-01 2.06208229064941e-01
838 3.90136718750000e-01 1.52206659317017e-01
839 4.57519531250000e-01 2.09324121475220e-01
840 4.50195312500000e-01 2.02675819396973e-01
841 3.91113281250000e-01 1.52969598770142e-01
842 4.40917968750000e-01 1.94408655166626e-01
843 4.81445312500000e-01 2.31789588928223e-01
844 5.07324218750000e-01 2.57377862930298e-01
845 5.39550781250000e-01 2.91115045547485e-01
846 5.68359375000000e-01 3.23032379150391e-01
847 5.56152343750000e-01 3.09305429458618e-01
848 6.02050781250000e-01 3.62465143203735e-01
849 5.37597656250000e-01 2.89011240005493e-01
850 5.78125000000000e-01 3.34228515625000e-01
851 6.10351562500000e-01 3.72529029846191e-01
852 6.15234375000000e-01 3.78513336181641e-01
853 5.99609375000000e-01 3.59531402587891e-01
854 6.15722656250000e-01 3.79114389419556e-01
855 5.31250000000000e-01 2.82226562500000e-01
856 5.71777343750000e-01 3.26929330825806e-01
857 5.69335937500000e-01 3.24143409729004e-01
858 5.82519531250000e-01 3.39329004287720e-01
859 5.90332031250000e-01 3.48491907119751e-01
860 5.61523437500000e-01 3.15308570861816e-01
861 5.83984375000000e-01 3.41037750244141e-01
862 6.36230468750000e-01 4.04789209365845e-01
863 6.29882812500000e-01 3.96752357482910e-01
864 6.35253906250000e-01 4.03547525405884e-01
865 6.89453125000000e-01 4.75345611572266e-01
866 7.34375000000000e-01 5.39306640625000e-01
867 7.06542968750000e-01 4.99202966690063e-01
868 7.00683593750000e-01 4.90957498550415e-01
869 7.02148437500000e-01 4.93012428283691e-01
870 6.20605468750000e-01 3.85151147842407e-01
871 5.54199218750000e-01 3.07136774063110e-01
872 5.47363281250000e-01 2.99606561660767e-01
873 5.71777343750000e-01 3.26929330825806e-01
874 6.18164062500000e-01 3.82126808166504e-01
875 5.63476562500000e-01 3.17505836486816e-01
876 5.36621093750000e-01 2.87962198257446e-01
877 5.35644531250000e-01 2.86915063858032e-01
878 5.44433593750000e-01 2.96407938003540e-01
879 5.58593750000000e-01 3.12026977539062e-01
880 5.77148437500000e-01 3.33100318908691e-01
881 5.71289062500000e-01 3.26371192932129e-01
882 6.07910156250000e-01 3.69554758071899e-01
883 5.73730468750000e-01 3.29166650772095e-01
884 5.57128906250000e-01 3.10392618179321e-01
885 5.33203125000000e-01 2.84305572509766e-01
886 5.40527343750000e-01 2.92169809341431e-01
887 5.83496093750000e-01 3.40467691421509e-01
888 5.65429687500000e-01 3.19710731506348e-01
889 5.94238281250000e-01 3.53119134902954e-01
890 6.07421875000000e-01 3.68961334228516e-01
891 5.69824218750000e-01 3.24699640274048e-01
892 6.03027343750000e-01 3.63641977310181e-01
893 5.79101562500000e-01 3.35358619689941e-01
894 6.09375000000000e-01 3.71337890625000e-01
895 5.72265625000000e-01 3.27487945556641e-01
896 5.65917968750000e-01 3.20263147354126e-01
897 5.89843750000000e-01 3.47915649414062e-01
898 5.70800781250000e-01 3.25813531875610e-01
899 6.17187500000000e-01 3.80920410156250e-01
900 6.23046875000000e-01 3.88187408447266e-01
901 6.47460937500000e-01 4.19205665588379e-01
902 6.79687500000000e-01 4.61975097656250e-01
903 6.74804687500000e-01 4.55361366271973e-01
904 6.68457031250000e-01 4.46834802627563e-01
905 7.06054687500000e-01 4.98513221740723e-01
906 6.87011718750000e-01 4.71985101699829e-01
907 6.91894531250000e-01 4.78718042373657e-01
908 6.60156250000000e-01 4.35806274414062e-01
909 6.59667968750000e-01 4.35161828994751e-01
910 6.37207031250000e-01 4.06032800674438e-01
911 6.71875000000000e-01 4.51416015625000e-01
912 6.56250000000000e-01 4.30664062500000e-01
913 6.77734375000000e-01 4.59323883056641e-01
914 7.04101562500000e-01 4.95759010314941e-01
915 7.09472656250000e-01 5.03351449966431e-01
916 7.21679687500000e-01 5.20821571350098e-01
917 7.01660156250000e-01 4.92326974868774e-01
918 7.03613281250000e-01 4.95071649551392e-01
919 7.25585937500000e-01 5.26474952697754e-01
920 7.08496093750000e-01 5.01966714859009e-01
921 6.54785156250000e-01 4.28743600845337e-01
922 5.74707031250000e-01 3.30288171768188e-01
923 5.23437500000000e-01 2.73986816406250e-01
924 5.90332031250000e-01 3.48491907119751e-01
925 5.91796875000000e-01 3.50223541259766e-01
926 5.91796875000000e-01 3.50223541259766e-01
927 5.70800781250000e-01 3.25813531875610e-01
928 5.79101562500000e-01 3.35358619689941e-01
929 6.23535156250000e-01 3.88796091079712e-01
930 6.02539062500000e-01 3.63053321838379e-01
931 5.93261718750000e-01 3.51959466934204e-01
932 5.64453125000000e-01 3.18607330322266e-01
933 5.20996093750000e-01 2.71436929702759e-01
934 4.91699218750000e-01 2.41768121719360e-01
935 4.88281250000000e-01 2.38418579101562e-01
936 4.99023437500000e-01 2.49024391174316e-01
937 4.29687500000000e-01 1.84631347656250e-01
938 4.22851562500000e-01 1.78803443908691e-01
939 4.83886718750000e-01 2.34146356582642e-01
940 5.18554687500000e-01 2.68898963928223e-01
941 4.90722656250000e-01 2.40808725357056e-01
942 4.72167968750000e-01 2.22942590713501e-01
943 4.85351562500000e-01 2.35566139221191e-01
944 4.38476562500000e-01 1.92261695861816e-01
945 4.55566406250000e-01 2.07540750503540e-01
946 4.26757812500000e-01 1.82122230529785e-01
947 4.69238281250000e-01 2.20184564590454e-01
948 5.03906250000000e-01 2.53921508789062e-01
949 4.98535156250000e-01 2.48537302017212e-01
950 4.75585937500000e-01 2.26181983947754e-01
951 4.75585937500000e-01 2.26181983947754e-01
952 4.15527343750000e-01 1.72662973403931e-01
953 4.62402343750000e-01 2.13815927505493e-01
954 3.74023437500000e-01 1.39893531799316e-01
955 4.41406250000000e-01 1.94839477539062e-01
956 4.24804687500000e-01 1.80459022521973e-01
957 3.76953125000000e-01 1.42093658447266e-01
958 3.28613281250000e-01 1.07986688613892e-01
959 3.76464843750000e-01 1.41725778579712e-01
960 4.16992187500000e-01 1.73882484436035e-01
961 4.63867187500000e-01 2.15172767639160e-01
962 4.58984375000000e-01 2.10666656494141e-01
963 4.53613281250000e-01 2.05765008926392e-01
964 4.23828125000000e-01 1.79630279541016e-01
965 3.60839843750000e-01 1.30205392837524e-01
966 3.69140625000000e-01 1.36264801025391e-01
967 3.56933593750000e-01 1.27401590347290e-01
968 3.84765625000000e-01 1.48044586181641e-01
969 4.44824218750000e-01 1.97868585586548e-01
970 4.58007812500000e-01 2.09771156311035e-01
971 4.79003906250000e-01 2.29444742202759e-01
972 5.14160156250000e-01 2.64360666275024e-01
973 4.74609375000000e-01 2.25254058837891e-01
974 5.14160156250000e-01 2.64360666275024e-01
975 4.86816406250000e-01 2.36990213394165e-01
976 5.29296875000000e-01 2.80155181884766e-01
977 5.18554687500000e-01 2.68898963928223e-01
978 5.75195312500000e-01 3.30849647521973e-01
979 5.62011718750000e-01 3.15857172012329e-01
980 5.83496093750000e-01 3.40467691421509e-01
981 6.04492187500000e-01 3.65410804748535e-01
982 6.28417968750000e-01 3.94909143447876e-01
983 5.98632812500000e-01 3.58361244201660e-01
984 6.16210937500000e-01 3.79715919494629e-01
985 6.09863281250000e-01 3.71933221817017e-01
986 6.25976562500000e-01 3.91846656799316e-01
987 6.76757812500000e-01 4.58001136779785e-01
988 6.45996093750000e-01 4.17310953140259e-01
989 6.04980468750000e-01 3.66001367568970e-01
990 6.51367187500000e-01 4.24279212951660e-01
991 6.22070312500000e-01 3.86971473693848e-01
992 5.88378906250000e-01 3.46189737319946e-01
993 6.65039062500000e-01 4.42276954650879e-01
994 6.37695312500000e-01 4.06655311584473e-01
995 6.67480468750000e-01 4.45530176162720e-01
996 6.16210937500000e-01 3.79715919494629e-01
997 6.23535156250000e-01 3.88796091079712e-01
998 5.70800781250000e-01 3.25813531875610e-01
999 5.40039062500000e-01 2.91642189025879e-01
