0 5.85937500000000e-01 3.43322753906250e-01
1 6.40136718750000e-01 4.09775018692017e-01
2 6.04003906250000e-01 3.64820718765259e-01
3 6.59179687500000e-01 4.34517860412598e-01
4 6.61132812500000e-01 4.37096595764160e-01
5 6.23535156250000e-01 3.88796091079712e-01
6 6.15234375000000e-01 3.78513336181641e-01
7 6.23535156250000e-01 3.88796091079712e-01
8 6.29394531250000e-01 3.96137475967407e-01
9 6.88964843750000e-01 4.74672555923462e-01
10 6.81152343750000e-01 4.63968515396118e-01
11 6.98242187500000e-01 4.87542152404785e-01
12 7.13378906250000e-01 5.08909463882446e-01
13 7.08984375000000e-01 5.02658843994141e-01
14 6.74316406250000e-01 4.54702615737915e-01
15 7.03125000000000e-01 4.94384765625000e-01
16 6.80664062500000e-01 4.63303565979004e-01
17 7.14355468750000e-01 5.10303735733032e-01
18 7.07519531250000e-01 5.00583887100220e-01
19 7.08496093750000e-01 5.01966714859009e-01
20 7.11914062500000e-01 5.06821632385254e-01
21 6.71386718750000e-01 4.50760126113892e-01
22 6.62109375000000e-01 4.38388824462891e-01
23 6.61621093750000e-01 4.37742471694946e-01
24 6.03515625000000e-01 3.64231109619141e-01
25 6.57226562500000e-01 4.31946754455566e-01
26 6.20117187500000e-01 3.84545326232910e-01
27 5.82519531250000e-01 3.39329004287720e-01
28 6.52832031250000e-01 4.26189661026001e-01
29 5.90820312500000e-01 3.49068641662598e-01
30 6.18164062500000e-01 3.82126808166504e-01
31 6.75292968750000e-01 4.56020593643188e-01
32 7.05078125000000e-01 4.97135162353516e-01
33 7.28027343750000e-01 5.30023813247681e-01
34 6.94335937500000e-01 4.82102394104004e-01
35 6.92382812500000e-01 4.79393959045410e-01
36 7.02148437500000e-01 4.93012428283691e-01
37 6.88964843750000e-01 4.74672555923462e-01
38 6.30371093750000e-01 3.97367715835571e-01
39 5.97167968750000e-01 3.56609582901001e-01
40 6.25000000000000e-01 3.90625000000000e-01
41 5.87890625000000e-01 3.45615386962891e-01
42 6.43066406250000e-01 4.13534402847290e-01
43 6.40136718750000e-01 4.09775018692017e-01
44 6.31347656250000e-01 3.98599863052368e-01
45 6.10351562500000e-01 3.72529029846191e-01
46 6.19140625000000e-01 3.83335113525391e-01
47 6.27929687500000e-01 3.94295692443848e-01
48 6.84570312500000e-01 4.68636512756348e-01
49 6.78222656250000e-01 4.59985971450806e-01
50 6.23535156250000e-01 3.88796091079712e-01
51 6.44531250000000e-01 4.15420532226562e-01
52 6.74316406250000e-01 4.54702615737915e-01
53 6.57226562500000e-01 4.31946754455566e-01
54 6.76757812500000e-01 4.58001136779785e-01
55 6.75292968750000e-01 4.56020593643188e-01
56 6.73828125000000e-01 4.54044342041016e-01
57 6.86523437500000e-01 4.71314430236816e-01
58 7.21679687500000e-01 5.20821571350098e-01
59 6.77246093750000e-01 4.58662271499634e-01
60 7.41699218750000e-01 5.50117731094360e-01
61 7.47070312500000e-01 5.58114051818848e-01
62 6.97265625000000e-01 4.86179351806641e-01
63 6.96777343750000e-01 4.85498666763306e-01
64 6.71875000000000e-01 4.51416015625000e-01
65 6.74316406250000e-01 4.54702615737915e-01
66 6.70410156250000e-01 4.49449777603149e-01
67 6.61132812500000e-01 4.37096595764160e-01
68 6.93847656250000e-01 4.81424570083618e-01
69 6.48437500000000e-01 4.20471191406250e-01
70 7.18750000000000e-01 5.16601562500000e-01
71 6.89453125000000e-01 4.75345611572266e-01
72 6.79687500000000e-01 4.61975097656250e-01
73 6.86035156250000e-01 4.70644235610962e-01
74 6.25000000000000e-01 3.90625000000000e-01
75 5.52246093750000e-01 3.04975748062134e-01
76 5.20507812500000e-01 2.70928382873535e-01
77 5.33691406250000e-01 2.84826517105103e-01
78 6.28906250000000e-01 3.95523071289062e-01
79 6.32324218750000e-01 3.99833917617798e-01
80 6.55761718750000e-01 4.30023431777954e-01
81 6.52343750000000e-01 4.25552368164062e-01
82 6.70898437500000e-01 4.50104713439941e-01
83 6.40136718750000e-01 4.09775018692017e-01
84 6.60644531250000e-01 4.36451196670532e-01
85 6.71875000000000e-01 4.51416015625000e-01
86 6.72363281250000e-01 4.52072381973267e-01
87 6.23535156250000e-01 3.88796091079712e-01
88 6.02050781250000e-01 3.62465143203735e-01
89 5.83007812500000e-01 3.39898109436035e-01
90 6.39160156250000e-01 4.08525705337524e-01
91 6.12304687500000e-01 3.74917030334473e-01
92 5.67871093750000e-01 3.22477579116821e-01
93 5.27832031250000e-01 2.78606653213501e-01
94 5.15625000000000e-01 2.65869140625000e-01
95 5.41015625000000e-01 2.92697906494141e-01
96 5.78125000000000e-01 3.34228515625000e-01
97 5.89843750000000e-01 3.47915649414062e-01
98 5.49316406250000e-01 3.01748514175415e-01
99 5.10742187500000e-01 2.60857582092285e-01
100 4.88769531250000e-01 2.38895654678345e-01
101 5.38574218750000e-01 2.90062189102173e-01
102 5.13183593750000e-01 2.63357400894165e-01
103 4.82910156250000e-01 2.33202219009399e-01
104 4.81445312500000e-01 2.31789588928223e-01
105 4.60937500000000e-01 2.12463378906250e-01
106 4.64843750000000e-01 2.16079711914062e-01
107 5.05371093750000e-01 2.55399942398071e-01
108 4.58984375000000e-01 2.10666656494141e-01
109 5.24414062500000e-01 2.75010108947754e-01
110 5.49804687500000e-01 3.02285194396973e-01
111 6.08886718750000e-01 3.70743036270142e-01
112 5.68847656250000e-01 3.23587656021118e-01
113 6.16699218750000e-01 3.80317926406860e-01
114 5.86914062500000e-01 3.44468116760254e-01
115 6.26953125000000e-01 3.93070220947266e-01
116 6.34277343750000e-01 4.02307748794556e-01
117 6.79199218750000e-01 4.61311578750610e-01
118 6.63085937500000e-01 4.39682960510254e-01
119 7.01171875000000e-01 4.91641998291016e-01
120 6.86523437500000e-01 4.71314430236816e-01
121 6.28417968750000e-01 3.94909143447876e-01
122 6.35742187500000e-01 4.04168128967285e-01
123 6.12304687500000e-01 3.74917030334473e-01
124 6.45996093750000e-01 4.17310953140259e-01
125 7.03613281250000e-01 4.95071649551392e-01
126 7.07519531250000e-01 5.00583887100220e-01
127 6.59179687500000e-01 4.34517860412598e-01
128 7.31445312500000e-01 5.35012245178223e-01
129 7.38281250000000e-01 5.45059204101562e-01
130 6.89941406250000e-01 4.76019144058228e-01
131 6.97265625000000e-01 4.86179351806641e-01
132 7.01171875000000e-01 4.91641998291016e-01
133 7.56347656250000e-01 5.72061777114868e-01
134 6.75781250000000e-01 4.56680297851562e-01
135 6.68945312500000e-01 4.47487831115723e-01
136 6.73828125000000e-01 4.54044342041016e-01
137 6.93847656250000e-01 4.81424570083618e-01
138 6.13769531250000e-01 3.76713037490845e-01
139 5.87890625000000e-01 3.45615386962891e-01
140 5.70312500000000e-01 3.25256347656250e-01
141 5.41992187500000e-01 2.93755531311035e-01
142 5.66894531250000e-01 3.21369409561157e-01
143 5.37109375000000e-01 2.88486480712891e-01
144 5.56152343750000e-01 3.09305429458618e-01
145 5.21484375000000e-01 2.71945953369141e-01
146 5.02441406250000e-01 2.52447366714478e-01
147 4.85839843750000e-01 2.36040353775024e-01
148 4.64843750000000e-01 2.16079711914062e-01
149 4.86816406250000e-01 2.36990213394165e-01
150 4.54589843750000e-01 2.06651926040649e-01
151 4.93164062500000e-01 2.43210792541504e-01
152 4.70703125000000e-01 2.21561431884766e-01
153 4.34570312500000e-01 1.88851356506348e-01
154 4.43359375000000e-01 1.96567535400391e-01
155 4.32128906250000e-01 1.86735391616821e-01
156 4.51660156250000e-01 2.03996896743774e-01
157 4.61425781250000e-01 2.12913751602173e-01
158 5.03417968750000e-01 2.53429651260376e-01
159 5.48339843750000e-01 3.00676584243774e-01
160 5.60546875000000e-01 3.14212799072266e-01
161 4.73144531250000e-01 2.23865747451782e-01
162 4.25781250000000e-01 1.81289672851562e-01
163 4.25781250000000e-01 1.81289672851562e-01
164 4.10644531250000e-01 1.68628931045532e-01
165 3.36914062500000e-01 1.13511085510254e-01
166 3.41308593750000e-01 1.16491556167603e-01
167 3.78906250000000e-01 1.43569946289062e-01
168 4.14062500000000e-01 1.71447753906250e-01
169 3.67675781250000e-01 1.35185480117798e-01
170 4.42871093750000e-01 1.96134805679321e-01
171 3.87695312500000e-01 1.50307655334473e-01
172 3.64257812500000e-01 1.32683753967285e-01
173 4.02343750000000e-01 1.61880493164062e-01
174 4.02832031250000e-01 1.62273645401001e-01
175 4.21875000000000e-01 1.77978515625000e-01
176 4.12109375000000e-01 1.69834136962891e-01
177 4.15039062500000e-01 1.72257423400879e-01
178 4.67285156250000e-01 2.18355417251587e-01
179 4.10156250000000e-01 1.68228149414062e-01
180 4.25781250000000e-01 1.81289672851562e-01
181 4.83886718750000e-01 2.34146356582642e-01
182 5.37109375000000e-01 2.88486480712891e-01
183 4.67285156250000e-01 2.18355417251587e-01
184 4.35546875000000e-01 1.89701080322266e-01
185 3.92578125000000e-01 1.54117584228516e-01
186 4.03808593750000e-01 1.63061380386353e-01
187 4.39453125000000e-01 1.93119049072266e-01
188 3.70605468750000e-01 1.37348413467407e-01
189 3.56445312500000e-01 1.27053260803223e-01
190 3.06640625000000e-01 9.40284729003906e-02
191 3.56445312500000e-01 1.27053260803223e-01
192 3.27636718750000e-01 1.07345819473267e-01
193 2.90527343750000e-01 8.44061374664307e-02
194 2.45605468750000e-01 6.03220462799072e-02
195 3.25195312500000e-01 1.05751991271973e-01
196 3.16406250000000e-01 1.00112915039062e-01
197 2.70507812500000e-01 7.31744766235352e-02
198 1.35253906250000e-01 1.82936191558838e-02
199 1.13281250000000e-01 1.28326416015625e-02
200 1.58691406250000e-01 2.51829624176025e-02
201 1.70898437500000e-01 2.92062759399414e-02
202 2.20703125000000e-01 4.87098693847656e-02
203 2.01171875000000e-01 4.04701232910156e-02
204 1.52832031250000e-01 2.33576297760010e-02
205 1.34765625000000e-01 1.81617736816406e-02
206 1.03027343750000e-01 1.06146335601807e-02
207 1.27929687500000e-01 1.63660049438477e-02
208 2.05078125000000e-01 4.20570373535156e-02
209 1.31347656250000e-01 1.72522068023682e-02
210 7.91015625000000e-02 6.25705718994141e-03
211 3.90625000000000e-02 1.52587890625000e-03
212 2.78320312500000e-02 7.74621963500977e-04
213 1.51367187500000e-02 2.29120254516602e-04
214 6.00585937500000e-02 3.60703468322754e-03
215 5.02929687500000e-02 2.52938270568848e-03
216 5.27343750000000e-02 2.78091430664062e-03
217 8.05664062500000e-02 6.49094581604004e-03
218 6.68945312500000e-02 4.47487831115723e-03
219 1.61132812500000e-02 2.59637832641602e-04
220 9.27734375000000e-03 8.60691070556641e-05
221 3.17382812500000e-02 1.00731849670410e-03
222 7.71484375000000e-02 5.95188140869141e-03
223 2.05078125000000e-02 4.20570373535156e-04
224 8.30078125000000e-03 6.89029693603516e-05
225 4.68750000000000e-02 2.19726562500000e-03
226 1.09863281250000e-01 1.20699405670166e-02
227 1.10839843750000e-01 1.22854709625244e-02
228 1.08398437500000e-01 1.17502212524414e-02
229 4.73632812500000e-02 2.24328041076660e-03
230 8.44726562500000e-02 7.13562965393066e-03
231 1.26953125000000e-01 1.61170959472656e-02
232 5.22460937500000e-02 2.72965431213379e-03
233 7.66601562500000e-02 5.87677955627441e-03
234 4.44335937500000e-02 1.97434425354004e-03
235 1.01074218750000e-01 1.02159976959229e-02
236 1.12304687500000e-02 1.26123428344727e-04
237 1.31835937500000e-02 1.73807144165039e-04
238 3.90625000000000e-02 1.52587890625000e-03
239 3.90625000000000e-03 1.52587890625000e-05
240 1.26953125000000e-02 1.61170959472656e-04
241 2.19726562500000e-02 4.82797622680664e-04
242 2.24609375000000e-02 5.04493713378906e-04
243 9.27734375000000e-03 8.60691070556641e-05
244 1.46484375000000e-03 2.14576721191406e-06
245 9.27734375000000e-03 8.60691070556641e-05
246 4.29687500000000e-02 1.84631347656250e-03
247 1.15234375000000e-01 1.32789611816406e-02
248 4.98046875000000e-02 2.48050689697266e-03
249 1.70898437500000e-02 2.92062759399414e-04
250 1.07421875000000e-02 1.15394592285156e-04
251 1.51367187500000e-02 2.29120254516602e-04
252 2.24609375000000e-02 5.04493713378906e-04
253 2.19726562500000e-02 4.82797622680664e-04
254 9.76562500000000e-04 9.53674316406250e-07
255 1.85546875000000e-02 3.44276428222656e-04
256 1.56250000000000e-02 2.44140625000000e-04
257 5.07812500000000e-02 2.57873535156250e-03
258 1.41601562500000e-02 2.00510025024414e-04
259 3.61328125000000e-02 1.30558013916016e-03
260 8.44726562500000e-02 7.13562965393066e-03
261 6.68945312500000e-02 4.47487831115723e-03
262 2.10449218750000e-01 4.42888736724854e-02
263 2.32910156250000e-01 5.42471408843994e-02
264 2.73437500000000e-01 7.47680664062500e-02
265 2.29492187500000e-01 5.26666641235352e-02
266 2.25585937500000e-01 5.08890151977539e-02
267 2.11425781250000e-01 4.47008609771729e-02
268 3.00292968750000e-01 9.01758670806885e-02
269 3.61328125000000e-01 1.30558013916016e-01
270 3.96972656250000e-01 1.57587289810181e-01
271 3.61328125000000e-01 1.30558013916016e-01
272 3.24218750000000e-01 1.05117797851562e-01
273 2.89550781250000e-01 8.38396549224854e-02
274 3.00781250000000e-01 9.04693603515625e-02
275 3.06640625000000e-01 9.40284729003906e-02
276 2.57812500000000e-01 6.64672851562500e-02
277 2.85156250000000e-01 8.13140869140625e-02
278 2.31933593750000e-01 5.37931919097900e-02
279 2.22656250000000e-01 4.95758056640625e-02
280 2.27539062500000e-01 5.17740249633789e-02
281 2.34863281250000e-01 5.51607608795166e-02
282 2.43164062500000e-01 5.91287612915039e-02
283 2.57324218750000e-01 6.62157535552979e-02
284 3.47656250000000e-01 1.20864868164062e-01
285 3.42285156250000e-01 1.17159128189087e-01
286 4.17480468750000e-01 1.74289941787720e-01
287 3.77929687500000e-01 1.42830848693848e-01
288 3.20800781250000e-01 1.02913141250610e-01
289 3.51074218750000e-01 1.23253107070923e-01
290 3.53027343750000e-01 1.24628305435181e-01
291 4.05761718750000e-01 1.64642572402954e-01
292 4.03320312500000e-01 1.62667274475098e-01
293 4.31152343750000e-01 1.85892343521118e-01
294 4.52148437500000e-01 2.04438209533691e-01
295 4.71191406250000e-01 2.22021341323853e-01
296 4.79980468750000e-01 2.30381250381470e-01
297 5.19531250000000e-01 2.69912719726562e-01
298 5.02929687500000e-01 2.52938270568848e-01
299 5.40039062500000e-01 2.91642189025879e-01
300 5.03417968750000e-01 2.53429651260376e-01
301 4.96093750000000e-01 2.46109008789062e-01
302 4.97558593750000e-01 2.47564554214478e-01
303 5.05371093750000e-01 2.55399942398071e-01
304 5.12695312500000e-01 2.62856483459473e-01
305 4.74609375000000e-01 2.25254058837891e-01
306 4.62402343750000e-01 2.13815927505493e-01
307 4.77539062500000e-01 2.28043556213379e-01
308 4.32128906250000e-01 1.86735391616821e-01
309 4.45312500000000e-01 1.98303222656250e-01
310 4.96582031250000e-01 2.46593713760376e-01
311 5.08300781250000e-01 2.58369684219360e-01
312 4.48242187500000e-01 2.00921058654785e-01
313 4.33105468750000e-01 1.87580347061157e-01
314 4.66308593750000e-01 2.17443704605103e-01
315 4.96582031250000e-01 2.46593713760376e-01
316 3.82812500000000e-01 1.46545410156250e-01
317 4.19921875000000e-01 1.76334381103516e-01
318 3.64257812500000e-01 1.32683753967285e-01
319 4.60449218750000e-01 2.12013483047485e-01
320 5.27343750000000e-01 2.78091430664062e-01
321 5.44921875000000e-01 2.96939849853516e-01
322 4.83398437500000e-01 2.33674049377441e-01
323 4.45312500000000e-01 1.98303222656250e-01
324 4.95117187500000e-01 2.45141029357910e-01
325 5.38085937500000e-01 2.89536476135254e-01
326 5.27343750000000e-01 2.78091430664062e-01
327 4.82910156250000e-01 2.33202219009399e-01
328 3.78906250000000e-01 1.43569946289062e-01
329 3.99902343750000e-01 1.59921884536743e-01
330 4.60937500000000e-01 2.12463378906250e-01
331 4.73632812500000e-01 2.24328041076660e-01
332 4.19433593750000e-01 1.75924539566040e-01
333 3.80371093750000e-01 1.44682168960571e-01
334 3.31542968750000e-01 1.09920740127563e-01
335 3.25683593750000e-01 1.06069803237915e-01
336 2.87109375000000e-01 8.24317932128906e-02
337 2.80761718750000e-01 7.88271427154541e-02
338 2.84179687500000e-01 8.07580947875977e-02
339 3.59863281250000e-01 1.29501581192017e-01
340 3.55468750000000e-01 1.26358032226562e-01
341 3.59375000000000e-01 1.29150390625000e-01
342 3.79394531250000e-01 1.43940210342407e-01
343 3.59863281250000e-01 1.29501581192017e-01
344 3.82324218750000e-01 1.46171808242798e-01
345 3.18359375000000e-01 1.01352691650391e-01
346 3.39843750000000e-01 1.15493774414062e-01
347 2.98828125000000e-01 8.92982482910156e-02
348 3.96972656250000e-01 1.57587289810181e-01
349 3.27148437500000e-01 1.07026100158691e-01
350 3.15429687500000e-01 9.94958877563477e-02
351 2.76367187500000e-01 7.63788223266602e-02
352 2.87597656250000e-01 8.27124118804932e-02
353 2.43652343750000e-01 5.93664646148682e-02
354 2.82226562500000e-01 7.96518325805664e-02
355 3.27636718750000e-01 1.07345819473267e-01
356 2.84179687500000e-01 8.07580947875977e-02
357 3.52050781250000e-01 1.23939752578735e-01
358 4.15039062500000e-01 1.72257423400879e-01
359 3.98925781250000e-01 1.59141778945923e-01
360 3.92089843750000e-01 1.53734445571899e-01
361 4.15039062500000e-01 1.72257423400879e-01
362 3.74511718750000e-01 1.40259027481079e-01
363 3.15917968750000e-01 9.98041629791260e-02
364 2.45605468750000e-01 6.03220462799072e-02
365 2.44628906250000e-01 5.98433017730713e-02
366 2.94433593750000e-01 8.66911411285400e-02
367 3.32031250000000e-01 1.10244750976562e-01
368 3.36425781250000e-01 1.13182306289673e-01
369 2.99804687500000e-01 8.98828506469727e-02
370 3.19824218750000e-01 1.02287530899048e-01
371 3.11035156250000e-01 9.67428684234619e-02
372 2.92968750000000e-01 8.58306884765625e-02
373 3.00292968750000e-01 9.01758670806885e-02
374 2.86621093750000e-01 8.21516513824463e-02
375 2.95898437500000e-01 8.75558853149414e-02
376 3.06640625000000e-01 9.40284729003906e-02
377 2.84179687500000e-01 8.07580947875977e-02
378 3.04199218750000e-01 9.25371646881104e-02
379 3.04199218750000e-01 9.25371646881104e-02
380 3.57421875000000e-01 1.27750396728516e-01
381 3.17871093750000e-01 1.01042032241821e-01
382 3.44726562500000e-01 1.18836402893066e-01
383 3.60351562500000e-01 1.29853248596191e-01
384 3.71582031250000e-01 1.38073205947876e-01
385 3.77929687500000e-01 1.42830848693848e-01
386 4.81445312500000e-01 2.31789588928223e-01
387 4.85839843750000e-01 2.36040353775024e-01
388 5.18066406250000e-01 2.68392801284790e-01
389 4.22851562500000e-01 1.78803443908691e-01
390 4.81445312500000e-01 2.31789588928223e-01
391 4.47753906250000e-01 2.00483560562134e-01
392 4.90234375000000e-01 2.40329742431641e-01
393 4.54589843750000e-01 2.06651926040649e-01
394 5.03906250000000e-01 2.53921508789062e-01
395 4.49707031250000e-01 2.02236413955688e-01
396 5.25390625000000e-01 2.76035308837891e-01
397 5.28808593750000e-01 2.79638528823853e-01
398 5.20996093750000e-01 2.71436929702759e-01
399 5.37597656250000e-01 2.89011240005493e-01
400 6.32324218750000e-01 3.99833917617798e-01
401 6.76757812500000e-01 4.58001136779785e-01
402 6.78222656250000e-01 4.59985971450806e-01
403 6.44531250000000e-01 4.15420532226562e-01
404 6.79199218750000e-01 4.61311578750610e-01
405 6.45507812500000e-01 4.16680335998535e-01
406 6.66992187500000e-01 4.44878578186035e-01
407 6.21093750000000e-01 3.85757446289062e-01
408 5.41503906250000e-01 2.93226480484009e-01
409 5.43457031250000e-01 2.95345544815063e-01
410 5.06347656250000e-01 2.56387948989868e-01
411 5.08789062500000e-01 2.58866310119629e-01
412 4.92187500000000e-01 2.42248535156250e-01
413 5.29296875000000e-01 2.80155181884766e-01
414 5.28320312500000e-01 2.79122352600098e-01
415 5.21484375000000e-01 2.71945953369141e-01
416 5.06347656250000e-01 2.56387948989868e-01
417 5.76171875000000e-01 3.31974029541016e-01
418 6.23535156250000e-01 3.88796091079712e-01
419 6.45507812500000e-01 4.16680335998535e-01
420 6.39648437500000e-01 4.09150123596191e-01
421 7.08007812500000e-01 5.01275062561035e-01
422 7.03125000000000e-01 4.94384765625000e-01
423 7.25097656250000e-01 5.25766611099243e-01
424 7.21191406250000e-01 5.20117044448853e-01
425 7.11425781250000e-01 5.06126642227173e-01
426 6.63085937500000e-01 4.39682960510254e-01
427 6.67968750000000e-01 4.46182250976562e-01
428 6.49414062500000e-01 4.21738624572754e-01
429 6.29882812500000e-01 3.96752357482910e-01
430 6.54296875000000e-01 4.28104400634766e-01
431 6.73828125000000e-01 4.54044342041016e-01
432 6.67480468750000e-01 4.45530176162720e-01
433 7.16796875000000e-01 5.13797760009766e-01
434 7.39746093750000e-01 5.47224283218384e-01
435 7.12890625000000e-01 5.08213043212891e-01
436 7.45605468750000e-01 5.55927515029907e-01
437 7.15332031250000e-01 5.11699914932251e-01
438 6.28906250000000e-01 3.95523071289062e-01
439 6.37695312500000e-01 4.06655311584473e-01
440 6.04492187500000e-01 3.65410804748535e-01
441 6.35253906250000e-01 4.03547525405884e-01
442 6.03515625000000e-01 3.64231109619141e-01
443 6.58691406250000e-01 4.33874368667603e-01
444 6.24023437500000e-01 3.89405250549316e-01
445 6.37207031250000e-01 4.06032800674438e-01
446 6.87011718750000e-01 4.71985101699829e-01
447 6.54296875000000e-01 4.28104400634766e-01
448 6.43066406250000e-01 4.13534402847290e-01
449 6.08398437500000e-01 3.70148658752441e-01
450 5.33203125000000e-01 2.84305572509766e-01
451 5.56152343750000e-01 3.09305429458618e-01
452 5.71777343750000e-01 3.26929330825806e-01
453 5.50292968750000e-01 3.02822351455688e-01
454 5.59570312500000e-01 3.13118934631348e-01
455 5.85449218750000e-01 3.42750787734985e-01
456 6.24023437500000e-01 3.89405250549316e-01
457 6.18652343750000e-01 3.82730722427368e-01
458 5.98144531250000e-01 3.57776880264282e-01
459 6.02539062500000e-01 3.63053321838379e-01
460 5.95214843750000e-01 3.54280710220337e-01
461 5.53222656250000e-01 3.06055307388306e-01
462 5.35156250000000e-01 2.86392211914062e-01
463 5.51757812500000e-01 3.04436683654785e-01
464 6.06445312500000e-01 3.67775917053223e-01
465 6.48925781250000e-01 4.21104669570923e-01
466 6.44531250000000e-01 4.15420532226562e-01
467 6.16699218750000e-01 3.80317926406860e-01
468 5.74218750000000e-01 3.29727172851562e-01
469 6.31835937500000e-01 3.99216651916504e-01
470 6.77246093750000e-01 4.58662271499634e-01
471 6.80175781250000e-01 4.62639093399048e-01
472 6.26464843750000e-01 3.92458200454712e-01
473 6.44531250000000e-01 4.15420532226562e-01
474 6.35253906250000e-01 4.03547525405884e-01
475 5.91308593750000e-01 3.49645853042603e-01
476 5.45410156250000e-01 2.97472238540649e-01
477 5.39062500000000e-01 2.90588378906250e-01
478 5.67382812500000e-01 3.21923255920410e-01
479 5.07324218750000e-01 2.57377862930298e-01
480 5.31250000000000e-01 2.82226562500000e-01
481 4.57519531250000e-01 2.09324121475220e-01
482 4.43847656250000e-01 1.97000741958618e-01
483 4.85351562500000e-01 2.35566139221191e-01
484 5.05859375000000e-01 2.55893707275391e-01
485 5.18066406250000e-01 2.68392801284790e-01
486 5.06835937500000e-01 2.56882667541504e-01
487 5.20996093750000e-01 2.71436929702759e-01
488 5.15625000000000e-01 2.65869140625000e-01
489 5.08300781250000e-01 2.58369684219360e-01
490 5.16113281250000e-01 2.66372919082642e-01
491 5.84960937500000e-01 3.42179298400879e-01
492 6.22070312500000e-01 3.86971473693848e-01
493 6.31835937500000e-01 3.99216651916504e-01
494 6.59179687500000e-01 4.34517860412598e-01
495 6.46484375000000e-01 4.17942047119141e-01
496 6.18164062500000e-01 3.82126808166504e-01
497 6.13281250000000e-01 3.76113891601562e-01
498 5.84472656250000e-01 3.41608285903931e-01
499 6.54785156250000e-01 4.28743600845337e-01
500 6.88476562500000e-01 4.73999977111816e-01
501 7.38769531250000e-01 5.45780420303345e-01
502 6.60644531250000e-01 4.36451196670532e-01
503 6.42089843750000e-01 4.12279367446899e-01
504 6.95312500000000e-01 4.83459472656250e-01
505 6.96777343750000e-01 4.85498666763306e-01
506 7.26074218750000e-01 5.27183771133423e-01
507 6.70410156250000e-01 4.49449777603149e-01
508 6.78222656250000e-01 4.59985971450806e-01
509 6.85058593750000e-01 4.69305276870728e-01
510 6.82617187500000e-01 4.65966224670410e-01
511 6.77734375000000e-01 4.59323883056641e-01
512 7.03125000000000e-01 4.94384765625000e-01
513 6.72363281250000e-01 4.52072381973267e-01
514 6.79199218750000e-01 4.61311578750610e-01
515 6.36230468750000e-01 4.04789209365845e-01
516 6.51367187500000e-01 4.24279212951660e-01
517 6.68945312500000e-01 4.47487831115723e-01
518 6.81152343750000e-01 4.63968515396118e-01
519 7.31445312500000e-01 5.35012245178223e-01
520 6.83105468750000e-01 4.66633081436157e-01
521 6.67968750000000e-01 4.46182250976562e-01
522 6.53320312500000e-01 4.26827430725098e-01
523 6.81640625000000e-01 4.64633941650391e-01
524 6.70898437500000e-01 4.50104713439941e-01
525 6.60644531250000e-01 4.36451196670532e-01
526 6.77246093750000e-01 4.58662271499634e-01
527 6.51367187500000e-01 4.24279212951660e-01
528 6.82128906250000e-01 4.65299844741821e-01
529 7.25097656250000e-01 5.25766611099243e-01
530 7.37792968750000e-01 5.44338464736938e-01
531 7.73925781250000e-01 5.98961114883423e-01
532 7.40722656250000e-01 5.48670053482056e-01
533 7.43164062500000e-01 5.52292823791504e-01
534 7.26074218750000e-01 5.27183771133423e-01
535 6.87011718750000e-01 4.71985101699829e-01
536 7.58789062500000e-01 5.75760841369629e-01
537 6.82617187500000e-01 4.65966224670410e-01
538 6.87500000000000e-01 4.72656250000000e-01
539 7.15332031250000e-01 5.11699914932251e-01
540 6.27929687500000e-01 3.94295692443848e-01
541 5.99609375000000e-01 3.59531402587891e-01
542 6.18652343750000e-01 3.82730722427368e-01
543 6.06933593750000e-01 3.68368387222290e-01
544 6.62597656250000e-01 4.39035654067993e-01
545 6.31347656250000e-01 3.98599863052368e-01
546 6.04980468750000e-01 3.66001367568970e-01
547 6.25976562500000e-01 3.91846656799316e-01
548 5.82519531250000e-01 3.39329004287720e-01
549 5.92773437500000e-01 3.51380348205566e-01
550 5.60546875000000e-01 3.14212799072266e-01
551 5.80566406250000e-01 3.37057352066040e-01
552 5.49316406250000e-01 3.01748514175415e-01
553 5.54687500000000e-01 3.07678222656250e-01
554 5.71777343750000e-01 3.26929330825806e-01
555 5.70312500000000e-01 3.25256347656250e-01
556 6.42089843750000e-01 4.12279367446899e-01
557 5.96679687500000e-01 3.56026649475098e-01
558 5.75195312500000e-01 3.30849647521973e-01
559 5.84960937500000e-01 3.42179298400879e-01
560 4.70703125000000e-01 2.21561431884766e-01
561 5.40527343750000e-01 2.92169809341431e-01
562 5.83007812500000e-01 3.39898109436035e-01
563 6.34277343750000e-01 4.02307748794556e-01
564 5.84472656250000e-01 3.41608285903931e-01
565 6.32812500000000e-01 4.00451660156250e-01
566 6.14746093750000e-01 3.77912759780884e-01
567 6.26953125000000e-01 3.93070220947266e-01
568 6.22558593750000e-01 3.87579202651978e-01
569 6.08886718750000e-01 3.70743036270142e-01
570 6.04980468750000e-01 3.66001367568970e-01
571 5.84472656250000e-01 3.41608285903931e-01
572 5.76171875000000e-01 3.31974029541016e-01
573 5.51757812500000e-01 3.04436683654785e-01
574 6.24023437500000e-01 3.89405250549316e-01
575 7.07031250000000e-01 4.99893188476562e-01
576 6.90917968750000e-01 4.77367639541626e-01
577 7.37792968750000e-01 5.44338464736938e-01
578 7.70996093750000e-01 5.94434976577759e-01
579 6.75781250000000e-01 4.56680297851562e-01
580 6.50878906250000e-01 4.23643350601196e-01
581 6.88964843750000e-01 4.74672555923462e-01
582 6.77246093750000e-01 4.58662271499634e-01
583 7.19726562500000e-01 5.18006324768066e-01
584 7.17285156250000e-01 5.14497995376587e-01
585 7.27539062500000e-01 5.29313087463379e-01
586 7.43164062500000e-01 5.52292823791504e-01
587 6.86035156250000e-01 4.70644235610962e-01
588 6.67480468750000e-01 4.45530176162720e-01
589 6.63085937500000e-01 4.39682960510254e-01
590 6.51855468750000e-01 4.24915552139282e-01
591 5.68359375000000e-01 3.23032379150391e-01
592 5.52246093750000e-01 3.04975748062134e-01
593 4.97070312500000e-01 2.47078895568848e-01
594 5.30273437500000e-01 2.81189918518066e-01
595 5.68359375000000e-01 3.23032379150391e-01
596 5.34179687500000e-01 2.85347938537598e-01
597 5.39062500000000e-01 2.90588378906250e-01
598 5.61523437500000e-01 3.15308570861816e-01
599 5.29785156250000e-01 2.80672311782837e-01
600 5.64453125000000e-01 3.18607330322266e-01
601 5.54199218750000e-01 3.07136774063110e-01
602 5.79589843750000e-01 3.35924386978149e-01
603 5.65429687500000e-01 3.19710731506348e-01
604 5.63476562500000e-01 3.17505836486816e-01
605 5.69335937500000e-01 3.24143409729004e-01
606 5.13183593750000e-01 2.63357400894165e-01
607 4.81933593750000e-01 2.32259988784790e-01
608 4.22851562500000e-01 1.78803443908691e-01
609 4.70703125000000e-01 2.21561431884766e-01
610 4.42871093750000e-01 1.96134805679321e-01
611 4.17480468750000e-01 1.74289941787720e-01
612 4.01855468750000e-01 1.61487817764282e-01
613 4.51660156250000e-01 2.03996896743774e-01
614 4.55078125000000e-01 2.07096099853516e-01
615 4.33105468750000e-01 1.87580347061157e-01
616 3.99902343750000e-01 1.59921884536743e-01
617 4.13085937500000e-01 1.70639991760254e-01
618 4.56542968750000e-01 2.08431482315063e-01
619 3.82812500000000e-01 1.46545410156250e-01
620 3.41308593750000e-01 1.16491556167603e-01
621 3.72070312500000e-01 1.38436317443848e-01
622 3.47656250000000e-01 1.20864868164062e-01
623 3.56445312500000e-01 1.27053260803223e-01
624 2.94921875000000e-01 8.69789123535156e-02
625 3.13964843750000e-01 9.85739231109619e-02
626 3.06640625000000e-01 9.40284729003906e-02
627 3.35449218750000e-01 1.12526178359985e-01
628 3.54980468750000e-01 1.26011133193970e-01
629 3.93554687500000e-01 1.54885292053223e-01
630 4.04296875000000e-01 1.63455963134766e-01
631 3.68164062500000e-01 1.35544776916504e-01
632 3.37402343750000e-01 1.13840341567993e-01
633 2.94921875000000e-01 8.69789123535156e-02
634 2.00195312500000e-01 4.00781631469727e-02
635 2.38281250000000e-01 5.67779541015625e-02
636 1.88476562500000e-01 3.55234146118164e-02
637 1.60644531250000e-01 2.58066654205322e-02
638 1.97265625000000e-01 3.89137268066406e-02
639 1.76269531250000e-01 3.10709476470947e-02
640 1.00585937500000e-01 1.01175308227539e-02
641 6.78710937500000e-02 4.60648536682129e-03
642 1.11328125000000e-01 1.23939514160156e-02
643 1.27441406250000e-01 1.62413120269775e-02
644 7.27539062500000e-02 5.29313087463379e-03
645 2.29492187500000e-02 5.26666641235352e-04
646 4.39453125000000e-03 1.93119049072266e-05
647 4.39453125000000e-02 1.93119049072266e-03
648 4.73632812500000e-02 2.24328041076660e-03
649 6.68945312500000e-02 4.47487831115723e-03
650 7.61718750000000e-02 5.80215454101562e-03
651 1.16699218750000e-01 1.36187076568604e-02
652 1.55273437500000e-01 2.41098403930664e-02
653 1.34765625000000e-01 1.81617736816406e-02
654 2.14843750000000e-02 4.61578369140625e-04
655 2.14843750000000e-02 4.61578369140625e-04
656 8.25195312500000e-02 6.80947303771973e-03
657 9.27734375000000e-02 8.60691070556641e-03
658 1.51855468750000e-01 2.30600833892822e-02
659 2.17773437500000e-01 4.74252700805664e-02
660 2.36816406250000e-01 5.60820102691650e-02
661 1.98242187500000e-01 3.92999649047852e-02
662 2.49023437500000e-01 6.20126724243164e-02
663 2.92968750000000e-01 8.58306884765625e-02
664 3.10546875000000e-01 9.64393615722656e-02
665 3.86230468750000e-01 1.49173974990845e-01
666 3.56933593750000e-01 1.27401590347290e-01
667 3.80859375000000e-01 1.45053863525391e-01
668 3.22753906250000e-01 1.04170083999634e-01
669 3.88671875000000e-01 1.51065826416016e-01
670 3.64746093750000e-01 1.33039712905884e-01
671 3.97460937500000e-01 1.57975196838379e-01
672 4.76562500000000e-01 2.27111816406250e-01
673 4.12597656250000e-01 1.70236825942993e-01
674 3.98437500000000e-01 1.58752441406250e-01
675 4.60449218750000e-01 2.12013483047485e-01
676 4.09667968750000e-01 1.67827844619751e-01
677 3.81347656250000e-01 1.45426034927368e-01
678 4.68750000000000e-01 2.19726562500000e-01
679 4.54101562500000e-01 2.06208229064941e-01
680 4.44824218750000e-01 1.97868585586548e-01
681 3.35937500000000e-01 1.12854003906250e-01
682 3.23730468750000e-01 1.04801416397095e-01
683 2.67578125000000e-01 7.15980529785156e-02
684 2.52929687500000e-01 6.39734268188477e-02
685 2.86621093750000e-01 8.21516513824463e-02
686 3.41796875000000e-01 1.16825103759766e-01
687 3.75488281250000e-01 1.40991449356079e-01
688 4.09667968750000e-01 1.67827844619751e-01
689 4.33105468750000e-01 1.87580347061157e-01
690 3.99902343750000e-01 1.59921884536743e-01
691 4.25781250000000e-01 1.81289672851562e-01
692 3.89648437500000e-01 1.51825904846191e-01
693 3.58398437500000e-01 1.28449440002441e-01
694 2.99804687500000e-01 8.98828506469727e-02
695 3.24707031250000e-01 1.05434656143188e-01
696 3.14453125000000e-01 9.88807678222656e-02
697 3.12011718750000e-01 9.73513126373291e-02
698 3.46679687500000e-01 1.20186805725098e-01
699 3.26660156250000e-01 1.06706857681274e-01
700 2.75390625000000e-01 7.58399963378906e-02
701 3.12988281250000e-01 9.79616641998291e-02
702 3.36425781250000e-01 1.13182306289673e-01
703 3.32031250000000e-01 1.10244750976562e-01
704 3.36914062500000e-01 1.13511085510254e-01
705 4.01855468750000e-01 1.61487817764282e-01
706 4.21386718750000e-01 1.77566766738892e-01
707 3.43261718750000e-01 1.17828607559204e-01
708 3.36914062500000e-01 1.13511085510254e-01
709 3.63769531250000e-01 1.32328271865845e-01
710 3.31542968750000e-01 1.09920740127563e-01
711 3.36914062500000e-01 1.13511085510254e-01
712 3.96484375000000e-01 1.57199859619141e-01
713 3.99902343750000e-01 1.59921884536743e-01
714 3.97460937500000e-01 1.57975196838379e-01
715 3.36914062500000e-01 1.13511085510254e-01
716 3.69628906250000e-01 1.36625528335571e-01
717 3.38378906250000e-01 1.14500284194946e-01
718 3.10546875000000e-01 9.64393615722656e-02
719 3.24218750000000e-01 1.05117797851562e-01
720 3.44726562500000e-01 1.18836402893066e-01
721 4.23339843750000e-01 1.79216623306274e-01
722 3.33007812500000e-01 1.10894203186035e-01
723 4.23339843750000e-01 1.79216623306274e-01
724 4.00390625000000e-01 1.60312652587891e-01
725 3.83789062500000e-01 1.47294044494629e-01
726 4.13574218750000e-01 1.71043634414673e-01
727 4.12597656250000e-01 1.70236825942993e-01
728 3.93066406250000e-01 1.54501199722290e-01
729 3.69628906250000e-01 1.36625528335571e-01
730 3.54492187500000e-01 1.25664710998535e-01
731 3.20312500000000e-01 1.02600097656250e-01
732 2.97363281250000e-01 8.84249210357666e-02
733 3.43750000000000e-01 1.18164062500000e-01
734 3.40820312500000e-01 1.16158485412598e-01
735 3.41308593750000e-01 1.16491556167603e-01
736 3.34472656250000e-01 1.11871957778931e-01
737 2.83203125000000e-01 8.02040100097656e-02
738 3.95507812500000e-01 1.56426429748535e-01
739 3.78906250000000e-01 1.43569946289062e-01
740 3.61816406250000e-01 1.30911111831665e-01
741 3.93554687500000e-01 1.54885292053223e-01
742 2.98828125000000e-01 8.92982482910156e-02
743 4.09667968750000e-01 1.67827844619751e-01
744 3.54492187500000e-01 1.25664710998535e-01
745 3.79882812500000e-01 1.44310951232910e-01
746 4.50683593750000e-01 2.03115701675415e-01
747 4.67285156250000e-01 2.18355417251587e-01
748 5.05371093750000e-01 2.55399942398071e-01
749 5.01464843750000e-01 2.51466989517212e-01
750 4.39941406250000e-01 1.93548440933228e-01
751 4.51171875000000e-01 2.03556060791016e-01
752 5.18066406250000e-01 2.68392801284790e-01
753 6.11328125000000e-01 3.73722076416016e-01
754 5.94726562500000e-01 3.53699684143066e-01
755 6.55273437500000e-01 4.29383277893066e-01
756 6.62597656250000e-01 4.39035654067993e-01
757 6.65527343750000e-01 4.42926645278931e-01
758 7.10449218750000e-01 5.04738092422485e-01
759 7.44140625000000e-01 5.53745269775391e-01
760 6.76269531250000e-01 4.57340478897095e-01
761 6.41601562500000e-01 4.11652565002441e-01
762 6.78222656250000e-01 4.59985971450806e-01
763 6.28417968750000e-01 3.94909143447876e-01
764 5.50292968750000e-01 3.02822351455688e-01
765 5.13183593750000e-01 2.63357400894165e-01
766 5.49804687500000e-01 3.02285194396973e-01
767 5.85937500000000e-01 3.43322753906250e-01
768 5.75195312500000e-01 3.30849647521973e-01
769 5.85937500000000e-01 3.43322753906250e-01
770 5.35156250000000e-01 2.86392211914062e-01
771 6.25976562500000e-01 3.91846656799316e-01
772 6.12792968750000e-01 3.75515222549438e-01
773 5.63476562500000e-01 3.17505836486816e-01
774 5.44433593750000e-01 2.96407938003540e-01
775 6.56738281250000e-01 4.31305170059204e-01
776 6.10839843750000e-01 3.73125314712524e-01
777 5.76171875000000e-01 3.31974029541016e-01
778 5.27832031250000e-01 2.78606653213501e-01
779 5.20019531250000e-01 2.70420312881470e-01
780 5.62011718750000e-01 3.15857172012329e-01
781 5.69824218750000e-01 3.24699640274048e-01
782 5.83984375000000e-01 3.41037750244141e-01
783 6.56250000000000e-01 4.30664062500000e-01
784 6.79199218750000e-01 4.61311578750610e-01
785 7.62207031250000e-01 5.80959558486938e-01
786 7.44628906250000e-01 5.54472208023071e-01
787 7.55371093750000e-01 5.70585489273071e-01
788 7.13867187500000e-01 5.09606361389160e-01
789 7.80273437500000e-01 6.08826637268066e-01
790 7.72949218750000e-01 5.97450494766235e-01
791 7.84179687500000e-01 6.14937782287598e-01
792 8.09570312500000e-01 6.55404090881348e-01
793 8.11523437500000e-01 6.58570289611816e-01
794 7.77343750000000e-01 6.04263305664062e-01
795 7.21679687500000e-01 5.20821571350098e-01
796 6.78222656250000e-01 4.59985971450806e-01
797 7.44628906250000e-01 5.54472208023071e-01
798 7.28515625000000e-01 5.30735015869141e-01
799 7.57324218750000e-01 5.73539972305298e-01
800 7.00195312500000e-01 4.90273475646973e-01
801 6.96289062500000e-01 4.84818458557129e-01
802 6.54785156250000e-01 4.28743600845337e-01
803 7.10449218750000e-01 5.04738092422485e-01
804 6.59179687500000e-01 4.34517860412598e-01
805 7.30957031250000e-01 5.34298181533813e-01
806 7.47558593750000e-01 5.58843851089478e-01
807 7.49511718750000e-01 5.61767816543579e-01
808 7.16308593750000e-01 5.13098001480103e-01
809 6.89453125000000e-01 4.75345611572266e-01
810 6.69433593750000e-01 4.48141336441040e-01
811 6.66992187500000e-01 4.44878578186035e-01
812 6.57714843750000e-01 4.32588815689087e-01
813 6.80664062500000e-01 4.63303565979004e-01
814 6.61132812500000e-01 4.37096595764160e-01
815 6.19140625000000e-01 3.83335113525391e-01
816 6.03515625000000e-01 3.64231109619141e-01
817 5.71289062500000e-01 3.26371192932129e-01
818 5.05859375000000e-01 2.55893707275391e-01
819 5.07324218750000e-01 2.57377862930298e-01
820 6.05957031250000e-01 3.67183923721313e-01
821 5.18554687500000e-01 2.68898963928223e-01
822 5.24414062500000e-01 2.75010108947754e-01
823 5.44433593750000e-01 2.96407938003540e-01
824 5.56640625000000e-01 3.09848785400391e-01
825 5.15625000000000e-01 2.65869140625000e-01
826 4.52148437500000e-01 2.04438209533691e-01
827 4.51660156250000e-01 2.03996896743774e-01
828 4.58007812500000e-01 2.09771156311035e-01
829 4.76074218750000e-01 2.26646661758423e-01
830 4.19433593750000e-01 1.75924539566040e-01
831 3.80371093750000e-01 1.44682168960571e-01
832 4.20898437500000e-01 1.77155494689941e-01
833 4.73632812500000e-01 2.24328041076660e-01
834 4.73632812500000e-01 2.24328041076660e-01
835 5.06835937500000e-01 2.56882667541504e-01
836 5.46875000000000e-01 2.99072265625000e-01
837 5.71289062500000e-01 3.26371192932129e-01
838 5.49316406250000e-01 3.01748514175415e-01
839 6.27441406250000e-01 3.93682718276978e-01
840 6.00585937500000e-01 3.60703468322754e-01
841 6.78710937500000e-01 4.60648536682129e-01
842 6.67968750000000e-01 4.46182250976562e-01
843 6.48925781250000e-01 4.21104669570923e-01
844 6.51367187500000e-01 4.24279212951660e-01
845 6.13769531250000e-01 3.76713037490845e-01
846 6.45996093750000e-01 4.17310953140259e-01
847 6.12304687500000e-01 3.74917030334473e-01
848 5.69824218750000e-01 3.24699640274048e-01
849 5.39550781250000e-01 2.91115045547485e-01
850 5.89843750000000e-01 3.47915649414062e-01
851 6.08886718750000e-01 3.70743036270142e-01
852 5.79101562500000e-01 3.35358619689941e-01
853 5.80078125000000e-01 3.36490631103516e-01
854 5.83007812500000e-01 3.39898109436035e-01
855 6.16699218750000e-01 3.80317926406860e-01
856 6.54785156250000e-01 4.28743600845337e-01
857 6.42578125000000e-01 4.12906646728516e-01
858 6.45019531250000e-01 4.16050195693970e-01
859 6.73339843750000e-01 4.53386545181274e-01
860 6.46972656250000e-01 4.18573617935181e-01
861 6.43554687500000e-01 4.14162635803223e-01
862 6.35742187500000e-01 4.04168128967285e-01
863 6.75781250000000e-01 4.56680297851562e-01
864 5.97656250000000e-01 3.57192993164062e-01
865 5.55664062500000e-01 3.08762550354004e-01
866 5.92285156250000e-01 3.50801706314087e-01
867 6.14746093750000e-01 3.77912759780884e-01
868 6.30859375000000e-01 3.97983551025391e-01
869 6.31835937500000e-01 3.99216651916504e-01
870 6.20117187500000e-01 3.84545326232910e-01
871 5.87402343750000e-01 3.45041513442993e-01
872 6.27929687500000e-01 3.94295692443848e-01
873 6.82128906250000e-01 4.65299844741821e-01
874 7.14843750000000e-01 5.11001586914062e-01
875 6.93847656250000e-01 4.81424570083618e-01
876 6.72363281250000e-01 4.52072381973267e-01
877 6.71386718750000e-01 4.50760126113892e-01
878 6.82617187500000e-01 4.65966224670410e-01
879 6.74316406250000e-01 4.54702615737915e-01
880 6.24023437500000e-01 3.89405250549316e-01
881 6.26953125000000e-01 3.93070220947266e-01
882 6.47949218750000e-01 4.19838190078735e-01
883 6.51855468750000e-01 4.24915552139282e-01
884 6.16210937500000e-01 3.79715919494629e-01
885 6.59179687500000e-01 4.34517860412598e-01
886 6.45507812500000e-01 4.16680335998535e-01
887 6.84082031250000e-01 4.67968225479126e-01
888 6.87988281250000e-01 4.73327875137329e-01
889 6.80664062500000e-01 4.63303565979004e-01
890 6.86523437500000e-01 4.71314430236816e-01
891 6.65039062500000e-01 4.42276954650879e-01
892 7.00683593750000e-01 4.90957498550415e-01
893 6.84082031250000e-01 4.67968225479126e-01
894 6.62597656250000e-01 4.39035654067993e-01
895 6.29394531250000e-01 3.96137475967407e-01
896 6.08398437500000e-01 3.70148658752441e-01
897 5.78125000000000e-01 3.34228515625000e-01
898 6.13281250000000e-01 3.76113891601562e-01
899 5.82031250000000e-01 3.38760375976562e-01
900 6.11816406250000e-01 3.74319314956665e-01
901 5.30273437500000e-01 2.81189918518066e-01
902 5.23437500000000e-01 2.73986816406250e-01
903 4.96582031250000e-01 2.46593713760376e-01
904 5.37597656250000e-01 2.89011240005493e-01
905 4.81445312500000e-01 2.31789588928223e-01
906 4.21386718750000e-01 1.77566766738892e-01
907 4.05761718750000e-01 1.64642572402954e-01
908 3.73046875000000e-01 1.39163970947266e-01
909 4.34082031250000e-01 1.88427209854126e-01
910 3.72558593750000e-01 1.38799905776978e-01
911 2.81738281250000e-01 7.93764591217041e-02
912 2.71972656250000e-01 7.39691257476807e-02
913 3.68652343750000e-01 1.35904550552368e-01
914 3.90136718750000e-01 1.52206659317017e-01
915 3.77929687500000e-01 1.42830848693848e-01
916 3.96484375000000e-01 1.57199859619141e-01
917 4.23828125000000e-01 1.79630279541016e-01
918 4.42382812500000e-01 1.95702552795410e-01
919 4.01855468750000e-01 1.61487817764282e-01
920 4.29687500000000e-01 1.84631347656250e-01
921 4.07714843750000e-01 1.66231393814087e-01
922 4.33105468750000e-01 1.87580347061157e-01
923 4.61914062500000e-01 2.13364601135254e-01
924 4.22851562500000e-01 1.78803443908691e-01
925 4.51660156250000e-01 2.03996896743774e-01
926 4.75585937500000e-01 2.26181983947754e-01
927 4.60937500000000e-01 2.12463378906250e-01
928 3.87207031250000e-01 1.49929285049438e-01
929 3.64257812500000e-01 1.32683753967285e-01
930 2.32421875000000e-01 5.40199279785156e-02
931 2.15820312500000e-01 4.65784072875977e-02
932 2.16308593750000e-01 4.67894077301025e-02
933 2.53906250000000e-01 6.44683837890625e-02
934 2.22167968750000e-01 4.93586063385010e-02
935 2.70507812500000e-01 7.31744766235352e-02
936 2.48535156250000e-01 6.17697238922119e-02
937 2.89062500000000e-01 8.35571289062500e-02
938 2.68554687500000e-01 7.21216201782227e-02
939 2.85644531250000e-01 8.15927982330322e-02
940 3.19824218750000e-01 1.02287530899048e-01
941 3.65722656250000e-01 1.33753061294556e-01
942 3.43750000000000e-01 1.18164062500000e-01
943 3.76953125000000e-01 1.42093658447266e-01
944 3.80859375000000e-01 1.45053863525391e-01
945 3.73046875000000e-01 1.39163970947266e-01
946 3.85742187500000e-01 1.48797035217285e-01
947 3.33496093750000e-01 1.11219644546509e-01
948 2.88574218750000e-01 8.32750797271729e-02
949 2.10937500000000e-01 4.44946289062500e-02
950 2.50000000000000e-01 6.25000000000000e-02
951 2.45117187500000e-01 6.00824356079102e-02
952 1.97753906250000e-01 3.91066074371338e-02
953 8.98437500000000e-02 8.07189941406250e-03
954 8.74023437500000e-02 7.63916969299316e-03
955 5.12695312500000e-02 2.62856483459473e-03
956 1.90429687500000e-02 3.62634658813477e-04
957 6.54296875000000e-02 4.28104400634766e-03
958 8.05664062500000e-02 6.49094581604004e-03
959 8.20312500000000e-02 6.72912597656250e-03
960 3.51562500000000e-02 1.23596191406250e-03
961 8.20312500000000e-02 6.72912597656250e-03
962 1.49414062500000e-01 2.23245620727539e-02
963 1.42089843750000e-01 2.01895236968994e-02
964 9.08203125000000e-02 8.24832916259766e-03
965 8.25195312500000e-02 6.80947303771973e-03
966 1.12304687500000e-01 1.26123428344727e-02
967 8.69140625000000e-02 7.55405426025391e-03
968 3.12500000000000e-02 9.76562500000000e-04
969 2.92968750000000e-02 8.58306884765625e-04
970 7.81250000000000e-03 6.10351562500000e-05
971 3.12500000000000e-02 9.76562500000000e-04
972 2.00195312500000e-02 4.00781631469727e-04
973 2.73437500000000e-02 7.47680664062500e-04
974 2.63671875000000e-02 6.95228576660156e-04
975 3.56445312500000e-02 1.27053260803223e-03
976 4.34570312500000e-02 1.88851356506348e-03
977 1.80664062500000e-02 3.26395034790039e-04
978 8.15429687500000e-02 6.64925575256348e-03
979 9.37500000000000e-02 8.78906250000000e-03
980 1.19140625000000e-01 1.41944885253906e-02
981 1.76757812500000e-01 3.12433242797852e-02
982 1.52343750000000e-01 2.32086181640625e-02
983 2.24609375000000e-01 5.04493713378906e-02
984 1.96777343750000e-01 3.87213230133057e-02
985 2.47558593750000e-01 6.12852573394775e-02
986 2.74902343750000e-01 7.55712985992432e-02
987 2.81250000000000e-01 7.91015625000000e-02
988 2.75878906250000e-01 7.61091709136963e-02
989 3.22753906250000e-01 1.04170083999634e-01
990 3.30078125000000e-01 1.08951568603516e-01
991 2.30468750000000e-01 5.31158447265625e-02
992 2.56835937500000e-01 6.59646987915039e-02
993 2.34375000000000e-01 5.49316406250000e-02
994 1.69433593750000e-01 2.87077426910400e-02
995 1.57226562500000e-01 2.47201919555664e-02
996 1.41113281250000e-01 1.99129581451416e-02
997 1.29394531250000e-01 1.67429447174072e-02
998 1.75292968750000e-01 3.07276248931885e-02
999 1.23046875000000e-01 1.51405334472656e-02
