0 6.93847656250000e-01 4.81424570083618e-01
1 6.93359375000000e-01 4.80747222900391e-01
2 6.91894531250000e-01 4.78718042373657e-01
3 6.15722656250000e-01 3.79114389419556e-01
4 6.15234375000000e-01 3.78513336181641e-01
5 5.79589843750000e-01 3.35924386978149e-01
6 5.52246093750000e-01 3.04975748062134e-01
7 5.33691406250000e-01 2.84826517105103e-01
8 5.28320312500000e-01 2.79122352600098e-01
9 4.66308593750000e-01 2.17443704605103e-01
10 3.71093750000000e-01 1.37710571289062e-01
11 3.72558593750000e-01 1.38799905776978e-01
12 4.17480468750000e-01 1.74289941787720e-01
13 4.34082031250000e-01 1.88427209854126e-01
14 3.83789062500000e-01 1.47294044494629e-01
15 4.54101562500000e-01 2.06208229064941e-01
16 4.83398437500000e-01 2.33674049377441e-01
17 4.89257812500000e-01 2.39373207092285e-01
18 4.56054687500000e-01 2.07985877990723e-01
19 4.54101562500000e-01 2.06208229064941e-01
20 4.46289062500000e-01 1.99173927307129e-01
21 4.36523437500000e-01 1.90552711486816e-01
22 4.31640625000000e-01 1.86313629150391e-01
23 4.75097656250000e-01 2.25717782974243e-01
24 5.35156250000000e-01 2.86392211914062e-01
25 4.85351562500000e-01 2.35566139221191e-01
26 4.84863281250000e-01 2.35092401504517e-01
27 4.93164062500000e-01 2.43210792541504e-01
28 4.72167968750000e-01 2.22942590713501e-01
29 4.88281250000000e-01 2.38418579101562e-01
30 5.16113281250000e-01 2.66372919082642e-01
31 4.97558593750000e-01 2.47564554214478e-01
32 4.79492187500000e-01 2.29912757873535e-01
33 4.06738281250000e-01 1.65436029434204e-01
34 4.33593750000000e-01 1.88003540039062e-01
35 3.44726562500000e-01 1.18836402893066e-01
36 3.52539062500000e-01 1.24283790588379e-01
37 3.67675781250000e-01 1.35185480117798e-01
38 4.80468750000000e-01 2.30850219726562e-01
39 5.17578125000000e-01 2.67887115478516e-01
40 4.72167968750000e-01 2.22942590713501e-01
41 4.65332031250000e-01 2.16533899307251e-01
42 4.19433593750000e-01 1.75924539566040e-01
43 5.09765625000000e-01 2.59860992431641e-01
44 5.28808593750000e-01 2.79638528823853e-01
45 5.02441406250000e-01 2.52447366714478e-01
46 5.07324218750000e-01 2.57377862930298e-01
47 4.96582031250000e-01 2.46593713760376e-01
48 5.52734375000000e-01 3.05515289306641e-01
49 5.57128906250000e-01 3.10392618179321e-01
50 5.89843750000000e-01 3.47915649414062e-01
51 6.32812500000000e-01 4.00451660156250e-01
52 6.51367187500000e-01 4.24279212951660e-01
53 6.25488281250000e-01 3.91235589981079e-01
54 5.93750000000000e-01 3.52539062500000e-01
55 5.42480468750000e-01 2.94285058975220e-01
56 4.94628906250000e-01 2.44657754898071e-01
57 4.97558593750000e-01 2.47564554214478e-01
58 5.01953125000000e-01 2.51956939697266e-01
59 4.52148437500000e-01 2.04438209533691e-01
60 3.09082031250000e-01 9.55317020416260e-02
61 3.46191406250000e-01 1.19848489761353e-01
62 4.12109375000000e-01 1.69834136962891e-01
63 4.25781250000000e-01 1.81289672851562e-01
64 4.14550781250000e-01 1.71852350234985e-01
65 4.19433593750000e-01 1.75924539566040e-01
66 4.47265625000000e-01 2.00046539306641e-01
67 4.78027343750000e-01 2.28510141372681e-01
68 4.58496093750000e-01 2.10218667984009e-01
69 4.37500000000000e-01 1.91406250000000e-01
70 3.82324218750000e-01 1.46171808242798e-01
71 4.42871093750000e-01 1.96134805679321e-01
72 4.49707031250000e-01 2.02236413955688e-01
73 5.14648437500000e-01 2.64863014221191e-01
74 5.35156250000000e-01 2.86392211914062e-01
75 5.41992187500000e-01 2.93755531311035e-01
76 4.93652343750000e-01 2.43692636489868e-01
77 4.52148437500000e-01 2.04438209533691e-01
78 5.36132812500000e-01 2.87438392639160e-01
79 4.98535156250000e-01 2.48537302017212e-01
80 5.52246093750000e-01 3.04975748062134e-01
81 5.11718750000000e-01 2.61856079101562e-01
82 5.55175781250000e-01 3.08220148086548e-01
83 5.90332031250000e-01 3.48491907119751e-01
84 5.65917968750000e-01 3.20263147354126e-01
85 6.07910156250000e-01 3.69554758071899e-01
86 6.23535156250000e-01 3.88796091079712e-01
87 5.96679687500000e-01 3.56026649475098e-01
88 5.98632812500000e-01 3.58361244201660e-01
89 6.30859375000000e-01 3.97983551025391e-01
90 6.10839843750000e-01 3.73125314712524e-01
91 5.88867187500000e-01 3.46764564514160e-01
92 5.82031250000000e-01 3.38760375976562e-01
93 5.56152343750000e-01 3.09305429458618e-01
94 4.86816406250000e-01 2.36990213394165e-01
95 5.28320312500000e-01 2.79122352600098e-01
96 4.98535156250000e-01 2.48537302017212e-01
97 5.28808593750000e-01 2.79638528823853e-01
98 5.38085937500000e-01 2.89536476135254e-01
99 5.64453125000000e-01 3.18607330322266e-01
100 5.40527343750000e-01 2.92169809341431e-01
101 5.42480468750000e-01 2.94285058975220e-01
102 6.20117187500000e-01 3.84545326232910e-01
103 6.00585937500000e-01 3.60703468322754e-01
104 6.04980468750000e-01 3.66001367568970e-01
105 5.71777343750000e-01 3.26929330825806e-01
106 6.48437500000000e-01 4.20471191406250e-01
107 6.93359375000000e-01 4.80747222900391e-01
108 6.74316406250000e-01 4.54702615737915e-01
109 6.54785156250000e-01 4.28743600845337e-01
110 6.62597656250000e-01 4.39035654067993e-01
111 7.14355468750000e-01 5.10303735733032e-01
112 7.11914062500000e-01 5.06821632385254e-01
113 6.91406250000000e-01 4.78042602539062e-01
114 6.58203125000000e-01 4.33231353759766e-01
115 6.25976562500000e-01 3.91846656799316e-01
116 5.93750000000000e-01 3.52539062500000e-01
117 6.26953125000000e-01 3.93070220947266e-01
118 5.96679687500000e-01 3.56026649475098e-01
119 5.74218750000000e-01 3.29727172851562e-01
120 6.26464843750000e-01 3.92458200454712e-01
121 6.28417968750000e-01 3.94909143447876e-01
122 6.00585937500000e-01 3.60703468322754e-01
123 6.17675781250000e-01 3.81523370742798e-01
124 6.41601562500000e-01 4.11652565002441e-01
125 5.37597656250000e-01 2.89011240005493e-01
126 5.84960937500000e-01 3.42179298400879e-01
127 5.66894531250000e-01 3.21369409561157e-01
128 5.62500000000000e-01 3.16406250000000e-01
129 5.44921875000000e-01 2.96939849853516e-01
130 5.35644531250000e-01 2.86915063858032e-01
131 5.03417968750000e-01 2.53429651260376e-01
132 4.65820312500000e-01 2.16988563537598e-01
133 4.51171875000000e-01 2.03556060791016e-01
134 4.81445312500000e-01 2.31789588928223e-01
135 4.68261718750000e-01 2.19269037246704e-01
136 4.36523437500000e-01 1.90552711486816e-01
137 4.75585937500000e-01 2.26181983947754e-01
138 4.72167968750000e-01 2.22942590713501e-01
139 5.27343750000000e-01 2.78091430664062e-01
140 5.40527343750000e-01 2.92169809341431e-01
141 5.69335937500000e-01 3.24143409729004e-01
142 5.81542968750000e-01 3.38192224502563e-01
143 6.49902343750000e-01 4.22373056411743e-01
144 6.37695312500000e-01 4.06655311584473e-01
145 6.04003906250000e-01 3.64820718765259e-01
146 5.72265625000000e-01 3.27487945556641e-01
147 5.69824218750000e-01 3.24699640274048e-01
148 5.26855468750000e-01 2.77576684951782e-01
149 5.16601562500000e-01 2.66877174377441e-01
150 5.39550781250000e-01 2.91115045547485e-01
151 4.81445312500000e-01 2.31789588928223e-01
152 4.60937500000000e-01 2.12463378906250e-01
153 4.15527343750000e-01 1.72662973403931e-01
154 4.84863281250000e-01 2.35092401504517e-01
155 4.85839843750000e-01 2.36040353775024e-01
156 5.25390625000000e-01 2.76035308837891e-01
157 5.70312500000000e-01 3.25256347656250e-01
158 5.18554687500000e-01 2.68898963928223e-01
159 4.65820312500000e-01 2.16988563537598e-01
160 4.60449218750000e-01 2.12013483047485e-01
161 4.76562500000000e-01 2.27111816406250e-01
162 4.54101562500000e-01 2.06208229064941e-01
163 4.69238281250000e-01 2.20184564590454e-01
164 5.24902343750000e-01 2.75522470474243e-01
165 4.91699218750000e-01 2.41768121719360e-01
166 5.07324218750000e-01 2.57377862930298e-01
167 5.01953125000000e-01 2.51956939697266e-01
168 4.54101562500000e-01 2.06208229064941e-01
169 4.75585937500000e-01 2.26181983947754e-01
170 3.82812500000000e-01 1.46545410156250e-01
171 4.13085937500000e-01 1.70639991760254e-01
172 3.58886718750000e-01 1.28799676895142e-01
173 4.54101562500000e-01 2.06208229064941e-01
174 4.64843750000000e-01 2.16079711914062e-01
175 4.82421875000000e-01 2.32730865478516e-01
176 4.72167968750000e-01 2.22942590713501e-01
177 4.53125000000000e-01 2.05322265625000e-01
178 4.47753906250000e-01 2.00483560562134e-01
179 3.96484375000000e-01 1.57199859619141e-01
180 3.50585937500000e-01 1.22910499572754e-01
181 3.95019531250000e-01 1.56040430068970e-01
182 4.12597656250000e-01 1.70236825942993e-01
183 4.03808593750000e-01 1.63061380386353e-01
184 3.65722656250000e-01 1.33753061294556e-01
185 4.07226562500000e-01 1.65833473205566e-01
186 4.59960937500000e-01 2.11564064025879e-01
187 4.52636718750000e-01 2.04879999160767e-01
188 4.79980468750000e-01 2.30381250381470e-01
189 4.66796875000000e-01 2.17899322509766e-01
190 4.52636718750000e-01 2.04879999160767e-01
191 4.37988281250000e-01 1.91833734512329e-01
192 3.79882812500000e-01 1.44310951232910e-01
193 3.64257812500000e-01 1.32683753967285e-01
194 4.12109375000000e-01 1.69834136962891e-01
195 4.37988281250000e-01 1.91833734512329e-01
196 4.70214843750000e-01 2.21101999282837e-01
197 4.61425781250000e-01 2.12913751602173e-01
198 4.34570312500000e-01 1.88851356506348e-01
199 4.59960937500000e-01 2.11564064025879e-01
200 4.32128906250000e-01 1.86735391616821e-01
201 4.41406250000000e-01 1.94839477539062e-01
202 4.16992187500000e-01 1.73882484436035e-01
203 3.61816406250000e-01 1.30911111831665e-01
204 3.88671875000000e-01 1.51065826416016e-01
205 3.94531250000000e-01 1.55654907226562e-01
206 3.66210937500000e-01 1.34110450744629e-01
207 3.95996093750000e-01 1.56812906265259e-01
208 4.52636718750000e-01 2.04879999160767e-01
209 4.51171875000000e-01 2.03556060791016e-01
210 4.48242187500000e-01 2.00921058654785e-01
211 4.33105468750000e-01 1.87580347061157e-01
212 4.25781250000000e-01 1.81289672851562e-01
213 4.13574218750000e-01 1.71043634414673e-01
214 4.19433593750000e-01 1.75924539566040e-01
215 3.81835937500000e-01 1.45798683166504e-01
216 3.70117187500000e-01 1.36986732482910e-01
217 3.81347656250000e-01 1.45426034927368e-01
218 3.62304687500000e-01 1.31264686584473e-01
219 3.33984375000000e-01 1.11545562744141e-01
220 4.21386718750000e-01 1.77566766738892e-01
221 4.61914062500000e-01 2.13364601135254e-01
222 4.80957031250000e-01 2.31319665908813e-01
223 4.90722656250000e-01 2.40808725357056e-01
224 4.58984375000000e-01 2.10666656494141e-01
225 4.28222656250000e-01 1.83374643325806e-01
226 4.46777343750000e-01 1.99609994888306e-01
227 5.10742187500000e-01 2.60857582092285e-01
228 5.58593750000000e-01 3.12026977539062e-01
229 5.81542968750000e-01 3.38192224502563e-01
230 6.79687500000000e-01 4.61975097656250e-01
231 6.57226562500000e-01 4.31946754455566e-01
232 5.70312500000000e-01 3.25256347656250e-01
233 5.36132812500000e-01 2.87438392639160e-01
234 5.15625000000000e-01 2.65869140625000e-01
235 4.41894531250000e-01 1.95270776748657e-01
236 4.71679687500000e-01 2.22481727600098e-01
237 4.33105468750000e-01 1.87580347061157e-01
238 4.69238281250000e-01 2.20184564590454e-01
239 4.92675781250000e-01 2.42729425430298e-01
240 4.75585937500000e-01 2.26181983947754e-01
241 4.07226562500000e-01 1.65833473205566e-01
242 3.17871093750000e-01 1.01042032241821e-01
243 3.53515625000000e-01 1.24973297119141e-01
244 3.30078125000000e-01 1.08951568603516e-01
245 3.97949218750000e-01 1.58363580703735e-01
246 4.17480468750000e-01 1.74289941787720e-01
247 4.14062500000000e-01 1.71447753906250e-01
248 4.09179687500000e-01 1.67428016662598e-01
249 4.07226562500000e-01 1.65833473205566e-01
250 4.47753906250000e-01 2.00483560562134e-01
251 4.08203125000000e-01 1.66629791259766e-01
252 3.53515625000000e-01 1.24973297119141e-01
253 3.10058593750000e-01 9.61363315582275e-02
254 2.86621093750000e-01 8.21516513824463e-02
255 3.44238281250000e-01 1.18499994277954e-01
256 2.46093750000000e-01 6.05621337890625e-02
257 3.00292968750000e-01 9.01758670806885e-02
258 2.70996093750000e-01 7.34388828277588e-02
259 2.39746093750000e-01 5.74781894683838e-02
260 2.23632812500000e-01 5.00116348266602e-02
261 2.54882812500000e-01 6.49652481079102e-02
262 2.55371093750000e-01 6.52143955230713e-02
263 2.46582031250000e-01 6.08026981353760e-02
264 2.74414062500000e-01 7.53030776977539e-02
265 3.18359375000000e-01 1.01352691650391e-01
266 3.35937500000000e-01 1.12854003906250e-01
267 3.55468750000000e-01 1.26358032226562e-01
268 2.70019531250000e-01 7.29105472564697e-02
269 2.83203125000000e-01 8.02040100097656e-02
270 2.38769531250000e-01 5.70108890533447e-02
271 2.56835937500000e-01 6.59646987915039e-02
272 2.64648437500000e-01 7.00387954711914e-02
273 2.07519531250000e-01 4.30643558502197e-02
274 2.49023437500000e-01 6.20126724243164e-02
275 2.23632812500000e-01 5.00116348266602e-02
276 1.70898437500000e-01 2.92062759399414e-02
277 6.25000000000000e-02 3.90625000000000e-03
278 1.03515625000000e-01 1.07154846191406e-02
279 1.71386718750000e-01 2.93734073638916e-02
280 2.64648437500000e-01 7.00387954711914e-02
281 2.50488281250000e-01 6.27443790435791e-02
282 2.22656250000000e-01 4.95758056640625e-02
283 2.52929687500000e-01 6.39734268188477e-02
284 2.05566406250000e-01 4.22575473785400e-02
285 1.85546875000000e-01 3.44276428222656e-02
286 2.17773437500000e-01 4.74252700805664e-02
287 3.16406250000000e-01 1.00112915039062e-01
288 2.90039062500000e-01 8.41226577758789e-02
289 2.40722656250000e-01 5.79473972320557e-02
290 3.29101562500000e-01 1.08307838439941e-01
291 3.13476562500000e-01 9.82675552368164e-02
292 3.49609375000000e-01 1.22226715087891e-01
293 3.11035156250000e-01 9.67428684234619e-02
294 2.24609375000000e-01 5.04493713378906e-02
295 2.06054687500000e-01 4.24585342407227e-02
296 1.48437500000000e-01 2.20336914062500e-02
297 1.51367187500000e-01 2.29120254516602e-02
298 6.00585937500000e-02 3.60703468322754e-03
299 6.93359375000000e-02 4.80747222900391e-03
300 1.12792968750000e-01 1.27222537994385e-02
301 8.49609375000000e-02 7.21836090087891e-03
302 3.17382812500000e-02 1.00731849670410e-03
303 6.05468750000000e-02 3.66592407226562e-03
304 1.07910156250000e-01 1.16446018218994e-02
305 8.10546875000000e-02 6.56986236572266e-03
306 1.46972656250000e-01 2.16009616851807e-02
307 1.73339843750000e-01 3.00467014312744e-02
308 1.30859375000000e-01 1.71241760253906e-02
309 1.30371093750000e-01 1.69966220855713e-02
310 1.97753906250000e-01 3.91066074371338e-02
311 1.67968750000000e-01 2.82135009765625e-02
312 1.98730468750000e-01 3.94937992095947e-02
313 2.22656250000000e-01 4.95758056640625e-02
314 2.54394531250000e-01 6.47165775299072e-02
315 3.08105468750000e-01 9.49289798736572e-02
316 3.37402343750000e-01 1.13840341567993e-01
317 3.56445312500000e-01 1.27053260803223e-01
318 4.03808593750000e-01 1.63061380386353e-01
319 4.59960937500000e-01 2.11564064025879e-01
320 4.63867187500000e-01 2.15172767639160e-01
321 4.21386718750000e-01 1.77566766738892e-01
322 4.43847656250000e-01 1.97000741958618e-01
323 4.43847656250000e-01 1.97000741958618e-01
324 4.13085937500000e-01 1.70639991760254e-01
325 4.33105468750000e-01 1.87580347061157e-01
326 3.90136718750000e-01 1.52206659317017e-01
327 3.32519531250000e-01 1.10569238662720e-01
328 3.62792968750000e-01 1.31618738174438e-01
329 3.37402343750000e-01 1.13840341567993e-01
330 3.40332031250000e-01 1.15825891494751e-01
331 3.69628906250000e-01 1.36625528335571e-01
332 3.59863281250000e-01 1.29501581192017e-01
333 3.57421875000000e-01 1.27750396728516e-01
334 3.23242187500000e-01 1.04485511779785e-01
335 2.50488281250000e-01 6.27443790435791e-02
336 3.47656250000000e-01 1.20864868164062e-01
337 3.30566406250000e-01 1.09274148941040e-01
338 2.62207031250000e-01 6.87525272369385e-02
339 2.67089843750000e-01 7.13369846343994e-02
340 3.08593750000000e-01 9.52301025390625e-02
341 3.29589843750000e-01 1.08629465103149e-01
342 3.29589843750000e-01 1.08629465103149e-01
343 3.44726562500000e-01 1.18836402893066e-01
344 3.56445312500000e-01 1.27053260803223e-01
345 3.49609375000000e-01 1.22226715087891e-01
346 3.38867187500000e-01 1.14830970764160e-01
347 3.38378906250000e-01 1.14500284194946e-01
348 3.39355468750000e-01 1.15162134170532e-01
349 2.78320312500000e-01 7.74621963500977e-02
350 3.71582031250000e-01 1.38073205947876e-01
351 4.11132812500000e-01 1.69030189514160e-01
352 4.16503906250000e-01 1.73475503921509e-01
353 4.52148437500000e-01 2.04438209533691e-01
354 4.31152343750000e-01 1.85892343521118e-01
355 4.29687500000000e-01 1.84631347656250e-01
356 4.78515625000000e-01 2.28977203369141e-01
357 4.70703125000000e-01 2.21561431884766e-01
358 4.37500000000000e-01 1.91406250000000e-01
359 4.88281250000000e-01 2.38418579101562e-01
360 5.45410156250000e-01 2.97472238540649e-01
361 4.83886718750000e-01 2.34146356582642e-01
362 4.94628906250000e-01 2.44657754898071e-01
363 4.66796875000000e-01 2.17899322509766e-01
364 4.49218750000000e-01 2.01797485351562e-01
365 4.89746093750000e-01 2.39851236343384e-01
366 5.22460937500000e-01 2.72965431213379e-01
367 5.56152343750000e-01 3.09305429458618e-01
368 5.63476562500000e-01 3.17505836486816e-01
369 5.86425781250000e-01 3.43895196914673e-01
370 5.85937500000000e-01 3.43322753906250e-01
371 5.95214843750000e-01 3.54280710220337e-01
372 6.02050781250000e-01 3.62465143203735e-01
373 5.50781250000000e-01 3.03359985351562e-01
374 6.05468750000000e-01 3.66592407226562e-01
375 6.20605468750000e-01 3.85151147842407e-01
376 6.81640625000000e-01 4.64633941650391e-01
377 6.30371093750000e-01 3.97367715835571e-01
378 6.01562500000000e-01 3.61877441406250e-01
379 6.69921875000000e-01 4.48795318603516e-01
380 6.09375000000000e-01 3.71337890625000e-01
381 5.59570312500000e-01 3.13118934631348e-01
382 5.63964843750000e-01 3.18056344985962e-01
383 5.45898437500000e-01 2.98005104064941e-01
384 5.70800781250000e-01 3.25813531875610e-01
385 5.21972656250000e-01 2.72455453872681e-01
386 5.55664062500000e-01 3.08762550354004e-01
387 5.24902343750000e-01 2.75522470474243e-01
388 5.25878906250000e-01 2.76548624038696e-01
389 4.62890625000000e-01 2.14267730712891e-01
390 4.71191406250000e-01 2.22021341323853e-01
391 4.47265625000000e-01 2.00046539306641e-01
392 4.07714843750000e-01 1.66231393814087e-01
393 4.49218750000000e-01 2.01797485351562e-01
394 5.63476562500000e-01 3.17505836486816e-01
395 5.49316406250000e-01 3.01748514175415e-01
396 5.16113281250000e-01 2.66372919082642e-01
397 4.99511718750000e-01 2.49511957168579e-01
398 4.88281250000000e-01 2.38418579101562e-01
399 4.86816406250000e-01 2.36990213394165e-01
400 4.48730468750000e-01 2.01359033584595e-01
401 3.54492187500000e-01 1.25664710998535e-01
402 3.46191406250000e-01 1.19848489761353e-01
403 3.68164062500000e-01 1.35544776916504e-01
404 3.49121093750000e-01 1.21885538101196e-01
405 3.26660156250000e-01 1.06706857681274e-01
406 3.53027343750000e-01 1.24628305435181e-01
407 3.87207031250000e-01 1.49929285049438e-01
408 4.00390625000000e-01 1.60312652587891e-01
409 3.48632812500000e-01 1.21544837951660e-01
410 3.80859375000000e-01 1.45053863525391e-01
411 3.80371093750000e-01 1.44682168960571e-01
412 3.30566406250000e-01 1.09274148941040e-01
413 3.64746093750000e-01 1.33039712905884e-01
414 4.19433593750000e-01 1.75924539566040e-01
415 4.26757812500000e-01 1.82122230529785e-01
416 4.22851562500000e-01 1.78803443908691e-01
417 4.27734375000000e-01 1.82956695556641e-01
418 5.10742187500000e-01 2.60857582092285e-01
419 5.21484375000000e-01 2.71945953369141e-01
420 5.02441406250000e-01 2.52447366714478e-01
421 5.02441406250000e-01 2.52447366714478e-01
422 4.15527343750000e-01 1.72662973403931e-01
423 4.45312500000000e-01 1.98303222656250e-01
424 4.57031250000000e-01 2.08877563476562e-01
425 3.83300781250000e-01 1.46919488906860e-01
426 3.85742187500000e-01 1.48797035217285e-01
427 3.96972656250000e-01 1.57587289810181e-01
428 3.94042968750000e-01 1.55269861221313e-01
429 3.93066406250000e-01 1.54501199722290e-01
430 3.74511718750000e-01 1.40259027481079e-01
431 4.02832031250000e-01 1.62273645401001e-01
432 4.45312500000000e-01 1.98303222656250e-01
433 4.86816406250000e-01 2.36990213394165e-01
434 4.95117187500000e-01 2.45141029357910e-01
435 4.59472656250000e-01 2.11115121841431e-01
436 4.42382812500000e-01 1.95702552795410e-01
437 5.11230468750000e-01 2.61356592178345e-01
438 5.15625000000000e-01 2.65869140625000e-01
439 4.76074218750000e-01 2.26646661758423e-01
440 4.23828125000000e-01 1.79630279541016e-01
441 4.94628906250000e-01 2.44657754898071e-01
442 4.85351562500000e-01 2.35566139221191e-01
443 4.68750000000000e-01 2.19726562500000e-01
444 4.54101562500000e-01 2.06208229064941e-01
445 4.24804687500000e-01 1.80459022521973e-01
446 4.85351562500000e-01 2.35566139221191e-01
447 4.31640625000000e-01 1.86313629150391e-01
448 4.42382812500000e-01 1.95702552795410e-01
449 4.66308593750000e-01 2.17443704605103e-01
450 5.03906250000000e-01 2.53921508789062e-01
451 5.02929687500000e-01 2.52938270568848e-01
452 5.34179687500000e-01 2.85347938537598e-01
453 5.10742187500000e-01 2.60857582092285e-01
454 4.74121093750000e-01 2.24790811538696e-01
455 4.38476562500000e-01 1.92261695861816e-01
456 4.68750000000000e-01 2.19726562500000e-01
457 4.53125000000000e-01 2.05322265625000e-01
458 4.32617187500000e-01 1.87157630920410e-01
459 4.22363281250000e-01 1.78390741348267e-01
460 4.40917968750000e-01 1.94408655166626e-01
461 4.15527343750000e-01 1.72662973403931e-01
462 4.41406250000000e-01 1.94839477539062e-01
463 5.55175781250000e-01 3.08220148086548e-01
464 5.23437500000000e-01 2.73986816406250e-01
465 5.47851562500000e-01 3.00141334533691e-01
466 5.04882812500000e-01 2.54906654357910e-01
467 5.10253906250000e-01 2.60359048843384e-01
468 4.80957031250000e-01 2.31319665908813e-01
469 4.86328125000000e-01 2.36515045166016e-01
470 5.09277343750000e-01 2.59363412857056e-01
471 6.04980468750000e-01 3.66001367568970e-01
472 6.24023437500000e-01 3.89405250549316e-01
473 6.44531250000000e-01 4.15420532226562e-01
474 6.66992187500000e-01 4.44878578186035e-01
475 6.76757812500000e-01 4.58001136779785e-01
476 6.85058593750000e-01 4.69305276870728e-01
477 7.07031250000000e-01 4.99893188476562e-01
478 7.71972656250000e-01 5.95941781997681e-01
479 7.50976562500000e-01 5.63965797424316e-01
480 7.27539062500000e-01 5.29313087463379e-01
481 7.01171875000000e-01 4.91641998291016e-01
482 6.91406250000000e-01 4.78042602539062e-01
483 6.80175781250000e-01 4.62639093399048e-01
484 6.19628906250000e-01 3.83939981460571e-01
485 5.46875000000000e-01 2.99072265625000e-01
486 5.83007812500000e-01 3.39898109436035e-01
487 6.12792968750000e-01 3.75515222549438e-01
488 6.02539062500000e-01 3.63053321838379e-01
489 6.51855468750000e-01 4.24915552139282e-01
490 6.03027343750000e-01 3.63641977310181e-01
491 7.03613281250000e-01 4.95071649551392e-01
492 6.73828125000000e-01 4.54044342041016e-01
493 6.28417968750000e-01 3.94909143447876e-01
494 6.41113281250000e-01 4.11026239395142e-01
495 6.54296875000000e-01 4.28104400634766e-01
496 5.88867187500000e-01 3.46764564514160e-01
497 5.78613281250000e-01 3.34793329238892e-01
498 5.89355468750000e-01 3.47339868545532e-01
499 5.53710937500000e-01 3.06595802307129e-01
500 5.23925781250000e-01 2.74498224258423e-01
501 5.74218750000000e-01 3.29727172851562e-01
502 5.32714843750000e-01 2.83785104751587e-01
503 5.45410156250000e-01 2.97472238540649e-01
504 5.30273437500000e-01 2.81189918518066e-01
505 5.15136718750000e-01 2.65365839004517e-01
506 5.11718750000000e-01 2.61856079101562e-01
507 4.83398437500000e-01 2.33674049377441e-01
508 4.62890625000000e-01 2.14267730712891e-01
509 4.59472656250000e-01 2.11115121841431e-01
510 5.05859375000000e-01 2.55893707275391e-01
511 5.18066406250000e-01 2.68392801284790e-01
512 5.84960937500000e-01 3.42179298400879e-01
513 6.09375000000000e-01 3.71337890625000e-01
514 5.76660156250000e-01 3.32536935806274e-01
515 4.80957031250000e-01 2.31319665908813e-01
516 4.58007812500000e-01 2.09771156311035e-01
517 4.73632812500000e-01 2.24328041076660e-01
518 4.96582031250000e-01 2.46593713760376e-01
519 5.66894531250000e-01 3.21369409561157e-01
520 5.81054687500000e-01 3.37624549865723e-01
521 5.78613281250000e-01 3.34793329238892e-01
522 6.23535156250000e-01 3.88796091079712e-01
523 6.25976562500000e-01 3.91846656799316e-01
524 6.20605468750000e-01 3.85151147842407e-01
525 6.32812500000000e-01 4.00451660156250e-01
526 6.55761718750000e-01 4.30023431777954e-01
527 6.29394531250000e-01 3.96137475967407e-01
528 6.62109375000000e-01 4.38388824462891e-01
529 6.94335937500000e-01 4.82102394104004e-01
530 6.91406250000000e-01 4.78042602539062e-01
531 6.48437500000000e-01 4.20471191406250e-01
532 6.48925781250000e-01 4.21104669570923e-01
533 6.75292968750000e-01 4.56020593643188e-01
534 6.98242187500000e-01 4.87542152404785e-01
535 6.73339843750000e-01 4.53386545181274e-01
536 6.23535156250000e-01 3.88796091079712e-01
537 6.37695312500000e-01 4.06655311584473e-01
538 6.02050781250000e-01 3.62465143203735e-01
539 6.35742187500000e-01 4.04168128967285e-01
540 6.04003906250000e-01 3.64820718765259e-01
541 6.01562500000000e-01 3.61877441406250e-01
542 6.77246093750000e-01 4.58662271499634e-01
543 6.56250000000000e-01 4.30664062500000e-01
544 6.57714843750000e-01 4.32588815689087e-01
545 6.53320312500000e-01 4.26827430725098e-01
546 6.72363281250000e-01 4.52072381973267e-01
547 6.70410156250000e-01 4.49449777603149e-01
548 6.56250000000000e-01 4.30664062500000e-01
549 7.05566406250000e-01 4.97823953628540e-01
550 7.02636718750000e-01 4.93698358535767e-01
551 7.31933593750000e-01 5.35726785659790e-01
552 7.42675781250000e-01 5.51567316055298e-01
553 6.96289062500000e-01 4.84818458557129e-01
554 7.28027343750000e-01 5.30023813247681e-01
555 7.29980468750000e-01 5.32871484756470e-01
556 6.85546875000000e-01 4.69974517822266e-01
557 7.54882812500000e-01 5.69848060607910e-01
558 7.41210937500000e-01 5.49393653869629e-01
559 6.62597656250000e-01 4.39035654067993e-01
560 6.48437500000000e-01 4.20471191406250e-01
561 6.38183593750000e-01 4.07278299331665e-01
562 6.89941406250000e-01 4.76019144058228e-01
563 6.31835937500000e-01 3.99216651916504e-01
564 6.14257812500000e-01 3.77312660217285e-01
565 6.12304687500000e-01 3.74917030334473e-01
566 6.27929687500000e-01 3.94295692443848e-01
567 6.77734375000000e-01 4.59323883056641e-01
568 6.64062500000000e-01 4.40979003906250e-01
569 6.12792968750000e-01 3.75515222549438e-01
570 6.15722656250000e-01 3.79114389419556e-01
571 5.53710937500000e-01 3.06595802307129e-01
572 5.71289062500000e-01 3.26371192932129e-01
573 5.28808593750000e-01 2.79638528823853e-01
574 5.89355468750000e-01 3.47339868545532e-01
575 5.76171875000000e-01 3.31974029541016e-01
576 6.41601562500000e-01 4.11652565002441e-01
577 6.50390625000000e-01 4.23007965087891e-01
578 6.57226562500000e-01 4.31946754455566e-01
579 7.28027343750000e-01 5.30023813247681e-01
580 7.08984375000000e-01 5.02658843994141e-01
581 7.18261718750000e-01 5.15899896621704e-01
582 7.33886718750000e-01 5.38589715957642e-01
583 7.40234375000000e-01 5.47946929931641e-01
584 7.32910156250000e-01 5.37157297134399e-01
585 7.27050781250000e-01 5.28602838516235e-01
586 7.19726562500000e-01 5.18006324768066e-01
587 7.42187500000000e-01 5.50842285156250e-01
588 7.38281250000000e-01 5.45059204101562e-01
589 7.54394531250000e-01 5.69111108779907e-01
590 7.79785156250000e-01 6.08064889907837e-01
591 6.84082031250000e-01 4.67968225479126e-01
592 6.68945312500000e-01 4.47487831115723e-01
593 7.04589843750000e-01 4.96446847915649e-01
594 7.25585937500000e-01 5.26474952697754e-01
595 7.02148437500000e-01 4.93012428283691e-01
596 6.91406250000000e-01 4.78042602539062e-01
597 6.15722656250000e-01 3.79114389419556e-01
598 5.43457031250000e-01 2.95345544815063e-01
599 5.80078125000000e-01 3.36490631103516e-01
600 5.70312500000000e-01 3.25256347656250e-01
601 5.59082031250000e-01 3.12572717666626e-01
602 5.21484375000000e-01 2.71945953369141e-01
603 5.63476562500000e-01 3.17505836486816e-01
604 6.08886718750000e-01 3.70743036270142e-01
605 6.10351562500000e-01 3.72529029846191e-01
606 5.62011718750000e-01 3.15857172012329e-01
607 5.68359375000000e-01 3.23032379150391e-01
608 5.62011718750000e-01 3.15857172012329e-01
609 5.34667968750000e-01 2.85869836807251e-01
610 5.63964843750000e-01 3.18056344985962e-01
611 6.12304687500000e-01 3.74917030334473e-01
612 5.88867187500000e-01 3.46764564514160e-01
613 5.30761718750000e-01 2.81708002090454e-01
614 4.93652343750000e-01 2.43692636489868e-01
615 4.38476562500000e-01 1.92261695861816e-01
616 4.42382812500000e-01 1.95702552795410e-01
617 4.60937500000000e-01 2.12463378906250e-01
618 5.91796875000000e-01 3.50223541259766e-01
619 5.85449218750000e-01 3.42750787734985e-01
620 5.60546875000000e-01 3.14212799072266e-01
621 5.52734375000000e-01 3.05515289306641e-01
622 5.00000000000000e-01 2.50000000000000e-01
623 5.27832031250000e-01 2.78606653213501e-01
624 5.35644531250000e-01 2.86915063858032e-01
625 5.69824218750000e-01 3.24699640274048e-01
626 5.22460937500000e-01 2.72965431213379e-01
627 5.15625000000000e-01 2.65869140625000e-01
628 5.82031250000000e-01 3.38760375976562e-01
629 5.61523437500000e-01 3.15308570861816e-01
630 5.37597656250000e-01 2.89011240005493e-01
631 4.94140625000000e-01 2.44174957275391e-01
632 5.57617187500000e-01 3.10936927795410e-01
633 5.53222656250000e-01 3.06055307388306e-01
634 5.64453125000000e-01 3.18607330322266e-01
635 4.37011718750000e-01 1.90979242324829e-01
636 4.95605468750000e-01 2.45624780654907e-01
637 4.78515625000000e-01 2.28977203369141e-01
638 5.00488281250000e-01 2.50488519668579e-01
639 5.06835937500000e-01 2.56882667541504e-01
640 4.82421875000000e-01 2.32730865478516e-01
641 4.28710937500000e-01 1.83793067932129e-01
642 4.06250000000000e-01 1.65039062500000e-01
643 3.54492187500000e-01 1.25664710998535e-01
644 3.73046875000000e-01 1.39163970947266e-01
645 3.70605468750000e-01 1.37348413467407e-01
646 3.24707031250000e-01 1.05434656143188e-01
647 2.76855468750000e-01 7.66489505767822e-02
648 2.45117187500000e-01 6.00824356079102e-02
649 2.18261718750000e-01 4.76381778717041e-02
650 1.98242187500000e-01 3.92999649047852e-02
651 2.18261718750000e-01 4.76381778717041e-02
652 2.73925781250000e-01 7.50353336334229e-02
653 2.75390625000000e-01 7.58399963378906e-02
654 1.88964843750000e-01 3.57077121734619e-02
655 1.76269531250000e-01 3.10709476470947e-02
656 2.10937500000000e-01 4.44946289062500e-02
657 2.21679687500000e-01 4.91418838500977e-02
658 1.51855468750000e-01 2.30600833892822e-02
659 1.36230468750000e-01 1.85587406158447e-02
660 2.16796875000000e-01 4.70008850097656e-02
661 1.99707031250000e-01 3.98828983306885e-02
662 1.82617187500000e-01 3.33490371704102e-02
663 1.96289062500000e-01 3.85293960571289e-02
664 2.27539062500000e-01 5.17740249633789e-02
665 2.15820312500000e-01 4.65784072875977e-02
666 2.65625000000000e-01 7.05566406250000e-02
667 3.07128906250000e-01 9.43281650543213e-02
668 3.28613281250000e-01 1.07986688613892e-01
669 3.55957031250000e-01 1.26705408096313e-01
670 3.09570312500000e-01 9.58337783813477e-02
671 2.52441406250000e-01 6.37266635894775e-02
672 3.36425781250000e-01 1.13182306289673e-01
673 3.99902343750000e-01 1.59921884536743e-01
674 3.88183593750000e-01 1.50686502456665e-01
675 3.49121093750000e-01 1.21885538101196e-01
676 3.73046875000000e-01 1.39163970947266e-01
677 3.27636718750000e-01 1.07345819473267e-01
678 3.07617187500000e-01 9.46283340454102e-02
679 3.54003906250000e-01 1.25318765640259e-01
680 3.55957031250000e-01 1.26705408096313e-01
681 3.92089843750000e-01 1.53734445571899e-01
682 4.89746093750000e-01 2.39851236343384e-01
683 4.57519531250000e-01 2.09324121475220e-01
684 3.90625000000000e-01 1.52587890625000e-01
685 3.96972656250000e-01 1.57587289810181e-01
686 4.32617187500000e-01 1.87157630920410e-01
687 4.69726562500000e-01 2.20643043518066e-01
688 5.02929687500000e-01 2.52938270568848e-01
689 5.08300781250000e-01 2.58369684219360e-01
690 5.00976562500000e-01 2.50977516174316e-01
691 5.00976562500000e-01 2.50977516174316e-01
692 4.80468750000000e-01 2.30850219726562e-01
693 5.25390625000000e-01 2.76035308837891e-01
694 5.82031250000000e-01 3.38760375976562e-01
695 5.86914062500000e-01 3.44468116760254e-01
696 5.72753906250000e-01 3.28047037124634e-01
697 5.90820312500000e-01 3.49068641662598e-01
698 5.67871093750000e-01 3.22477579116821e-01
699 5.58105468750000e-01 3.11481714248657e-01
700 4.94140625000000e-01 2.44174957275391e-01
701 4.63378906250000e-01 2.14720010757446e-01
702 4.48730468750000e-01 2.01359033584595e-01
703 4.49707031250000e-01 2.02236413955688e-01
704 4.04785156250000e-01 1.63851022720337e-01
705 3.90136718750000e-01 1.52206659317017e-01
706 3.98437500000000e-01 1.58752441406250e-01
707 3.41308593750000e-01 1.16491556167603e-01
708 2.82226562500000e-01 7.96518325805664e-02
709 1.94335937500000e-01 3.77664566040039e-02
710 2.26562500000000e-01 5.13305664062500e-02
711 1.65039062500000e-01 2.72378921508789e-02
712 1.57226562500000e-01 2.47201919555664e-02
713 1.33300781250000e-01 1.77690982818604e-02
714 8.49609375000000e-02 7.21836090087891e-03
715 1.32812500000000e-01 1.76391601562500e-02
716 7.81250000000000e-02 6.10351562500000e-03
717 5.02929687500000e-02 2.52938270568848e-03
718 9.47265625000000e-02 8.97312164306641e-03
719 1.58691406250000e-01 2.51829624176025e-02
720 2.02636718750000e-01 4.10616397857666e-02
721 1.70410156250000e-01 2.90396213531494e-02
722 1.44042968750000e-01 2.07483768463135e-02
723 1.34277343750000e-01 1.80304050445557e-02
724 1.72851562500000e-01 2.98776626586914e-02
725 7.76367187500000e-02 6.02746009826660e-03
726 1.40136718750000e-01 1.96382999420166e-02
727 1.70410156250000e-01 2.90396213531494e-02
728 1.87500000000000e-01 3.51562500000000e-02
729 1.50390625000000e-01 2.26173400878906e-02
730 9.71679687500000e-02 9.44161415100098e-03
731 9.17968750000000e-02 8.42666625976562e-03
732 1.40625000000000e-01 1.97753906250000e-02
733 2.97851562500000e-02 8.87155532836914e-04
734 4.39453125000000e-02 1.93119049072266e-03
735 9.66796875000000e-02 9.34696197509766e-03
736 1.19628906250000e-01 1.43110752105713e-02
737 1.21093750000000e-01 1.46636962890625e-02
738 1.46484375000000e-02 2.14576721191406e-04
739 1.26953125000000e-02 1.61170959472656e-04
740 8.10546875000000e-02 6.56986236572266e-03
741 2.73437500000000e-02 7.47680664062500e-04
742 9.91210937500000e-02 9.82499122619629e-03
743 1.29882812500000e-01 1.68695449829102e-02
744 4.93164062500000e-02 2.43210792541504e-03
745 2.19726562500000e-02 4.82797622680664e-04
746 6.59179687500000e-02 4.34517860412598e-03
747 8.54492187500000e-02 7.30156898498535e-03
748 6.29882812500000e-02 3.96752357482910e-03
749 7.37304687500000e-02 5.43618202209473e-03
750 4.10156250000000e-02 1.68228149414062e-03
751 2.05078125000000e-02 4.20570373535156e-04
752 1.12304687500000e-02 1.26123428344727e-04
753 1.90429687500000e-02 3.62634658813477e-04
754 6.83593750000000e-02 4.67300415039062e-03
755 8.88671875000000e-02 7.89737701416016e-03
756 7.17773437500000e-02 5.15198707580566e-03
757 2.09960937500000e-02 4.40835952758789e-04
758 1.31835937500000e-02 1.73807144165039e-04
759 9.76562500000000e-02 9.53674316406250e-03
760 1.14746093750000e-01 1.31666660308838e-02
761 1.20117187500000e-01 1.44281387329102e-02
762 1.16699218750000e-01 1.36187076568604e-02
763 5.90820312500000e-02 3.49068641662598e-03
764 1.06445312500000e-01 1.13306045532227e-02
765 1.25000000000000e-01 1.56250000000000e-02
766 1.39648437500000e-01 1.95016860961914e-02
767 1.97753906250000e-01 3.91066074371338e-02
768 1.70898437500000e-01 2.92062759399414e-02
769 1.64550781250000e-01 2.70769596099854e-02
770 1.78710937500000e-01 3.19375991821289e-02
771 1.95800781250000e-01 3.83379459381104e-02
772 1.42578125000000e-01 2.03285217285156e-02
773 1.53320312500000e-01 2.35071182250977e-02
774 2.19238281250000e-01 4.80654239654541e-02
775 2.47070312500000e-01 6.10437393188477e-02
776 3.08105468750000e-01 9.49289798736572e-02
777 2.74414062500000e-01 7.53030776977539e-02
778 3.11035156250000e-01 9.67428684234619e-02
779 2.93457031250000e-01 8.61170291900635e-02
780 3.51562500000000e-01 1.23596191406250e-01
781 3.44726562500000e-01 1.18836402893066e-01
782 3.21777343750000e-01 1.03540658950806e-01
783 3.07617187500000e-01 9.46283340454102e-02
784 2.84667968750000e-01 8.10358524322510e-02
785 3.12988281250000e-01 9.79616641998291e-02
786 2.00195312500000e-01 4.00781631469727e-02
787 2.11425781250000e-01 4.47008609771729e-02
788 2.52441406250000e-01 6.37266635894775e-02
789 2.13378906250000e-01 4.55305576324463e-02
790 2.01660156250000e-01 4.06668186187744e-02
791 2.40234375000000e-01 5.77125549316406e-02
792 2.02148437500000e-01 4.08639907836914e-02
793 2.09960937500000e-01 4.40835952758789e-02
794 2.50488281250000e-01 6.27443790435791e-02
795 2.23144531250000e-01 4.97934818267822e-02
796 1.60156250000000e-01 2.56500244140625e-02
797 1.50878906250000e-01 2.27644443511963e-02
798 2.23144531250000e-01 4.97934818267822e-02
799 2.39746093750000e-01 5.74781894683838e-02
800 1.91894531250000e-01 3.68235111236572e-02
801 1.46484375000000e-01 2.14576721191406e-02
802 9.91210937500000e-02 9.82499122619629e-03
803 1.03515625000000e-01 1.07154846191406e-02
804 1.48925781250000e-01 2.21788883209229e-02
805 2.00683593750000e-01 4.02739048004150e-02
806 1.56250000000000e-01 2.44140625000000e-02
807 1.40136718750000e-01 1.96382999420166e-02
808 7.08007812500000e-02 5.01275062561035e-03
809 7.08007812500000e-02 5.01275062561035e-03
810 8.25195312500000e-02 6.80947303771973e-03
811 1.07910156250000e-01 1.16446018218994e-02
812 1.29394531250000e-01 1.67429447174072e-02
813 8.83789062500000e-02 7.81083106994629e-03
814 1.77734375000000e-01 3.15895080566406e-02
815 2.11914062500000e-01 4.49075698852539e-02
816 1.31835937500000e-01 1.73807144165039e-02
817 1.06445312500000e-01 1.13306045532227e-02
818 6.73828125000000e-02 4.54044342041016e-03
819 1.46484375000000e-02 2.14576721191406e-04
820 5.37109375000000e-03 2.88486480712891e-05
821 8.10546875000000e-02 6.56986236572266e-03
822 1.41113281250000e-01 1.99129581451416e-02
823 1.45019531250000e-01 2.10306644439697e-02
824 1.88964843750000e-01 3.57077121734619e-02
825 1.71386718750000e-01 2.93734073638916e-02
826 1.86523437500000e-01 3.47909927368164e-02
827 1.48925781250000e-01 2.21788883209229e-02
828 1.22558593750000e-01 1.50206089019775e-02
829 1.05957031250000e-01 1.12268924713135e-02
830 1.98242187500000e-01 3.92999649047852e-02
831 1.40136718750000e-01 1.96382999420166e-02
832 1.46972656250000e-01 2.16009616851807e-02
833 1.54785156250000e-01 2.39584445953369e-02
834 1.63574218750000e-01 2.67565250396729e-02
835 1.89453125000000e-01 3.58924865722656e-02
836 1.89453125000000e-01 3.58924865722656e-02
837 1.54296875000000e-01 2.38075256347656e-02
838 2.03613281250000e-01 4.14583683013916e-02
839 2.37792968750000e-01 5.65454959869385e-02
840 2.30957031250000e-01 5.33411502838135e-02
841 2.76855468750000e-01 7.66489505767822e-02
842 3.07128906250000e-01 9.43281650543213e-02
843 3.19824218750000e-01 1.02287530899048e-01
844 3.40332031250000e-01 1.15825891494751e-01
845 3.55468750000000e-01 1.26358032226562e-01
846 3.12011718750000e-01 9.73513126373291e-02
847 2.64648437500000e-01 7.00387954711914e-02
848 2.17773437500000e-01 4.74252700805664e-02
849 1.65527343750000e-01 2.73993015289307e-02
850 1.35742187500000e-01 1.84259414672852e-02
851 7.86132812500000e-02 6.18004798889160e-03
852 1.21582031250000e-01 1.47821903228760e-02
853 1.73828125000000e-01 3.02162170410156e-02
854 1.83593750000000e-01 3.37066650390625e-02
855 1.28906250000000e-01 1.66168212890625e-02
856 6.25000000000000e-02 3.90625000000000e-03
857 1.04980468750000e-01 1.10208988189697e-02
858 1.91894531250000e-01 3.68235111236572e-02
859 1.49902343750000e-01 2.24707126617432e-02
860 1.12792968750000e-01 1.27222537994385e-02
861 1.51855468750000e-01 2.30600833892822e-02
862 2.16308593750000e-01 4.67894077301025e-02
863 1.54785156250000e-01 2.39584445953369e-02
864 1.82617187500000e-01 3.33490371704102e-02
865 1.64550781250000e-01 2.70769596099854e-02
866 8.78906250000000e-02 7.72476196289062e-03
867 4.98046875000000e-02 2.48050689697266e-03
868 7.81250000000000e-03 6.10351562500000e-05
869 9.76562500000000e-04 9.53674316406250e-07
870 1.22070312500000e-02 1.49011611938477e-04
871 8.05664062500000e-02 6.49094581604004e-03
872 3.46679687500000e-02 1.20186805725098e-03
873 5.71289062500000e-02 3.26371192932129e-03
874 4.68750000000000e-02 2.19726562500000e-03
875 4.73632812500000e-02 2.24328041076660e-03
876 1.35742187500000e-01 1.84259414672852e-02
877 1.28906250000000e-01 1.66168212890625e-02
878 1.23046875000000e-01 1.51405334472656e-02
879 9.81445312500000e-02 9.63234901428223e-03
880 7.37304687500000e-02 5.43618202209473e-03
881 7.12890625000000e-02 5.08213043212891e-03
882 1.42578125000000e-01 2.03285217285156e-02
883 1.47460937500000e-01 2.17447280883789e-02
884 2.37304687500000e-01 5.63135147094727e-02
885 2.57324218750000e-01 6.62157535552979e-02
886 2.98828125000000e-01 8.92982482910156e-02
887 2.72460937500000e-01 7.42349624633789e-02
888 3.00781250000000e-01 9.04693603515625e-02
889 2.59765625000000e-01 6.74781799316406e-02
890 3.11523437500000e-01 9.70468521118164e-02
891 2.44628906250000e-01 5.98433017730713e-02
892 2.49023437500000e-01 6.20126724243164e-02
893 1.91406250000000e-01 3.66363525390625e-02
894 2.59765625000000e-01 6.74781799316406e-02
895 2.86621093750000e-01 8.21516513824463e-02
896 2.97851562500000e-01 8.87155532836914e-02
897 2.89550781250000e-01 8.38396549224854e-02
898 2.78808593750000e-01 7.77342319488525e-02
899 2.86132812500000e-01 8.18719863891602e-02
900 3.00781250000000e-01 9.04693603515625e-02
901 2.66601562500000e-01 7.10763931274414e-02
902 3.15429687500000e-01 9.94958877563477e-02
903 2.65625000000000e-01 7.05566406250000e-02
904 2.75878906250000e-01 7.61091709136963e-02
905 2.32421875000000e-01 5.40199279785156e-02
906 2.59277343750000e-01 6.72247409820557e-02
907 2.52441406250000e-01 6.37266635894775e-02
908 2.82226562500000e-01 7.96518325805664e-02
909 3.14453125000000e-01 9.88807678222656e-02
910 2.88085937500000e-01 8.29935073852539e-02
911 2.37792968750000e-01 5.65454959869385e-02
912 2.58300781250000e-01 6.67192935943604e-02
913 3.18847656250000e-01 1.01663827896118e-01
914 2.87109375000000e-01 8.24317932128906e-02
915 3.50097656250000e-01 1.22568368911743e-01
916 3.81835937500000e-01 1.45798683166504e-01
917 4.01855468750000e-01 1.61487817764282e-01
918 3.64257812500000e-01 1.32683753967285e-01
919 3.24707031250000e-01 1.05434656143188e-01
920 3.63281250000000e-01 1.31973266601562e-01
921 2.57812500000000e-01 6.64672851562500e-02
922 2.07519531250000e-01 4.30643558502197e-02
923 2.21191406250000e-01 4.89256381988525e-02
924 2.32910156250000e-01 5.42471408843994e-02
925 2.42675781250000e-01 5.88915348052979e-02
926 2.34863281250000e-01 5.51607608795166e-02
927 2.57812500000000e-01 6.64672851562500e-02
928 3.01757812500000e-01 9.10577774047852e-02
929 3.22753906250000e-01 1.04170083999634e-01
930 2.69531250000000e-01 7.26470947265625e-02
931 2.91015625000000e-01 8.46900939941406e-02
932 2.91503906250000e-01 8.49745273590088e-02
933 3.72558593750000e-01 1.38799905776978e-01
934 4.11621093750000e-01 1.69431924819946e-01
935 3.56445312500000e-01 1.27053260803223e-01
936 3.61816406250000e-01 1.30911111831665e-01
937 4.39941406250000e-01 1.93548440933228e-01
938 3.82812500000000e-01 1.46545410156250e-01
939 3.35937500000000e-01 1.12854003906250e-01
940 3.34960937500000e-01 1.12198829650879e-01
941 3.51074218750000e-01 1.23253107070923e-01
942 3.51562500000000e-01 1.23596191406250e-01
943 3.50097656250000e-01 1.22568368911743e-01
944 3.22753906250000e-01 1.04170083999634e-01
945 3.55468750000000e-01 1.26358032226562e-01
946 3.35937500000000e-01 1.12854003906250e-01
947 3.31054687500000e-01 1.09597206115723e-01
948 3.44726562500000e-01 1.18836402893066e-01
949 3.45214843750000e-01 1.19173288345337e-01
950 3.86718750000000e-01 1.49551391601562e-01
951 4.38476562500000e-01 1.92261695861816e-01
952 4.98046875000000e-01 2.48050689697266e-01
953 4.29687500000000e-01 1.84631347656250e-01
954 4.62890625000000e-01 2.14267730712891e-01
955 4.25292968750000e-01 1.80874109268188e-01
956 3.58398437500000e-01 1.28449440002441e-01
957 3.90625000000000e-01 1.52587890625000e-01
958 3.29589843750000e-01 1.08629465103149e-01
959 3.29589843750000e-01 1.08629465103149e-01
960 3.29101562500000e-01 1.08307838439941e-01
961 2.88085937500000e-01 8.29935073852539e-02
962 3.06152343750000e-01 9.37292575836182e-02
963 1.77734375000000e-01 3.15895080566406e-02
964 1.26464843750000e-01 1.59933567047119e-02
965 1.97265625000000e-01 3.89137268066406e-02
966 1.81640625000000e-01 3.29933166503906e-02
967 1.97265625000000e-01 3.89137268066406e-02
968 1.59667968750000e-01 2.54938602447510e-02
969 2.05078125000000e-01 4.20570373535156e-02
970 1.59667968750000e-01 2.54938602447510e-02
971 1.93359375000000e-01 3.73878479003906e-02
972 1.46972656250000e-01 2.16009616851807e-02
973 1.92382812500000e-01 3.70111465454102e-02
974 2.55859375000000e-01 6.54640197753906e-02
975 1.99218750000000e-01 3.96881103515625e-02
976 1.98730468750000e-01 3.94937992095947e-02
977 1.56250000000000e-01 2.44140625000000e-02
978 9.52148437500000e-02 9.06586647033691e-03
979 6.78710937500000e-02 4.60648536682129e-03
980 1.22070312500000e-01 1.49011611938477e-02
981 1.47949218750000e-01 2.18889713287354e-02
982 2.05078125000000e-01 4.20570373535156e-02
983 2.22167968750000e-01 4.93586063385010e-02
984 2.01171875000000e-01 4.04701232910156e-02
985 2.49511718750000e-01 6.22560977935791e-02
986 2.91503906250000e-01 8.49745273590088e-02
987 3.46191406250000e-01 1.19848489761353e-01
988 3.20312500000000e-01 1.02600097656250e-01
989 3.30566406250000e-01 1.09274148941040e-01
990 4.02832031250000e-01 1.62273645401001e-01
991 4.19921875000000e-01 1.76334381103516e-01
992 3.97949218750000e-01 1.58363580703735e-01
993 4.58496093750000e-01 2.10218667984009e-01
994 4.32128906250000e-01 1.86735391616821e-01
995 3.74023437500000e-01 1.39893531799316e-01
996 4.18457031250000e-01 1.75106287002563e-01
997 3.80859375000000e-01 1.45053863525391e-01
998 4.68261718750000e-01 2.19269037246704e-01
999 5.04882812500000e-01 2.54906654357910e-01
