0 4.59472656250000e-01 2.11115121841431e-01
1 4.18945312500000e-01 1.75515174865723e-01
2 4.17968750000000e-01 1.74697875976562e-01
3 5.17089843750000e-01 2.67381906509399e-01
4 4.65820312500000e-01 2.16988563537598e-01
5 4.40429687500000e-01 1.93978309631348e-01
6 4.00390625000000e-01 1.60312652587891e-01
7 3.45214843750000e-01 1.19173288345337e-01
8 3.30566406250000e-01 1.09274148941040e-01
9 3.82324218750000e-01 1.46171808242798e-01
10 3.78417968750000e-01 1.43200159072876e-01
11 3.79882812500000e-01 1.44310951232910e-01
12 4.30664062500000e-01 1.85471534729004e-01
13 3.82812500000000e-01 1.46545410156250e-01
14 4.21386718750000e-01 1.77566766738892e-01
15 4.34082031250000e-01 1.88427209854126e-01
16 4.14550781250000e-01 1.71852350234985e-01
17 4.33593750000000e-01 1.88003540039062e-01
18 4.60937500000000e-01 2.12463378906250e-01
19 5.21972656250000e-01 2.72455453872681e-01
20 4.78515625000000e-01 2.28977203369141e-01
21 4.74121093750000e-01 2.24790811538696e-01
22 4.75585937500000e-01 2.26181983947754e-01
23 4.98046875000000e-01 2.48050689697266e-01
24 5.26855468750000e-01 2.77576684951782e-01
25 6.20605468750000e-01 3.85151147842407e-01
26 5.65429687500000e-01 3.19710731506348e-01
27 6.22070312500000e-01 3.86971473693848e-01
28 5.78613281250000e-01 3.34793329238892e-01
29 5.84472656250000e-01 3.41608285903931e-01
30 5.48828125000000e-01 3.01212310791016e-01
31 5.68359375000000e-01 3.23032379150391e-01
32 5.97656250000000e-01 3.57192993164062e-01
33 5.09277343750000e-01 2.59363412857056e-01
34 5.08300781250000e-01 2.58369684219360e-01
35 4.73144531250000e-01 2.23865747451782e-01
36 4.74121093750000e-01 2.24790811538696e-01
37 5.39550781250000e-01 2.91115045547485e-01
38 5.46386718750000e-01 2.98538446426392e-01
39 4.72656250000000e-01 2.23403930664062e-01
40 5.18554687500000e-01 2.68898963928223e-01
41 5.48339843750000e-01 3.00676584243774e-01
42 4.57031250000000e-01 2.08877563476562e-01
43 5.44921875000000e-01 2.96939849853516e-01
44 4.96582031250000e-01 2.46593713760376e-01
45 4.66308593750000e-01 2.17443704605103e-01
46 4.83398437500000e-01 2.33674049377441e-01
47 5.14160156250000e-01 2.64360666275024e-01
48 5.09765625000000e-01 2.59860992431641e-01
49 5.53222656250000e-01 3.06055307388306e-01
50 5.48339843750000e-01 3.00676584243774e-01
51 5.05371093750000e-01 2.55399942398071e-01
52 4.74121093750000e-01 2.24790811538696e-01
53 4.24316406250000e-01 1.80044412612915e-01
54 4.45800781250000e-01 1.98738336563110e-01
55 5.29785156250000e-01 2.80672311782837e-01
56 4.74121093750000e-01 2.24790811538696e-01
57 5.17578125000000e-01 2.67887115478516e-01
58 5.18554687500000e-01 2.68898963928223e-01
59 4.98535156250000e-01 2.48537302017212e-01
60 5.30761718750000e-01 2.81708002090454e-01
61 5.21972656250000e-01 2.72455453872681e-01
62 4.56542968750000e-01 2.08431482315063e-01
63 4.62402343750000e-01 2.13815927505493e-01
64 4.58496093750000e-01 2.10218667984009e-01
65 4.25292968750000e-01 1.80874109268188e-01
66 4.64843750000000e-01 2.16079711914062e-01
67 4.44824218750000e-01 1.97868585586548e-01
68 4.05273437500000e-01 1.64246559143066e-01
69 4.29199218750000e-01 1.84211969375610e-01
70 4.76562500000000e-01 2.27111816406250e-01
71 4.74121093750000e-01 2.24790811538696e-01
72 4.79492187500000e-01 2.29912757873535e-01
73 4.71191406250000e-01 2.22021341323853e-01
74 4.06250000000000e-01 1.65039062500000e-01
75 4.04785156250000e-01 1.63851022720337e-01
76 4.64355468750000e-01 2.15626001358032e-01
77 4.25292968750000e-01 1.80874109268188e-01
78 4.77050781250000e-01 2.27577447891235e-01
79 4.71679687500000e-01 2.22481727600098e-01
80 5.02441406250000e-01 2.52447366714478e-01
81 6.11816406250000e-01 3.74319314956665e-01
82 6.06933593750000e-01 3.68368387222290e-01
83 6.18164062500000e-01 3.82126808166504e-01
84 5.84472656250000e-01 3.41608285903931e-01
85 6.02539062500000e-01 3.63053321838379e-01
86 5.54199218750000e-01 3.07136774063110e-01
87 5.66894531250000e-01 3.21369409561157e-01
88 5.58105468750000e-01 3.11481714248657e-01
89 5.34667968750000e-01 2.85869836807251e-01
90 5.39062500000000e-01 2.90588378906250e-01
91 5.68359375000000e-01 3.23032379150391e-01
92 5.61523437500000e-01 3.15308570861816e-01
93 5.36132812500000e-01 2.87438392639160e-01
94 5.69335937500000e-01 3.24143409729004e-01
95 6.10839843750000e-01 3.73125314712524e-01
96 6.39160156250000e-01 4.08525705337524e-01
97 5.88378906250000e-01 3.46189737319946e-01
98 5.47363281250000e-01 2.99606561660767e-01
99 5.82031250000000e-01 3.38760375976562e-01
100 5.66894531250000e-01 3.21369409561157e-01
101 5.29296875000000e-01 2.80155181884766e-01
102 5.43945312500000e-01 2.95876502990723e-01
103 5.56640625000000e-01 3.09848785400391e-01
104 5.16601562500000e-01 2.66877174377441e-01
105 5.18066406250000e-01 2.68392801284790e-01
106 4.69726562500000e-01 2.20643043518066e-01
107 4.20898437500000e-01 1.77155494689941e-01
108 4.24804687500000e-01 1.80459022521973e-01
109 4.71679687500000e-01 2.22481727600098e-01
110 4.85839843750000e-01 2.36040353775024e-01
111 4.98046875000000e-01 2.48050689697266e-01
112 4.47265625000000e-01 2.00046539306641e-01
113 3.75000000000000e-01 1.40625000000000e-01
114 3.88183593750000e-01 1.50686502456665e-01
115 4.00878906250000e-01 1.60703897476196e-01
116 4.37988281250000e-01 1.91833734512329e-01
117 4.62890625000000e-01 2.14267730712891e-01
118 4.35058593750000e-01 1.89275979995728e-01
119 4.08691406250000e-01 1.67028665542603e-01
120 4.54101562500000e-01 2.06208229064941e-01
121 4.44824218750000e-01 1.97868585586548e-01
122 4.22363281250000e-01 1.78390741348267e-01
123 4.06250000000000e-01 1.65039062500000e-01
124 4.14550781250000e-01 1.71852350234985e-01
125 4.36035156250000e-01 1.90126657485962e-01
126 4.60449218750000e-01 2.12013483047485e-01
127 4.09667968750000e-01 1.67827844619751e-01
128 3.77441406250000e-01 1.42462015151978e-01
129 3.78417968750000e-01 1.43200159072876e-01
130 3.44238281250000e-01 1.18499994277954e-01
131 3.75488281250000e-01 1.40991449356079e-01
132 4.65332031250000e-01 2.16533899307251e-01
133 4.99511718750000e-01 2.49511957168579e-01
134 4.44824218750000e-01 1.97868585586548e-01
135 4.50683593750000e-01 2.03115701675415e-01
136 3.98925781250000e-01 1.59141778945923e-01
137 3.98925781250000e-01 1.59141778945923e-01
138 3.62792968750000e-01 1.31618738174438e-01
139 2.95898437500000e-01 8.75558853149414e-02
140 2.18750000000000e-01 4.78515625000000e-02
141 2.43164062500000e-01 5.91287612915039e-02
142 2.31933593750000e-01 5.37931919097900e-02
143 2.41210937500000e-01 5.81827163696289e-02
144 2.41699218750000e-01 5.84185123443604e-02
145 2.69042968750000e-01 7.23841190338135e-02
146 2.59277343750000e-01 6.72247409820557e-02
147 2.51953125000000e-01 6.34803771972656e-02
148 2.77832031250000e-01 7.71906375885010e-02
149 2.70996093750000e-01 7.34388828277588e-02
150 2.91992187500000e-01 8.52594375610352e-02
151 2.71972656250000e-01 7.39691257476807e-02
152 3.21289062500000e-01 1.03226661682129e-01
153 2.99316406250000e-01 8.95903110504150e-02
154 2.97363281250000e-01 8.84249210357666e-02
155 2.63183593750000e-01 6.92656040191650e-02
156 3.31542968750000e-01 1.09920740127563e-01
157 3.65234375000000e-01 1.33396148681641e-01
158 3.57910156250000e-01 1.28099679946899e-01
159 3.09082031250000e-01 9.55317020416260e-02
160 3.79882812500000e-01 1.44310951232910e-01
161 3.96972656250000e-01 1.57587289810181e-01
162 3.87207031250000e-01 1.49929285049438e-01
163 3.54492187500000e-01 1.25664710998535e-01
164 3.36914062500000e-01 1.13511085510254e-01
165 3.29589843750000e-01 1.08629465103149e-01
166 2.85156250000000e-01 8.13140869140625e-02
167 3.19824218750000e-01 1.02287530899048e-01
168 3.39355468750000e-01 1.15162134170532e-01
169 3.92089843750000e-01 1.53734445571899e-01
170 4.04296875000000e-01 1.63455963134766e-01
171 3.95507812500000e-01 1.56426429748535e-01
172 4.30175781250000e-01 1.85051202774048e-01
173 3.83789062500000e-01 1.47294044494629e-01
174 4.11621093750000e-01 1.69431924819946e-01
175 4.01367187500000e-01 1.61095619201660e-01
176 4.14062500000000e-01 1.71447753906250e-01
177 3.35937500000000e-01 1.12854003906250e-01
178 3.57421875000000e-01 1.27750396728516e-01
179 3.33984375000000e-01 1.11545562744141e-01
180 2.99804687500000e-01 8.98828506469727e-02
181 3.45214843750000e-01 1.19173288345337e-01
182 3.86718750000000e-01 1.49551391601562e-01
183 4.17480468750000e-01 1.74289941787720e-01
184 4.02343750000000e-01 1.61880493164062e-01
185 4.47265625000000e-01 2.00046539306641e-01
186 4.60937500000000e-01 2.12463378906250e-01
187 4.36523437500000e-01 1.90552711486816e-01
188 3.31054687500000e-01 1.09597206115723e-01
189 3.43261718750000e-01 1.17828607559204e-01
190 3.30566406250000e-01 1.09274148941040e-01
191 3.58398437500000e-01 1.28449440002441e-01
192 3.27148437500000e-01 1.07026100158691e-01
193 2.52929687500000e-01 6.39734268188477e-02
194 3.09570312500000e-01 9.58337783813477e-02
195 2.93945312500000e-01 8.64038467407227e-02
196 3.30078125000000e-01 1.08951568603516e-01
197 3.07617187500000e-01 9.46283340454102e-02
198 3.79882812500000e-01 1.44310951232910e-01
199 3.48144531250000e-01 1.21204614639282e-01
200 3.97460937500000e-01 1.57975196838379e-01
201 3.50097656250000e-01 1.22568368911743e-01
202 4.31640625000000e-01 1.86313629150391e-01
203 4.17968750000000e-01 1.74697875976562e-01
204 4.05761718750000e-01 1.64642572402954e-01
205 3.91601562500000e-01 1.53351783752441e-01
206 3.82812500000000e-01 1.46545410156250e-01
207 4.09667968750000e-01 1.67827844619751e-01
208 4.05273437500000e-01 1.64246559143066e-01
209 4.27246093750000e-01 1.82539224624634e-01
210 4.70703125000000e-01 2.21561431884766e-01
211 4.34570312500000e-01 1.88851356506348e-01
212 4.74609375000000e-01 2.25254058837891e-01
213 4.77050781250000e-01 2.27577447891235e-01
214 4.59960937500000e-01 2.11564064025879e-01
215 5.21972656250000e-01 2.72455453872681e-01
216 4.25292968750000e-01 1.80874109268188e-01
217 4.18457031250000e-01 1.75106287002563e-01
218 4.61425781250000e-01 2.12913751602173e-01
219 4.63378906250000e-01 2.14720010757446e-01
220 4.96093750000000e-01 2.46109008789062e-01
221 5.37109375000000e-01 2.88486480712891e-01
222 5.39550781250000e-01 2.91115045547485e-01
223 5.06347656250000e-01 2.56387948989868e-01
224 5.45410156250000e-01 2.97472238540649e-01
225 5.65917968750000e-01 3.20263147354126e-01
226 5.54687500000000e-01 3.07678222656250e-01
227 5.71289062500000e-01 3.26371192932129e-01
228 5.21972656250000e-01 2.72455453872681e-01
229 5.47363281250000e-01 2.99606561660767e-01
230 4.94140625000000e-01 2.44174957275391e-01
231 4.60449218750000e-01 2.12013483047485e-01
232 5.14160156250000e-01 2.64360666275024e-01
233 4.82421875000000e-01 2.32730865478516e-01
234 6.21093750000000e-01 3.85757446289062e-01
235 6.21093750000000e-01 3.85757446289062e-01
236 5.69824218750000e-01 3.24699640274048e-01
237 6.30859375000000e-01 3.97983551025391e-01
238 5.52734375000000e-01 3.05515289306641e-01
239 5.11230468750000e-01 2.61356592178345e-01
240 5.16113281250000e-01 2.66372919082642e-01
241 5.82031250000000e-01 3.38760375976562e-01
242 6.01074218750000e-01 3.61290216445923e-01
243 6.28906250000000e-01 3.95523071289062e-01
244 6.41601562500000e-01 4.11652565002441e-01
245 5.91308593750000e-01 3.49645853042603e-01
246 5.05371093750000e-01 2.55399942398071e-01
247 5.80566406250000e-01 3.37057352066040e-01
248 5.88867187500000e-01 3.46764564514160e-01
249 5.70312500000000e-01 3.25256347656250e-01
250 5.59082031250000e-01 3.12572717666626e-01
251 5.74707031250000e-01 3.30288171768188e-01
252 5.85449218750000e-01 3.42750787734985e-01
253 6.55761718750000e-01 4.30023431777954e-01
254 6.73339843750000e-01 4.53386545181274e-01
255 6.67968750000000e-01 4.46182250976562e-01
256 6.83105468750000e-01 4.66633081436157e-01
257 6.66015625000000e-01 4.43576812744141e-01
258 6.58691406250000e-01 4.33874368667603e-01
259 6.77734375000000e-01 4.59323883056641e-01
260 6.45019531250000e-01 4.16050195693970e-01
261 6.53320312500000e-01 4.26827430725098e-01
262 6.55273437500000e-01 4.29383277893066e-01
263 6.47949218750000e-01 4.19838190078735e-01
264 6.33789062500000e-01 4.01688575744629e-01
265 6.85058593750000e-01 4.69305276870728e-01
266 6.62109375000000e-01 4.38388824462891e-01
267 6.76269531250000e-01 4.57340478897095e-01
268 7.04101562500000e-01 4.95759010314941e-01
269 7.35351562500000e-01 5.40741920471191e-01
270 7.16308593750000e-01 5.13098001480103e-01
271 7.49023437500000e-01 5.61036109924316e-01
272 7.19238281250000e-01 5.17303705215454e-01
273 7.29003906250000e-01 5.31446695327759e-01
274 7.55371093750000e-01 5.70585489273071e-01
275 7.04101562500000e-01 4.95759010314941e-01
276 6.87988281250000e-01 4.73327875137329e-01
277 6.69433593750000e-01 4.48141336441040e-01
278 6.84570312500000e-01 4.68636512756348e-01
279 6.44042968750000e-01 4.14791345596313e-01
280 6.12304687500000e-01 3.74917030334473e-01
281 5.80078125000000e-01 3.36490631103516e-01
282 5.73730468750000e-01 3.29166650772095e-01
283 5.75195312500000e-01 3.30849647521973e-01
284 5.70312500000000e-01 3.25256347656250e-01
285 5.45410156250000e-01 2.97472238540649e-01
286 5.62011718750000e-01 3.15857172012329e-01
287 5.59570312500000e-01 3.13118934631348e-01
288 5.67382812500000e-01 3.21923255920410e-01
289 5.58105468750000e-01 3.11481714248657e-01
290 5.75195312500000e-01 3.30849647521973e-01
291 6.04492187500000e-01 3.65410804748535e-01
292 6.79687500000000e-01 4.61975097656250e-01
293 6.87500000000000e-01 4.72656250000000e-01
294 6.90429687500000e-01 4.76693153381348e-01
295 6.70898437500000e-01 4.50104713439941e-01
296 6.83105468750000e-01 4.66633081436157e-01
297 6.91406250000000e-01 4.78042602539062e-01
298 7.23144531250000e-01 5.22938013076782e-01
299 7.07031250000000e-01 4.99893188476562e-01
300 6.45996093750000e-01 4.17310953140259e-01
301 6.85546875000000e-01 4.69974517822266e-01
302 6.91406250000000e-01 4.78042602539062e-01
303 6.39648437500000e-01 4.09150123596191e-01
304 6.90429687500000e-01 4.76693153381348e-01
305 6.02050781250000e-01 3.62465143203735e-01
306 6.67480468750000e-01 4.45530176162720e-01
307 6.33300781250000e-01 4.01069879531860e-01
308 5.95703125000000e-01 3.54862213134766e-01
309 5.67871093750000e-01 3.22477579116821e-01
310 5.41503906250000e-01 2.93226480484009e-01
311 6.46972656250000e-01 4.18573617935181e-01
312 6.77246093750000e-01 4.58662271499634e-01
313 7.53417968750000e-01 5.67638635635376e-01
314 7.31445312500000e-01 5.35012245178223e-01
315 7.98828125000000e-01 6.38126373291016e-01
316 7.79296875000000e-01 6.07303619384766e-01
317 7.52441406250000e-01 5.66168069839478e-01
318 7.53417968750000e-01 5.67638635635376e-01
319 7.23632812500000e-01 5.23644447326660e-01
320 6.87011718750000e-01 4.71985101699829e-01
321 6.08398437500000e-01 3.70148658752441e-01
322 6.08886718750000e-01 3.70743036270142e-01
323 5.72753906250000e-01 3.28047037124634e-01
324 5.97167968750000e-01 3.56609582901001e-01
325 6.35253906250000e-01 4.03547525405884e-01
326 5.28320312500000e-01 2.79122352600098e-01
327 4.92187500000000e-01 2.42248535156250e-01
328 4.56054687500000e-01 2.07985877990723e-01
329 4.23339843750000e-01 1.79216623306274e-01
330 4.21386718750000e-01 1.77566766738892e-01
331 4.01367187500000e-01 1.61095619201660e-01
332 3.81347656250000e-01 1.45426034927368e-01
333 4.48242187500000e-01 2.00921058654785e-01
334 4.42871093750000e-01 1.96134805679321e-01
335 3.96972656250000e-01 1.57587289810181e-01
336 4.01855468750000e-01 1.61487817764282e-01
337 4.22363281250000e-01 1.78390741348267e-01
338 3.42773437500000e-01 1.17493629455566e-01
339 3.54492187500000e-01 1.25664710998535e-01
340 4.06738281250000e-01 1.65436029434204e-01
341 3.88671875000000e-01 1.51065826416016e-01
342 4.48242187500000e-01 2.00921058654785e-01
343 5.19042968750000e-01 2.69405603408813e-01
344 5.74707031250000e-01 3.30288171768188e-01
345 5.96191406250000e-01 3.55444192886353e-01
346 6.05468750000000e-01 3.66592407226562e-01
347 6.14746093750000e-01 3.77912759780884e-01
348 6.41113281250000e-01 4.11026239395142e-01
349 6.43554687500000e-01 4.14162635803223e-01
350 5.97656250000000e-01 3.57192993164062e-01
351 6.07910156250000e-01 3.69554758071899e-01
352 6.69433593750000e-01 4.48141336441040e-01
353 7.44628906250000e-01 5.54472208023071e-01
354 7.55859375000000e-01 5.71323394775391e-01
355 7.19726562500000e-01 5.18006324768066e-01
356 6.87500000000000e-01 4.72656250000000e-01
357 6.91894531250000e-01 4.78718042373657e-01
358 7.17285156250000e-01 5.14497995376587e-01
359 6.76757812500000e-01 4.58001136779785e-01
360 7.03613281250000e-01 4.95071649551392e-01
361 7.08496093750000e-01 5.01966714859009e-01
362 6.54785156250000e-01 4.28743600845337e-01
363 6.88476562500000e-01 4.73999977111816e-01
364 7.32421875000000e-01 5.36441802978516e-01
365 6.90429687500000e-01 4.76693153381348e-01
366 6.98242187500000e-01 4.87542152404785e-01
367 7.45605468750000e-01 5.55927515029907e-01
368 7.08496093750000e-01 5.01966714859009e-01
369 7.50488281250000e-01 5.63232660293579e-01
370 7.40722656250000e-01 5.48670053482056e-01
371 7.04101562500000e-01 4.95759010314941e-01
372 7.60253906250000e-01 5.77986001968384e-01
373 7.46093750000000e-01 5.56655883789062e-01
374 6.66503906250000e-01 4.44227457046509e-01
375 6.53320312500000e-01 4.26827430725098e-01
376 6.06933593750000e-01 3.68368387222290e-01
377 6.17187500000000e-01 3.80920410156250e-01
378 6.06933593750000e-01 3.68368387222290e-01
379 6.40625000000000e-01 4.10400390625000e-01
380 6.31347656250000e-01 3.98599863052368e-01
381 6.01074218750000e-01 3.61290216445923e-01
382 5.99121093750000e-01 3.58946084976196e-01
383 6.53808593750000e-01 4.27465677261353e-01
384 6.56250000000000e-01 4.30664062500000e-01
385 6.93359375000000e-01 4.80747222900391e-01
386 6.78710937500000e-01 4.60648536682129e-01
387 6.81152343750000e-01 4.63968515396118e-01
388 6.45996093750000e-01 4.17310953140259e-01
389 6.85546875000000e-01 4.69974517822266e-01
390 6.39648437500000e-01 4.09150123596191e-01
391 6.31835937500000e-01 3.99216651916504e-01
392 6.42578125000000e-01 4.12906646728516e-01
393 6.31835937500000e-01 3.99216651916504e-01
394 6.66503906250000e-01 4.44227457046509e-01
395 6.76757812500000e-01 4.58001136779785e-01
396 6.52343750000000e-01 4.25552368164062e-01
397 6.42578125000000e-01 4.12906646728516e-01
398 6.33300781250000e-01 4.01069879531860e-01
399 6.34765625000000e-01 4.02927398681641e-01
400 6.43554687500000e-01 4.14162635803223e-01
401 5.75683593750000e-01 3.31411600112915e-01
402 5.17089843750000e-01 2.67381906509399e-01
403 5.62011718750000e-01 3.15857172012329e-01
404 6.04980468750000e-01 3.66001367568970e-01
405 5.92773437500000e-01 3.51380348205566e-01
406 6.37695312500000e-01 4.06655311584473e-01
407 6.25488281250000e-01 3.91235589981079e-01
408 6.09863281250000e-01 3.71933221817017e-01
409 6.03027343750000e-01 3.63641977310181e-01
410 6.14746093750000e-01 3.77912759780884e-01
411 6.16210937500000e-01 3.79715919494629e-01
412 6.18164062500000e-01 3.82126808166504e-01
413 6.01562500000000e-01 3.61877441406250e-01
414 5.95214843750000e-01 3.54280710220337e-01
415 5.00488281250000e-01 2.50488519668579e-01
416 5.19531250000000e-01 2.69912719726562e-01
417 5.26367187500000e-01 2.77062416076660e-01
418 4.99023437500000e-01 2.49024391174316e-01
419 3.93066406250000e-01 1.54501199722290e-01
420 4.77050781250000e-01 2.27577447891235e-01
421 5.33691406250000e-01 2.84826517105103e-01
422 5.10253906250000e-01 2.60359048843384e-01
423 4.79003906250000e-01 2.29444742202759e-01
424 4.66308593750000e-01 2.17443704605103e-01
425 5.00488281250000e-01 2.50488519668579e-01
426 4.98535156250000e-01 2.48537302017212e-01
427 4.69726562500000e-01 2.20643043518066e-01
428 4.40917968750000e-01 1.94408655166626e-01
429 4.50195312500000e-01 2.02675819396973e-01
430 4.59960937500000e-01 2.11564064025879e-01
431 5.00976562500000e-01 2.50977516174316e-01
432 4.95117187500000e-01 2.45141029357910e-01
433 4.68750000000000e-01 2.19726562500000e-01
434 3.95019531250000e-01 1.56040430068970e-01
435 4.14062500000000e-01 1.71447753906250e-01
436 4.42382812500000e-01 1.95702552795410e-01
437 4.25292968750000e-01 1.80874109268188e-01
438 4.07714843750000e-01 1.66231393814087e-01
439 4.37988281250000e-01 1.91833734512329e-01
440 4.63867187500000e-01 2.15172767639160e-01
441 5.38085937500000e-01 2.89536476135254e-01
442 5.37109375000000e-01 2.88486480712891e-01
443 5.21972656250000e-01 2.72455453872681e-01
444 5.97167968750000e-01 3.56609582901001e-01
445 6.21582031250000e-01 3.86364221572876e-01
446 6.50390625000000e-01 4.23007965087891e-01
447 6.98242187500000e-01 4.87542152404785e-01
448 7.38769531250000e-01 5.45780420303345e-01
449 7.57324218750000e-01 5.73539972305298e-01
450 7.30468750000000e-01 5.33584594726562e-01
451 7.15332031250000e-01 5.11699914932251e-01
452 7.31445312500000e-01 5.35012245178223e-01
453 7.08007812500000e-01 5.01275062561035e-01
454 6.81640625000000e-01 4.64633941650391e-01
455 6.33300781250000e-01 4.01069879531860e-01
456 7.49023437500000e-01 5.61036109924316e-01
457 7.70507812500000e-01 5.93682289123535e-01
458 7.58300781250000e-01 5.75020074844360e-01
459 7.22167968750000e-01 5.21526575088501e-01
460 6.75292968750000e-01 4.56020593643188e-01
461 6.18652343750000e-01 3.82730722427368e-01
462 6.64550781250000e-01 4.41627740859985e-01
463 6.13769531250000e-01 3.76713037490845e-01
464 6.69921875000000e-01 4.48795318603516e-01
465 6.57714843750000e-01 4.32588815689087e-01
466 6.37695312500000e-01 4.06655311584473e-01
467 6.32324218750000e-01 3.99833917617798e-01
468 6.20605468750000e-01 3.85151147842407e-01
469 6.03515625000000e-01 3.64231109619141e-01
470 6.18164062500000e-01 3.82126808166504e-01
471 6.83105468750000e-01 4.66633081436157e-01
472 6.87500000000000e-01 4.72656250000000e-01
473 6.36230468750000e-01 4.04789209365845e-01
474 6.53808593750000e-01 4.27465677261353e-01
475 6.55273437500000e-01 4.29383277893066e-01
476 6.43066406250000e-01 4.13534402847290e-01
477 6.75292968750000e-01 4.56020593643188e-01
478 6.01074218750000e-01 3.61290216445923e-01
479 6.21093750000000e-01 3.85757446289062e-01
480 6.45507812500000e-01 4.16680335998535e-01
481 6.21582031250000e-01 3.86364221572876e-01
482 6.02539062500000e-01 3.63053321838379e-01
483 6.10351562500000e-01 3.72529029846191e-01
484 5.63476562500000e-01 3.17505836486816e-01
485 5.85449218750000e-01 3.42750787734985e-01
486 5.25878906250000e-01 2.76548624038696e-01
487 5.28320312500000e-01 2.79122352600098e-01
488 6.10839843750000e-01 3.73125314712524e-01
489 6.06445312500000e-01 3.67775917053223e-01
490 5.95214843750000e-01 3.54280710220337e-01
491 5.83007812500000e-01 3.39898109436035e-01
492 5.85449218750000e-01 3.42750787734985e-01
493 6.45507812500000e-01 4.16680335998535e-01
494 6.54296875000000e-01 4.28104400634766e-01
495 5.85937500000000e-01 3.43322753906250e-01
496 5.20507812500000e-01 2.70928382873535e-01
497 4.67773437500000e-01 2.18811988830566e-01
498 4.28222656250000e-01 1.83374643325806e-01
499 5.00488281250000e-01 2.50488519668579e-01
500 5.14648437500000e-01 2.64863014221191e-01
501 4.78027343750000e-01 2.28510141372681e-01
502 5.12695312500000e-01 2.62856483459473e-01
503 4.98046875000000e-01 2.48050689697266e-01
504 5.06347656250000e-01 2.56387948989868e-01
505 5.07324218750000e-01 2.57377862930298e-01
506 4.66308593750000e-01 2.17443704605103e-01
507 4.42871093750000e-01 1.96134805679321e-01
508 4.49218750000000e-01 2.01797485351562e-01
509 4.50195312500000e-01 2.02675819396973e-01
510 4.48242187500000e-01 2.00921058654785e-01
511 4.93164062500000e-01 2.43210792541504e-01
512 4.57519531250000e-01 2.09324121475220e-01
513 4.28710937500000e-01 1.83793067932129e-01
514 4.15039062500000e-01 1.72257423400879e-01
515 4.26269531250000e-01 1.81705713272095e-01
516 4.45800781250000e-01 1.98738336563110e-01
517 3.79882812500000e-01 1.44310951232910e-01
518 3.12988281250000e-01 9.79616641998291e-02
519 2.75878906250000e-01 7.61091709136963e-02
520 2.42675781250000e-01 5.88915348052979e-02
521 3.15429687500000e-01 9.94958877563477e-02
522 3.72558593750000e-01 1.38799905776978e-01
523 3.39843750000000e-01 1.15493774414062e-01
524 3.36914062500000e-01 1.13511085510254e-01
525 3.87207031250000e-01 1.49929285049438e-01
526 4.26269531250000e-01 1.81705713272095e-01
527 4.91210937500000e-01 2.41288185119629e-01
528 4.39941406250000e-01 1.93548440933228e-01
529 5.12695312500000e-01 2.62856483459473e-01
530 4.56542968750000e-01 2.08431482315063e-01
531 3.56445312500000e-01 1.27053260803223e-01
532 3.49609375000000e-01 1.22226715087891e-01
533 3.79394531250000e-01 1.43940210342407e-01
534 3.73046875000000e-01 1.39163970947266e-01
535 3.77929687500000e-01 1.42830848693848e-01
536 3.41796875000000e-01 1.16825103759766e-01
537 3.52050781250000e-01 1.23939752578735e-01
538 3.81835937500000e-01 1.45798683166504e-01
539 3.43261718750000e-01 1.17828607559204e-01
540 3.16894531250000e-01 1.00422143936157e-01
541 2.67089843750000e-01 7.13369846343994e-02
542 2.79296875000000e-01 7.80067443847656e-02
543 3.59375000000000e-01 1.29150390625000e-01
544 2.66601562500000e-01 7.10763931274414e-02
545 2.37304687500000e-01 5.63135147094727e-02
546 1.60644531250000e-01 2.58066654205322e-02
547 1.55273437500000e-01 2.41098403930664e-02
548 1.77246093750000e-01 3.14161777496338e-02
549 1.59179687500000e-01 2.53381729125977e-02
550 1.33300781250000e-01 1.77690982818604e-02
551 1.58203125000000e-01 2.50282287597656e-02
552 1.65039062500000e-01 2.72378921508789e-02
553 1.95312500000000e-01 3.81469726562500e-02
554 1.29394531250000e-01 1.67429447174072e-02
555 1.59667968750000e-01 2.54938602447510e-02
556 1.57714843750000e-01 2.48739719390869e-02
557 1.28417968750000e-01 1.64911746978760e-02
558 1.01562500000000e-01 1.03149414062500e-02
559 7.03125000000000e-02 4.94384765625000e-03
560 1.31835937500000e-01 1.73807144165039e-02
561 1.71386718750000e-01 2.93734073638916e-02
562 2.05566406250000e-01 4.22575473785400e-02
563 1.97265625000000e-01 3.89137268066406e-02
564 1.43554687500000e-01 2.06079483032227e-02
565 1.66503906250000e-01 2.77235507965088e-02
566 1.28417968750000e-01 1.64911746978760e-02
567 1.33300781250000e-01 1.77690982818604e-02
568 1.85546875000000e-02 3.44276428222656e-04
569 4.05273437500000e-02 1.64246559143066e-03
570 4.88281250000000e-03 2.38418579101562e-05
571 2.58789062500000e-02 6.69717788696289e-04
572 1.41601562500000e-02 2.00510025024414e-04
573 2.63671875000000e-02 6.95228576660156e-04
574 2.88085937500000e-02 8.29935073852539e-04
575 6.34765625000000e-03 4.02927398681641e-05
576 3.22265625000000e-02 1.03855133056641e-03
577 4.98046875000000e-02 2.48050689697266e-03
578 2.44140625000000e-02 5.96046447753906e-04
579 2.68554687500000e-02 7.21216201782227e-04
580 4.44335937500000e-02 1.97434425354004e-03
581 5.76171875000000e-02 3.31974029541016e-03
582 1.08886718750000e-01 1.18563175201416e-02
583 1.35742187500000e-01 1.84259414672852e-02
584 1.96289062500000e-01 3.85293960571289e-02
585 2.12402343750000e-01 4.51147556304932e-02
586 2.30468750000000e-01 5.31158447265625e-02
587 1.80664062500000e-01 3.26395034790039e-02
588 1.35253906250000e-01 1.82936191558838e-02
589 1.21093750000000e-01 1.46636962890625e-02
590 1.77734375000000e-01 3.15895080566406e-02
591 1.13281250000000e-01 1.28326416015625e-02
592 1.36230468750000e-01 1.85587406158447e-02
593 1.52343750000000e-01 2.32086181640625e-02
594 1.53320312500000e-01 2.35071182250977e-02
595 1.61132812500000e-01 2.59637832641602e-02
596 1.80664062500000e-01 3.26395034790039e-02
597 1.63085937500000e-01 2.65970230102539e-02
598 1.68457031250000e-01 2.83777713775635e-02
599 1.32812500000000e-01 1.76391601562500e-02
600 1.30859375000000e-01 1.71241760253906e-02
601 1.18652343750000e-01 1.40783786773682e-02
602 4.98046875000000e-02 2.48050689697266e-03
603 1.03027343750000e-01 1.06146335601807e-02
604 1.49414062500000e-01 2.23245620727539e-02
605 1.12304687500000e-01 1.26123428344727e-02
606 1.36230468750000e-01 1.85587406158447e-02
607 1.88476562500000e-01 3.55234146118164e-02
608 1.85058593750000e-01 3.42466831207275e-02
609 2.17773437500000e-01 4.74252700805664e-02
610 1.91894531250000e-01 3.68235111236572e-02
611 2.08007812500000e-01 4.32672500610352e-02
612 2.56835937500000e-01 6.59646987915039e-02
613 2.84667968750000e-01 8.10358524322510e-02
614 2.79296875000000e-01 7.80067443847656e-02
615 3.18847656250000e-01 1.01663827896118e-01
616 3.33984375000000e-01 1.11545562744141e-01
617 3.21777343750000e-01 1.03540658950806e-01
618 3.71093750000000e-01 1.37710571289062e-01
619 3.34960937500000e-01 1.12198829650879e-01
620 3.82812500000000e-01 1.46545410156250e-01
621 3.81835937500000e-01 1.45798683166504e-01
622 4.33593750000000e-01 1.88003540039062e-01
623 4.44824218750000e-01 1.97868585586548e-01
624 5.00488281250000e-01 2.50488519668579e-01
625 5.25878906250000e-01 2.76548624038696e-01
626 5.41503906250000e-01 2.93226480484009e-01
627 5.46875000000000e-01 2.99072265625000e-01
628 4.54589843750000e-01 2.06651926040649e-01
629 4.24804687500000e-01 1.80459022521973e-01
630 3.81347656250000e-01 1.45426034927368e-01
631 3.68652343750000e-01 1.35904550552368e-01
632 3.98925781250000e-01 1.59141778945923e-01
633 3.42285156250000e-01 1.17159128189087e-01
634 3.66210937500000e-01 1.34110450744629e-01
635 4.20898437500000e-01 1.77155494689941e-01
636 4.75097656250000e-01 2.25717782974243e-01
637 4.74121093750000e-01 2.24790811538696e-01
638 5.15136718750000e-01 2.65365839004517e-01
639 4.85839843750000e-01 2.36040353775024e-01
640 4.94140625000000e-01 2.44174957275391e-01
641 4.93164062500000e-01 2.43210792541504e-01
642 5.04394531250000e-01 2.54413843154907e-01
643 5.64453125000000e-01 3.18607330322266e-01
644 6.23535156250000e-01 3.88796091079712e-01
645 6.23046875000000e-01 3.88187408447266e-01
646 6.95800781250000e-01 4.84138727188110e-01
647 6.25976562500000e-01 3.91846656799316e-01
648 5.99121093750000e-01 3.58946084976196e-01
649 5.79101562500000e-01 3.35358619689941e-01
650 6.12792968750000e-01 3.75515222549438e-01
651 6.11328125000000e-01 3.73722076416016e-01
652 5.98144531250000e-01 3.57776880264282e-01
653 6.32324218750000e-01 3.99833917617798e-01
654 6.48925781250000e-01 4.21104669570923e-01
655 6.42578125000000e-01 4.12906646728516e-01
656 6.31347656250000e-01 3.98599863052368e-01
657 6.67480468750000e-01 4.45530176162720e-01
658 6.85546875000000e-01 4.69974517822266e-01
659 6.89453125000000e-01 4.75345611572266e-01
660 7.06542968750000e-01 4.99202966690063e-01
661 7.24121093750000e-01 5.24351358413696e-01
662 7.12402343750000e-01 5.07517099380493e-01
663 7.69531250000000e-01 5.92178344726562e-01
664 8.03710937500000e-01 6.45951271057129e-01
665 7.95410156250000e-01 6.32677316665649e-01
666 7.38281250000000e-01 5.45059204101562e-01
667 6.84570312500000e-01 4.68636512756348e-01
668 6.87011718750000e-01 4.71985101699829e-01
669 6.95312500000000e-01 4.83459472656250e-01
670 6.67968750000000e-01 4.46182250976562e-01
671 6.57714843750000e-01 4.32588815689087e-01
672 6.55273437500000e-01 4.29383277893066e-01
673 6.26953125000000e-01 3.93070220947266e-01
674 6.79199218750000e-01 4.61311578750610e-01
675 6.41601562500000e-01 4.11652565002441e-01
676 6.34765625000000e-01 4.02927398681641e-01
677 6.47460937500000e-01 4.19205665588379e-01
678 6.15234375000000e-01 3.78513336181641e-01
679 6.08398437500000e-01 3.70148658752441e-01
680 6.85546875000000e-01 4.69974517822266e-01
681 6.56250000000000e-01 4.30664062500000e-01
682 6.80664062500000e-01 4.63303565979004e-01
683 6.46972656250000e-01 4.18573617935181e-01
684 6.19628906250000e-01 3.83939981460571e-01
685 6.50390625000000e-01 4.23007965087891e-01
686 6.51855468750000e-01 4.24915552139282e-01
687 6.56250000000000e-01 4.30664062500000e-01
688 6.98242187500000e-01 4.87542152404785e-01
689 6.26464843750000e-01 3.92458200454712e-01
690 6.33300781250000e-01 4.01069879531860e-01
691 6.39648437500000e-01 4.09150123596191e-01
692 6.17187500000000e-01 3.80920410156250e-01
693 6.35742187500000e-01 4.04168128967285e-01
694 6.51855468750000e-01 4.24915552139282e-01
695 5.98632812500000e-01 3.58361244201660e-01
696 6.35742187500000e-01 4.04168128967285e-01
697 5.78125000000000e-01 3.34228515625000e-01
698 5.04394531250000e-01 2.54413843154907e-01
699 4.97558593750000e-01 2.47564554214478e-01
700 5.06835937500000e-01 2.56882667541504e-01
701 4.79492187500000e-01 2.29912757873535e-01
702 4.38964843750000e-01 1.92690134048462e-01
703 4.10156250000000e-01 1.68228149414062e-01
704 3.79394531250000e-01 1.43940210342407e-01
705 4.28222656250000e-01 1.83374643325806e-01
706 4.43359375000000e-01 1.96567535400391e-01
707 4.30664062500000e-01 1.85471534729004e-01
708 4.04785156250000e-01 1.63851022720337e-01
709 4.02343750000000e-01 1.61880493164062e-01
710 4.01367187500000e-01 1.61095619201660e-01
711 4.24804687500000e-01 1.80459022521973e-01
712 4.27734375000000e-01 1.82956695556641e-01
713 4.16015625000000e-01 1.73069000244141e-01
714 3.98925781250000e-01 1.59141778945923e-01
715 4.35546875000000e-01 1.89701080322266e-01
716 4.28222656250000e-01 1.83374643325806e-01
717 4.77539062500000e-01 2.28043556213379e-01
718 4.53613281250000e-01 2.05765008926392e-01
719 4.37988281250000e-01 1.91833734512329e-01
720 4.67285156250000e-01 2.18355417251587e-01
721 4.19433593750000e-01 1.75924539566040e-01
722 4.01367187500000e-01 1.61095619201660e-01
723 3.43750000000000e-01 1.18164062500000e-01
724 3.28613281250000e-01 1.07986688613892e-01
725 3.76953125000000e-01 1.42093658447266e-01
726 3.07617187500000e-01 9.46283340454102e-02
727 3.21777343750000e-01 1.03540658950806e-01
728 3.31054687500000e-01 1.09597206115723e-01
729 4.13085937500000e-01 1.70639991760254e-01
730 4.42382812500000e-01 1.95702552795410e-01
731 5.07812500000000e-01 2.57873535156250e-01
732 4.74121093750000e-01 2.24790811538696e-01
733 4.75097656250000e-01 2.25717782974243e-01
734 5.06835937500000e-01 2.56882667541504e-01
735 5.46875000000000e-01 2.99072265625000e-01
736 4.95117187500000e-01 2.45141029357910e-01
737 5.18554687500000e-01 2.68898963928223e-01
738 5.32226562500000e-01 2.83265113830566e-01
739 5.63476562500000e-01 3.17505836486816e-01
740 5.78613281250000e-01 3.34793329238892e-01
741 6.00585937500000e-01 3.60703468322754e-01
742 5.82031250000000e-01 3.38760375976562e-01
743 5.55664062500000e-01 3.08762550354004e-01
744 5.07324218750000e-01 2.57377862930298e-01
745 5.09765625000000e-01 2.59860992431641e-01
746 5.22949218750000e-01 2.73475885391235e-01
747 5.04394531250000e-01 2.54413843154907e-01
748 5.16601562500000e-01 2.66877174377441e-01
749 5.64453125000000e-01 3.18607330322266e-01
750 5.79589843750000e-01 3.35924386978149e-01
751 6.21582031250000e-01 3.86364221572876e-01
752 5.78613281250000e-01 3.34793329238892e-01
753 5.60058593750000e-01 3.13665628433228e-01
754 5.05371093750000e-01 2.55399942398071e-01
755 4.87304687500000e-01 2.37465858459473e-01
756 5.49316406250000e-01 3.01748514175415e-01
757 5.89843750000000e-01 3.47915649414062e-01
758 6.00097656250000e-01 3.60117197036743e-01
759 5.77636718750000e-01 3.33664178848267e-01
760 5.67382812500000e-01 3.21923255920410e-01
761 5.70800781250000e-01 3.25813531875610e-01
762 5.98144531250000e-01 3.57776880264282e-01
763 6.12304687500000e-01 3.74917030334473e-01
764 6.20605468750000e-01 3.85151147842407e-01
765 6.28906250000000e-01 3.95523071289062e-01
766 6.34277343750000e-01 4.02307748794556e-01
767 5.72753906250000e-01 3.28047037124634e-01
768 5.94726562500000e-01 3.53699684143066e-01
769 5.99609375000000e-01 3.59531402587891e-01
770 6.15722656250000e-01 3.79114389419556e-01
771 6.41113281250000e-01 4.11026239395142e-01
772 6.66015625000000e-01 4.43576812744141e-01
773 6.65039062500000e-01 4.42276954650879e-01
774 6.90917968750000e-01 4.77367639541626e-01
775 6.59667968750000e-01 4.35161828994751e-01
776 6.64550781250000e-01 4.41627740859985e-01
777 6.40625000000000e-01 4.10400390625000e-01
778 7.16796875000000e-01 5.13797760009766e-01
779 6.96289062500000e-01 4.84818458557129e-01
780 6.75292968750000e-01 4.56020593643188e-01
781 6.38183593750000e-01 4.07278299331665e-01
782 6.33789062500000e-01 4.01688575744629e-01
783 6.82617187500000e-01 4.65966224670410e-01
784 5.99121093750000e-01 3.58946084976196e-01
785 5.87890625000000e-01 3.45615386962891e-01
786 5.97167968750000e-01 3.56609582901001e-01
787 6.44042968750000e-01 4.14791345596313e-01
788 6.90429687500000e-01 4.76693153381348e-01
789 6.66503906250000e-01 4.44227457046509e-01
790 6.93359375000000e-01 4.80747222900391e-01
791 6.57714843750000e-01 4.32588815689087e-01
792 6.03515625000000e-01 3.64231109619141e-01
793 6.30859375000000e-01 3.97983551025391e-01
794 6.21093750000000e-01 3.85757446289062e-01
795 6.33300781250000e-01 4.01069879531860e-01
796 6.57714843750000e-01 4.32588815689087e-01
797 5.99609375000000e-01 3.59531402587891e-01
798 6.03515625000000e-01 3.64231109619141e-01
799 5.55175781250000e-01 3.08220148086548e-01
800 4.79980468750000e-01 2.30381250381470e-01
801 5.45410156250000e-01 2.97472238540649e-01
802 5.48828125000000e-01 3.01212310791016e-01
803 6.22558593750000e-01 3.87579202651978e-01
804 5.23437500000000e-01 2.73986816406250e-01
805 5.14648437500000e-01 2.64863014221191e-01
806 5.34667968750000e-01 2.85869836807251e-01
807 5.03906250000000e-01 2.53921508789062e-01
808 4.73632812500000e-01 2.24328041076660e-01
809 5.13671875000000e-01 2.63858795166016e-01
810 5.91308593750000e-01 3.49645853042603e-01
811 5.68847656250000e-01 3.23587656021118e-01
812 5.76660156250000e-01 3.32536935806274e-01
813 6.16210937500000e-01 3.79715919494629e-01
814 6.05957031250000e-01 3.67183923721313e-01
815 6.35742187500000e-01 4.04168128967285e-01
816 6.45019531250000e-01 4.16050195693970e-01
817 6.50878906250000e-01 4.23643350601196e-01
818 6.45019531250000e-01 4.16050195693970e-01
819 6.31347656250000e-01 3.98599863052368e-01
820 6.18652343750000e-01 3.82730722427368e-01
821 6.90429687500000e-01 4.76693153381348e-01
822 6.55761718750000e-01 4.30023431777954e-01
823 7.03125000000000e-01 4.94384765625000e-01
824 6.75292968750000e-01 4.56020593643188e-01
825 6.48437500000000e-01 4.20471191406250e-01
826 5.63964843750000e-01 3.18056344985962e-01
827 5.58105468750000e-01 3.11481714248657e-01
828 5.28320312500000e-01 2.79122352600098e-01
829 5.05859375000000e-01 2.55893707275391e-01
830 5.70800781250000e-01 3.25813531875610e-01
831 5.36132812500000e-01 2.87438392639160e-01
832 5.42968750000000e-01 2.94815063476562e-01
833 5.66406250000000e-01 3.20816040039062e-01
834 6.43066406250000e-01 4.13534402847290e-01
835 6.21093750000000e-01 3.85757446289062e-01
836 6.29394531250000e-01 3.96137475967407e-01
837 5.87890625000000e-01 3.45615386962891e-01
838 5.52246093750000e-01 3.04975748062134e-01
839 6.18652343750000e-01 3.82730722427368e-01
840 6.47460937500000e-01 4.19205665588379e-01
841 6.34277343750000e-01 4.02307748794556e-01
842 6.29394531250000e-01 3.96137475967407e-01
843 6.07421875000000e-01 3.68961334228516e-01
844 5.56152343750000e-01 3.09305429458618e-01
845 5.03906250000000e-01 2.53921508789062e-01
846 5.44433593750000e-01 2.96407938003540e-01
847 4.99511718750000e-01 2.49511957168579e-01
848 4.57519531250000e-01 2.09324121475220e-01
849 4.50683593750000e-01 2.03115701675415e-01
850 4.37011718750000e-01 1.90979242324829e-01
851 3.95019531250000e-01 1.56040430068970e-01
852 3.88183593750000e-01 1.50686502456665e-01
853 4.35058593750000e-01 1.89275979995728e-01
854 3.95507812500000e-01 1.56426429748535e-01
855 3.72070312500000e-01 1.38436317443848e-01
856 3.84765625000000e-01 1.48044586181641e-01
857 4.04785156250000e-01 1.63851022720337e-01
858 4.93652343750000e-01 2.43692636489868e-01
859 5.19531250000000e-01 2.69912719726562e-01
860 4.98535156250000e-01 2.48537302017212e-01
861 5.03906250000000e-01 2.53921508789062e-01
862 5.37109375000000e-01 2.88486480712891e-01
863 4.50195312500000e-01 2.02675819396973e-01
864 3.98437500000000e-01 1.58752441406250e-01
865 4.20898437500000e-01 1.77155494689941e-01
866 3.70117187500000e-01 1.36986732482910e-01
867 3.76464843750000e-01 1.41725778579712e-01
868 4.58984375000000e-01 2.10666656494141e-01
869 4.89257812500000e-01 2.39373207092285e-01
870 4.09667968750000e-01 1.67827844619751e-01
871 4.65820312500000e-01 2.16988563537598e-01
872 4.87304687500000e-01 2.37465858459473e-01
873 4.65332031250000e-01 2.16533899307251e-01
874 4.93164062500000e-01 2.43210792541504e-01
875 4.91210937500000e-01 2.41288185119629e-01
876 4.56542968750000e-01 2.08431482315063e-01
877 5.15136718750000e-01 2.65365839004517e-01
878 4.32128906250000e-01 1.86735391616821e-01
879 3.99414062500000e-01 1.59531593322754e-01
880 4.50683593750000e-01 2.03115701675415e-01
881 3.98437500000000e-01 1.58752441406250e-01
882 4.45312500000000e-01 1.98303222656250e-01
883 3.34960937500000e-01 1.12198829650879e-01
884 3.36425781250000e-01 1.13182306289673e-01
885 3.34472656250000e-01 1.11871957778931e-01
886 3.47167968750000e-01 1.20525598526001e-01
887 3.97460937500000e-01 1.57975196838379e-01
888 3.69628906250000e-01 1.36625528335571e-01
889 3.18847656250000e-01 1.01663827896118e-01
890 3.18847656250000e-01 1.01663827896118e-01
891 3.56933593750000e-01 1.27401590347290e-01
892 3.61816406250000e-01 1.30911111831665e-01
893 3.48632812500000e-01 1.21544837951660e-01
894 3.71582031250000e-01 1.38073205947876e-01
895 3.93066406250000e-01 1.54501199722290e-01
896 3.07128906250000e-01 9.43281650543213e-02
897 3.43261718750000e-01 1.17828607559204e-01
898 3.45214843750000e-01 1.19173288345337e-01
899 3.96972656250000e-01 1.57587289810181e-01
900 3.56933593750000e-01 1.27401590347290e-01
901 4.06738281250000e-01 1.65436029434204e-01
902 4.39453125000000e-01 1.93119049072266e-01
903 5.15136718750000e-01 2.65365839004517e-01
904 5.34179687500000e-01 2.85347938537598e-01
905 5.68847656250000e-01 3.23587656021118e-01
906 6.02539062500000e-01 3.63053321838379e-01
907 5.66894531250000e-01 3.21369409561157e-01
908 5.40039062500000e-01 2.91642189025879e-01
909 4.92675781250000e-01 2.42729425430298e-01
910 5.06835937500000e-01 2.56882667541504e-01
911 5.39062500000000e-01 2.90588378906250e-01
912 5.54687500000000e-01 3.07678222656250e-01
913 5.90332031250000e-01 3.48491907119751e-01
914 5.92773437500000e-01 3.51380348205566e-01
915 5.36132812500000e-01 2.87438392639160e-01
916 5.76171875000000e-01 3.31974029541016e-01
917 5.91308593750000e-01 3.49645853042603e-01
918 5.81542968750000e-01 3.38192224502563e-01
919 5.63476562500000e-01 3.17505836486816e-01
920 5.20507812500000e-01 2.70928382873535e-01
921 4.98535156250000e-01 2.48537302017212e-01
922 4.35058593750000e-01 1.89275979995728e-01
923 4.62890625000000e-01 2.14267730712891e-01
924 4.50683593750000e-01 2.03115701675415e-01
925 3.79882812500000e-01 1.44310951232910e-01
926 3.21289062500000e-01 1.03226661682129e-01
927 2.92968750000000e-01 8.58306884765625e-02
928 2.70996093750000e-01 7.34388828277588e-02
929 2.37792968750000e-01 5.65454959869385e-02
930 2.55859375000000e-01 6.54640197753906e-02
931 2.10449218750000e-01 4.42888736724854e-02
932 3.10546875000000e-01 9.64393615722656e-02
933 2.74414062500000e-01 7.53030776977539e-02
934 2.66601562500000e-01 7.10763931274414e-02
935 2.08984375000000e-01 4.36744689941406e-02
936 1.89941406250000e-01 3.60777378082275e-02
937 2.16796875000000e-01 4.70008850097656e-02
938 1.39160156250000e-01 1.93655490875244e-02
939 2.43164062500000e-01 5.91287612915039e-02
940 2.32421875000000e-01 5.40199279785156e-02
941 2.70019531250000e-01 7.29105472564697e-02
942 2.76367187500000e-01 7.63788223266602e-02
943 2.17285156250000e-01 4.72128391265869e-02
944 2.36816406250000e-01 5.60820102691650e-02
945 3.46191406250000e-01 1.19848489761353e-01
946 4.01367187500000e-01 1.61095619201660e-01
947 4.43359375000000e-01 1.96567535400391e-01
948 3.97460937500000e-01 1.57975196838379e-01
949 4.27246093750000e-01 1.82539224624634e-01
950 4.70703125000000e-01 2.21561431884766e-01
951 4.61425781250000e-01 2.12913751602173e-01
952 4.73144531250000e-01 2.23865747451782e-01
953 4.69238281250000e-01 2.20184564590454e-01
954 4.45312500000000e-01 1.98303222656250e-01
955 4.78515625000000e-01 2.28977203369141e-01
956 4.54589843750000e-01 2.06651926040649e-01
957 3.87207031250000e-01 1.49929285049438e-01
958 4.02343750000000e-01 1.61880493164062e-01
959 4.46289062500000e-01 1.99173927307129e-01
960 4.31640625000000e-01 1.86313629150391e-01
961 4.96582031250000e-01 2.46593713760376e-01
962 5.31250000000000e-01 2.82226562500000e-01
963 6.12304687500000e-01 3.74917030334473e-01
964 5.71777343750000e-01 3.26929330825806e-01
965 5.64453125000000e-01 3.18607330322266e-01
966 5.50781250000000e-01 3.03359985351562e-01
967 5.44921875000000e-01 2.96939849853516e-01
968 5.74707031250000e-01 3.30288171768188e-01
969 5.79101562500000e-01 3.35358619689941e-01
970 5.86425781250000e-01 3.43895196914673e-01
971 5.79101562500000e-01 3.35358619689941e-01
972 5.70800781250000e-01 3.25813531875610e-01
973 5.79589843750000e-01 3.35924386978149e-01
974 6.08886718750000e-01 3.70743036270142e-01
975 5.89843750000000e-01 3.47915649414062e-01
976 5.16113281250000e-01 2.66372919082642e-01
977 5.55175781250000e-01 3.08220148086548e-01
978 5.42480468750000e-01 2.94285058975220e-01
979 4.80957031250000e-01 2.31319665908813e-01
980 5.05859375000000e-01 2.55893707275391e-01
981 5.07324218750000e-01 2.57377862930298e-01
982 5.58105468750000e-01 3.11481714248657e-01
983 5.83496093750000e-01 3.40467691421509e-01
984 5.28808593750000e-01 2.79638528823853e-01
985 5.18066406250000e-01 2.68392801284790e-01
986 5.42968750000000e-01 2.94815063476562e-01
987 5.19531250000000e-01 2.69912719726562e-01
988 5.48339843750000e-01 3.00676584243774e-01
989 6.00585937500000e-01 3.60703468322754e-01
990 6.19140625000000e-01 3.83335113525391e-01
991 6.01562500000000e-01 3.61877441406250e-01
992 6.02539062500000e-01 3.63053321838379e-01
993 5.65917968750000e-01 3.20263147354126e-01
994 5.24414062500000e-01 2.75010108947754e-01
995 4.90722656250000e-01 2.40808725357056e-01
996 4.62402343750000e-01 2.13815927505493e-01
997 4.46777343750000e-01 1.99609994888306e-01
998 4.09667968750000e-01 1.67827844619751e-01
999 5.03417968750000e-01 2.53429651260376e-01
