0 6.10839843750000e-01 3.73125314712524e-01
1 6.50390625000000e-01 4.23007965087891e-01
2 5.63964843750000e-01 3.18056344985962e-01
3 6.16210937500000e-01 3.79715919494629e-01
4 6.02050781250000e-01 3.62465143203735e-01
5 5.80078125000000e-01 3.36490631103516e-01
6 5.81054687500000e-01 3.37624549865723e-01
7 5.37109375000000e-01 2.88486480712891e-01
8 5.24902343750000e-01 2.75522470474243e-01
9 5.71777343750000e-01 3.26929330825806e-01
10 5.65429687500000e-01 3.19710731506348e-01
11 6.01562500000000e-01 3.61877441406250e-01
12 5.48828125000000e-01 3.01212310791016e-01
13 5.44921875000000e-01 2.96939849853516e-01
14 4.66796875000000e-01 2.17899322509766e-01
15 4.74609375000000e-01 2.25254058837891e-01
16 4.81933593750000e-01 2.32259988784790e-01
17 4.81445312500000e-01 2.31789588928223e-01
18 4.40917968750000e-01 1.94408655166626e-01
19 4.08691406250000e-01 1.67028665542603e-01
20 3.39355468750000e-01 1.15162134170532e-01
21 2.88085937500000e-01 8.29935073852539e-02
22 3.17382812500000e-01 1.00731849670410e-01
23 3.20312500000000e-01 1.02600097656250e-01
24 3.54003906250000e-01 1.25318765640259e-01
25 3.39355468750000e-01 1.15162134170532e-01
26 3.65722656250000e-01 1.33753061294556e-01
27 3.10546875000000e-01 9.64393615722656e-02
28 3.76953125000000e-01 1.42093658447266e-01
29 3.50097656250000e-01 1.22568368911743e-01
30 3.79394531250000e-01 1.43940210342407e-01
31 4.13085937500000e-01 1.70639991760254e-01
32 4.32617187500000e-01 1.87157630920410e-01
33 3.99414062500000e-01 1.59531593322754e-01
34 2.82226562500000e-01 7.96518325805664e-02
35 3.41796875000000e-01 1.16825103759766e-01
36 3.95507812500000e-01 1.56426429748535e-01
37 4.41894531250000e-01 1.95270776748657e-01
38 4.10644531250000e-01 1.68628931045532e-01
39 3.94042968750000e-01 1.55269861221313e-01
40 3.94042968750000e-01 1.55269861221313e-01
41 4.50683593750000e-01 2.03115701675415e-01
42 4.60449218750000e-01 2.12013483047485e-01
43 4.59960937500000e-01 2.11564064025879e-01
44 4.39453125000000e-01 1.93119049072266e-01
45 4.28710937500000e-01 1.83793067932129e-01
46 4.48242187500000e-01 2.00921058654785e-01
47 4.43847656250000e-01 1.97000741958618e-01
48 4.85839843750000e-01 2.36040353775024e-01
49 4.68261718750000e-01 2.19269037246704e-01
50 4.89257812500000e-01 2.39373207092285e-01
51 5.90820312500000e-01 3.49068641662598e-01
52 6.36718750000000e-01 4.05410766601562e-01
53 5.63476562500000e-01 3.17505836486816e-01
54 6.04980468750000e-01 3.66001367568970e-01
55 6.15722656250000e-01 3.79114389419556e-01
56 6.72851562500000e-01 4.52729225158691e-01
57 6.46972656250000e-01 4.18573617935181e-01
58 5.39062500000000e-01 2.90588378906250e-01
59 5.96191406250000e-01 3.55444192886353e-01
60 5.96191406250000e-01 3.55444192886353e-01
61 5.95214843750000e-01 3.54280710220337e-01
62 6.41113281250000e-01 4.11026239395142e-01
63 6.88964843750000e-01 4.74672555923462e-01
64 5.97167968750000e-01 3.56609582901001e-01
65 6.20605468750000e-01 3.85151147842407e-01
66 6.65039062500000e-01 4.42276954650879e-01
67 6.24511718750000e-01 3.90014886856079e-01
68 6.57226562500000e-01 4.31946754455566e-01
69 6.31835937500000e-01 3.99216651916504e-01
70 6.34277343750000e-01 4.02307748794556e-01
71 5.69335937500000e-01 3.24143409729004e-01
72 5.90820312500000e-01 3.49068641662598e-01
73 5.74707031250000e-01 3.30288171768188e-01
74 5.72753906250000e-01 3.28047037124634e-01
75 4.74121093750000e-01 2.24790811538696e-01
76 5.24414062500000e-01 2.75010108947754e-01
77 4.88281250000000e-01 2.38418579101562e-01
78 4.97070312500000e-01 2.47078895568848e-01
79 5.09277343750000e-01 2.59363412857056e-01
80 5.09765625000000e-01 2.59860992431641e-01
81 4.29199218750000e-01 1.84211969375610e-01
82 3.80371093750000e-01 1.44682168960571e-01
83 4.37988281250000e-01 1.91833734512329e-01
84 3.84277343750000e-01 1.47669076919556e-01
85 3.74511718750000e-01 1.40259027481079e-01
86 3.91601562500000e-01 1.53351783752441e-01
87 4.72167968750000e-01 2.22942590713501e-01
88 4.86816406250000e-01 2.36990213394165e-01
89 4.69726562500000e-01 2.20643043518066e-01
90 5.14160156250000e-01 2.64360666275024e-01
91 5.42968750000000e-01 2.94815063476562e-01
92 5.96679687500000e-01 3.56026649475098e-01
93 6.10839843750000e-01 3.73125314712524e-01
94 5.99121093750000e-01 3.58946084976196e-01
95 6.13769531250000e-01 3.76713037490845e-01
96 6.59667968750000e-01 4.35161828994751e-01
97 6.35742187500000e-01 4.04168128967285e-01
98 6.06445312500000e-01 3.67775917053223e-01
99 5.93750000000000e-01 3.52539062500000e-01
100 6.85546875000000e-01 4.69974517822266e-01
101 5.85449218750000e-01 3.42750787734985e-01
102 5.47851562500000e-01 3.00141334533691e-01
103 5.83007812500000e-01 3.39898109436035e-01
104 6.02539062500000e-01 3.63053321838379e-01
105 6.27441406250000e-01 3.93682718276978e-01
106 6.17187500000000e-01 3.80920410156250e-01
107 6.25000000000000e-01 3.90625000000000e-01
108 6.78222656250000e-01 4.59985971450806e-01
109 7.07519531250000e-01 5.00583887100220e-01
110 6.35253906250000e-01 4.03547525405884e-01
111 6.42089843750000e-01 4.12279367446899e-01
112 6.26464843750000e-01 3.92458200454712e-01
113 6.07910156250000e-01 3.69554758071899e-01
114 6.97265625000000e-01 4.86179351806641e-01
115 6.92382812500000e-01 4.79393959045410e-01
116 6.78710937500000e-01 4.60648536682129e-01
117 7.29003906250000e-01 5.31446695327759e-01
118 7.30957031250000e-01 5.34298181533813e-01
119 7.35351562500000e-01 5.40741920471191e-01
120 6.19140625000000e-01 3.83335113525391e-01
121 7.25585937500000e-01 5.26474952697754e-01
122 6.65039062500000e-01 4.42276954650879e-01
123 6.26953125000000e-01 3.93070220947266e-01
124 6.38183593750000e-01 4.07278299331665e-01
125 6.11328125000000e-01 3.73722076416016e-01
126 6.24511718750000e-01 3.90014886856079e-01
127 5.85449218750000e-01 3.42750787734985e-01
128 5.53222656250000e-01 3.06055307388306e-01
129 4.73144531250000e-01 2.23865747451782e-01
130 5.09277343750000e-01 2.59363412857056e-01
131 5.60546875000000e-01 3.14212799072266e-01
132 5.88867187500000e-01 3.46764564514160e-01
133 6.49414062500000e-01 4.21738624572754e-01
134 6.64550781250000e-01 4.41627740859985e-01
135 6.80175781250000e-01 4.62639093399048e-01
136 7.14843750000000e-01 5.11001586914062e-01
137 7.46093750000000e-01 5.56655883789062e-01
138 6.86523437500000e-01 4.71314430236816e-01
139 7.02636718750000e-01 4.93698358535767e-01
140 7.20214843750000e-01 5.18709421157837e-01
141 7.12402343750000e-01 5.07517099380493e-01
142 7.24121093750000e-01 5.24351358413696e-01
143 6.99707031250000e-01 4.89589929580688e-01
144 7.61718750000000e-01 5.80215454101562e-01
145 7.25585937500000e-01 5.26474952697754e-01
146 6.55761718750000e-01 4.30023431777954e-01
147 7.08496093750000e-01 5.01966714859009e-01
148 6.65039062500000e-01 4.42276954650879e-01
149 6.77734375000000e-01 4.59323883056641e-01
150 6.41601562500000e-01 4.11652565002441e-01
151 5.74707031250000e-01 3.30288171768188e-01
152 5.80078125000000e-01 3.36490631103516e-01
153 5.66894531250000e-01 3.21369409561157e-01
154 5.17578125000000e-01 2.67887115478516e-01
155 5.48828125000000e-01 3.01212310791016e-01
156 4.60449218750000e-01 2.12013483047485e-01
157 4.67773437500000e-01 2.18811988830566e-01
158 4.09179687500000e-01 1.67428016662598e-01
159 4.78027343750000e-01 2.28510141372681e-01
160 4.79980468750000e-01 2.30381250381470e-01
161 4.29687500000000e-01 1.84631347656250e-01
162 3.52539062500000e-01 1.24283790588379e-01
163 3.87695312500000e-01 1.50307655334473e-01
164 3.05175781250000e-01 9.31322574615479e-02
165 3.07617187500000e-01 9.46283340454102e-02
166 3.70605468750000e-01 1.37348413467407e-01
167 3.96484375000000e-01 1.57199859619141e-01
168 3.04687500000000e-01 9.28344726562500e-02
169 2.75390625000000e-01 7.58399963378906e-02
170 3.11035156250000e-01 9.67428684234619e-02
171 2.38281250000000e-01 5.67779541015625e-02
172 2.20214843750000e-01 4.84945774078369e-02
173 1.85546875000000e-01 3.44276428222656e-02
174 4.10156250000000e-02 1.68228149414062e-03
175 2.39257812500000e-02 5.72443008422852e-04
176 4.49218750000000e-02 2.01797485351562e-03
177 8.30078125000000e-03 6.89029693603516e-05
178 8.54492187500000e-02 7.30156898498535e-03
179 1.35742187500000e-01 1.84259414672852e-02
180 2.13378906250000e-01 4.55305576324463e-02
181 1.55761718750000e-01 2.42617130279541e-02
182 1.38183593750000e-01 1.90947055816650e-02
183 1.87988281250000e-01 3.53395938873291e-02
184 2.18261718750000e-01 4.76381778717041e-02
185 1.48437500000000e-01 2.20336914062500e-02
186 1.81152343750000e-01 3.28161716461182e-02
187 2.00683593750000e-01 4.02739048004150e-02
188 1.53320312500000e-01 2.35071182250977e-02
189 1.61132812500000e-01 2.59637832641602e-02
190 1.91406250000000e-01 3.66363525390625e-02
191 1.72851562500000e-01 2.98776626586914e-02
192 1.73339843750000e-01 3.00467014312744e-02
193 9.61914062500000e-02 9.25278663635254e-03
194 1.43066406250000e-01 2.04679965972900e-02
195 2.12402343750000e-01 4.51147556304932e-02
196 1.59667968750000e-01 2.54938602447510e-02
197 7.51953125000000e-02 5.65433502197266e-03
198 1.94824218750000e-01 3.79564762115479e-02
199 2.11425781250000e-01 4.47008609771729e-02
200 2.23632812500000e-01 5.00116348266602e-02
201 2.70019531250000e-01 7.29105472564697e-02
202 2.88574218750000e-01 8.32750797271729e-02
203 3.08593750000000e-01 9.52301025390625e-02
204 3.47656250000000e-01 1.20864868164062e-01
205 3.37890625000000e-01 1.14170074462891e-01
206 3.86230468750000e-01 1.49173974990845e-01
207 3.72070312500000e-01 1.38436317443848e-01
208 3.60351562500000e-01 1.29853248596191e-01
209 3.24707031250000e-01 1.05434656143188e-01
210 3.28125000000000e-01 1.07666015625000e-01
211 3.81347656250000e-01 1.45426034927368e-01
212 3.07617187500000e-01 9.46283340454102e-02
213 2.76367187500000e-01 7.63788223266602e-02
214 3.32031250000000e-01 1.10244750976562e-01
215 3.52050781250000e-01 1.23939752578735e-01
216 3.55468750000000e-01 1.26358032226562e-01
217 3.90625000000000e-01 1.52587890625000e-01
218 4.32128906250000e-01 1.86735391616821e-01
219 4.79003906250000e-01 2.29444742202759e-01
220 4.52148437500000e-01 2.04438209533691e-01
221 5.43457031250000e-01 2.95345544815063e-01
222 4.95605468750000e-01 2.45624780654907e-01
223 5.29785156250000e-01 2.80672311782837e-01
224 5.58593750000000e-01 3.12026977539062e-01
225 5.58105468750000e-01 3.11481714248657e-01
226 4.79980468750000e-01 2.30381250381470e-01
227 5.12207031250000e-01 2.62356042861938e-01
228 5.51269531250000e-01 3.03898096084595e-01
229 5.60058593750000e-01 3.13665628433228e-01
230 5.63476562500000e-01 3.17505836486816e-01
231 5.47851562500000e-01 3.00141334533691e-01
232 5.74707031250000e-01 3.30288171768188e-01
233 6.56250000000000e-01 4.30664062500000e-01
234 5.98632812500000e-01 3.58361244201660e-01
235 6.10839843750000e-01 3.73125314712524e-01
236 6.11328125000000e-01 3.73722076416016e-01
237 5.58593750000000e-01 3.12026977539062e-01
238 5.91796875000000e-01 3.50223541259766e-01
239 6.34277343750000e-01 4.02307748794556e-01
240 5.25878906250000e-01 2.76548624038696e-01
241 5.56152343750000e-01 3.09305429458618e-01
242 5.62988281250000e-01 3.16955804824829e-01
243 6.25000000000000e-01 3.90625000000000e-01
244 6.25000000000000e-01 3.90625000000000e-01
245 6.12792968750000e-01 3.75515222549438e-01
246 5.82519531250000e-01 3.39329004287720e-01
247 5.85449218750000e-01 3.42750787734985e-01
248 6.40625000000000e-01 4.10400390625000e-01
249 6.54296875000000e-01 4.28104400634766e-01
250 6.72363281250000e-01 4.52072381973267e-01
251 6.72851562500000e-01 4.52729225158691e-01
252 6.53320312500000e-01 4.26827430725098e-01
253 6.66015625000000e-01 4.43576812744141e-01
254 6.72851562500000e-01 4.52729225158691e-01
255 6.40625000000000e-01 4.10400390625000e-01
256 6.23535156250000e-01 3.88796091079712e-01
257 6.31347656250000e-01 3.98599863052368e-01
258 6.41113281250000e-01 4.11026239395142e-01
259 6.84082031250000e-01 4.67968225479126e-01
260 6.58203125000000e-01 4.33231353759766e-01
261 7.04589843750000e-01 4.96446847915649e-01
262 7.06542968750000e-01 4.99202966690063e-01
263 6.94335937500000e-01 4.82102394104004e-01
264 6.80175781250000e-01 4.62639093399048e-01
265 7.27050781250000e-01 5.28602838516235e-01
266 7.49511718750000e-01 5.61767816543579e-01
267 7.36328125000000e-01 5.42179107666016e-01
268 7.11914062500000e-01 5.06821632385254e-01
269 7.38769531250000e-01 5.45780420303345e-01
270 7.30468750000000e-01 5.33584594726562e-01
271 7.56835937500000e-01 5.72800636291504e-01
272 7.71484375000000e-01 5.95188140869141e-01
273 7.07519531250000e-01 5.00583887100220e-01
274 7.44140625000000e-01 5.53745269775391e-01
275 6.84082031250000e-01 4.67968225479126e-01
276 6.34765625000000e-01 4.02927398681641e-01
277 6.20117187500000e-01 3.84545326232910e-01
278 6.75781250000000e-01 4.56680297851562e-01
279 7.04101562500000e-01 4.95759010314941e-01
280 7.34375000000000e-01 5.39306640625000e-01
281 7.20703125000000e-01 5.19412994384766e-01
282 7.15332031250000e-01 5.11699914932251e-01
283 6.82128906250000e-01 4.65299844741821e-01
284 6.40136718750000e-01 4.09775018692017e-01
285 6.30859375000000e-01 3.97983551025391e-01
286 6.16210937500000e-01 3.79715919494629e-01
287 6.50878906250000e-01 4.23643350601196e-01
288 6.97265625000000e-01 4.86179351806641e-01
289 6.45507812500000e-01 4.16680335998535e-01
290 6.08398437500000e-01 3.70148658752441e-01
291 6.11816406250000e-01 3.74319314956665e-01
292 5.32226562500000e-01 2.83265113830566e-01
293 5.16113281250000e-01 2.66372919082642e-01
294 5.80566406250000e-01 3.37057352066040e-01
295 5.19531250000000e-01 2.69912719726562e-01
296 6.28417968750000e-01 3.94909143447876e-01
297 6.20117187500000e-01 3.84545326232910e-01
298 5.89355468750000e-01 3.47339868545532e-01
299 6.24511718750000e-01 3.90014886856079e-01
300 6.65039062500000e-01 4.42276954650879e-01
301 6.30371093750000e-01 3.97367715835571e-01
302 6.37695312500000e-01 4.06655311584473e-01
303 6.07421875000000e-01 3.68961334228516e-01
304 5.76171875000000e-01 3.31974029541016e-01
305 6.14257812500000e-01 3.77312660217285e-01
306 5.56152343750000e-01 3.09305429458618e-01
307 5.22460937500000e-01 2.72965431213379e-01
308 4.84863281250000e-01 2.35092401504517e-01
309 4.65820312500000e-01 2.16988563537598e-01
310 4.17480468750000e-01 1.74289941787720e-01
311 3.93554687500000e-01 1.54885292053223e-01
312 3.99902343750000e-01 1.59921884536743e-01
313 3.71582031250000e-01 1.38073205947876e-01
314 3.31542968750000e-01 1.09920740127563e-01
315 3.43750000000000e-01 1.18164062500000e-01
316 2.78808593750000e-01 7.77342319488525e-02
317 2.83203125000000e-01 8.02040100097656e-02
318 2.34375000000000e-01 5.49316406250000e-02
319 2.61718750000000e-01 6.84967041015625e-02
320 2.48046875000000e-01 6.15272521972656e-02
321 2.16308593750000e-01 4.67894077301025e-02
322 1.71875000000000e-01 2.95410156250000e-02
323 2.47558593750000e-01 6.12852573394775e-02
324 2.99804687500000e-01 8.98828506469727e-02
325 2.83203125000000e-01 8.02040100097656e-02
326 2.97851562500000e-01 8.87155532836914e-02
327 3.62792968750000e-01 1.31618738174438e-01
328 3.70605468750000e-01 1.37348413467407e-01
329 3.86230468750000e-01 1.49173974990845e-01
330 3.29589843750000e-01 1.08629465103149e-01
331 3.49609375000000e-01 1.22226715087891e-01
332 2.93457031250000e-01 8.61170291900635e-02
333 3.52050781250000e-01 1.23939752578735e-01
334 3.74023437500000e-01 1.39893531799316e-01
335 3.75000000000000e-01 1.40625000000000e-01
336 3.87695312500000e-01 1.50307655334473e-01
337 4.62890625000000e-01 2.14267730712891e-01
338 4.47265625000000e-01 2.00046539306641e-01
339 4.13574218750000e-01 1.71043634414673e-01
340 4.76562500000000e-01 2.27111816406250e-01
341 4.51171875000000e-01 2.03556060791016e-01
342 4.61425781250000e-01 2.12913751602173e-01
343 5.23437500000000e-01 2.73986816406250e-01
344 5.16601562500000e-01 2.66877174377441e-01
345 4.87304687500000e-01 2.37465858459473e-01
346 4.25781250000000e-01 1.81289672851562e-01
347 3.72070312500000e-01 1.38436317443848e-01
348 3.08593750000000e-01 9.52301025390625e-02
349 3.59375000000000e-01 1.29150390625000e-01
350 2.95898437500000e-01 8.75558853149414e-02
351 3.78906250000000e-01 1.43569946289062e-01
352 4.35058593750000e-01 1.89275979995728e-01
353 4.62890625000000e-01 2.14267730712891e-01
354 4.43847656250000e-01 1.97000741958618e-01
355 4.33593750000000e-01 1.88003540039062e-01
356 4.33593750000000e-01 1.88003540039062e-01
357 5.07324218750000e-01 2.57377862930298e-01
358 4.76074218750000e-01 2.26646661758423e-01
359 4.52148437500000e-01 2.04438209533691e-01
360 5.16601562500000e-01 2.66877174377441e-01
361 4.68750000000000e-01 2.19726562500000e-01
362 4.10644531250000e-01 1.68628931045532e-01
363 3.69628906250000e-01 1.36625528335571e-01
364 3.74511718750000e-01 1.40259027481079e-01
365 4.32128906250000e-01 1.86735391616821e-01
366 4.60449218750000e-01 2.12013483047485e-01
367 4.62402343750000e-01 2.13815927505493e-01
368 4.24316406250000e-01 1.80044412612915e-01
369 4.67773437500000e-01 2.18811988830566e-01
370 4.75097656250000e-01 2.25717782974243e-01
371 5.01953125000000e-01 2.51956939697266e-01
372 5.18554687500000e-01 2.68898963928223e-01
373 5.59570312500000e-01 3.13118934631348e-01
374 5.88867187500000e-01 3.46764564514160e-01
375 5.75195312500000e-01 3.30849647521973e-01
376 6.15234375000000e-01 3.78513336181641e-01
377 6.38671875000000e-01 4.07901763916016e-01
378 6.17675781250000e-01 3.81523370742798e-01
379 6.44531250000000e-01 4.15420532226562e-01
380 6.65039062500000e-01 4.42276954650879e-01
381 6.80175781250000e-01 4.62639093399048e-01
382 6.45507812500000e-01 4.16680335998535e-01
383 6.04492187500000e-01 3.65410804748535e-01
384 5.91796875000000e-01 3.50223541259766e-01
385 5.61035156250000e-01 3.14760446548462e-01
386 6.24023437500000e-01 3.89405250549316e-01
387 6.27929687500000e-01 3.94295692443848e-01
388 6.45507812500000e-01 4.16680335998535e-01
389 6.13769531250000e-01 3.76713037490845e-01
390 6.60156250000000e-01 4.35806274414062e-01
391 6.87988281250000e-01 4.73327875137329e-01
392 6.97753906250000e-01 4.86860513687134e-01
393 6.33300781250000e-01 4.01069879531860e-01
394 6.50390625000000e-01 4.23007965087891e-01
395 6.30371093750000e-01 3.97367715835571e-01
396 6.42089843750000e-01 4.12279367446899e-01
397 6.39160156250000e-01 4.08525705337524e-01
398 6.59179687500000e-01 4.34517860412598e-01
399 5.98144531250000e-01 3.57776880264282e-01
400 6.94335937500000e-01 4.82102394104004e-01
401 6.32812500000000e-01 4.00451660156250e-01
402 6.15234375000000e-01 3.78513336181641e-01
403 6.19140625000000e-01 3.83335113525391e-01
404 6.41113281250000e-01 4.11026239395142e-01
405 6.15722656250000e-01 3.79114389419556e-01
406 6.18164062500000e-01 3.82126808166504e-01
407 5.67382812500000e-01 3.21923255920410e-01
408 5.75683593750000e-01 3.31411600112915e-01
409 5.76660156250000e-01 3.32536935806274e-01
410 5.66894531250000e-01 3.21369409561157e-01
411 5.95214843750000e-01 3.54280710220337e-01
412 5.40039062500000e-01 2.91642189025879e-01
413 4.97558593750000e-01 2.47564554214478e-01
414 4.97070312500000e-01 2.47078895568848e-01
415 4.95605468750000e-01 2.45624780654907e-01
416 4.88281250000000e-01 2.38418579101562e-01
417 4.46289062500000e-01 1.99173927307129e-01
418 4.84375000000000e-01 2.34619140625000e-01
419 5.25878906250000e-01 2.76548624038696e-01
420 5.98144531250000e-01 3.57776880264282e-01
421 5.18066406250000e-01 2.68392801284790e-01
422 5.56152343750000e-01 3.09305429458618e-01
423 5.29296875000000e-01 2.80155181884766e-01
424 4.88769531250000e-01 2.38895654678345e-01
425 4.37988281250000e-01 1.91833734512329e-01
426 4.70703125000000e-01 2.21561431884766e-01
427 4.94628906250000e-01 2.44657754898071e-01
428 5.07324218750000e-01 2.57377862930298e-01
429 5.09277343750000e-01 2.59363412857056e-01
430 5.49316406250000e-01 3.01748514175415e-01
431 5.72753906250000e-01 3.28047037124634e-01
432 6.48925781250000e-01 4.21104669570923e-01
433 6.21582031250000e-01 3.86364221572876e-01
434 5.48339843750000e-01 3.00676584243774e-01
435 5.72753906250000e-01 3.28047037124634e-01
436 5.66894531250000e-01 3.21369409561157e-01
437 5.26855468750000e-01 2.77576684951782e-01
438 6.20605468750000e-01 3.85151147842407e-01
439 6.65527343750000e-01 4.42926645278931e-01
440 6.50878906250000e-01 4.23643350601196e-01
441 5.99121093750000e-01 3.58946084976196e-01
442 6.29394531250000e-01 3.96137475967407e-01
443 6.63085937500000e-01 4.39682960510254e-01
444 6.57714843750000e-01 4.32588815689087e-01
445 7.30957031250000e-01 5.34298181533813e-01
446 7.51464843750000e-01 5.64699411392212e-01
447 7.77832031250000e-01 6.05022668838501e-01
448 7.50976562500000e-01 5.63965797424316e-01
449 7.35351562500000e-01 5.40741920471191e-01
450 7.51464843750000e-01 5.64699411392212e-01
451 7.67089843750000e-01 5.88426828384399e-01
452 7.20703125000000e-01 5.19412994384766e-01
453 7.57812500000000e-01 5.74279785156250e-01
454 7.61230468750000e-01 5.79471826553345e-01
455 6.78710937500000e-01 4.60648536682129e-01
456 6.76757812500000e-01 4.58001136779785e-01
457 6.91894531250000e-01 4.78718042373657e-01
458 6.41113281250000e-01 4.11026239395142e-01
459 6.19140625000000e-01 3.83335113525391e-01
460 5.55175781250000e-01 3.08220148086548e-01
461 6.02539062500000e-01 3.63053321838379e-01
462 6.06445312500000e-01 3.67775917053223e-01
463 5.66894531250000e-01 3.21369409561157e-01
464 4.84863281250000e-01 2.35092401504517e-01
465 5.16113281250000e-01 2.66372919082642e-01
466 5.79589843750000e-01 3.35924386978149e-01
467 5.87890625000000e-01 3.45615386962891e-01
468 6.06933593750000e-01 3.68368387222290e-01
469 5.95703125000000e-01 3.54862213134766e-01
470 6.33789062500000e-01 4.01688575744629e-01
471 6.16699218750000e-01 3.80317926406860e-01
472 5.54687500000000e-01 3.07678222656250e-01
473 5.22949218750000e-01 2.73475885391235e-01
474 4.65332031250000e-01 2.16533899307251e-01
475 4.55566406250000e-01 2.07540750503540e-01
476 4.40429687500000e-01 1.93978309631348e-01
477 3.91601562500000e-01 1.53351783752441e-01
478 4.29199218750000e-01 1.84211969375610e-01
479 4.28710937500000e-01 1.83793067932129e-01
480 4.47753906250000e-01 2.00483560562134e-01
481 4.57519531250000e-01 2.09324121475220e-01
482 4.51171875000000e-01 2.03556060791016e-01
483 4.10644531250000e-01 1.68628931045532e-01
484 3.82812500000000e-01 1.46545410156250e-01
485 3.31054687500000e-01 1.09597206115723e-01
486 3.25683593750000e-01 1.06069803237915e-01
487 3.49121093750000e-01 1.21885538101196e-01
488 3.94531250000000e-01 1.55654907226562e-01
489 4.06250000000000e-01 1.65039062500000e-01
490 4.52148437500000e-01 2.04438209533691e-01
491 4.46777343750000e-01 1.99609994888306e-01
492 4.60937500000000e-01 2.12463378906250e-01
493 5.57128906250000e-01 3.10392618179321e-01
494 5.76660156250000e-01 3.32536935806274e-01
495 6.06445312500000e-01 3.67775917053223e-01
496 6.62109375000000e-01 4.38388824462891e-01
497 6.31347656250000e-01 3.98599863052368e-01
498 7.27539062500000e-01 5.29313087463379e-01
499 6.93359375000000e-01 4.80747222900391e-01
500 7.42675781250000e-01 5.51567316055298e-01
501 7.40234375000000e-01 5.47946929931641e-01
502 6.66992187500000e-01 4.44878578186035e-01
503 6.94335937500000e-01 4.82102394104004e-01
504 6.84570312500000e-01 4.68636512756348e-01
505 6.26953125000000e-01 3.93070220947266e-01
506 7.16796875000000e-01 5.13797760009766e-01
507 7.08984375000000e-01 5.02658843994141e-01
508 7.22167968750000e-01 5.21526575088501e-01
509 7.13867187500000e-01 5.09606361389160e-01
510 7.03125000000000e-01 4.94384765625000e-01
511 6.91894531250000e-01 4.78718042373657e-01
512 6.57714843750000e-01 4.32588815689087e-01
513 6.58691406250000e-01 4.33874368667603e-01
514 6.59667968750000e-01 4.35161828994751e-01
515 7.19238281250000e-01 5.17303705215454e-01
516 6.95312500000000e-01 4.83459472656250e-01
517 6.62109375000000e-01 4.38388824462891e-01
518 6.72851562500000e-01 4.52729225158691e-01
519 6.90429687500000e-01 4.76693153381348e-01
520 6.89453125000000e-01 4.75345611572266e-01
521 6.99707031250000e-01 4.89589929580688e-01
522 7.31445312500000e-01 5.35012245178223e-01
523 7.45117187500000e-01 5.55199623107910e-01
524 6.81640625000000e-01 4.64633941650391e-01
525 7.33886718750000e-01 5.38589715957642e-01
526 7.33886718750000e-01 5.38589715957642e-01
527 7.58789062500000e-01 5.75760841369629e-01
528 7.24121093750000e-01 5.24351358413696e-01
529 6.97265625000000e-01 4.86179351806641e-01
530 7.05566406250000e-01 4.97823953628540e-01
531 6.77734375000000e-01 4.59323883056641e-01
532 6.48437500000000e-01 4.20471191406250e-01
533 6.15234375000000e-01 3.78513336181641e-01
534 5.85937500000000e-01 3.43322753906250e-01
535 5.70312500000000e-01 3.25256347656250e-01
536 5.88378906250000e-01 3.46189737319946e-01
537 6.01562500000000e-01 3.61877441406250e-01
538 7.09472656250000e-01 5.03351449966431e-01
539 6.59179687500000e-01 4.34517860412598e-01
540 7.21679687500000e-01 5.20821571350098e-01
541 6.85058593750000e-01 4.69305276870728e-01
542 6.46484375000000e-01 4.17942047119141e-01
543 6.75292968750000e-01 4.56020593643188e-01
544 6.10351562500000e-01 3.72529029846191e-01
545 6.60156250000000e-01 4.35806274414062e-01
546 6.66503906250000e-01 4.44227457046509e-01
547 6.86523437500000e-01 4.71314430236816e-01
548 6.94824218750000e-01 4.82780694961548e-01
549 6.44042968750000e-01 4.14791345596313e-01
550 6.28906250000000e-01 3.95523071289062e-01
551 6.10351562500000e-01 3.72529029846191e-01
552 5.86914062500000e-01 3.44468116760254e-01
553 5.71777343750000e-01 3.26929330825806e-01
554 5.27832031250000e-01 2.78606653213501e-01
555 6.31347656250000e-01 3.98599863052368e-01
556 6.02050781250000e-01 3.62465143203735e-01
557 5.75195312500000e-01 3.30849647521973e-01
558 5.83984375000000e-01 3.41037750244141e-01
559 6.08886718750000e-01 3.70743036270142e-01
560 6.12792968750000e-01 3.75515222549438e-01
561 6.04492187500000e-01 3.65410804748535e-01
562 6.88476562500000e-01 4.73999977111816e-01
563 7.35839843750000e-01 5.41460275650024e-01
564 7.36816406250000e-01 5.42898416519165e-01
565 7.37792968750000e-01 5.44338464736938e-01
566 7.42187500000000e-01 5.50842285156250e-01
567 6.85058593750000e-01 4.69305276870728e-01
568 6.79199218750000e-01 4.61311578750610e-01
569 6.40625000000000e-01 4.10400390625000e-01
570 6.81152343750000e-01 4.63968515396118e-01
571 6.72851562500000e-01 4.52729225158691e-01
572 6.45019531250000e-01 4.16050195693970e-01
573 6.58691406250000e-01 4.33874368667603e-01
574 5.90820312500000e-01 3.49068641662598e-01
575 6.56250000000000e-01 4.30664062500000e-01
576 6.43554687500000e-01 4.14162635803223e-01
577 6.45507812500000e-01 4.16680335998535e-01
578 6.30859375000000e-01 3.97983551025391e-01
579 5.77148437500000e-01 3.33100318908691e-01
580 5.93261718750000e-01 3.51959466934204e-01
581 6.08398437500000e-01 3.70148658752441e-01
582 6.30371093750000e-01 3.97367715835571e-01
583 6.25000000000000e-01 3.90625000000000e-01
584 5.87890625000000e-01 3.45615386962891e-01
585 6.36718750000000e-01 4.05410766601562e-01
586 5.70312500000000e-01 3.25256347656250e-01
587 5.85937500000000e-01 3.43322753906250e-01
588 5.83007812500000e-01 3.39898109436035e-01
589 5.55175781250000e-01 3.08220148086548e-01
590 5.69824218750000e-01 3.24699640274048e-01
591 5.49804687500000e-01 3.02285194396973e-01
592 6.21582031250000e-01 3.86364221572876e-01
593 6.63574218750000e-01 4.40330743789673e-01
594 6.48437500000000e-01 4.20471191406250e-01
595 6.15722656250000e-01 3.79114389419556e-01
596 6.37207031250000e-01 4.06032800674438e-01
597 5.94726562500000e-01 3.53699684143066e-01
598 6.29394531250000e-01 3.96137475967407e-01
599 6.64062500000000e-01 4.40979003906250e-01
600 6.62109375000000e-01 4.38388824462891e-01
601 6.52832031250000e-01 4.26189661026001e-01
602 5.80078125000000e-01 3.36490631103516e-01
603 5.95703125000000e-01 3.54862213134766e-01
604 5.76171875000000e-01 3.31974029541016e-01
605 5.26855468750000e-01 2.77576684951782e-01
606 5.73242187500000e-01 3.28606605529785e-01
607 5.22949218750000e-01 2.73475885391235e-01
608 6.22558593750000e-01 3.87579202651978e-01
609 6.13769531250000e-01 3.76713037490845e-01
610 6.30371093750000e-01 3.97367715835571e-01
611 6.00097656250000e-01 3.60117197036743e-01
612 6.00585937500000e-01 3.60703468322754e-01
613 5.93261718750000e-01 3.51959466934204e-01
614 5.13183593750000e-01 2.63357400894165e-01
615 4.62890625000000e-01 2.14267730712891e-01
616 4.68750000000000e-01 2.19726562500000e-01
617 4.89257812500000e-01 2.39373207092285e-01
618 5.69824218750000e-01 3.24699640274048e-01
619 5.73730468750000e-01 3.29166650772095e-01
620 5.27832031250000e-01 2.78606653213501e-01
621 5.46386718750000e-01 2.98538446426392e-01
622 5.43945312500000e-01 2.95876502990723e-01
623 5.20996093750000e-01 2.71436929702759e-01
624 5.33691406250000e-01 2.84826517105103e-01
625 5.40039062500000e-01 2.91642189025879e-01
626 4.79492187500000e-01 2.29912757873535e-01
627 4.01855468750000e-01 1.61487817764282e-01
628 4.13574218750000e-01 1.71043634414673e-01
629 4.34570312500000e-01 1.88851356506348e-01
630 4.00878906250000e-01 1.60703897476196e-01
631 3.79882812500000e-01 1.44310951232910e-01
632 3.51562500000000e-01 1.23596191406250e-01
633 3.39843750000000e-01 1.15493774414062e-01
634 3.52539062500000e-01 1.24283790588379e-01
635 3.69140625000000e-01 1.36264801025391e-01
636 4.51660156250000e-01 2.03996896743774e-01
637 5.20019531250000e-01 2.70420312881470e-01
638 4.53125000000000e-01 2.05322265625000e-01
639 5.03417968750000e-01 2.53429651260376e-01
640 6.26953125000000e-01 3.93070220947266e-01
641 6.05957031250000e-01 3.67183923721313e-01
642 6.58691406250000e-01 4.33874368667603e-01
643 6.66992187500000e-01 4.44878578186035e-01
644 6.87011718750000e-01 4.71985101699829e-01
645 6.77246093750000e-01 4.58662271499634e-01
646 6.95312500000000e-01 4.83459472656250e-01
647 6.61132812500000e-01 4.37096595764160e-01
648 6.67480468750000e-01 4.45530176162720e-01
649 6.57714843750000e-01 4.32588815689087e-01
650 6.85058593750000e-01 4.69305276870728e-01
651 6.61132812500000e-01 4.37096595764160e-01
652 5.66894531250000e-01 3.21369409561157e-01
653 6.25000000000000e-01 3.90625000000000e-01
654 6.00097656250000e-01 3.60117197036743e-01
655 5.89843750000000e-01 3.47915649414062e-01
656 6.24023437500000e-01 3.89405250549316e-01
657 5.60546875000000e-01 3.14212799072266e-01
658 6.62109375000000e-01 4.38388824462891e-01
659 6.71386718750000e-01 4.50760126113892e-01
660 6.29882812500000e-01 3.96752357482910e-01
661 6.36230468750000e-01 4.04789209365845e-01
662 6.58691406250000e-01 4.33874368667603e-01
663 6.55273437500000e-01 4.29383277893066e-01
664 6.08398437500000e-01 3.70148658752441e-01
665 5.81054687500000e-01 3.37624549865723e-01
666 6.37207031250000e-01 4.06032800674438e-01
667 5.81054687500000e-01 3.37624549865723e-01
668 5.86914062500000e-01 3.44468116760254e-01
669 5.47363281250000e-01 2.99606561660767e-01
670 5.46386718750000e-01 2.98538446426392e-01
671 5.62011718750000e-01 3.15857172012329e-01
672 5.61035156250000e-01 3.14760446548462e-01
673 6.13769531250000e-01 3.76713037490845e-01
674 6.86523437500000e-01 4.71314430236816e-01
675 6.40136718750000e-01 4.09775018692017e-01
676 6.09863281250000e-01 3.71933221817017e-01
677 6.06445312500000e-01 3.67775917053223e-01
678 6.17675781250000e-01 3.81523370742798e-01
679 5.90332031250000e-01 3.48491907119751e-01
680 6.04003906250000e-01 3.64820718765259e-01
681 6.06933593750000e-01 3.68368387222290e-01
682 5.77148437500000e-01 3.33100318908691e-01
683 6.12304687500000e-01 3.74917030334473e-01
684 6.58691406250000e-01 4.33874368667603e-01
685 6.00585937500000e-01 3.60703468322754e-01
686 5.75683593750000e-01 3.31411600112915e-01
687 5.77148437500000e-01 3.33100318908691e-01
688 5.52246093750000e-01 3.04975748062134e-01
689 5.72265625000000e-01 3.27487945556641e-01
690 5.64453125000000e-01 3.18607330322266e-01
691 5.53222656250000e-01 3.06055307388306e-01
692 5.51269531250000e-01 3.03898096084595e-01
693 5.43457031250000e-01 2.95345544815063e-01
694 5.82031250000000e-01 3.38760375976562e-01
695 5.17089843750000e-01 2.67381906509399e-01
696 4.85839843750000e-01 2.36040353775024e-01
697 4.74121093750000e-01 2.24790811538696e-01
698 4.30664062500000e-01 1.85471534729004e-01
699 4.26269531250000e-01 1.81705713272095e-01
700 3.64257812500000e-01 1.32683753967285e-01
701 3.47167968750000e-01 1.20525598526001e-01
702 4.18945312500000e-01 1.75515174865723e-01
703 4.07226562500000e-01 1.65833473205566e-01
704 3.40332031250000e-01 1.15825891494751e-01
705 2.83203125000000e-01 8.02040100097656e-02
706 2.64648437500000e-01 7.00387954711914e-02
707 2.38769531250000e-01 5.70108890533447e-02
708 3.08593750000000e-01 9.52301025390625e-02
709 3.34960937500000e-01 1.12198829650879e-01
710 3.57421875000000e-01 1.27750396728516e-01
711 3.96972656250000e-01 1.57587289810181e-01
712 4.58007812500000e-01 2.09771156311035e-01
713 4.26757812500000e-01 1.82122230529785e-01
714 3.92089843750000e-01 1.53734445571899e-01
715 4.45800781250000e-01 1.98738336563110e-01
716 4.63867187500000e-01 2.15172767639160e-01
717 3.63281250000000e-01 1.31973266601562e-01
718 3.54003906250000e-01 1.25318765640259e-01
719 3.12500000000000e-01 9.76562500000000e-02
720 3.10058593750000e-01 9.61363315582275e-02
721 3.04199218750000e-01 9.25371646881104e-02
722 3.56933593750000e-01 1.27401590347290e-01
723 3.89160156250000e-01 1.51445627212524e-01
724 3.98437500000000e-01 1.58752441406250e-01
725 3.80859375000000e-01 1.45053863525391e-01
726 4.64843750000000e-01 2.16079711914062e-01
727 4.57519531250000e-01 2.09324121475220e-01
728 4.30175781250000e-01 1.85051202774048e-01
729 4.36035156250000e-01 1.90126657485962e-01
730 4.02343750000000e-01 1.61880493164062e-01
731 4.60937500000000e-01 2.12463378906250e-01
732 4.32128906250000e-01 1.86735391616821e-01
733 4.67773437500000e-01 2.18811988830566e-01
734 4.62890625000000e-01 2.14267730712891e-01
735 4.20898437500000e-01 1.77155494689941e-01
736 4.42382812500000e-01 1.95702552795410e-01
737 4.18945312500000e-01 1.75515174865723e-01
738 4.12109375000000e-01 1.69834136962891e-01
739 4.43359375000000e-01 1.96567535400391e-01
740 4.29687500000000e-01 1.84631347656250e-01
741 4.47753906250000e-01 2.00483560562134e-01
742 4.29199218750000e-01 1.84211969375610e-01
743 4.00878906250000e-01 1.60703897476196e-01
744 4.25292968750000e-01 1.80874109268188e-01
745 3.97460937500000e-01 1.57975196838379e-01
746 4.12109375000000e-01 1.69834136962891e-01
747 4.19921875000000e-01 1.76334381103516e-01
748 3.72070312500000e-01 1.38436317443848e-01
749 3.24218750000000e-01 1.05117797851562e-01
750 3.22265625000000e-01 1.03855133056641e-01
751 3.96484375000000e-01 1.57199859619141e-01
752 3.85742187500000e-01 1.48797035217285e-01
753 4.62402343750000e-01 2.13815927505493e-01
754 5.37109375000000e-01 2.88486480712891e-01
755 5.71289062500000e-01 3.26371192932129e-01
756 5.58105468750000e-01 3.11481714248657e-01
757 5.61035156250000e-01 3.14760446548462e-01
758 6.09863281250000e-01 3.71933221817017e-01
759 5.79101562500000e-01 3.35358619689941e-01
760 5.94726562500000e-01 3.53699684143066e-01
761 5.88378906250000e-01 3.46189737319946e-01
762 6.32324218750000e-01 3.99833917617798e-01
763 6.24511718750000e-01 3.90014886856079e-01
764 6.38183593750000e-01 4.07278299331665e-01
765 6.00097656250000e-01 3.60117197036743e-01
766 6.50390625000000e-01 4.23007965087891e-01
767 6.49414062500000e-01 4.21738624572754e-01
768 6.27441406250000e-01 3.93682718276978e-01
769 6.40136718750000e-01 4.09775018692017e-01
770 6.06933593750000e-01 3.68368387222290e-01
771 6.07421875000000e-01 3.68961334228516e-01
772 6.79687500000000e-01 4.61975097656250e-01
773 6.95800781250000e-01 4.84138727188110e-01
774 6.56250000000000e-01 4.30664062500000e-01
775 6.70410156250000e-01 4.49449777603149e-01
776 6.89941406250000e-01 4.76019144058228e-01
777 7.17773437500000e-01 5.15198707580566e-01
778 6.97265625000000e-01 4.86179351806641e-01
779 6.92871093750000e-01 4.80070352554321e-01
780 6.81640625000000e-01 4.64633941650391e-01
781 7.47070312500000e-01 5.58114051818848e-01
782 7.06054687500000e-01 4.98513221740723e-01
783 6.98242187500000e-01 4.87542152404785e-01
784 7.04589843750000e-01 4.96446847915649e-01
785 6.35742187500000e-01 4.04168128967285e-01
786 6.13769531250000e-01 3.76713037490845e-01
787 6.14257812500000e-01 3.77312660217285e-01
788 6.04492187500000e-01 3.65410804748535e-01
789 5.97656250000000e-01 3.57192993164062e-01
790 5.96191406250000e-01 3.55444192886353e-01
791 5.96191406250000e-01 3.55444192886353e-01
792 5.89843750000000e-01 3.47915649414062e-01
793 6.07910156250000e-01 3.69554758071899e-01
794 6.29882812500000e-01 3.96752357482910e-01
795 5.70312500000000e-01 3.25256347656250e-01
796 5.30761718750000e-01 2.81708002090454e-01
797 5.11718750000000e-01 2.61856079101562e-01
798 4.66308593750000e-01 2.17443704605103e-01
799 4.92187500000000e-01 2.42248535156250e-01
800 4.55078125000000e-01 2.07096099853516e-01
801 4.36523437500000e-01 1.90552711486816e-01
802 3.79882812500000e-01 1.44310951232910e-01
803 4.19433593750000e-01 1.75924539566040e-01
804 4.96093750000000e-01 2.46109008789062e-01
805 3.99902343750000e-01 1.59921884536743e-01
806 3.95507812500000e-01 1.56426429748535e-01
807 3.72070312500000e-01 1.38436317443848e-01
808 3.92089843750000e-01 1.53734445571899e-01
809 4.01855468750000e-01 1.61487817764282e-01
810 3.77929687500000e-01 1.42830848693848e-01
811 4.05273437500000e-01 1.64246559143066e-01
812 4.38964843750000e-01 1.92690134048462e-01
813 4.60937500000000e-01 2.12463378906250e-01
814 4.92675781250000e-01 2.42729425430298e-01
815 5.01464843750000e-01 2.51466989517212e-01
816 4.78515625000000e-01 2.28977203369141e-01
817 4.72167968750000e-01 2.22942590713501e-01
818 4.34082031250000e-01 1.88427209854126e-01
819 3.90625000000000e-01 1.52587890625000e-01
820 3.81347656250000e-01 1.45426034927368e-01
821 3.47167968750000e-01 1.20525598526001e-01
822 4.39453125000000e-01 1.93119049072266e-01
823 3.51074218750000e-01 1.23253107070923e-01
824 3.03710937500000e-01 9.22403335571289e-02
825 2.98339843750000e-01 8.90066623687744e-02
826 2.74902343750000e-01 7.55712985992432e-02
827 2.82714843750000e-01 7.99276828765869e-02
828 2.60253906250000e-01 6.77320957183838e-02
829 2.63183593750000e-01 6.92656040191650e-02
830 2.76855468750000e-01 7.66489505767822e-02
831 2.58300781250000e-01 6.67192935943604e-02
832 1.94335937500000e-01 3.77664566040039e-02
833 2.27050781250000e-01 5.15520572662354e-02
834 1.98730468750000e-01 3.94937992095947e-02
835 1.48437500000000e-01 2.20336914062500e-02
836 1.09375000000000e-01 1.19628906250000e-02
837 1.16699218750000e-01 1.36187076568604e-02
838 5.95703125000000e-02 3.54862213134766e-03
839 2.29492187500000e-02 5.26666641235352e-04
840 8.98437500000000e-02 8.07189941406250e-03
841 7.76367187500000e-02 6.02746009826660e-03
842 5.95703125000000e-02 3.54862213134766e-03
843 4.88281250000000e-03 2.38418579101562e-05
844 3.95507812500000e-02 1.56426429748535e-03
845 3.90625000000000e-03 1.52587890625000e-05
846 3.22265625000000e-02 1.03855133056641e-03
847 1.83593750000000e-01 3.37066650390625e-02
848 1.91894531250000e-01 3.68235111236572e-02
849 1.86035156250000e-01 3.46090793609619e-02
850 2.03125000000000e-01 4.12597656250000e-02
851 1.59667968750000e-01 2.54938602447510e-02
852 2.09960937500000e-01 4.40835952758789e-02
853 1.81152343750000e-01 3.28161716461182e-02
854 1.37207031250000e-01 1.88257694244385e-02
855 1.15234375000000e-01 1.32789611816406e-02
856 1.24511718750000e-01 1.55031681060791e-02
857 1.41113281250000e-01 1.99129581451416e-02
858 4.00390625000000e-02 1.60312652587891e-03
859 3.41796875000000e-02 1.16825103759766e-03
860 1.12304687500000e-02 1.26123428344727e-04
861 1.61132812500000e-02 2.59637832641602e-04
862 4.39453125000000e-03 1.93119049072266e-05
863 5.17578125000000e-02 2.67887115478516e-03
864 8.34960937500000e-02 6.97159767150879e-03
865 8.34960937500000e-02 6.97159767150879e-03
866 6.25000000000000e-02 3.90625000000000e-03
867 3.51562500000000e-02 1.23596191406250e-03
868 7.71484375000000e-02 5.95188140869141e-03
869 1.06445312500000e-01 1.13306045532227e-02
870 1.33300781250000e-01 1.77690982818604e-02
871 1.52343750000000e-01 2.32086181640625e-02
872 2.30468750000000e-01 5.31158447265625e-02
873 2.05566406250000e-01 4.22575473785400e-02
874 2.22656250000000e-01 4.95758056640625e-02
875 1.27929687500000e-01 1.63660049438477e-02
876 8.44726562500000e-02 7.13562965393066e-03
877 2.13867187500000e-01 4.57391738891602e-02
878 2.26074218750000e-01 5.11095523834229e-02
879 1.57714843750000e-01 2.48739719390869e-02
880 9.66796875000000e-02 9.34696197509766e-03
881 1.39160156250000e-01 1.93655490875244e-02
882 1.67968750000000e-01 2.82135009765625e-02
883 1.85058593750000e-01 3.42466831207275e-02
884 1.72851562500000e-01 2.98776626586914e-02
885 1.78222656250000e-01 3.17633152008057e-02
886 1.93359375000000e-01 3.73878479003906e-02
887 1.69433593750000e-01 2.87077426910400e-02
888 1.68457031250000e-01 2.83777713775635e-02
889 1.88476562500000e-01 3.55234146118164e-02
890 1.58203125000000e-01 2.50282287597656e-02
891 1.07421875000000e-01 1.15394592285156e-02
892 7.22656250000000e-02 5.22232055664062e-03
893 7.81250000000000e-02 6.10351562500000e-03
894 1.40625000000000e-01 1.97753906250000e-02
895 1.70898437500000e-01 2.92062759399414e-02
896 1.38183593750000e-01 1.90947055816650e-02
897 1.50390625000000e-01 2.26173400878906e-02
898 1.42089843750000e-01 2.01895236968994e-02
899 9.71679687500000e-02 9.44161415100098e-03
900 1.47949218750000e-01 2.18889713287354e-02
901 1.90917968750000e-01 3.64496707916260e-02
902 2.12402343750000e-01 4.51147556304932e-02
903 2.03613281250000e-01 4.14583683013916e-02
904 2.14843750000000e-01 4.61578369140625e-02
905 1.90917968750000e-01 3.64496707916260e-02
906 1.00585937500000e-01 1.01175308227539e-02
907 5.02929687500000e-02 2.52938270568848e-03
908 9.37500000000000e-02 8.78906250000000e-03
909 9.91210937500000e-02 9.82499122619629e-03
910 1.33789062500000e-01 1.78995132446289e-02
911 6.44531250000000e-02 4.15420532226562e-03
912 1.11816406250000e-01 1.25029087066650e-02
913 1.47460937500000e-01 2.17447280883789e-02
914 1.48437500000000e-01 2.20336914062500e-02
915 1.35253906250000e-01 1.82936191558838e-02
916 1.24023437500000e-01 1.53818130493164e-02
917 8.30078125000000e-02 6.89029693603516e-03
918 1.00097656250000e-01 1.00195407867432e-02
919 1.06933593750000e-01 1.14347934722900e-02
920 1.72363281250000e-01 2.97091007232666e-02
921 1.93847656250000e-01 3.75769138336182e-02
922 2.17285156250000e-01 4.72128391265869e-02
923 1.69433593750000e-01 2.87077426910400e-02
924 1.57226562500000e-01 2.47201919555664e-02
925 1.20605468750000e-01 1.45456790924072e-02
926 1.01562500000000e-01 1.03149414062500e-02
927 1.41113281250000e-01 1.99129581451416e-02
928 2.00195312500000e-01 4.00781631469727e-02
929 2.24121093750000e-01 5.02302646636963e-02
930 2.38769531250000e-01 5.70108890533447e-02
931 2.16796875000000e-01 4.70008850097656e-02
932 1.62597656250000e-01 2.64379978179932e-02
933 2.06054687500000e-01 4.24585342407227e-02
934 1.68457031250000e-01 2.83777713775635e-02
935 1.49414062500000e-01 2.23245620727539e-02
936 1.69921875000000e-01 2.88734436035156e-02
937 1.84570312500000e-01 3.40662002563477e-02
938 2.08007812500000e-01 4.32672500610352e-02
939 2.21679687500000e-01 4.91418838500977e-02
940 1.79687500000000e-01 3.22875976562500e-02
941 1.38671875000000e-01 1.92298889160156e-02
942 1.65039062500000e-01 2.72378921508789e-02
943 1.12792968750000e-01 1.27222537994385e-02
944 1.04003906250000e-01 1.08168125152588e-02
945 8.69140625000000e-02 7.55405426025391e-03
946 4.15039062500000e-02 1.72257423400879e-03
947 9.96093750000000e-02 9.92202758789062e-03
948 9.17968750000000e-02 8.42666625976562e-03
949 9.81445312500000e-02 9.63234901428223e-03
950 1.07910156250000e-01 1.16446018218994e-02
951 1.06933593750000e-01 1.14347934722900e-02
952 7.86132812500000e-02 6.18004798889160e-03
953 1.61132812500000e-02 2.59637832641602e-04
954 8.78906250000000e-03 7.72476196289062e-05
955 1.41601562500000e-02 2.00510025024414e-04
956 1.17187500000000e-02 1.37329101562500e-04
957 6.49414062500000e-02 4.21738624572754e-03
958 1.35253906250000e-01 1.82936191558838e-02
959 1.46972656250000e-01 2.16009616851807e-02
960 1.42089843750000e-01 2.01895236968994e-02
961 1.13769531250000e-01 1.29435062408447e-02
962 1.39648437500000e-01 1.95016860961914e-02
963 1.49414062500000e-01 2.23245620727539e-02
964 2.14355468750000e-01 4.59482669830322e-02
965 2.59765625000000e-01 6.74781799316406e-02
966 3.23242187500000e-01 1.04485511779785e-01
967 3.69628906250000e-01 1.36625528335571e-01
968 4.05273437500000e-01 1.64246559143066e-01
969 3.71582031250000e-01 1.38073205947876e-01
970 3.41308593750000e-01 1.16491556167603e-01
971 3.20312500000000e-01 1.02600097656250e-01
972 3.73535156250000e-01 1.39528512954712e-01
973 3.58886718750000e-01 1.28799676895142e-01
974 2.63183593750000e-01 6.92656040191650e-02
975 3.28613281250000e-01 1.07986688613892e-01
976 3.23730468750000e-01 1.04801416397095e-01
977 3.84277343750000e-01 1.47669076919556e-01
978 3.63281250000000e-01 1.31973266601562e-01
979 3.05664062500000e-01 9.34305191040039e-02
980 3.08105468750000e-01 9.49289798736572e-02
981 3.23730468750000e-01 1.04801416397095e-01
982 3.50585937500000e-01 1.22910499572754e-01
983 3.59375000000000e-01 1.29150390625000e-01
984 4.31640625000000e-01 1.86313629150391e-01
985 4.19921875000000e-01 1.76334381103516e-01
986 4.31640625000000e-01 1.86313629150391e-01
987 3.95019531250000e-01 1.56040430068970e-01
988 4.11621093750000e-01 1.69431924819946e-01
989 3.33007812500000e-01 1.10894203186035e-01
990 3.59863281250000e-01 1.29501581192017e-01
991 3.96484375000000e-01 1.57199859619141e-01
992 3.74023437500000e-01 1.39893531799316e-01
993 3.82324218750000e-01 1.46171808242798e-01
994 3.66210937500000e-01 1.34110450744629e-01
995 3.39843750000000e-01 1.15493774414062e-01
996 3.07617187500000e-01 9.46283340454102e-02
997 2.29980468750000e-01 5.28910160064697e-02
998 1.42578125000000e-01 2.03285217285156e-02
999 1.30859375000000e-01 1.71241760253906e-02
