0 5.37109375000000e-01 2.88486480712891e-01
1 5.80078125000000e-01 3.36490631103516e-01
2 6.23046875000000e-01 3.88187408447266e-01
3 5.97656250000000e-01 3.57192993164062e-01
4 6.05468750000000e-01 3.66592407226562e-01
5 5.67382812500000e-01 3.21923255920410e-01
6 5.78125000000000e-01 3.34228515625000e-01
7 6.11328125000000e-01 3.73722076416016e-01
8 6.31347656250000e-01 3.98599863052368e-01
9 6.37207031250000e-01 4.06032800674438e-01
10 6.62597656250000e-01 4.39035654067993e-01
11 7.19726562500000e-01 5.18006324768066e-01
12 6.72851562500000e-01 4.52729225158691e-01
13 6.91406250000000e-01 4.78042602539062e-01
14 7.07519531250000e-01 5.00583887100220e-01
15 6.55761718750000e-01 4.30023431777954e-01
16 7.30468750000000e-01 5.33584594726562e-01
17 7.23632812500000e-01 5.23644447326660e-01
18 7.18261718750000e-01 5.15899896621704e-01
19 6.85546875000000e-01 4.69974517822266e-01
20 6.85546875000000e-01 4.69974517822266e-01
21 7.16308593750000e-01 5.13098001480103e-01
22 7.43652343750000e-01 5.53018808364868e-01
23 6.91894531250000e-01 4.78718042373657e-01
24 6.79687500000000e-01 4.61975097656250e-01
25 6.95800781250000e-01 4.84138727188110e-01
26 7.05566406250000e-01 4.97823953628540e-01
27 6.80175781250000e-01 4.62639093399048e-01
28 6.61621093750000e-01 4.37742471694946e-01
29 6.92382812500000e-01 4.79393959045410e-01
30 6.79687500000000e-01 4.61975097656250e-01
31 6.99218750000000e-01 4.88906860351562e-01
32 7.32421875000000e-01 5.36441802978516e-01
33 6.64550781250000e-01 4.41627740859985e-01
34 6.61132812500000e-01 4.37096595764160e-01
35 6.76757812500000e-01 4.58001136779785e-01
36 6.92871093750000e-01 4.80070352554321e-01
37 6.97265625000000e-01 4.86179351806641e-01
38 7.08496093750000e-01 5.01966714859009e-01
39 6.81152343750000e-01 4.63968515396118e-01
40 7.11425781250000e-01 5.06126642227173e-01
41 7.17285156250000e-01 5.14497995376587e-01
42 7.15332031250000e-01 5.11699914932251e-01
43 7.10449218750000e-01 5.04738092422485e-01
44 6.95312500000000e-01 4.83459472656250e-01
45 6.95312500000000e-01 4.83459472656250e-01
46 6.80175781250000e-01 4.62639093399048e-01
47 6.38671875000000e-01 4.07901763916016e-01
48 6.45507812500000e-01 4.16680335998535e-01
49 6.74316406250000e-01 4.54702615737915e-01
50 6.04003906250000e-01 3.64820718765259e-01
51 6.42578125000000e-01 4.12906646728516e-01
52 6.05957031250000e-01 3.67183923721313e-01
53 6.32324218750000e-01 3.99833917617798e-01
54 6.60644531250000e-01 4.36451196670532e-01
55 6.43554687500000e-01 4.14162635803223e-01
56 6.43066406250000e-01 4.13534402847290e-01
57 7.12402343750000e-01 5.07517099380493e-01
58 7.39746093750000e-01 5.47224283218384e-01
59 7.24121093750000e-01 5.24351358413696e-01
60 7.31933593750000e-01 5.35726785659790e-01
61 6.80664062500000e-01 4.63303565979004e-01
62 6.74804687500000e-01 4.55361366271973e-01
63 5.92285156250000e-01 3.50801706314087e-01
64 5.57128906250000e-01 3.10392618179321e-01
65 5.77636718750000e-01 3.33664178848267e-01
66 5.86914062500000e-01 3.44468116760254e-01
67 6.13281250000000e-01 3.76113891601562e-01
68 6.30371093750000e-01 3.97367715835571e-01
69 6.07421875000000e-01 3.68961334228516e-01
70 6.05468750000000e-01 3.66592407226562e-01
71 5.04394531250000e-01 2.54413843154907e-01
72 4.76562500000000e-01 2.27111816406250e-01
73 4.78515625000000e-01 2.28977203369141e-01
74 4.27734375000000e-01 1.82956695556641e-01
75 4.39941406250000e-01 1.93548440933228e-01
76 3.62792968750000e-01 1.31618738174438e-01
77 3.77929687500000e-01 1.42830848693848e-01
78 3.95507812500000e-01 1.56426429748535e-01
79 4.08203125000000e-01 1.66629791259766e-01
80 4.26269531250000e-01 1.81705713272095e-01
81 4.24804687500000e-01 1.80459022521973e-01
82 4.80468750000000e-01 2.30850219726562e-01
83 4.07226562500000e-01 1.65833473205566e-01
84 3.97949218750000e-01 1.58363580703735e-01
85 3.37890625000000e-01 1.14170074462891e-01
86 3.59863281250000e-01 1.29501581192017e-01
87 3.86230468750000e-01 1.49173974990845e-01
88 3.97949218750000e-01 1.58363580703735e-01
89 4.10644531250000e-01 1.68628931045532e-01
90 3.82812500000000e-01 1.46545410156250e-01
91 4.01855468750000e-01 1.61487817764282e-01
92 3.30566406250000e-01 1.09274148941040e-01
93 2.77343750000000e-01 7.69195556640625e-02
94 3.26171875000000e-01 1.06388092041016e-01
95 3.09082031250000e-01 9.55317020416260e-02
96 3.08105468750000e-01 9.49289798736572e-02
97 1.91406250000000e-01 3.66363525390625e-02
98 1.83105468750000e-01 3.35276126861572e-02
99 1.94335937500000e-01 3.77664566040039e-02
100 2.13867187500000e-01 4.57391738891602e-02
101 2.72949218750000e-01 7.45012760162354e-02
102 2.93457031250000e-01 8.61170291900635e-02
103 3.34960937500000e-01 1.12198829650879e-01
104 4.36523437500000e-01 1.90552711486816e-01
105 4.21386718750000e-01 1.77566766738892e-01
106 4.75585937500000e-01 2.26181983947754e-01
107 4.19433593750000e-01 1.75924539566040e-01
108 3.99414062500000e-01 1.59531593322754e-01
109 4.09179687500000e-01 1.67428016662598e-01
110 4.39453125000000e-01 1.93119049072266e-01
111 4.58984375000000e-01 2.10666656494141e-01
112 4.22851562500000e-01 1.78803443908691e-01
113 3.85742187500000e-01 1.48797035217285e-01
114 3.36425781250000e-01 1.13182306289673e-01
115 3.30566406250000e-01 1.09274148941040e-01
116 3.10058593750000e-01 9.61363315582275e-02
117 2.84179687500000e-01 8.07580947875977e-02
118 3.63769531250000e-01 1.32328271865845e-01
119 3.63281250000000e-01 1.31973266601562e-01
120 3.94531250000000e-01 1.55654907226562e-01
121 3.48632812500000e-01 1.21544837951660e-01
122 3.47656250000000e-01 1.20864868164062e-01
123 3.18359375000000e-01 1.01352691650391e-01
124 3.49609375000000e-01 1.22226715087891e-01
125 2.82226562500000e-01 7.96518325805664e-02
126 3.72070312500000e-01 1.38436317443848e-01
127 3.14453125000000e-01 9.88807678222656e-02
128 3.13476562500000e-01 9.82675552368164e-02
129 3.20800781250000e-01 1.02913141250610e-01
130 3.07617187500000e-01 9.46283340454102e-02
131 3.78906250000000e-01 1.43569946289062e-01
132 3.34472656250000e-01 1.11871957778931e-01
133 2.54882812500000e-01 6.49652481079102e-02
134 2.89062500000000e-01 8.35571289062500e-02
135 2.30468750000000e-01 5.31158447265625e-02
136 2.08007812500000e-01 4.32672500610352e-02
137 1.36718750000000e-01 1.86920166015625e-02
138 9.66796875000000e-02 9.34696197509766e-03
139 8.69140625000000e-02 7.55405426025391e-03
140 1.71386718750000e-01 2.93734073638916e-02
141 2.04589843750000e-01 4.18570041656494e-02
142 1.50878906250000e-01 2.27644443511963e-02
143 1.85058593750000e-01 3.42466831207275e-02
144 2.15820312500000e-01 4.65784072875977e-02
145 2.41699218750000e-01 5.84185123443604e-02
146 2.25097656250000e-01 5.06689548492432e-02
147 2.08007812500000e-01 4.32672500610352e-02
148 2.42675781250000e-01 5.88915348052979e-02
149 2.37304687500000e-01 5.63135147094727e-02
150 3.72558593750000e-01 1.38799905776978e-01
151 3.89648437500000e-01 1.51825904846191e-01
152 3.93554687500000e-01 1.54885292053223e-01
153 4.41894531250000e-01 1.95270776748657e-01
154 4.19921875000000e-01 1.76334381103516e-01
155 4.17480468750000e-01 1.74289941787720e-01
156 4.24804687500000e-01 1.80459022521973e-01
157 3.70117187500000e-01 1.36986732482910e-01
158 3.91601562500000e-01 1.53351783752441e-01
159 3.21289062500000e-01 1.03226661682129e-01
160 3.23730468750000e-01 1.04801416397095e-01
161 2.99804687500000e-01 8.98828506469727e-02
162 2.57812500000000e-01 6.64672851562500e-02
163 3.15429687500000e-01 9.94958877563477e-02
164 3.93554687500000e-01 1.54885292053223e-01
165 4.58007812500000e-01 2.09771156311035e-01
166 4.30664062500000e-01 1.85471534729004e-01
167 4.28222656250000e-01 1.83374643325806e-01
168 3.98437500000000e-01 1.58752441406250e-01
169 3.28125000000000e-01 1.07666015625000e-01
170 2.66113281250000e-01 7.08162784576416e-02
171 2.29003906250000e-01 5.24427890777588e-02
172 2.56835937500000e-01 6.59646987915039e-02
173 3.16894531250000e-01 1.00422143936157e-01
174 2.83691406250000e-01 8.04808139801025e-02
175 2.70019531250000e-01 7.29105472564697e-02
176 2.58789062500000e-01 6.69717788696289e-02
177 3.25683593750000e-01 1.06069803237915e-01
178 2.74414062500000e-01 7.53030776977539e-02
179 1.87011718750000e-01 3.49733829498291e-02
180 2.65136718750000e-01 7.02974796295166e-02
181 2.42187500000000e-01 5.86547851562500e-02
182 2.02148437500000e-01 4.08639907836914e-02
183 1.75781250000000e-01 3.08990478515625e-02
184 2.81250000000000e-01 7.91015625000000e-02
185 2.39257812500000e-01 5.72443008422852e-02
186 2.75878906250000e-01 7.61091709136963e-02
187 2.32910156250000e-01 5.42471408843994e-02
188 2.28027343750000e-01 5.19964694976807e-02
189 2.70996093750000e-01 7.34388828277588e-02
190 2.30957031250000e-01 5.33411502838135e-02
191 2.36328125000000e-01 5.58509826660156e-02
192 2.23632812500000e-01 5.00116348266602e-02
193 2.14355468750000e-01 4.59482669830322e-02
194 2.54882812500000e-01 6.49652481079102e-02
195 2.68554687500000e-01 7.21216201782227e-02
196 2.35351562500000e-01 5.53903579711914e-02
197 2.29492187500000e-01 5.26666641235352e-02
198 1.77246093750000e-01 3.14161777496338e-02
199 4.19921875000000e-02 1.76334381103516e-03
200 4.24804687500000e-02 1.80459022521973e-03
201 3.90625000000000e-02 1.52587890625000e-03
202 9.76562500000000e-03 9.53674316406250e-05
203 7.66601562500000e-02 5.87677955627441e-03
204 1.48437500000000e-01 2.20336914062500e-02
205 1.62597656250000e-01 2.64379978179932e-02
206 1.72363281250000e-01 2.97091007232666e-02
207 1.53808593750000e-01 2.36570835113525e-02
208 2.02148437500000e-01 4.08639907836914e-02
209 2.08984375000000e-01 4.36744689941406e-02
210 2.14355468750000e-01 4.59482669830322e-02
211 2.95410156250000e-01 8.72671604156494e-02
212 3.32519531250000e-01 1.10569238662720e-01
213 2.51464843750000e-01 6.32345676422119e-02
214 2.31933593750000e-01 5.37931919097900e-02
215 2.25097656250000e-01 5.06689548492432e-02
216 2.41210937500000e-01 5.81827163696289e-02
217 2.41699218750000e-01 5.84185123443604e-02
218 2.79296875000000e-01 7.80067443847656e-02
219 2.22167968750000e-01 4.93586063385010e-02
220 2.35839843750000e-01 5.56204319000244e-02
221 2.35839843750000e-01 5.56204319000244e-02
222 2.65625000000000e-01 7.05566406250000e-02
223 2.51953125000000e-01 6.34803771972656e-02
224 2.81738281250000e-01 7.93764591217041e-02
225 2.38281250000000e-01 5.67779541015625e-02
226 2.11914062500000e-01 4.49075698852539e-02
227 2.03125000000000e-01 4.12597656250000e-02
228 2.57812500000000e-01 6.64672851562500e-02
229 2.13867187500000e-01 4.57391738891602e-02
230 2.31445312500000e-01 5.35669326782227e-02
231 2.57324218750000e-01 6.62157535552979e-02
232 2.27539062500000e-01 5.17740249633789e-02
233 2.61230468750000e-01 6.82413578033447e-02
234 3.21777343750000e-01 1.03540658950806e-01
235 2.58789062500000e-01 6.69717788696289e-02
236 3.57421875000000e-01 1.27750396728516e-01
237 3.68652343750000e-01 1.35904550552368e-01
238 3.80371093750000e-01 1.44682168960571e-01
239 3.31542968750000e-01 1.09920740127563e-01
240 3.60351562500000e-01 1.29853248596191e-01
241 3.19335937500000e-01 1.01975440979004e-01
242 3.08593750000000e-01 9.52301025390625e-02
243 2.36816406250000e-01 5.60820102691650e-02
244 2.29980468750000e-01 5.28910160064697e-02
245 2.15820312500000e-01 4.65784072875977e-02
246 1.57714843750000e-01 2.48739719390869e-02
247 1.66015625000000e-01 2.75611877441406e-02
248 1.85546875000000e-01 3.44276428222656e-02
249 1.71875000000000e-01 2.95410156250000e-02
250 1.97265625000000e-01 3.89137268066406e-02
251 2.00683593750000e-01 4.02739048004150e-02
252 1.73828125000000e-01 3.02162170410156e-02
253 2.06542968750000e-01 4.26599979400635e-02
254 2.74902343750000e-01 7.55712985992432e-02
255 3.51562500000000e-01 1.23596191406250e-01
256 3.43261718750000e-01 1.17828607559204e-01
257 3.01757812500000e-01 9.10577774047852e-02
258 2.75878906250000e-01 7.61091709136963e-02
259 3.08593750000000e-01 9.52301025390625e-02
260 3.39355468750000e-01 1.15162134170532e-01
261 3.77441406250000e-01 1.42462015151978e-01
262 4.10156250000000e-01 1.68228149414062e-01
263 4.31152343750000e-01 1.85892343521118e-01
264 3.74023437500000e-01 1.39893531799316e-01
265 3.48144531250000e-01 1.21204614639282e-01
266 2.67089843750000e-01 7.13369846343994e-02
267 2.20214843750000e-01 4.84945774078369e-02
268 1.84082031250000e-01 3.38861942291260e-02
269 1.59179687500000e-01 2.53381729125977e-02
270 9.42382812500000e-02 8.88085365295410e-03
271 1.04980468750000e-01 1.10208988189697e-02
272 1.71875000000000e-01 2.95410156250000e-02
273 1.84082031250000e-01 3.38861942291260e-02
274 1.19140625000000e-01 1.41944885253906e-02
275 7.91015625000000e-02 6.25705718994141e-03
276 9.17968750000000e-02 8.42666625976562e-03
277 1.03515625000000e-01 1.07154846191406e-02
278 5.90820312500000e-02 3.49068641662598e-03
279 7.51953125000000e-02 5.65433502197266e-03
280 3.07617187500000e-02 9.46283340454102e-04
281 9.03320312500000e-02 8.15987586975098e-03
282 1.22558593750000e-01 1.50206089019775e-02
283 1.17187500000000e-01 1.37329101562500e-02
284 4.00390625000000e-02 1.60312652587891e-03
285 1.39648437500000e-01 1.95016860961914e-02
286 2.01660156250000e-01 4.06668186187744e-02
287 1.89941406250000e-01 3.60777378082275e-02
288 1.47949218750000e-01 2.18889713287354e-02
289 1.77734375000000e-01 3.15895080566406e-02
290 1.78710937500000e-01 3.19375991821289e-02
291 1.72851562500000e-01 2.98776626586914e-02
292 1.46484375000000e-01 2.14576721191406e-02
293 1.74804687500000e-01 3.05566787719727e-02
294 1.37207031250000e-01 1.88257694244385e-02
295 1.07421875000000e-01 1.15394592285156e-02
296 1.24511718750000e-01 1.55031681060791e-02
297 4.34570312500000e-02 1.88851356506348e-03
298 9.32617187500000e-02 8.69774818420410e-03
299 1.00097656250000e-01 1.00195407867432e-02
300 1.30371093750000e-01 1.69966220855713e-02
301 2.06054687500000e-01 4.24585342407227e-02
302 2.86132812500000e-01 8.18719863891602e-02
303 2.15332031250000e-01 4.63678836822510e-02
304 2.15332031250000e-01 4.63678836822510e-02
305 2.10449218750000e-01 4.42888736724854e-02
306 1.92871093750000e-01 3.71992588043213e-02
307 1.88964843750000e-01 3.57077121734619e-02
308 1.87988281250000e-01 3.53395938873291e-02
309 1.32324218750000e-01 1.75096988677979e-02
310 1.32324218750000e-01 1.75096988677979e-02
311 1.81152343750000e-01 3.28161716461182e-02
312 1.52343750000000e-01 2.32086181640625e-02
313 1.12792968750000e-01 1.27222537994385e-02
314 1.04003906250000e-01 1.08168125152588e-02
315 2.19726562500000e-02 4.82797622680664e-04
316 6.34765625000000e-03 4.02927398681641e-05
317 1.95312500000000e-02 3.81469726562500e-04
318 6.34765625000000e-03 4.02927398681641e-05
319 6.39648437500000e-02 4.09150123596191e-03
320 6.64062500000000e-02 4.40979003906250e-03
321 8.78906250000000e-02 7.72476196289062e-03
322 1.23046875000000e-01 1.51405334472656e-02
323 7.47070312500000e-02 5.58114051818848e-03
324 1.09375000000000e-01 1.19628906250000e-02
325 5.02929687500000e-02 2.52938270568848e-03
326 6.98242187500000e-02 4.87542152404785e-03
327 7.56835937500000e-02 5.72800636291504e-03
328 9.81445312500000e-02 9.63234901428223e-03
329 9.03320312500000e-02 8.15987586975098e-03
330 5.51757812500000e-02 3.04436683654785e-03
331 8.00781250000000e-02 6.41250610351562e-03
332 1.15722656250000e-01 1.33917331695557e-02
333 6.29882812500000e-02 3.96752357482910e-03
334 5.27343750000000e-02 2.78091430664062e-03
335 4.34570312500000e-02 1.88851356506348e-03
336 3.36914062500000e-02 1.13511085510254e-03
337 5.51757812500000e-02 3.04436683654785e-03
338 7.86132812500000e-02 6.18004798889160e-03
339 7.71484375000000e-02 5.95188140869141e-03
340 1.95312500000000e-02 3.81469726562500e-04
341 1.21582031250000e-01 1.47821903228760e-02
342 1.16699218750000e-01 1.36187076568604e-02
343 6.98242187500000e-02 4.87542152404785e-03
344 9.37500000000000e-02 8.78906250000000e-03
345 1.38183593750000e-01 1.90947055816650e-02
346 2.18750000000000e-01 4.78515625000000e-02
347 1.90429687500000e-01 3.62634658813477e-02
348 1.69433593750000e-01 2.87077426910400e-02
349 2.34863281250000e-01 5.51607608795166e-02
350 2.59277343750000e-01 6.72247409820557e-02
351 2.51464843750000e-01 6.32345676422119e-02
352 2.93457031250000e-01 8.61170291900635e-02
353 3.68652343750000e-01 1.35904550552368e-01
354 2.97363281250000e-01 8.84249210357666e-02
355 3.06640625000000e-01 9.40284729003906e-02
356 1.94335937500000e-01 3.77664566040039e-02
357 9.27734375000000e-02 8.60691070556641e-03
358 6.15234375000000e-02 3.78513336181641e-03
359 4.88281250000000e-04 2.38418579101562e-07
360 7.32421875000000e-03 5.36441802978516e-05
361 2.05078125000000e-02 4.20570373535156e-04
362 2.78320312500000e-02 7.74621963500977e-04
363 3.41796875000000e-03 1.16825103759766e-05
364 1.12304687500000e-02 1.26123428344727e-04
365 3.85742187500000e-02 1.48797035217285e-03
366 9.91210937500000e-02 9.82499122619629e-03
367 8.25195312500000e-02 6.80947303771973e-03
368 4.49218750000000e-02 2.01797485351562e-03
369 3.07617187500000e-02 9.46283340454102e-04
370 8.78906250000000e-03 7.72476196289062e-05
371 1.26953125000000e-02 1.61170959472656e-04
372 2.14843750000000e-02 4.61578369140625e-04
373 1.17187500000000e-02 1.37329101562500e-04
374 3.90625000000000e-03 1.52587890625000e-05
375 8.30078125000000e-03 6.89029693603516e-05
376 1.07421875000000e-01 1.15394592285156e-02
377 8.69140625000000e-02 7.55405426025391e-03
378 1.56250000000000e-02 2.44140625000000e-04
379 1.09863281250000e-01 1.20699405670166e-02
380 1.67480468750000e-01 2.80497074127197e-02
381 1.45996093750000e-01 2.13148593902588e-02
382 1.51367187500000e-01 2.29120254516602e-02
383 1.27929687500000e-01 1.63660049438477e-02
384 1.48437500000000e-01 2.20336914062500e-02
385 1.58203125000000e-01 2.50282287597656e-02
386 1.26953125000000e-01 1.61170959472656e-02
387 2.11914062500000e-01 4.49075698852539e-02
388 2.34863281250000e-01 5.51607608795166e-02
389 2.09472656250000e-01 4.38787937164307e-02
390 2.08984375000000e-01 4.36744689941406e-02
391 1.43554687500000e-01 2.06079483032227e-02
392 1.80175781250000e-01 3.24633121490479e-02
393 1.47460937500000e-01 2.17447280883789e-02
394 1.15722656250000e-01 1.33917331695557e-02
395 1.22558593750000e-01 1.50206089019775e-02
396 9.32617187500000e-02 8.69774818420410e-03
397 7.71484375000000e-02 5.95188140869141e-03
398 3.66210937500000e-02 1.34110450744629e-03
399 7.22656250000000e-02 5.22232055664062e-03
400 2.44140625000000e-02 5.96046447753906e-04
401 3.41796875000000e-02 1.16825103759766e-03
402 5.02929687500000e-02 2.52938270568848e-03
403 4.05273437500000e-02 1.64246559143066e-03
404 1.40625000000000e-01 1.97753906250000e-02
405 1.51855468750000e-01 2.30600833892822e-02
406 1.28417968750000e-01 1.64911746978760e-02
407 1.53320312500000e-01 2.35071182250977e-02
408 1.44042968750000e-01 2.07483768463135e-02
409 2.02636718750000e-01 4.10616397857666e-02
410 2.34863281250000e-01 5.51607608795166e-02
411 1.98242187500000e-01 3.92999649047852e-02
412 1.92382812500000e-01 3.70111465454102e-02
413 1.86035156250000e-01 3.46090793609619e-02
414 1.18164062500000e-01 1.39627456665039e-02
415 1.28417968750000e-01 1.64911746978760e-02
416 1.78710937500000e-01 3.19375991821289e-02
417 1.83593750000000e-01 3.37066650390625e-02
418 1.60644531250000e-01 2.58066654205322e-02
419 2.08496093750000e-01 4.34706211090088e-02
420 2.33398437500000e-01 5.44748306274414e-02
421 2.32910156250000e-01 5.42471408843994e-02
422 2.74414062500000e-01 7.53030776977539e-02
423 2.57324218750000e-01 6.62157535552979e-02
424 3.04687500000000e-01 9.28344726562500e-02
425 3.12988281250000e-01 9.79616641998291e-02
426 3.30078125000000e-01 1.08951568603516e-01
427 3.72070312500000e-01 1.38436317443848e-01
428 2.58789062500000e-01 6.69717788696289e-02
429 1.99218750000000e-01 3.96881103515625e-02
430 1.79199218750000e-01 3.21123600006104e-02
431 1.66503906250000e-01 2.77235507965088e-02
432 1.38183593750000e-01 1.90947055816650e-02
433 9.32617187500000e-02 8.69774818420410e-03
434 1.04492187500000e-01 1.09186172485352e-02
435 6.98242187500000e-02 4.87542152404785e-03
436 2.05078125000000e-02 4.20570373535156e-04
437 4.15039062500000e-02 1.72257423400879e-03
438 1.46484375000000e-02 2.14576721191406e-04
439 3.02734375000000e-02 9.16481018066406e-04
440 7.71484375000000e-02 5.95188140869141e-03
441 7.03125000000000e-02 4.94384765625000e-03
442 1.03027343750000e-01 1.06146335601807e-02
443 8.69140625000000e-02 7.55405426025391e-03
444 1.44531250000000e-01 2.08892822265625e-02
445 2.22167968750000e-01 4.93586063385010e-02
446 1.73339843750000e-01 3.00467014312744e-02
447 1.99707031250000e-01 3.98828983306885e-02
448 2.06542968750000e-01 4.26599979400635e-02
449 1.85058593750000e-01 3.42466831207275e-02
450 1.46484375000000e-01 2.14576721191406e-02
451 1.45507812500000e-01 2.11725234985352e-02
452 1.20605468750000e-01 1.45456790924072e-02
453 9.47265625000000e-02 8.97312164306641e-03
454 7.08007812500000e-02 5.01275062561035e-03
455 7.56835937500000e-02 5.72800636291504e-03
456 2.44140625000000e-02 5.96046447753906e-04
457 2.29492187500000e-02 5.26666641235352e-04
458 8.39843750000000e-02 7.05337524414062e-03
459 6.34765625000000e-02 4.02927398681641e-03
460 2.05078125000000e-02 4.20570373535156e-04
461 2.53906250000000e-02 6.44683837890625e-04
462 6.05468750000000e-02 3.66592407226562e-03
463 9.76562500000000e-02 9.53674316406250e-03
464 1.28417968750000e-01 1.64911746978760e-02
465 1.37695312500000e-01 1.89599990844727e-02
466 1.51367187500000e-01 2.29120254516602e-02
467 2.55371093750000e-01 6.52143955230713e-02
468 2.54394531250000e-01 6.47165775299072e-02
469 2.53906250000000e-01 6.44683837890625e-02
470 2.46582031250000e-01 6.08026981353760e-02
471 2.55859375000000e-01 6.54640197753906e-02
472 2.56835937500000e-01 6.59646987915039e-02
473 2.64648437500000e-01 7.00387954711914e-02
474 2.32910156250000e-01 5.42471408843994e-02
475 2.46582031250000e-01 6.08026981353760e-02
476 2.70019531250000e-01 7.29105472564697e-02
477 3.13964843750000e-01 9.85739231109619e-02
478 3.44726562500000e-01 1.18836402893066e-01
479 2.67578125000000e-01 7.15980529785156e-02
480 2.08007812500000e-01 4.32672500610352e-02
481 2.17285156250000e-01 4.72128391265869e-02
482 2.97363281250000e-01 8.84249210357666e-02
483 2.53906250000000e-01 6.44683837890625e-02
484 1.92871093750000e-01 3.71992588043213e-02
485 1.64062500000000e-01 2.69165039062500e-02
486 1.46972656250000e-01 2.16009616851807e-02
487 2.73437500000000e-01 7.47680664062500e-02
488 2.43164062500000e-01 5.91287612915039e-02
489 2.24121093750000e-01 5.02302646636963e-02
490 2.74902343750000e-01 7.55712985992432e-02
491 3.05664062500000e-01 9.34305191040039e-02
492 2.84667968750000e-01 8.10358524322510e-02
493 3.08593750000000e-01 9.52301025390625e-02
494 3.12011718750000e-01 9.73513126373291e-02
495 3.03222656250000e-01 9.19439792633057e-02
496 3.19335937500000e-01 1.01975440979004e-01
497 3.16894531250000e-01 1.00422143936157e-01
498 3.57910156250000e-01 1.28099679946899e-01
499 3.17382812500000e-01 1.00731849670410e-01
500 3.64746093750000e-01 1.33039712905884e-01
501 3.58886718750000e-01 1.28799676895142e-01
502 4.05273437500000e-01 1.64246559143066e-01
503 4.49218750000000e-01 2.01797485351562e-01
504 4.72167968750000e-01 2.22942590713501e-01
505 4.95117187500000e-01 2.45141029357910e-01
506 5.13183593750000e-01 2.63357400894165e-01
507 4.64355468750000e-01 2.15626001358032e-01
508 4.78027343750000e-01 2.28510141372681e-01
509 4.06738281250000e-01 1.65436029434204e-01
510 4.18945312500000e-01 1.75515174865723e-01
511 3.42773437500000e-01 1.17493629455566e-01
512 3.94042968750000e-01 1.55269861221313e-01
513 4.03320312500000e-01 1.62667274475098e-01
514 4.07714843750000e-01 1.66231393814087e-01
515 4.82421875000000e-01 2.32730865478516e-01
516 5.37597656250000e-01 2.89011240005493e-01
517 5.63476562500000e-01 3.17505836486816e-01
518 5.76171875000000e-01 3.31974029541016e-01
519 6.15722656250000e-01 3.79114389419556e-01
520 5.92773437500000e-01 3.51380348205566e-01
521 6.15722656250000e-01 3.79114389419556e-01
522 6.09375000000000e-01 3.71337890625000e-01
523 6.40625000000000e-01 4.10400390625000e-01
524 6.89453125000000e-01 4.75345611572266e-01
525 6.71875000000000e-01 4.51416015625000e-01
526 6.87988281250000e-01 4.73327875137329e-01
527 6.43066406250000e-01 4.13534402847290e-01
528 6.73339843750000e-01 4.53386545181274e-01
529 6.84570312500000e-01 4.68636512756348e-01
530 6.59667968750000e-01 4.35161828994751e-01
531 6.48437500000000e-01 4.20471191406250e-01
532 6.88476562500000e-01 4.73999977111816e-01
533 6.67968750000000e-01 4.46182250976562e-01
534 6.92871093750000e-01 4.80070352554321e-01
535 6.90917968750000e-01 4.77367639541626e-01
536 7.17773437500000e-01 5.15198707580566e-01
537 6.47460937500000e-01 4.19205665588379e-01
538 7.09472656250000e-01 5.03351449966431e-01
539 6.92382812500000e-01 4.79393959045410e-01
540 7.09960937500000e-01 5.04044532775879e-01
541 7.18750000000000e-01 5.16601562500000e-01
542 6.90429687500000e-01 4.76693153381348e-01
543 7.18750000000000e-01 5.16601562500000e-01
544 7.31933593750000e-01 5.35726785659790e-01
545 7.12402343750000e-01 5.07517099380493e-01
546 6.93359375000000e-01 4.80747222900391e-01
547 6.18164062500000e-01 3.82126808166504e-01
548 7.22656250000000e-01 5.22232055664062e-01
549 7.71972656250000e-01 5.95941781997681e-01
550 7.23144531250000e-01 5.22938013076782e-01
551 6.87988281250000e-01 4.73327875137329e-01
552 6.96777343750000e-01 4.85498666763306e-01
553 6.94335937500000e-01 4.82102394104004e-01
554 7.47070312500000e-01 5.58114051818848e-01
555 7.69042968750000e-01 5.91427087783813e-01
556 7.17773437500000e-01 5.15198707580566e-01
557 6.86523437500000e-01 4.71314430236816e-01
558 6.18652343750000e-01 3.82730722427368e-01
559 6.51367187500000e-01 4.24279212951660e-01
560 7.00195312500000e-01 4.90273475646973e-01
561 6.79199218750000e-01 4.61311578750610e-01
562 6.28417968750000e-01 3.94909143447876e-01
563 6.61132812500000e-01 4.37096595764160e-01
564 6.92871093750000e-01 4.80070352554321e-01
565 6.83593750000000e-01 4.67300415039062e-01
566 6.57226562500000e-01 4.31946754455566e-01
567 6.30859375000000e-01 3.97983551025391e-01
568 6.54785156250000e-01 4.28743600845337e-01
569 6.39160156250000e-01 4.08525705337524e-01
570 6.17675781250000e-01 3.81523370742798e-01
571 6.70410156250000e-01 4.49449777603149e-01
572 7.18261718750000e-01 5.15899896621704e-01
573 6.55761718750000e-01 4.30023431777954e-01
574 6.06445312500000e-01 3.67775917053223e-01
575 6.65527343750000e-01 4.42926645278931e-01
576 6.36718750000000e-01 4.05410766601562e-01
577 5.84960937500000e-01 3.42179298400879e-01
578 5.13183593750000e-01 2.63357400894165e-01
579 5.34667968750000e-01 2.85869836807251e-01
580 4.92187500000000e-01 2.42248535156250e-01
581 4.43359375000000e-01 1.96567535400391e-01
582 5.05371093750000e-01 2.55399942398071e-01
583 4.98535156250000e-01 2.48537302017212e-01
584 4.97558593750000e-01 2.47564554214478e-01
585 4.34082031250000e-01 1.88427209854126e-01
586 4.78027343750000e-01 2.28510141372681e-01
587 5.30761718750000e-01 2.81708002090454e-01
588 6.08398437500000e-01 3.70148658752441e-01
589 5.88378906250000e-01 3.46189737319946e-01
590 5.99609375000000e-01 3.59531402587891e-01
591 6.03027343750000e-01 3.63641977310181e-01
592 5.98632812500000e-01 3.58361244201660e-01
593 5.62011718750000e-01 3.15857172012329e-01
594 5.58105468750000e-01 3.11481714248657e-01
595 5.56640625000000e-01 3.09848785400391e-01
596 5.88378906250000e-01 3.46189737319946e-01
597 5.71777343750000e-01 3.26929330825806e-01
598 5.91796875000000e-01 3.50223541259766e-01
599 5.98632812500000e-01 3.58361244201660e-01
600 6.09863281250000e-01 3.71933221817017e-01
601 6.34765625000000e-01 4.02927398681641e-01
602 5.84472656250000e-01 3.41608285903931e-01
603 5.18066406250000e-01 2.68392801284790e-01
604 5.38574218750000e-01 2.90062189102173e-01
605 5.06835937500000e-01 2.56882667541504e-01
606 5.14160156250000e-01 2.64360666275024e-01
607 5.08300781250000e-01 2.58369684219360e-01
608 5.54687500000000e-01 3.07678222656250e-01
609 5.77148437500000e-01 3.33100318908691e-01
610 5.63964843750000e-01 3.18056344985962e-01
611 5.63476562500000e-01 3.17505836486816e-01
612 5.91796875000000e-01 3.50223541259766e-01
613 5.59082031250000e-01 3.12572717666626e-01
614 5.92773437500000e-01 3.51380348205566e-01
615 4.71679687500000e-01 2.22481727600098e-01
616 4.84375000000000e-01 2.34619140625000e-01
617 4.36035156250000e-01 1.90126657485962e-01
618 3.72070312500000e-01 1.38436317443848e-01
619 3.19335937500000e-01 1.01975440979004e-01
620 2.63183593750000e-01 6.92656040191650e-02
621 2.93945312500000e-01 8.64038467407227e-02
622 2.30468750000000e-01 5.31158447265625e-02
623 2.38769531250000e-01 5.70108890533447e-02
624 2.36328125000000e-01 5.58509826660156e-02
625 2.43652343750000e-01 5.93664646148682e-02
626 2.58789062500000e-01 6.69717788696289e-02
627 2.97363281250000e-01 8.84249210357666e-02
628 2.97363281250000e-01 8.84249210357666e-02
629 3.12011718750000e-01 9.73513126373291e-02
630 3.52050781250000e-01 1.23939752578735e-01
631 3.55468750000000e-01 1.26358032226562e-01
632 3.44238281250000e-01 1.18499994277954e-01
633 3.07128906250000e-01 9.43281650543213e-02
634 3.19335937500000e-01 1.01975440979004e-01
635 2.93945312500000e-01 8.64038467407227e-02
636 2.31445312500000e-01 5.35669326782227e-02
637 1.63085937500000e-01 2.65970230102539e-02
638 2.12890625000000e-01 4.53224182128906e-02
639 1.93847656250000e-01 3.75769138336182e-02
640 1.45996093750000e-01 2.13148593902588e-02
641 1.77246093750000e-01 3.14161777496338e-02
642 2.02636718750000e-01 4.10616397857666e-02
643 1.43066406250000e-01 2.04679965972900e-02
644 9.86328125000000e-02 9.72843170166016e-03
645 1.42089843750000e-01 2.01895236968994e-02
646 1.43554687500000e-01 2.06079483032227e-02
647 9.08203125000000e-02 8.24832916259766e-03
648 1.36230468750000e-01 1.85587406158447e-02
649 1.60644531250000e-01 2.58066654205322e-02
650 1.56250000000000e-01 2.44140625000000e-02
651 8.64257812500000e-02 7.46941566467285e-03
652 1.18652343750000e-01 1.40783786773682e-02
653 1.73339843750000e-01 3.00467014312744e-02
654 9.86328125000000e-02 9.72843170166016e-03
655 1.50390625000000e-01 2.26173400878906e-02
656 1.44042968750000e-01 2.07483768463135e-02
657 1.44531250000000e-01 2.08892822265625e-02
658 1.50878906250000e-01 2.27644443511963e-02
659 1.89453125000000e-01 3.58924865722656e-02
660 1.78222656250000e-01 3.17633152008057e-02
661 2.31933593750000e-01 5.37931919097900e-02
662 2.08496093750000e-01 4.34706211090088e-02
663 1.56738281250000e-01 2.45668888092041e-02
664 1.35742187500000e-01 1.84259414672852e-02
665 2.07031250000000e-01 4.28619384765625e-02
666 2.46582031250000e-01 6.08026981353760e-02
667 2.23632812500000e-01 5.00116348266602e-02
668 2.78320312500000e-01 7.74621963500977e-02
669 2.45117187500000e-01 6.00824356079102e-02
670 1.82128906250000e-01 3.31709384918213e-02
671 1.19628906250000e-01 1.43110752105713e-02
672 1.42578125000000e-01 2.03285217285156e-02
673 1.51855468750000e-01 2.30600833892822e-02
674 2.24121093750000e-01 5.02302646636963e-02
675 2.35839843750000e-01 5.56204319000244e-02
676 3.24218750000000e-01 1.05117797851562e-01
677 3.13964843750000e-01 9.85739231109619e-02
678 3.39843750000000e-01 1.15493774414062e-01
679 3.42285156250000e-01 1.17159128189087e-01
680 3.06640625000000e-01 9.40284729003906e-02
681 2.71972656250000e-01 7.39691257476807e-02
682 2.45117187500000e-01 6.00824356079102e-02
683 2.65136718750000e-01 7.02974796295166e-02
684 2.70996093750000e-01 7.34388828277588e-02
685 3.42773437500000e-01 1.17493629455566e-01
686 3.59375000000000e-01 1.29150390625000e-01
687 3.58886718750000e-01 1.28799676895142e-01
688 3.88671875000000e-01 1.51065826416016e-01
689 3.86718750000000e-01 1.49551391601562e-01
690 4.44824218750000e-01 1.97868585586548e-01
691 4.28710937500000e-01 1.83793067932129e-01
692 4.89746093750000e-01 2.39851236343384e-01
693 5.27832031250000e-01 2.78606653213501e-01
694 5.00000000000000e-01 2.50000000000000e-01
695 4.94628906250000e-01 2.44657754898071e-01
696 4.63867187500000e-01 2.15172767639160e-01
697 5.26855468750000e-01 2.77576684951782e-01
698 5.34179687500000e-01 2.85347938537598e-01
699 5.51269531250000e-01 3.03898096084595e-01
700 5.21972656250000e-01 2.72455453872681e-01
701 4.51660156250000e-01 2.03996896743774e-01
702 3.85253906250000e-01 1.48420572280884e-01
703 4.43359375000000e-01 1.96567535400391e-01
704 4.58984375000000e-01 2.10666656494141e-01
705 4.76562500000000e-01 2.27111816406250e-01
706 4.58496093750000e-01 2.10218667984009e-01
707 4.48730468750000e-01 2.01359033584595e-01
708 5.00976562500000e-01 2.50977516174316e-01
709 4.72656250000000e-01 2.23403930664062e-01
710 4.73144531250000e-01 2.23865747451782e-01
711 5.09765625000000e-01 2.59860992431641e-01
712 4.86328125000000e-01 2.36515045166016e-01
713 4.43847656250000e-01 1.97000741958618e-01
714 4.99511718750000e-01 2.49511957168579e-01
715 5.17578125000000e-01 2.67887115478516e-01
716 4.47753906250000e-01 2.00483560562134e-01
717 4.08203125000000e-01 1.66629791259766e-01
718 3.30566406250000e-01 1.09274148941040e-01
719 3.25195312500000e-01 1.05751991271973e-01
720 3.64257812500000e-01 1.32683753967285e-01
721 3.76464843750000e-01 1.41725778579712e-01
722 3.72558593750000e-01 1.38799905776978e-01
723 3.99902343750000e-01 1.59921884536743e-01
724 4.72656250000000e-01 2.23403930664062e-01
725 5.09277343750000e-01 2.59363412857056e-01
726 5.17089843750000e-01 2.67381906509399e-01
727 5.72265625000000e-01 3.27487945556641e-01
728 5.66406250000000e-01 3.20816040039062e-01
729 5.54199218750000e-01 3.07136774063110e-01
730 5.59082031250000e-01 3.12572717666626e-01
731 5.52734375000000e-01 3.05515289306641e-01
732 4.95117187500000e-01 2.45141029357910e-01
733 4.74609375000000e-01 2.25254058837891e-01
734 4.43847656250000e-01 1.97000741958618e-01
735 5.10742187500000e-01 2.60857582092285e-01
736 5.37597656250000e-01 2.89011240005493e-01
737 5.53222656250000e-01 3.06055307388306e-01
738 5.28320312500000e-01 2.79122352600098e-01
739 4.84375000000000e-01 2.34619140625000e-01
740 4.97558593750000e-01 2.47564554214478e-01
741 4.57031250000000e-01 2.08877563476562e-01
742 4.84863281250000e-01 2.35092401504517e-01
743 4.55078125000000e-01 2.07096099853516e-01
744 4.32128906250000e-01 1.86735391616821e-01
745 4.27734375000000e-01 1.82956695556641e-01
746 3.21289062500000e-01 1.03226661682129e-01
747 3.67187500000000e-01 1.34826660156250e-01
748 4.34082031250000e-01 1.88427209854126e-01
749 3.15917968750000e-01 9.98041629791260e-02
750 3.66210937500000e-01 1.34110450744629e-01
751 4.32617187500000e-01 1.87157630920410e-01
752 3.95507812500000e-01 1.56426429748535e-01
753 3.40332031250000e-01 1.15825891494751e-01
754 3.02734375000000e-01 9.16481018066406e-02
755 3.02734375000000e-01 9.16481018066406e-02
756 3.89160156250000e-01 1.51445627212524e-01
757 4.68261718750000e-01 2.19269037246704e-01
758 4.93652343750000e-01 2.43692636489868e-01
759 4.02343750000000e-01 1.61880493164062e-01
760 4.14550781250000e-01 1.71852350234985e-01
761 3.52050781250000e-01 1.23939752578735e-01
762 3.96484375000000e-01 1.57199859619141e-01
763 4.10156250000000e-01 1.68228149414062e-01
764 3.73046875000000e-01 1.39163970947266e-01
765 3.58398437500000e-01 1.28449440002441e-01
766 3.68652343750000e-01 1.35904550552368e-01
767 4.40429687500000e-01 1.93978309631348e-01
768 4.51660156250000e-01 2.03996896743774e-01
769 4.33593750000000e-01 1.88003540039062e-01
770 4.39941406250000e-01 1.93548440933228e-01
771 3.90625000000000e-01 1.52587890625000e-01
772 3.49121093750000e-01 1.21885538101196e-01
773 3.01757812500000e-01 9.10577774047852e-02
774 3.49121093750000e-01 1.21885538101196e-01
775 3.91601562500000e-01 1.53351783752441e-01
776 3.72558593750000e-01 1.38799905776978e-01
777 3.44726562500000e-01 1.18836402893066e-01
778 3.60351562500000e-01 1.29853248596191e-01
779 4.20898437500000e-01 1.77155494689941e-01
780 4.32617187500000e-01 1.87157630920410e-01
781 3.97949218750000e-01 1.58363580703735e-01
782 3.90136718750000e-01 1.52206659317017e-01
783 4.45800781250000e-01 1.98738336563110e-01
784 3.78417968750000e-01 1.43200159072876e-01
785 3.67187500000000e-01 1.34826660156250e-01
786 3.38378906250000e-01 1.14500284194946e-01
787 3.08593750000000e-01 9.52301025390625e-02
788 3.31054687500000e-01 1.09597206115723e-01
789 3.01269531250000e-01 9.07633304595947e-02
790 3.22265625000000e-01 1.03855133056641e-01
791 3.20312500000000e-01 1.02600097656250e-01
792 3.34472656250000e-01 1.11871957778931e-01
793 3.36914062500000e-01 1.13511085510254e-01
794 3.60839843750000e-01 1.30205392837524e-01
795 3.59375000000000e-01 1.29150390625000e-01
796 4.54101562500000e-01 2.06208229064941e-01
797 4.46777343750000e-01 1.99609994888306e-01
798 4.19433593750000e-01 1.75924539566040e-01
799 4.02832031250000e-01 1.62273645401001e-01
800 4.16503906250000e-01 1.73475503921509e-01
801 4.50195312500000e-01 2.02675819396973e-01
802 4.58496093750000e-01 2.10218667984009e-01
803 5.06835937500000e-01 2.56882667541504e-01
804 4.95605468750000e-01 2.45624780654907e-01
805 5.06347656250000e-01 2.56387948989868e-01
806 4.69238281250000e-01 2.20184564590454e-01
807 4.60937500000000e-01 2.12463378906250e-01
808 4.32128906250000e-01 1.86735391616821e-01
809 4.67285156250000e-01 2.18355417251587e-01
810 4.80957031250000e-01 2.31319665908813e-01
811 5.57617187500000e-01 3.10936927795410e-01
812 5.12695312500000e-01 2.62856483459473e-01
813 5.43457031250000e-01 2.95345544815063e-01
814 5.59570312500000e-01 3.13118934631348e-01
815 6.13769531250000e-01 3.76713037490845e-01
816 5.75195312500000e-01 3.30849647521973e-01
817 5.77636718750000e-01 3.33664178848267e-01
818 5.82031250000000e-01 3.38760375976562e-01
819 5.32714843750000e-01 2.83785104751587e-01
820 5.90332031250000e-01 3.48491907119751e-01
821 5.64453125000000e-01 3.18607330322266e-01
822 5.24902343750000e-01 2.75522470474243e-01
823 5.34179687500000e-01 2.85347938537598e-01
824 4.59960937500000e-01 2.11564064025879e-01
825 3.96972656250000e-01 1.57587289810181e-01
826 3.46191406250000e-01 1.19848489761353e-01
827 3.57421875000000e-01 1.27750396728516e-01
828 3.87207031250000e-01 1.49929285049438e-01
829 4.31640625000000e-01 1.86313629150391e-01
830 3.27636718750000e-01 1.07345819473267e-01
831 3.48144531250000e-01 1.21204614639282e-01
832 3.77441406250000e-01 1.42462015151978e-01
833 4.15527343750000e-01 1.72662973403931e-01
834 4.07714843750000e-01 1.66231393814087e-01
835 3.74511718750000e-01 1.40259027481079e-01
836 3.31542968750000e-01 1.09920740127563e-01
837 3.33007812500000e-01 1.10894203186035e-01
838 3.75976562500000e-01 1.41358375549316e-01
839 3.19335937500000e-01 1.01975440979004e-01
840 3.35937500000000e-01 1.12854003906250e-01
841 3.09082031250000e-01 9.55317020416260e-02
842 3.17382812500000e-01 1.00731849670410e-01
843 3.53027343750000e-01 1.24628305435181e-01
844 3.28125000000000e-01 1.07666015625000e-01
845 3.33984375000000e-01 1.11545562744141e-01
846 3.16894531250000e-01 1.00422143936157e-01
847 3.07617187500000e-01 9.46283340454102e-02
848 3.58398437500000e-01 1.28449440002441e-01
849 3.38378906250000e-01 1.14500284194946e-01
850 2.93457031250000e-01 8.61170291900635e-02
851 3.13964843750000e-01 9.85739231109619e-02
852 3.87207031250000e-01 1.49929285049438e-01
853 3.54492187500000e-01 1.25664710998535e-01
854 3.64257812500000e-01 1.32683753967285e-01
855 3.99902343750000e-01 1.59921884536743e-01
856 4.04296875000000e-01 1.63455963134766e-01
857 3.92578125000000e-01 1.54117584228516e-01
858 4.29687500000000e-01 1.84631347656250e-01
859 3.62792968750000e-01 1.31618738174438e-01
860 3.32519531250000e-01 1.10569238662720e-01
861 3.30078125000000e-01 1.08951568603516e-01
862 3.90136718750000e-01 1.52206659317017e-01
863 4.74609375000000e-01 2.25254058837891e-01
864 4.58496093750000e-01 2.10218667984009e-01
865 3.58398437500000e-01 1.28449440002441e-01
866 3.04687500000000e-01 9.28344726562500e-02
867 3.50097656250000e-01 1.22568368911743e-01
868 3.93066406250000e-01 1.54501199722290e-01
869 3.16406250000000e-01 1.00112915039062e-01
870 3.18847656250000e-01 1.01663827896118e-01
871 3.47167968750000e-01 1.20525598526001e-01
872 3.73046875000000e-01 1.39163970947266e-01
873 3.74511718750000e-01 1.40259027481079e-01
874 3.15917968750000e-01 9.98041629791260e-02
875 2.01660156250000e-01 4.06668186187744e-02
876 2.60742187500000e-01 6.79864883422852e-02
877 3.12500000000000e-01 9.76562500000000e-02
878 3.44726562500000e-01 1.18836402893066e-01
879 3.56445312500000e-01 1.27053260803223e-01
880 3.00781250000000e-01 9.04693603515625e-02
881 2.48535156250000e-01 6.17697238922119e-02
882 2.91503906250000e-01 8.49745273590088e-02
883 3.01269531250000e-01 9.07633304595947e-02
884 2.39257812500000e-01 5.72443008422852e-02
885 2.10449218750000e-01 4.42888736724854e-02
886 1.70410156250000e-01 2.90396213531494e-02
887 1.14257812500000e-01 1.30548477172852e-02
888 1.01074218750000e-01 1.02159976959229e-02
889 4.68750000000000e-02 2.19726562500000e-03
890 3.46679687500000e-02 1.20186805725098e-03
891 6.34765625000000e-03 4.02927398681641e-05
892 2.00195312500000e-02 4.00781631469727e-04
893 4.39453125000000e-02 1.93119049072266e-03
894 9.71679687500000e-02 9.44161415100098e-03
895 1.31347656250000e-01 1.72522068023682e-02
896 8.74023437500000e-02 7.63916969299316e-03
897 9.91210937500000e-02 9.82499122619629e-03
898 5.37109375000000e-02 2.88486480712891e-03
899 3.80859375000000e-02 1.45053863525391e-03
900 7.76367187500000e-02 6.02746009826660e-03
901 6.39648437500000e-02 4.09150123596191e-03
902 8.74023437500000e-02 7.63916969299316e-03
903 5.17578125000000e-02 2.67887115478516e-03
904 1.24511718750000e-01 1.55031681060791e-02
905 8.39843750000000e-02 7.05337524414062e-03
906 1.24511718750000e-01 1.55031681060791e-02
907 9.17968750000000e-02 8.42666625976562e-03
908 1.33789062500000e-01 1.78995132446289e-02
909 1.72851562500000e-01 2.98776626586914e-02
910 1.34277343750000e-01 1.80304050445557e-02
911 1.89453125000000e-01 3.58924865722656e-02
912 2.29003906250000e-01 5.24427890777588e-02
913 2.01171875000000e-01 4.04701232910156e-02
914 2.39746093750000e-01 5.74781894683838e-02
915 1.45019531250000e-01 2.10306644439697e-02
916 1.07421875000000e-01 1.15394592285156e-02
917 1.41601562500000e-01 2.00510025024414e-02
918 1.88964843750000e-01 3.57077121734619e-02
919 1.86523437500000e-01 3.47909927368164e-02
920 2.59765625000000e-01 6.74781799316406e-02
921 3.12011718750000e-01 9.73513126373291e-02
922 3.88671875000000e-01 1.51065826416016e-01
923 4.15527343750000e-01 1.72662973403931e-01
924 3.72070312500000e-01 1.38436317443848e-01
925 4.68750000000000e-01 2.19726562500000e-01
926 5.18066406250000e-01 2.68392801284790e-01
927 5.13183593750000e-01 2.63357400894165e-01
928 5.15136718750000e-01 2.65365839004517e-01
929 5.24414062500000e-01 2.75010108947754e-01
930 5.05371093750000e-01 2.55399942398071e-01
931 5.49804687500000e-01 3.02285194396973e-01
932 5.49804687500000e-01 3.02285194396973e-01
933 5.46386718750000e-01 2.98538446426392e-01
934 5.17578125000000e-01 2.67887115478516e-01
935 5.02929687500000e-01 2.52938270568848e-01
936 5.14160156250000e-01 2.64360666275024e-01
937 5.42968750000000e-01 2.94815063476562e-01
938 5.44433593750000e-01 2.96407938003540e-01
939 5.31250000000000e-01 2.82226562500000e-01
940 5.84960937500000e-01 3.42179298400879e-01
941 5.41015625000000e-01 2.92697906494141e-01
942 5.28808593750000e-01 2.79638528823853e-01
943 4.88281250000000e-01 2.38418579101562e-01
944 4.39941406250000e-01 1.93548440933228e-01
945 4.29199218750000e-01 1.84211969375610e-01
946 3.42285156250000e-01 1.17159128189087e-01
947 4.12597656250000e-01 1.70236825942993e-01
948 4.56542968750000e-01 2.08431482315063e-01
949 5.31250000000000e-01 2.82226562500000e-01
950 4.90234375000000e-01 2.40329742431641e-01
951 5.72265625000000e-01 3.27487945556641e-01
952 5.16113281250000e-01 2.66372919082642e-01
953 5.15136718750000e-01 2.65365839004517e-01
954 5.76171875000000e-01 3.31974029541016e-01
955 5.91796875000000e-01 3.50223541259766e-01
956 6.14746093750000e-01 3.77912759780884e-01
957 5.90820312500000e-01 3.49068641662598e-01
958 5.45410156250000e-01 2.97472238540649e-01
959 5.51757812500000e-01 3.04436683654785e-01
960 5.25390625000000e-01 2.76035308837891e-01
961 5.67382812500000e-01 3.21923255920410e-01
962 5.50781250000000e-01 3.03359985351562e-01
963 5.47363281250000e-01 2.99606561660767e-01
964 5.53222656250000e-01 3.06055307388306e-01
965 5.11718750000000e-01 2.61856079101562e-01
966 5.49316406250000e-01 3.01748514175415e-01
967 6.19628906250000e-01 3.83939981460571e-01
968 6.18164062500000e-01 3.82126808166504e-01
969 6.25976562500000e-01 3.91846656799316e-01
970 6.50878906250000e-01 4.23643350601196e-01
971 6.54296875000000e-01 4.28104400634766e-01
972 7.01171875000000e-01 4.91641998291016e-01
973 7.04101562500000e-01 4.95759010314941e-01
974 7.29492187500000e-01 5.32158851623535e-01
975 6.99707031250000e-01 4.89589929580688e-01
976 6.99218750000000e-01 4.88906860351562e-01
977 7.57324218750000e-01 5.73539972305298e-01
978 7.11914062500000e-01 5.06821632385254e-01
979 7.02636718750000e-01 4.93698358535767e-01
980 6.90429687500000e-01 4.76693153381348e-01
981 7.21679687500000e-01 5.20821571350098e-01
982 7.07519531250000e-01 5.00583887100220e-01
983 7.08984375000000e-01 5.02658843994141e-01
984 6.53808593750000e-01 4.27465677261353e-01
985 6.80175781250000e-01 4.62639093399048e-01
986 6.71875000000000e-01 4.51416015625000e-01
987 7.50000000000000e-01 5.62500000000000e-01
988 7.35839843750000e-01 5.41460275650024e-01
989 6.96777343750000e-01 4.85498666763306e-01
990 7.24609375000000e-01 5.25058746337891e-01
991 7.20703125000000e-01 5.19412994384766e-01
992 6.99707031250000e-01 4.89589929580688e-01
993 6.66992187500000e-01 4.44878578186035e-01
994 6.55273437500000e-01 4.29383277893066e-01
995 6.74804687500000e-01 4.55361366271973e-01
996 7.48535156250000e-01 5.60304880142212e-01
997 7.17285156250000e-01 5.14497995376587e-01
998 7.18261718750000e-01 5.15899896621704e-01
999 6.85058593750000e-01 4.69305276870728e-01
