0 5.97167968750000e-01 3.56609582901001e-01
1 6.19140625000000e-01 3.83335113525391e-01
2 6.39160156250000e-01 4.08525705337524e-01
3 6.70410156250000e-01 4.49449777603149e-01
4 7.06054687500000e-01 4.98513221740723e-01
5 6.30371093750000e-01 3.97367715835571e-01
6 6.48437500000000e-01 4.20471191406250e-01
7 6.27441406250000e-01 3.93682718276978e-01
8 6.49902343750000e-01 4.22373056411743e-01
9 6.43554687500000e-01 4.14162635803223e-01
10 6.69921875000000e-01 4.48795318603516e-01
11 6.96289062500000e-01 4.84818458557129e-01
12 5.98632812500000e-01 3.58361244201660e-01
13 6.04003906250000e-01 3.64820718765259e-01
14 6.30859375000000e-01 3.97983551025391e-01
15 5.72265625000000e-01 3.27487945556641e-01
16 5.74218750000000e-01 3.29727172851562e-01
17 5.97167968750000e-01 3.56609582901001e-01
18 5.79589843750000e-01 3.35924386978149e-01
19 5.24902343750000e-01 2.75522470474243e-01
20 5.51757812500000e-01 3.04436683654785e-01
21 6.26464843750000e-01 3.92458200454712e-01
22 6.41113281250000e-01 4.11026239395142e-01
23 6.71875000000000e-01 4.51416015625000e-01
24 6.65527343750000e-01 4.42926645278931e-01
25 6.22070312500000e-01 3.86971473693848e-01
26 7.11914062500000e-01 5.06821632385254e-01
27 6.51367187500000e-01 4.24279212951660e-01
28 6.28906250000000e-01 3.95523071289062e-01
29 6.16699218750000e-01 3.80317926406860e-01
30 5.90820312500000e-01 3.49068641662598e-01
31 5.82031250000000e-01 3.38760375976562e-01
32 5.73730468750000e-01 3.29166650772095e-01
33 5.72753906250000e-01 3.28047037124634e-01
34 5.66894531250000e-01 3.21369409561157e-01
35 5.70312500000000e-01 3.25256347656250e-01
36 5.76171875000000e-01 3.31974029541016e-01
37 6.32324218750000e-01 3.99833917617798e-01
38 6.50878906250000e-01 4.23643350601196e-01
39 6.41601562500000e-01 4.11652565002441e-01
40 6.15234375000000e-01 3.78513336181641e-01
41 5.66406250000000e-01 3.20816040039062e-01
42 5.19531250000000e-01 2.69912719726562e-01
43 4.84375000000000e-01 2.34619140625000e-01
44 4.86816406250000e-01 2.36990213394165e-01
45 5.39062500000000e-01 2.90588378906250e-01
46 5.77148437500000e-01 3.33100318908691e-01
47 5.77148437500000e-01 3.33100318908691e-01
48 5.65917968750000e-01 3.20263147354126e-01
49 5.82519531250000e-01 3.39329004287720e-01
50 5.62988281250000e-01 3.16955804824829e-01
51 5.14648437500000e-01 2.64863014221191e-01
52 4.62890625000000e-01 2.14267730712891e-01
53 4.19433593750000e-01 1.75924539566040e-01
54 4.25781250000000e-01 1.81289672851562e-01
55 4.49707031250000e-01 2.02236413955688e-01
56 4.21875000000000e-01 1.77978515625000e-01
57 4.32128906250000e-01 1.86735391616821e-01
58 4.65820312500000e-01 2.16988563537598e-01
59 4.28222656250000e-01 1.83374643325806e-01
60 4.37011718750000e-01 1.90979242324829e-01
61 4.39453125000000e-01 1.93119049072266e-01
62 4.57519531250000e-01 2.09324121475220e-01
63 4.26269531250000e-01 1.81705713272095e-01
64 4.07714843750000e-01 1.66231393814087e-01
65 3.96972656250000e-01 1.57587289810181e-01
66 4.24316406250000e-01 1.80044412612915e-01
67 4.46289062500000e-01 1.99173927307129e-01
68 5.14648437500000e-01 2.64863014221191e-01
69 5.36621093750000e-01 2.87962198257446e-01
70 4.89257812500000e-01 2.39373207092285e-01
71 5.20507812500000e-01 2.70928382873535e-01
72 5.46875000000000e-01 2.99072265625000e-01
73 5.05371093750000e-01 2.55399942398071e-01
74 5.05371093750000e-01 2.55399942398071e-01
75 4.85839843750000e-01 2.36040353775024e-01
76 4.57031250000000e-01 2.08877563476562e-01
77 4.64843750000000e-01 2.16079711914062e-01
78 4.76562500000000e-01 2.27111816406250e-01
79 5.04882812500000e-01 2.54906654357910e-01
80 4.92675781250000e-01 2.42729425430298e-01
81 4.53125000000000e-01 2.05322265625000e-01
82 4.64843750000000e-01 2.16079711914062e-01
83 5.23925781250000e-01 2.74498224258423e-01
84 5.22460937500000e-01 2.72965431213379e-01
85 5.72753906250000e-01 3.28047037124634e-01
86 5.60058593750000e-01 3.13665628433228e-01
87 6.16210937500000e-01 3.79715919494629e-01
88 5.62988281250000e-01 3.16955804824829e-01
89 6.25000000000000e-01 3.90625000000000e-01
90 6.19140625000000e-01 3.83335113525391e-01
91 6.34765625000000e-01 4.02927398681641e-01
92 6.58203125000000e-01 4.33231353759766e-01
93 6.87011718750000e-01 4.71985101699829e-01
94 6.92382812500000e-01 4.79393959045410e-01
95 6.73339843750000e-01 4.53386545181274e-01
96 6.37695312500000e-01 4.06655311584473e-01
97 6.45996093750000e-01 4.17310953140259e-01
98 6.57226562500000e-01 4.31946754455566e-01
99 6.47460937500000e-01 4.19205665588379e-01
100 6.09863281250000e-01 3.71933221817017e-01
101 5.98632812500000e-01 3.58361244201660e-01
102 5.78613281250000e-01 3.34793329238892e-01
103 5.83007812500000e-01 3.39898109436035e-01
104 5.51269531250000e-01 3.03898096084595e-01
105 6.47460937500000e-01 4.19205665588379e-01
106 6.45019531250000e-01 4.16050195693970e-01
107 6.79199218750000e-01 4.61311578750610e-01
108 7.05566406250000e-01 4.97823953628540e-01
109 7.04101562500000e-01 4.95759010314941e-01
110 6.52832031250000e-01 4.26189661026001e-01
111 6.27441406250000e-01 3.93682718276978e-01
112 5.99609375000000e-01 3.59531402587891e-01
113 6.36718750000000e-01 4.05410766601562e-01
114 6.66015625000000e-01 4.43576812744141e-01
115 6.73339843750000e-01 4.53386545181274e-01
116 7.39257812500000e-01 5.46502113342285e-01
117 7.48535156250000e-01 5.60304880142212e-01
118 7.88574218750000e-01 6.21849298477173e-01
119 7.40234375000000e-01 5.47946929931641e-01
120 6.97753906250000e-01 4.86860513687134e-01
121 6.50390625000000e-01 4.23007965087891e-01
122 6.22070312500000e-01 3.86971473693848e-01
123 6.65039062500000e-01 4.42276954650879e-01
124 6.60156250000000e-01 4.35806274414062e-01
125 6.61132812500000e-01 4.37096595764160e-01
126 7.03125000000000e-01 4.94384765625000e-01
127 7.34375000000000e-01 5.39306640625000e-01
128 6.84570312500000e-01 4.68636512756348e-01
129 6.44531250000000e-01 4.15420532226562e-01
130 6.76269531250000e-01 4.57340478897095e-01
131 6.43554687500000e-01 4.14162635803223e-01
132 6.63574218750000e-01 4.40330743789673e-01
133 6.93847656250000e-01 4.81424570083618e-01
134 6.89453125000000e-01 4.75345611572266e-01
135 6.48925781250000e-01 4.21104669570923e-01
136 6.93847656250000e-01 4.81424570083618e-01
137 6.68945312500000e-01 4.47487831115723e-01
138 7.37304687500000e-01 5.43618202209473e-01
139 7.27050781250000e-01 5.28602838516235e-01
140 6.99707031250000e-01 4.89589929580688e-01
141 6.82617187500000e-01 4.65966224670410e-01
142 7.26562500000000e-01 5.27893066406250e-01
143 6.93847656250000e-01 4.81424570083618e-01
144 6.58203125000000e-01 4.33231353759766e-01
145 6.32324218750000e-01 3.99833917617798e-01
146 6.02050781250000e-01 3.62465143203735e-01
147 6.21093750000000e-01 3.85757446289062e-01
148 6.81152343750000e-01 4.63968515396118e-01
149 6.94335937500000e-01 4.82102394104004e-01
150 6.57714843750000e-01 4.32588815689087e-01
151 6.35742187500000e-01 4.04168128967285e-01
152 6.00585937500000e-01 3.60703468322754e-01
153 5.91796875000000e-01 3.50223541259766e-01
154 6.05957031250000e-01 3.67183923721313e-01
155 6.37207031250000e-01 4.06032800674438e-01
156 6.18652343750000e-01 3.82730722427368e-01
157 5.27343750000000e-01 2.78091430664062e-01
158 5.45410156250000e-01 2.97472238540649e-01
159 5.28320312500000e-01 2.79122352600098e-01
160 5.69824218750000e-01 3.24699640274048e-01
161 6.08398437500000e-01 3.70148658752441e-01
162 6.02539062500000e-01 3.63053321838379e-01
163 6.19140625000000e-01 3.83335113525391e-01
164 5.89843750000000e-01 3.47915649414062e-01
165 5.71777343750000e-01 3.26929330825806e-01
166 5.22460937500000e-01 2.72965431213379e-01
167 5.11230468750000e-01 2.61356592178345e-01
168 5.04882812500000e-01 2.54906654357910e-01
169 5.31738281250000e-01 2.82745599746704e-01
170 5.20507812500000e-01 2.70928382873535e-01
171 5.10742187500000e-01 2.60857582092285e-01
172 4.36523437500000e-01 1.90552711486816e-01
173 4.64843750000000e-01 2.16079711914062e-01
174 4.81933593750000e-01 2.32259988784790e-01
175 4.65332031250000e-01 2.16533899307251e-01
176 4.94628906250000e-01 2.44657754898071e-01
177 5.01953125000000e-01 2.51956939697266e-01
178 4.81933593750000e-01 2.32259988784790e-01
179 4.46777343750000e-01 1.99609994888306e-01
180 4.88769531250000e-01 2.38895654678345e-01
181 5.53710937500000e-01 3.06595802307129e-01
182 5.79101562500000e-01 3.35358619689941e-01
183 5.56640625000000e-01 3.09848785400391e-01
184 6.23046875000000e-01 3.88187408447266e-01
185 5.62011718750000e-01 3.15857172012329e-01
186 5.40527343750000e-01 2.92169809341431e-01
187 4.71679687500000e-01 2.22481727600098e-01
188 5.28320312500000e-01 2.79122352600098e-01
189 5.25390625000000e-01 2.76035308837891e-01
190 4.96093750000000e-01 2.46109008789062e-01
191 5.56640625000000e-01 3.09848785400391e-01
192 5.62988281250000e-01 3.16955804824829e-01
193 6.31347656250000e-01 3.98599863052368e-01
194 6.10351562500000e-01 3.72529029846191e-01
195 6.04492187500000e-01 3.65410804748535e-01
196 6.36230468750000e-01 4.04789209365845e-01
197 6.67480468750000e-01 4.45530176162720e-01
198 6.22070312500000e-01 3.86971473693848e-01
199 6.30859375000000e-01 3.97983551025391e-01
200 6.56738281250000e-01 4.31305170059204e-01
201 6.54296875000000e-01 4.28104400634766e-01
202 6.03515625000000e-01 3.64231109619141e-01
203 6.56738281250000e-01 4.31305170059204e-01
204 7.52441406250000e-01 5.66168069839478e-01
205 7.40722656250000e-01 5.48670053482056e-01
206 7.29980468750000e-01 5.32871484756470e-01
207 6.86035156250000e-01 4.70644235610962e-01
208 6.75292968750000e-01 4.56020593643188e-01
209 5.61523437500000e-01 3.15308570861816e-01
210 6.12304687500000e-01 3.74917030334473e-01
211 5.90332031250000e-01 3.48491907119751e-01
212 6.10839843750000e-01 3.73125314712524e-01
213 6.16699218750000e-01 3.80317926406860e-01
214 5.99609375000000e-01 3.59531402587891e-01
215 5.95214843750000e-01 3.54280710220337e-01
216 5.77148437500000e-01 3.33100318908691e-01
217 5.86425781250000e-01 3.43895196914673e-01
218 6.11816406250000e-01 3.74319314956665e-01
219 6.08398437500000e-01 3.70148658752441e-01
220 5.90332031250000e-01 3.48491907119751e-01
221 6.20605468750000e-01 3.85151147842407e-01
222 6.78222656250000e-01 4.59985971450806e-01
223 6.42578125000000e-01 4.12906646728516e-01
224 6.45019531250000e-01 4.16050195693970e-01
225 6.08886718750000e-01 3.70743036270142e-01
226 6.46484375000000e-01 4.17942047119141e-01
227 6.84570312500000e-01 4.68636512756348e-01
228 5.97167968750000e-01 3.56609582901001e-01
229 6.39160156250000e-01 4.08525705337524e-01
230 6.45019531250000e-01 4.16050195693970e-01
231 5.61523437500000e-01 3.15308570861816e-01
232 5.34179687500000e-01 2.85347938537598e-01
233 6.04492187500000e-01 3.65410804748535e-01
234 5.34667968750000e-01 2.85869836807251e-01
235 5.59570312500000e-01 3.13118934631348e-01
236 5.73730468750000e-01 3.29166650772095e-01
237 6.25000000000000e-01 3.90625000000000e-01
238 5.79101562500000e-01 3.35358619689941e-01
239 6.00097656250000e-01 3.60117197036743e-01
240 5.62500000000000e-01 3.16406250000000e-01
241 5.64941406250000e-01 3.19158792495728e-01
242 6.47949218750000e-01 4.19838190078735e-01
243 6.39648437500000e-01 4.09150123596191e-01
244 6.68457031250000e-01 4.46834802627563e-01
245 7.06542968750000e-01 4.99202966690063e-01
246 6.81152343750000e-01 4.63968515396118e-01
247 6.85058593750000e-01 4.69305276870728e-01
248 6.61132812500000e-01 4.37096595764160e-01
249 6.70410156250000e-01 4.49449777603149e-01
250 6.82128906250000e-01 4.65299844741821e-01
251 6.14746093750000e-01 3.77912759780884e-01
252 6.04492187500000e-01 3.65410804748535e-01
253 6.34765625000000e-01 4.02927398681641e-01
254 6.74316406250000e-01 4.54702615737915e-01
255 6.29394531250000e-01 3.96137475967407e-01
256 6.11816406250000e-01 3.74319314956665e-01
257 6.41601562500000e-01 4.11652565002441e-01
258 6.87988281250000e-01 4.73327875137329e-01
259 6.92871093750000e-01 4.80070352554321e-01
260 6.58203125000000e-01 4.33231353759766e-01
261 6.42578125000000e-01 4.12906646728516e-01
262 6.00585937500000e-01 3.60703468322754e-01
263 6.30859375000000e-01 3.97983551025391e-01
264 6.15234375000000e-01 3.78513336181641e-01
265 6.37207031250000e-01 4.06032800674438e-01
266 5.65917968750000e-01 3.20263147354126e-01
267 5.69824218750000e-01 3.24699640274048e-01
268 6.18164062500000e-01 3.82126808166504e-01
269 6.64550781250000e-01 4.41627740859985e-01
270 6.44531250000000e-01 4.15420532226562e-01
271 6.13281250000000e-01 3.76113891601562e-01
272 6.18652343750000e-01 3.82730722427368e-01
273 6.10351562500000e-01 3.72529029846191e-01
274 6.68457031250000e-01 4.46834802627563e-01
275 7.07031250000000e-01 4.99893188476562e-01
276 6.83105468750000e-01 4.66633081436157e-01
277 6.35253906250000e-01 4.03547525405884e-01
278 6.44531250000000e-01 4.15420532226562e-01
279 6.29394531250000e-01 3.96137475967407e-01
280 6.25488281250000e-01 3.91235589981079e-01
281 6.33300781250000e-01 4.01069879531860e-01
282 6.16210937500000e-01 3.79715919494629e-01
283 5.04882812500000e-01 2.54906654357910e-01
284 4.95117187500000e-01 2.45141029357910e-01
285 4.56054687500000e-01 2.07985877990723e-01
286 4.96582031250000e-01 2.46593713760376e-01
287 4.81445312500000e-01 2.31789588928223e-01
288 5.21972656250000e-01 2.72455453872681e-01
289 6.22558593750000e-01 3.87579202651978e-01
290 6.29394531250000e-01 3.96137475967407e-01
291 6.56738281250000e-01 4.31305170059204e-01
292 6.31835937500000e-01 3.99216651916504e-01
293 5.87402343750000e-01 3.45041513442993e-01
294 6.44042968750000e-01 4.14791345596313e-01
295 6.53808593750000e-01 4.27465677261353e-01
296 6.78710937500000e-01 4.60648536682129e-01
297 6.57226562500000e-01 4.31946754455566e-01
298 5.94238281250000e-01 3.53119134902954e-01
299 6.48437500000000e-01 4.20471191406250e-01
300 6.04003906250000e-01 3.64820718765259e-01
301 6.17187500000000e-01 3.80920410156250e-01
302 6.41601562500000e-01 4.11652565002441e-01
303 6.75292968750000e-01 4.56020593643188e-01
304 6.46972656250000e-01 4.18573617935181e-01
305 6.42578125000000e-01 4.12906646728516e-01
306 6.53320312500000e-01 4.26827430725098e-01
307 6.01074218750000e-01 3.61290216445923e-01
308 6.62597656250000e-01 4.39035654067993e-01
309 7.25585937500000e-01 5.26474952697754e-01
310 7.18261718750000e-01 5.15899896621704e-01
311 6.68945312500000e-01 4.47487831115723e-01
312 6.38671875000000e-01 4.07901763916016e-01
313 6.53808593750000e-01 4.27465677261353e-01
314 6.36718750000000e-01 4.05410766601562e-01
315 5.85937500000000e-01 3.43322753906250e-01
316 5.63476562500000e-01 3.17505836486816e-01
317 5.67871093750000e-01 3.22477579116821e-01
318 5.95214843750000e-01 3.54280710220337e-01
319 5.27343750000000e-01 2.78091430664062e-01
320 5.56152343750000e-01 3.09305429458618e-01
321 5.16113281250000e-01 2.66372919082642e-01
322 5.72753906250000e-01 3.28047037124634e-01
323 5.66406250000000e-01 3.20816040039062e-01
324 5.64941406250000e-01 3.19158792495728e-01
325 5.67871093750000e-01 3.22477579116821e-01
326 5.87890625000000e-01 3.45615386962891e-01
327 5.44921875000000e-01 2.96939849853516e-01
328 5.66894531250000e-01 3.21369409561157e-01
329 6.11816406250000e-01 3.74319314956665e-01
330 5.66894531250000e-01 3.21369409561157e-01
331 5.90332031250000e-01 3.48491907119751e-01
332 6.63085937500000e-01 4.39682960510254e-01
333 6.65527343750000e-01 4.42926645278931e-01
334 6.91894531250000e-01 4.78718042373657e-01
335 6.42089843750000e-01 4.12279367446899e-01
336 6.16210937500000e-01 3.79715919494629e-01
337 6.41113281250000e-01 4.11026239395142e-01
338 6.65039062500000e-01 4.42276954650879e-01
339 6.06445312500000e-01 3.67775917053223e-01
340 6.82128906250000e-01 4.65299844741821e-01
341 6.74316406250000e-01 4.54702615737915e-01
342 6.32812500000000e-01 4.00451660156250e-01
343 6.15234375000000e-01 3.78513336181641e-01
344 6.45996093750000e-01 4.17310953140259e-01
345 6.37695312500000e-01 4.06655311584473e-01
346 6.17187500000000e-01 3.80920410156250e-01
347 6.01074218750000e-01 3.61290216445923e-01
348 6.42089843750000e-01 4.12279367446899e-01
349 6.89941406250000e-01 4.76019144058228e-01
350 5.91796875000000e-01 3.50223541259766e-01
351 5.95214843750000e-01 3.54280710220337e-01
352 6.29394531250000e-01 3.96137475967407e-01
353 5.35644531250000e-01 2.86915063858032e-01
354 6.46484375000000e-01 4.17942047119141e-01
355 6.25976562500000e-01 3.91846656799316e-01
356 6.08886718750000e-01 3.70743036270142e-01
357 6.04003906250000e-01 3.64820718765259e-01
358 6.19628906250000e-01 3.83939981460571e-01
359 5.24902343750000e-01 2.75522470474243e-01
360 5.37597656250000e-01 2.89011240005493e-01
361 5.68359375000000e-01 3.23032379150391e-01
362 5.43457031250000e-01 2.95345544815063e-01
363 5.85937500000000e-01 3.43322753906250e-01
364 6.71875000000000e-01 4.51416015625000e-01
365 7.19238281250000e-01 5.17303705215454e-01
366 7.02636718750000e-01 4.93698358535767e-01
367 5.98632812500000e-01 3.58361244201660e-01
368 6.53320312500000e-01 4.26827430725098e-01
369 6.62109375000000e-01 4.38388824462891e-01
370 6.25488281250000e-01 3.91235589981079e-01
371 6.16699218750000e-01 3.80317926406860e-01
372 6.40625000000000e-01 4.10400390625000e-01
373 6.68945312500000e-01 4.47487831115723e-01
374 6.19628906250000e-01 3.83939981460571e-01
375 6.19628906250000e-01 3.83939981460571e-01
376 6.34765625000000e-01 4.02927398681641e-01
377 6.26953125000000e-01 3.93070220947266e-01
378 5.96679687500000e-01 3.56026649475098e-01
379 6.37695312500000e-01 4.06655311584473e-01
380 6.04003906250000e-01 3.64820718765259e-01
381 6.48925781250000e-01 4.21104669570923e-01
382 7.04101562500000e-01 4.95759010314941e-01
383 6.95312500000000e-01 4.83459472656250e-01
384 5.95703125000000e-01 3.54862213134766e-01
385 6.25976562500000e-01 3.91846656799316e-01
386 6.14746093750000e-01 3.77912759780884e-01
387 6.59667968750000e-01 4.35161828994751e-01
388 6.89453125000000e-01 4.75345611572266e-01
389 6.85058593750000e-01 4.69305276870728e-01
390 6.61621093750000e-01 4.37742471694946e-01
391 6.95800781250000e-01 4.84138727188110e-01
392 7.12890625000000e-01 5.08213043212891e-01
393 7.20214843750000e-01 5.18709421157837e-01
394 6.90917968750000e-01 4.77367639541626e-01
395 6.82617187500000e-01 4.65966224670410e-01
396 6.43554687500000e-01 4.14162635803223e-01
397 6.30371093750000e-01 3.97367715835571e-01
398 6.19140625000000e-01 3.83335113525391e-01
399 6.40136718750000e-01 4.09775018692017e-01
400 6.81640625000000e-01 4.64633941650391e-01
401 6.82617187500000e-01 4.65966224670410e-01
402 5.97656250000000e-01 3.57192993164062e-01
403 6.09375000000000e-01 3.71337890625000e-01
404 5.42968750000000e-01 2.94815063476562e-01
405 5.62011718750000e-01 3.15857172012329e-01
406 5.86425781250000e-01 3.43895196914673e-01
407 5.49316406250000e-01 3.01748514175415e-01
408 5.71777343750000e-01 3.26929330825806e-01
409 5.85449218750000e-01 3.42750787734985e-01
410 5.90820312500000e-01 3.49068641662598e-01
411 6.18652343750000e-01 3.82730722427368e-01
412 5.79101562500000e-01 3.35358619689941e-01
413 5.20996093750000e-01 2.71436929702759e-01
414 5.46875000000000e-01 2.99072265625000e-01
415 5.38574218750000e-01 2.90062189102173e-01
416 4.95605468750000e-01 2.45624780654907e-01
417 4.79492187500000e-01 2.29912757873535e-01
418 4.74609375000000e-01 2.25254058837891e-01
419 4.48242187500000e-01 2.00921058654785e-01
420 4.60937500000000e-01 2.12463378906250e-01
421 4.63867187500000e-01 2.15172767639160e-01
422 4.98535156250000e-01 2.48537302017212e-01
423 4.92187500000000e-01 2.42248535156250e-01
424 4.73632812500000e-01 2.24328041076660e-01
425 5.24902343750000e-01 2.75522470474243e-01
426 5.55175781250000e-01 3.08220148086548e-01
427 5.53710937500000e-01 3.06595802307129e-01
428 5.69335937500000e-01 3.24143409729004e-01
429 5.74218750000000e-01 3.29727172851562e-01
430 6.00585937500000e-01 3.60703468322754e-01
431 6.56738281250000e-01 4.31305170059204e-01
432 6.13281250000000e-01 3.76113891601562e-01
433 5.61035156250000e-01 3.14760446548462e-01
434 5.82519531250000e-01 3.39329004287720e-01
435 5.84960937500000e-01 3.42179298400879e-01
436 5.37109375000000e-01 2.88486480712891e-01
437 5.07812500000000e-01 2.57873535156250e-01
438 5.60546875000000e-01 3.14212799072266e-01
439 6.05468750000000e-01 3.66592407226562e-01
440 5.02441406250000e-01 2.52447366714478e-01
441 5.26855468750000e-01 2.77576684951782e-01
442 5.49316406250000e-01 3.01748514175415e-01
443 5.42968750000000e-01 2.94815063476562e-01
444 4.84375000000000e-01 2.34619140625000e-01
445 5.18554687500000e-01 2.68898963928223e-01
446 5.48339843750000e-01 3.00676584243774e-01
447 5.99609375000000e-01 3.59531402587891e-01
448 5.74707031250000e-01 3.30288171768188e-01
449 5.31738281250000e-01 2.82745599746704e-01
450 5.91796875000000e-01 3.50223541259766e-01
451 5.89355468750000e-01 3.47339868545532e-01
452 6.07421875000000e-01 3.68961334228516e-01
453 6.30371093750000e-01 3.97367715835571e-01
454 5.98632812500000e-01 3.58361244201660e-01
455 6.34765625000000e-01 4.02927398681641e-01
456 5.94726562500000e-01 3.53699684143066e-01
457 6.12792968750000e-01 3.75515222549438e-01
458 6.17187500000000e-01 3.80920410156250e-01
459 5.82031250000000e-01 3.38760375976562e-01
460 5.76171875000000e-01 3.31974029541016e-01
461 5.75683593750000e-01 3.31411600112915e-01
462 5.70800781250000e-01 3.25813531875610e-01
463 5.55664062500000e-01 3.08762550354004e-01
464 6.29882812500000e-01 3.96752357482910e-01
465 6.58203125000000e-01 4.33231353759766e-01
466 6.46972656250000e-01 4.18573617935181e-01
467 5.35156250000000e-01 2.86392211914062e-01
468 5.14648437500000e-01 2.64863014221191e-01
469 5.38574218750000e-01 2.90062189102173e-01
470 5.00488281250000e-01 2.50488519668579e-01
471 4.85839843750000e-01 2.36040353775024e-01
472 5.25878906250000e-01 2.76548624038696e-01
473 5.32714843750000e-01 2.83785104751587e-01
474 5.70312500000000e-01 3.25256347656250e-01
475 5.58593750000000e-01 3.12026977539062e-01
476 5.77148437500000e-01 3.33100318908691e-01
477 6.23046875000000e-01 3.88187408447266e-01
478 6.23046875000000e-01 3.88187408447266e-01
479 5.92285156250000e-01 3.50801706314087e-01
480 5.21972656250000e-01 2.72455453872681e-01
481 5.03906250000000e-01 2.53921508789062e-01
482 4.85839843750000e-01 2.36040353775024e-01
483 4.91210937500000e-01 2.41288185119629e-01
484 6.04980468750000e-01 3.66001367568970e-01
485 6.17675781250000e-01 3.81523370742798e-01
486 5.04394531250000e-01 2.54413843154907e-01
487 4.60937500000000e-01 2.12463378906250e-01
488 4.36523437500000e-01 1.90552711486816e-01
489 4.10644531250000e-01 1.68628931045532e-01
490 3.80859375000000e-01 1.45053863525391e-01
491 3.93554687500000e-01 1.54885292053223e-01
492 4.42382812500000e-01 1.95702552795410e-01
493 4.74609375000000e-01 2.25254058837891e-01
494 4.49218750000000e-01 2.01797485351562e-01
495 4.45800781250000e-01 1.98738336563110e-01
496 4.91699218750000e-01 2.41768121719360e-01
497 4.56542968750000e-01 2.08431482315063e-01
498 4.37988281250000e-01 1.91833734512329e-01
499 4.90722656250000e-01 2.40808725357056e-01
500 5.25878906250000e-01 2.76548624038696e-01
501 5.20019531250000e-01 2.70420312881470e-01
502 5.10742187500000e-01 2.60857582092285e-01
503 5.01464843750000e-01 2.51466989517212e-01
504 5.04882812500000e-01 2.54906654357910e-01
505 4.68261718750000e-01 2.19269037246704e-01
506 5.11718750000000e-01 2.61856079101562e-01
507 5.92285156250000e-01 3.50801706314087e-01
508 6.37207031250000e-01 4.06032800674438e-01
509 6.33789062500000e-01 4.01688575744629e-01
510 5.81542968750000e-01 3.38192224502563e-01
511 5.63964843750000e-01 3.18056344985962e-01
512 5.16113281250000e-01 2.66372919082642e-01
513 5.42968750000000e-01 2.94815063476562e-01
514 5.84960937500000e-01 3.42179298400879e-01
515 5.67871093750000e-01 3.22477579116821e-01
516 6.14746093750000e-01 3.77912759780884e-01
517 5.41992187500000e-01 2.93755531311035e-01
518 5.31250000000000e-01 2.82226562500000e-01
519 5.62988281250000e-01 3.16955804824829e-01
520 5.23925781250000e-01 2.74498224258423e-01
521 4.95605468750000e-01 2.45624780654907e-01
522 4.52148437500000e-01 2.04438209533691e-01
523 4.92187500000000e-01 2.42248535156250e-01
524 4.58984375000000e-01 2.10666656494141e-01
525 4.66796875000000e-01 2.17899322509766e-01
526 3.60839843750000e-01 1.30205392837524e-01
527 3.53027343750000e-01 1.24628305435181e-01
528 3.06640625000000e-01 9.40284729003906e-02
529 3.25683593750000e-01 1.06069803237915e-01
530 3.15429687500000e-01 9.94958877563477e-02
531 2.16796875000000e-01 4.70008850097656e-02
532 2.64648437500000e-01 7.00387954711914e-02
533 3.17871093750000e-01 1.01042032241821e-01
534 2.57324218750000e-01 6.62157535552979e-02
535 1.74804687500000e-01 3.05566787719727e-02
536 1.55273437500000e-01 2.41098403930664e-02
537 2.11425781250000e-01 4.47008609771729e-02
538 1.73828125000000e-01 3.02162170410156e-02
539 2.01171875000000e-01 4.04701232910156e-02
540 2.12402343750000e-01 4.51147556304932e-02
541 2.61718750000000e-01 6.84967041015625e-02
542 3.10546875000000e-01 9.64393615722656e-02
543 3.52539062500000e-01 1.24283790588379e-01
544 3.29589843750000e-01 1.08629465103149e-01
545 3.47656250000000e-01 1.20864868164062e-01
546 3.59863281250000e-01 1.29501581192017e-01
547 3.49609375000000e-01 1.22226715087891e-01
548 3.49121093750000e-01 1.21885538101196e-01
549 2.83203125000000e-01 8.02040100097656e-02
550 3.54492187500000e-01 1.25664710998535e-01
551 3.48632812500000e-01 1.21544837951660e-01
552 3.11523437500000e-01 9.70468521118164e-02
553 2.74414062500000e-01 7.53030776977539e-02
554 3.53515625000000e-01 1.24973297119141e-01
555 3.16406250000000e-01 1.00112915039062e-01
556 2.84179687500000e-01 8.07580947875977e-02
557 4.01367187500000e-01 1.61095619201660e-01
558 3.88183593750000e-01 1.50686502456665e-01
559 3.77441406250000e-01 1.42462015151978e-01
560 4.07714843750000e-01 1.66231393814087e-01
561 4.20410156250000e-01 1.76744699478149e-01
562 4.04296875000000e-01 1.63455963134766e-01
563 3.81835937500000e-01 1.45798683166504e-01
564 3.95996093750000e-01 1.56812906265259e-01
565 3.73046875000000e-01 1.39163970947266e-01
566 4.26269531250000e-01 1.81705713272095e-01
567 4.03320312500000e-01 1.62667274475098e-01
568 4.00390625000000e-01 1.60312652587891e-01
569 4.39941406250000e-01 1.93548440933228e-01
570 3.81347656250000e-01 1.45426034927368e-01
571 4.13574218750000e-01 1.71043634414673e-01
572 4.29687500000000e-01 1.84631347656250e-01
573 3.46191406250000e-01 1.19848489761353e-01
574 3.35449218750000e-01 1.12526178359985e-01
575 2.86621093750000e-01 8.21516513824463e-02
576 2.45605468750000e-01 6.03220462799072e-02
577 2.12402343750000e-01 4.51147556304932e-02
578 2.72460937500000e-01 7.42349624633789e-02
579 3.73535156250000e-01 1.39528512954712e-01
580 3.68164062500000e-01 1.35544776916504e-01
581 4.04296875000000e-01 1.63455963134766e-01
582 3.06152343750000e-01 9.37292575836182e-02
583 3.53515625000000e-01 1.24973297119141e-01
584 4.05761718750000e-01 1.64642572402954e-01
585 3.67187500000000e-01 1.34826660156250e-01
586 3.63281250000000e-01 1.31973266601562e-01
587 4.06738281250000e-01 1.65436029434204e-01
588 4.70703125000000e-01 2.21561431884766e-01
589 5.15136718750000e-01 2.65365839004517e-01
590 4.37988281250000e-01 1.91833734512329e-01
591 3.98437500000000e-01 1.58752441406250e-01
592 4.23339843750000e-01 1.79216623306274e-01
593 4.06250000000000e-01 1.65039062500000e-01
594 4.65332031250000e-01 2.16533899307251e-01
595 5.06835937500000e-01 2.56882667541504e-01
596 4.67285156250000e-01 2.18355417251587e-01
597 4.88769531250000e-01 2.38895654678345e-01
598 5.20019531250000e-01 2.70420312881470e-01
599 5.46386718750000e-01 2.98538446426392e-01
600 5.57617187500000e-01 3.10936927795410e-01
601 4.81445312500000e-01 2.31789588928223e-01
602 5.23925781250000e-01 2.74498224258423e-01
603 4.84375000000000e-01 2.34619140625000e-01
604 5.79101562500000e-01 3.35358619689941e-01
605 5.66894531250000e-01 3.21369409561157e-01
606 5.51757812500000e-01 3.04436683654785e-01
607 4.93652343750000e-01 2.43692636489868e-01
608 5.47363281250000e-01 2.99606561660767e-01
609 5.37109375000000e-01 2.88486480712891e-01
610 5.16113281250000e-01 2.66372919082642e-01
611 4.12109375000000e-01 1.69834136962891e-01
612 3.86718750000000e-01 1.49551391601562e-01
613 4.34570312500000e-01 1.88851356506348e-01
614 4.12109375000000e-01 1.69834136962891e-01
615 3.82812500000000e-01 1.46545410156250e-01
616 4.14062500000000e-01 1.71447753906250e-01
617 4.74609375000000e-01 2.25254058837891e-01
618 4.33105468750000e-01 1.87580347061157e-01
619 4.75585937500000e-01 2.26181983947754e-01
620 5.11718750000000e-01 2.61856079101562e-01
621 5.05371093750000e-01 2.55399942398071e-01
622 4.55078125000000e-01 2.07096099853516e-01
623 3.84277343750000e-01 1.47669076919556e-01
624 3.98925781250000e-01 1.59141778945923e-01
625 4.81933593750000e-01 2.32259988784790e-01
626 4.95117187500000e-01 2.45141029357910e-01
627 5.15136718750000e-01 2.65365839004517e-01
628 4.79980468750000e-01 2.30381250381470e-01
629 4.89257812500000e-01 2.39373207092285e-01
630 4.46289062500000e-01 1.99173927307129e-01
631 4.39941406250000e-01 1.93548440933228e-01
632 4.51660156250000e-01 2.03996896743774e-01
633 3.75000000000000e-01 1.40625000000000e-01
634 4.34082031250000e-01 1.88427209854126e-01
635 3.77441406250000e-01 1.42462015151978e-01
636 4.12597656250000e-01 1.70236825942993e-01
637 4.26269531250000e-01 1.81705713272095e-01
638 4.19921875000000e-01 1.76334381103516e-01
639 4.38964843750000e-01 1.92690134048462e-01
640 4.56542968750000e-01 2.08431482315063e-01
641 5.03417968750000e-01 2.53429651260376e-01
642 4.99023437500000e-01 2.49024391174316e-01
643 6.10351562500000e-01 3.72529029846191e-01
644 6.25000000000000e-01 3.90625000000000e-01
645 6.12304687500000e-01 3.74917030334473e-01
646 6.58691406250000e-01 4.33874368667603e-01
647 5.96191406250000e-01 3.55444192886353e-01
648 5.25390625000000e-01 2.76035308837891e-01
649 6.00585937500000e-01 3.60703468322754e-01
650 5.82031250000000e-01 3.38760375976562e-01
651 6.22070312500000e-01 3.86971473693848e-01
652 5.58593750000000e-01 3.12026977539062e-01
653 4.08691406250000e-01 1.67028665542603e-01
654 4.07714843750000e-01 1.66231393814087e-01
655 3.83789062500000e-01 1.47294044494629e-01
656 3.99414062500000e-01 1.59531593322754e-01
657 3.85253906250000e-01 1.48420572280884e-01
658 4.09667968750000e-01 1.67827844619751e-01
659 3.18847656250000e-01 1.01663827896118e-01
660 2.47558593750000e-01 6.12852573394775e-02
661 2.73437500000000e-01 7.47680664062500e-02
662 3.48144531250000e-01 1.21204614639282e-01
663 4.17480468750000e-01 1.74289941787720e-01
664 4.51660156250000e-01 2.03996896743774e-01
665 4.93164062500000e-01 2.43210792541504e-01
666 5.05371093750000e-01 2.55399942398071e-01
667 5.21972656250000e-01 2.72455453872681e-01
668 4.72656250000000e-01 2.23403930664062e-01
669 4.27734375000000e-01 1.82956695556641e-01
670 4.41894531250000e-01 1.95270776748657e-01
671 4.21386718750000e-01 1.77566766738892e-01
672 4.33105468750000e-01 1.87580347061157e-01
673 5.06835937500000e-01 2.56882667541504e-01
674 4.33105468750000e-01 1.87580347061157e-01
675 4.37988281250000e-01 1.91833734512329e-01
676 4.03320312500000e-01 1.62667274475098e-01
677 3.29589843750000e-01 1.08629465103149e-01
678 3.84277343750000e-01 1.47669076919556e-01
679 3.34960937500000e-01 1.12198829650879e-01
680 3.52539062500000e-01 1.24283790588379e-01
681 3.01269531250000e-01 9.07633304595947e-02
682 2.20214843750000e-01 4.84945774078369e-02
683 2.45605468750000e-01 6.03220462799072e-02
684 2.84179687500000e-01 8.07580947875977e-02
685 3.10058593750000e-01 9.61363315582275e-02
686 3.47656250000000e-01 1.20864868164062e-01
687 3.48144531250000e-01 1.21204614639282e-01
688 2.75390625000000e-01 7.58399963378906e-02
689 2.95410156250000e-01 8.72671604156494e-02
690 3.16894531250000e-01 1.00422143936157e-01
691 3.62304687500000e-01 1.31264686584473e-01
692 4.67773437500000e-01 2.18811988830566e-01
693 4.78515625000000e-01 2.28977203369141e-01
694 4.40429687500000e-01 1.93978309631348e-01
695 4.44824218750000e-01 1.97868585586548e-01
696 4.90234375000000e-01 2.40329742431641e-01
697 5.03417968750000e-01 2.53429651260376e-01
698 5.43457031250000e-01 2.95345544815063e-01
699 5.65429687500000e-01 3.19710731506348e-01
700 5.57617187500000e-01 3.10936927795410e-01
701 5.69335937500000e-01 3.24143409729004e-01
702 5.43457031250000e-01 2.95345544815063e-01
703 5.07812500000000e-01 2.57873535156250e-01
704 4.78515625000000e-01 2.28977203369141e-01
705 4.65820312500000e-01 2.16988563537598e-01
706 4.71191406250000e-01 2.22021341323853e-01
707 5.44433593750000e-01 2.96407938003540e-01
708 4.73144531250000e-01 2.23865747451782e-01
709 5.04394531250000e-01 2.54413843154907e-01
710 4.23339843750000e-01 1.79216623306274e-01
711 3.48144531250000e-01 1.21204614639282e-01
712 4.04296875000000e-01 1.63455963134766e-01
713 4.13574218750000e-01 1.71043634414673e-01
714 3.55957031250000e-01 1.26705408096313e-01
715 3.51562500000000e-01 1.23596191406250e-01
716 4.19433593750000e-01 1.75924539566040e-01
717 3.21289062500000e-01 1.03226661682129e-01
718 3.67187500000000e-01 1.34826660156250e-01
719 4.51660156250000e-01 2.03996896743774e-01
720 4.57031250000000e-01 2.08877563476562e-01
721 4.41894531250000e-01 1.95270776748657e-01
722 4.37500000000000e-01 1.91406250000000e-01
723 4.79492187500000e-01 2.29912757873535e-01
724 4.63867187500000e-01 2.15172767639160e-01
725 3.76953125000000e-01 1.42093658447266e-01
726 3.39843750000000e-01 1.15493774414062e-01
727 3.53515625000000e-01 1.24973297119141e-01
728 3.31054687500000e-01 1.09597206115723e-01
729 3.28125000000000e-01 1.07666015625000e-01
730 2.88085937500000e-01 8.29935073852539e-02
731 2.62207031250000e-01 6.87525272369385e-02
732 2.02148437500000e-01 4.08639907836914e-02
733 2.06542968750000e-01 4.26599979400635e-02
734 1.14257812500000e-01 1.30548477172852e-02
735 1.87011718750000e-01 3.49733829498291e-02
736 1.37695312500000e-01 1.89599990844727e-02
737 1.56250000000000e-01 2.44140625000000e-02
738 1.61132812500000e-01 2.59637832641602e-02
739 1.60644531250000e-01 2.58066654205322e-02
740 1.52343750000000e-01 2.32086181640625e-02
741 1.66503906250000e-01 2.77235507965088e-02
742 1.67968750000000e-01 2.82135009765625e-02
743 1.63085937500000e-01 2.65970230102539e-02
744 1.67480468750000e-01 2.80497074127197e-02
745 1.59179687500000e-01 2.53381729125977e-02
746 1.58691406250000e-01 2.51829624176025e-02
747 1.61132812500000e-01 2.59637832641602e-02
748 1.77246093750000e-01 3.14161777496338e-02
749 1.64550781250000e-01 2.70769596099854e-02
750 1.30371093750000e-01 1.69966220855713e-02
751 6.64062500000000e-02 4.40979003906250e-03
752 1.39160156250000e-01 1.93655490875244e-02
753 1.21093750000000e-01 1.46636962890625e-02
754 7.03125000000000e-02 4.94384765625000e-03
755 1.27441406250000e-01 1.62413120269775e-02
756 1.24511718750000e-01 1.55031681060791e-02
757 1.08398437500000e-01 1.17502212524414e-02
758 1.18652343750000e-01 1.40783786773682e-02
759 1.41601562500000e-01 2.00510025024414e-02
760 1.95800781250000e-01 3.83379459381104e-02
761 2.15820312500000e-01 4.65784072875977e-02
762 2.29492187500000e-01 5.26666641235352e-02
763 2.30957031250000e-01 5.33411502838135e-02
764 2.34863281250000e-01 5.51607608795166e-02
765 2.84667968750000e-01 8.10358524322510e-02
766 2.84667968750000e-01 8.10358524322510e-02
767 3.69140625000000e-01 1.36264801025391e-01
768 3.55468750000000e-01 1.26358032226562e-01
769 3.10058593750000e-01 9.61363315582275e-02
770 2.20214843750000e-01 4.84945774078369e-02
771 2.09472656250000e-01 4.38787937164307e-02
772 2.06542968750000e-01 4.26599979400635e-02
773 2.03125000000000e-01 4.12597656250000e-02
774 2.03613281250000e-01 4.14583683013916e-02
775 2.44140625000000e-01 5.96046447753906e-02
776 2.57812500000000e-01 6.64672851562500e-02
777 2.39746093750000e-01 5.74781894683838e-02
778 2.43164062500000e-01 5.91287612915039e-02
779 3.54980468750000e-01 1.26011133193970e-01
780 3.26171875000000e-01 1.06388092041016e-01
781 3.20800781250000e-01 1.02913141250610e-01
782 3.43750000000000e-01 1.18164062500000e-01
783 4.40917968750000e-01 1.94408655166626e-01
784 4.47265625000000e-01 2.00046539306641e-01
785 5.04882812500000e-01 2.54906654357910e-01
786 4.90234375000000e-01 2.40329742431641e-01
787 5.62011718750000e-01 3.15857172012329e-01
788 5.18066406250000e-01 2.68392801284790e-01
789 4.84863281250000e-01 2.35092401504517e-01
790 3.93554687500000e-01 1.54885292053223e-01
791 4.18945312500000e-01 1.75515174865723e-01
792 4.21386718750000e-01 1.77566766738892e-01
793 4.21386718750000e-01 1.77566766738892e-01
794 3.79394531250000e-01 1.43940210342407e-01
795 3.96484375000000e-01 1.57199859619141e-01
796 3.86230468750000e-01 1.49173974990845e-01
797 3.61328125000000e-01 1.30558013916016e-01
798 4.08691406250000e-01 1.67028665542603e-01
799 4.35546875000000e-01 1.89701080322266e-01
800 3.84277343750000e-01 1.47669076919556e-01
801 3.70117187500000e-01 1.36986732482910e-01
802 3.74511718750000e-01 1.40259027481079e-01
803 3.36914062500000e-01 1.13511085510254e-01
804 3.73046875000000e-01 1.39163970947266e-01
805 3.87207031250000e-01 1.49929285049438e-01
806 3.91601562500000e-01 1.53351783752441e-01
807 3.86718750000000e-01 1.49551391601562e-01
808 3.45703125000000e-01 1.19510650634766e-01
809 2.93945312500000e-01 8.64038467407227e-02
810 3.06640625000000e-01 9.40284729003906e-02
811 3.12011718750000e-01 9.73513126373291e-02
812 3.23730468750000e-01 1.04801416397095e-01
813 3.33496093750000e-01 1.11219644546509e-01
814 3.71093750000000e-01 1.37710571289062e-01
815 3.89648437500000e-01 1.51825904846191e-01
816 4.36035156250000e-01 1.90126657485962e-01
817 4.53613281250000e-01 2.05765008926392e-01
818 4.55566406250000e-01 2.07540750503540e-01
819 4.43359375000000e-01 1.96567535400391e-01
820 4.49707031250000e-01 2.02236413955688e-01
821 4.70214843750000e-01 2.21101999282837e-01
822 4.11132812500000e-01 1.69030189514160e-01
823 4.47265625000000e-01 2.00046539306641e-01
824 4.50683593750000e-01 2.03115701675415e-01
825 4.25292968750000e-01 1.80874109268188e-01
826 3.80371093750000e-01 1.44682168960571e-01
827 2.73925781250000e-01 7.50353336334229e-02
828 2.17285156250000e-01 4.72128391265869e-02
829 1.58691406250000e-01 2.51829624176025e-02
830 1.76269531250000e-01 3.10709476470947e-02
831 1.94335937500000e-01 3.77664566040039e-02
832 1.62597656250000e-01 2.64379978179932e-02
833 1.86523437500000e-01 3.47909927368164e-02
834 1.26953125000000e-01 1.61170959472656e-02
835 1.49414062500000e-01 2.23245620727539e-02
836 2.53906250000000e-01 6.44683837890625e-02
837 1.57714843750000e-01 2.48739719390869e-02
838 1.43554687500000e-01 2.06079483032227e-02
839 1.18652343750000e-01 1.40783786773682e-02
840 1.42089843750000e-01 2.01895236968994e-02
841 1.60644531250000e-01 2.58066654205322e-02
842 9.91210937500000e-02 9.82499122619629e-03
843 1.26464843750000e-01 1.59933567047119e-02
844 1.38183593750000e-01 1.90947055816650e-02
845 1.42089843750000e-01 2.01895236968994e-02
846 1.89941406250000e-01 3.60777378082275e-02
847 1.94335937500000e-01 3.77664566040039e-02
848 1.91406250000000e-01 3.66363525390625e-02
849 2.08007812500000e-01 4.32672500610352e-02
850 1.36718750000000e-01 1.86920166015625e-02
851 1.59179687500000e-01 2.53381729125977e-02
852 1.37695312500000e-01 1.89599990844727e-02
853 1.04492187500000e-01 1.09186172485352e-02
854 6.00585937500000e-02 3.60703468322754e-03
855 1.15234375000000e-01 1.32789611816406e-02
856 9.17968750000000e-02 8.42666625976562e-03
857 5.85937500000000e-03 3.43322753906250e-05
858 3.90625000000000e-03 1.52587890625000e-05
859 5.46875000000000e-02 2.99072265625000e-03
860 1.01562500000000e-01 1.03149414062500e-02
861 4.93164062500000e-02 2.43210792541504e-03
862 6.88476562500000e-02 4.73999977111816e-03
863 1.25488281250000e-01 1.57473087310791e-02
864 1.09375000000000e-01 1.19628906250000e-02
865 9.66796875000000e-02 9.34696197509766e-03
866 6.59179687500000e-02 4.34517860412598e-03
867 5.51757812500000e-02 3.04436683654785e-03
868 1.46484375000000e-03 2.14576721191406e-06
869 6.20117187500000e-02 3.84545326232910e-03
870 4.39453125000000e-03 1.93119049072266e-05
871 1.07421875000000e-02 1.15394592285156e-04
872 1.12304687500000e-02 1.26123428344727e-04
873 2.73437500000000e-02 7.47680664062500e-04
874 1.46484375000000e-02 2.14576721191406e-04
875 1.75781250000000e-02 3.08990478515625e-04
876 3.22265625000000e-02 1.03855133056641e-03
877 2.24609375000000e-02 5.04493713378906e-04
878 2.44140625000000e-03 5.96046447753906e-06
879 2.05078125000000e-02 4.20570373535156e-04
880 7.17773437500000e-02 5.15198707580566e-03
881 4.83398437500000e-02 2.33674049377441e-03
882 7.12890625000000e-02 5.08213043212891e-03
883 2.92968750000000e-03 8.58306884765625e-06
884 1.31835937500000e-02 1.73807144165039e-04
885 3.90625000000000e-02 1.52587890625000e-03
886 1.36718750000000e-02 1.86920166015625e-04
887 3.61328125000000e-02 1.30558013916016e-03
888 5.81054687500000e-02 3.37624549865723e-03
889 7.03125000000000e-02 4.94384765625000e-03
890 3.95507812500000e-02 1.56426429748535e-03
891 6.73828125000000e-02 4.54044342041016e-03
892 2.73437500000000e-02 7.47680664062500e-04
893 1.66015625000000e-02 2.75611877441406e-04
894 6.25000000000000e-02 3.90625000000000e-03
895 3.17382812500000e-02 1.00731849670410e-03
896 7.17773437500000e-02 5.15198707580566e-03
897 6.93359375000000e-02 4.80747222900391e-03
898 1.29394531250000e-01 1.67429447174072e-02
899 1.45996093750000e-01 2.13148593902588e-02
900 2.15820312500000e-01 4.65784072875977e-02
901 2.31933593750000e-01 5.37931919097900e-02
902 1.92871093750000e-01 3.71992588043213e-02
903 2.58789062500000e-01 6.69717788696289e-02
904 2.86621093750000e-01 8.21516513824463e-02
905 3.51562500000000e-01 1.23596191406250e-01
906 3.54492187500000e-01 1.25664710998535e-01
907 3.11035156250000e-01 9.67428684234619e-02
908 3.11523437500000e-01 9.70468521118164e-02
909 3.67675781250000e-01 1.35185480117798e-01
910 2.88085937500000e-01 8.29935073852539e-02
911 2.79296875000000e-01 7.80067443847656e-02
912 2.04101562500000e-01 4.16574478149414e-02
913 2.40722656250000e-01 5.79473972320557e-02
914 2.16796875000000e-01 4.70008850097656e-02
915 1.37207031250000e-01 1.88257694244385e-02
916 1.02050781250000e-01 1.04143619537354e-02
917 1.28417968750000e-01 1.64911746978760e-02
918 1.61132812500000e-01 2.59637832641602e-02
919 1.95312500000000e-01 3.81469726562500e-02
920 1.75292968750000e-01 3.07276248931885e-02
921 1.80175781250000e-01 3.24633121490479e-02
922 1.58691406250000e-01 2.51829624176025e-02
923 1.51855468750000e-01 2.30600833892822e-02
924 1.32812500000000e-01 1.76391601562500e-02
925 1.38183593750000e-01 1.90947055816650e-02
926 1.60156250000000e-01 2.56500244140625e-02
927 2.15332031250000e-01 4.63678836822510e-02
928 2.80273437500000e-01 7.85531997680664e-02
929 2.77343750000000e-01 7.69195556640625e-02
930 2.74414062500000e-01 7.53030776977539e-02
931 2.68066406250000e-01 7.18595981597900e-02
932 3.48144531250000e-01 1.21204614639282e-01
933 3.38378906250000e-01 1.14500284194946e-01
934 3.12500000000000e-01 9.76562500000000e-02
935 3.13964843750000e-01 9.85739231109619e-02
936 3.46679687500000e-01 1.20186805725098e-01
937 4.14550781250000e-01 1.71852350234985e-01
938 3.43750000000000e-01 1.18164062500000e-01
939 3.06640625000000e-01 9.40284729003906e-02
940 2.83691406250000e-01 8.04808139801025e-02
941 2.87597656250000e-01 8.27124118804932e-02
942 2.45605468750000e-01 6.03220462799072e-02
943 3.16406250000000e-01 1.00112915039062e-01
944 4.08691406250000e-01 1.67028665542603e-01
945 3.80859375000000e-01 1.45053863525391e-01
946 4.10644531250000e-01 1.68628931045532e-01
947 4.15039062500000e-01 1.72257423400879e-01
948 4.83886718750000e-01 2.34146356582642e-01
949 4.52636718750000e-01 2.04879999160767e-01
950 4.34570312500000e-01 1.88851356506348e-01
951 4.56054687500000e-01 2.07985877990723e-01
952 4.67285156250000e-01 2.18355417251587e-01
953 5.26367187500000e-01 2.77062416076660e-01
954 5.20019531250000e-01 2.70420312881470e-01
955 4.44824218750000e-01 1.97868585586548e-01
956 4.59472656250000e-01 2.11115121841431e-01
957 4.62402343750000e-01 2.13815927505493e-01
958 4.37500000000000e-01 1.91406250000000e-01
959 4.64355468750000e-01 2.15626001358032e-01
960 4.37988281250000e-01 1.91833734512329e-01
961 3.84277343750000e-01 1.47669076919556e-01
962 4.16503906250000e-01 1.73475503921509e-01
963 4.06738281250000e-01 1.65436029434204e-01
964 4.04785156250000e-01 1.63851022720337e-01
965 3.94531250000000e-01 1.55654907226562e-01
966 3.84277343750000e-01 1.47669076919556e-01
967 4.17968750000000e-01 1.74697875976562e-01
968 3.95507812500000e-01 1.56426429748535e-01
969 4.76562500000000e-01 2.27111816406250e-01
970 4.84863281250000e-01 2.35092401504517e-01
971 4.28222656250000e-01 1.83374643325806e-01
972 4.06738281250000e-01 1.65436029434204e-01
973 4.34570312500000e-01 1.88851356506348e-01
974 4.41894531250000e-01 1.95270776748657e-01
975 4.21875000000000e-01 1.77978515625000e-01
976 3.70605468750000e-01 1.37348413467407e-01
977 3.46679687500000e-01 1.20186805725098e-01
978 3.70117187500000e-01 1.36986732482910e-01
979 4.37011718750000e-01 1.90979242324829e-01
980 4.89257812500000e-01 2.39373207092285e-01
981 4.77050781250000e-01 2.27577447891235e-01
982 4.42382812500000e-01 1.95702552795410e-01
983 5.32226562500000e-01 2.83265113830566e-01
984 5.43945312500000e-01 2.95876502990723e-01
985 5.44921875000000e-01 2.96939849853516e-01
986 5.83007812500000e-01 3.39898109436035e-01
987 5.55664062500000e-01 3.08762550354004e-01
988 5.45898437500000e-01 2.98005104064941e-01
989 5.52246093750000e-01 3.04975748062134e-01
990 5.79101562500000e-01 3.35358619689941e-01
991 5.82519531250000e-01 3.39329004287720e-01
992 6.19628906250000e-01 3.83939981460571e-01
993 6.61621093750000e-01 4.37742471694946e-01
994 6.66992187500000e-01 4.44878578186035e-01
995 6.55273437500000e-01 4.29383277893066e-01
996 6.52832031250000e-01 4.26189661026001e-01
997 6.66015625000000e-01 4.43576812744141e-01
998 6.63085937500000e-01 4.39682960510254e-01
999 7.24121093750000e-01 5.24351358413696e-01
