0 5.33691406250000e-01 2.84826517105103e-01
1 5.50292968750000e-01 3.02822351455688e-01
2 5.47851562500000e-01 3.00141334533691e-01
3 5.54687500000000e-01 3.07678222656250e-01
4 5.30761718750000e-01 2.81708002090454e-01
5 4.73632812500000e-01 2.24328041076660e-01
6 4.80957031250000e-01 2.31319665908813e-01
7 5.49316406250000e-01 3.01748514175415e-01
8 4.19921875000000e-01 1.76334381103516e-01
9 4.49218750000000e-01 2.01797485351562e-01
10 4.12109375000000e-01 1.69834136962891e-01
11 3.76464843750000e-01 1.41725778579712e-01
12 3.56933593750000e-01 1.27401590347290e-01
13 2.95898437500000e-01 8.75558853149414e-02
14 2.68554687500000e-01 7.21216201782227e-02
15 2.40722656250000e-01 5.79473972320557e-02
16 2.80761718750000e-01 7.88271427154541e-02
17 3.09082031250000e-01 9.55317020416260e-02
18 1.89453125000000e-01 3.58924865722656e-02
19 2.43164062500000e-01 5.91287612915039e-02
20 2.64160156250000e-01 6.97805881500244e-02
21 3.22753906250000e-01 1.04170083999634e-01
22 3.28125000000000e-01 1.07666015625000e-01
23 3.38378906250000e-01 1.14500284194946e-01
24 3.67187500000000e-01 1.34826660156250e-01
25 3.37890625000000e-01 1.14170074462891e-01
26 3.35449218750000e-01 1.12526178359985e-01
27 3.55468750000000e-01 1.26358032226562e-01
28 2.48046875000000e-01 6.15272521972656e-02
29 2.35351562500000e-01 5.53903579711914e-02
30 2.09472656250000e-01 4.38787937164307e-02
31 2.03125000000000e-01 4.12597656250000e-02
32 2.76367187500000e-01 7.63788223266602e-02
33 2.98828125000000e-01 8.92982482910156e-02
34 2.79785156250000e-01 7.82797336578369e-02
35 2.98339843750000e-01 8.90066623687744e-02
36 2.53417968750000e-01 6.42206668853760e-02
37 2.25097656250000e-01 5.06689548492432e-02
38 2.54882812500000e-01 6.49652481079102e-02
39 2.98339843750000e-01 8.90066623687744e-02
40 2.51464843750000e-01 6.32345676422119e-02
41 2.87109375000000e-01 8.24317932128906e-02
42 3.28125000000000e-01 1.07666015625000e-01
43 2.47558593750000e-01 6.12852573394775e-02
44 2.31445312500000e-01 5.35669326782227e-02
45 2.37792968750000e-01 5.65454959869385e-02
46 1.85546875000000e-01 3.44276428222656e-02
47 2.68066406250000e-01 7.18595981597900e-02
48 3.14941406250000e-01 9.91880893707275e-02
49 2.64160156250000e-01 6.97805881500244e-02
50 3.11523437500000e-01 9.70468521118164e-02
51 3.71582031250000e-01 1.38073205947876e-01
52 3.69628906250000e-01 1.36625528335571e-01
53 2.51953125000000e-01 6.34803771972656e-02
54 2.36816406250000e-01 5.60820102691650e-02
55 2.28515625000000e-01 5.22193908691406e-02
56 1.76269531250000e-01 3.10709476470947e-02
57 1.52343750000000e-01 2.32086181640625e-02
58 1.30371093750000e-01 1.69966220855713e-02
59 1.44042968750000e-01 2.07483768463135e-02
60 1.69433593750000e-01 2.87077426910400e-02
61 1.78710937500000e-01 3.19375991821289e-02
62 1.26953125000000e-01 1.61170959472656e-02
63 2.04101562500000e-01 4.16574478149414e-02
64 2.48535156250000e-01 6.17697238922119e-02
65 1.81640625000000e-01 3.29933166503906e-02
66 1.87988281250000e-01 3.53395938873291e-02
67 1.08398437500000e-01 1.17502212524414e-02
68 2.14355468750000e-01 4.59482669830322e-02
69 2.50488281250000e-01 6.27443790435791e-02
70 1.84082031250000e-01 3.38861942291260e-02
71 1.73339843750000e-01 3.00467014312744e-02
72 2.29492187500000e-01 5.26666641235352e-02
73 1.87011718750000e-01 3.49733829498291e-02
74 1.99707031250000e-01 3.98828983306885e-02
75 1.53320312500000e-01 2.35071182250977e-02
76 1.52832031250000e-01 2.33576297760010e-02
77 2.25585937500000e-01 5.08890151977539e-02
78 2.03613281250000e-01 4.14583683013916e-02
79 2.96386718750000e-01 8.78450870513916e-02
80 3.22265625000000e-01 1.03855133056641e-01
81 3.26171875000000e-01 1.06388092041016e-01
82 3.70117187500000e-01 1.36986732482910e-01
83 3.88671875000000e-01 1.51065826416016e-01
84 4.15527343750000e-01 1.72662973403931e-01
85 3.99414062500000e-01 1.59531593322754e-01
86 3.76953125000000e-01 1.42093658447266e-01
87 4.14550781250000e-01 1.71852350234985e-01
88 4.06250000000000e-01 1.65039062500000e-01
89 3.78906250000000e-01 1.43569946289062e-01
90 3.60351562500000e-01 1.29853248596191e-01
91 3.29589843750000e-01 1.08629465103149e-01
92 3.64746093750000e-01 1.33039712905884e-01
93 3.60351562500000e-01 1.29853248596191e-01
94 3.31054687500000e-01 1.09597206115723e-01
95 2.73437500000000e-01 7.47680664062500e-02
96 2.77832031250000e-01 7.71906375885010e-02
97 2.63671875000000e-01 6.95228576660156e-02
98 2.65625000000000e-01 7.05566406250000e-02
99 2.84179687500000e-01 8.07580947875977e-02
100 2.79785156250000e-01 7.82797336578369e-02
101 2.85156250000000e-01 8.13140869140625e-02
102 2.93945312500000e-01 8.64038467407227e-02
103 2.61230468750000e-01 6.82413578033447e-02
104 2.95898437500000e-01 8.75558853149414e-02
105 3.16894531250000e-01 1.00422143936157e-01
106 3.12500000000000e-01 9.76562500000000e-02
107 2.82714843750000e-01 7.99276828765869e-02
108 2.51464843750000e-01 6.32345676422119e-02
109 2.59277343750000e-01 6.72247409820557e-02
110 2.41210937500000e-01 5.81827163696289e-02
111 2.07031250000000e-01 4.28619384765625e-02
112 2.16308593750000e-01 4.67894077301025e-02
113 1.87500000000000e-01 3.51562500000000e-02
114 2.06542968750000e-01 4.26599979400635e-02
115 2.09472656250000e-01 4.38787937164307e-02
116 1.71386718750000e-01 2.93734073638916e-02
117 1.18164062500000e-01 1.39627456665039e-02
118 9.42382812500000e-02 8.88085365295410e-03
119 8.78906250000000e-02 7.72476196289062e-03
120 7.71484375000000e-02 5.95188140869141e-03
121 9.03320312500000e-02 8.15987586975098e-03
122 8.74023437500000e-02 7.63916969299316e-03
123 1.58203125000000e-01 2.50282287597656e-02
124 1.83105468750000e-01 3.35276126861572e-02
125 2.20214843750000e-01 4.84945774078369e-02
126 1.04003906250000e-01 1.08168125152588e-02
127 9.96093750000000e-02 9.92202758789062e-03
128 7.42187500000000e-02 5.50842285156250e-03
129 3.90625000000000e-02 1.52587890625000e-03
130 6.25000000000000e-02 3.90625000000000e-03
131 2.09960937500000e-02 4.40835952758789e-04
132 5.66406250000000e-02 3.20816040039062e-03
133 7.22656250000000e-02 5.22232055664062e-03
134 5.07812500000000e-02 2.57873535156250e-03
135 6.68945312500000e-02 4.47487831115723e-03
136 1.95312500000000e-03 3.81469726562500e-06
137 2.92968750000000e-02 8.58306884765625e-04
138 5.46875000000000e-02 2.99072265625000e-03
139 1.29394531250000e-01 1.67429447174072e-02
140 2.32910156250000e-01 5.42471408843994e-02
141 3.12011718750000e-01 9.73513126373291e-02
142 2.35351562500000e-01 5.53903579711914e-02
143 2.62695312500000e-01 6.90088272094727e-02
144 2.69042968750000e-01 7.23841190338135e-02
145 2.93457031250000e-01 8.61170291900635e-02
146 3.22265625000000e-01 1.03855133056641e-01
147 3.37402343750000e-01 1.13840341567993e-01
148 4.02832031250000e-01 1.62273645401001e-01
149 3.55957031250000e-01 1.26705408096313e-01
150 4.06250000000000e-01 1.65039062500000e-01
151 4.22363281250000e-01 1.78390741348267e-01
152 4.51660156250000e-01 2.03996896743774e-01
153 4.71679687500000e-01 2.22481727600098e-01
154 4.85839843750000e-01 2.36040353775024e-01
155 4.30664062500000e-01 1.85471534729004e-01
156 4.12109375000000e-01 1.69834136962891e-01
157 3.88183593750000e-01 1.50686502456665e-01
158 4.12109375000000e-01 1.69834136962891e-01
159 4.09667968750000e-01 1.67827844619751e-01
160 4.27734375000000e-01 1.82956695556641e-01
161 4.21386718750000e-01 1.77566766738892e-01
162 3.73535156250000e-01 1.39528512954712e-01
163 4.08691406250000e-01 1.67028665542603e-01
164 4.08691406250000e-01 1.67028665542603e-01
165 4.21386718750000e-01 1.77566766738892e-01
166 4.26757812500000e-01 1.82122230529785e-01
167 4.27246093750000e-01 1.82539224624634e-01
168 4.42871093750000e-01 1.96134805679321e-01
169 4.37500000000000e-01 1.91406250000000e-01
170 4.43359375000000e-01 1.96567535400391e-01
171 4.47753906250000e-01 2.00483560562134e-01
172 5.23925781250000e-01 2.74498224258423e-01
173 5.59082031250000e-01 3.12572717666626e-01
174 6.04492187500000e-01 3.65410804748535e-01
175 5.27343750000000e-01 2.78091430664062e-01
176 5.17578125000000e-01 2.67887115478516e-01
177 5.52734375000000e-01 3.05515289306641e-01
178 4.97070312500000e-01 2.47078895568848e-01
179 4.44824218750000e-01 1.97868585586548e-01
180 4.89257812500000e-01 2.39373207092285e-01
181 4.94140625000000e-01 2.44174957275391e-01
182 4.92187500000000e-01 2.42248535156250e-01
183 4.69238281250000e-01 2.20184564590454e-01
184 4.71191406250000e-01 2.22021341323853e-01
185 4.70214843750000e-01 2.21101999282837e-01
186 4.58007812500000e-01 2.09771156311035e-01
187 4.81445312500000e-01 2.31789588928223e-01
188 5.28320312500000e-01 2.79122352600098e-01
189 5.56640625000000e-01 3.09848785400391e-01
190 5.27832031250000e-01 2.78606653213501e-01
191 5.39062500000000e-01 2.90588378906250e-01
192 5.65429687500000e-01 3.19710731506348e-01
193 5.59082031250000e-01 3.12572717666626e-01
194 5.54199218750000e-01 3.07136774063110e-01
195 5.60546875000000e-01 3.14212799072266e-01
196 5.96191406250000e-01 3.55444192886353e-01
197 5.85937500000000e-01 3.43322753906250e-01
198 5.71777343750000e-01 3.26929330825806e-01
199 6.00097656250000e-01 3.60117197036743e-01
200 5.79101562500000e-01 3.35358619689941e-01
201 5.15136718750000e-01 2.65365839004517e-01
202 6.01074218750000e-01 3.61290216445923e-01
203 6.22558593750000e-01 3.87579202651978e-01
204 5.43457031250000e-01 2.95345544815063e-01
205 5.15136718750000e-01 2.65365839004517e-01
206 5.57128906250000e-01 3.10392618179321e-01
207 5.62011718750000e-01 3.15857172012329e-01
208 5.98144531250000e-01 3.57776880264282e-01
209 5.63964843750000e-01 3.18056344985962e-01
210 5.45898437500000e-01 2.98005104064941e-01
211 6.07910156250000e-01 3.69554758071899e-01
212 6.63574218750000e-01 4.40330743789673e-01
213 6.98242187500000e-01 4.87542152404785e-01
214 6.45507812500000e-01 4.16680335998535e-01
215 6.43066406250000e-01 4.13534402847290e-01
216 6.89453125000000e-01 4.75345611572266e-01
217 6.81152343750000e-01 4.63968515396118e-01
218 7.01171875000000e-01 4.91641998291016e-01
219 6.67480468750000e-01 4.45530176162720e-01
220 7.25097656250000e-01 5.25766611099243e-01
221 7.66601562500000e-01 5.87677955627441e-01
222 7.40722656250000e-01 5.48670053482056e-01
223 7.29492187500000e-01 5.32158851623535e-01
224 7.61718750000000e-01 5.80215454101562e-01
225 7.47558593750000e-01 5.58843851089478e-01
226 7.20703125000000e-01 5.19412994384766e-01
227 7.39746093750000e-01 5.47224283218384e-01
228 7.47558593750000e-01 5.58843851089478e-01
229 7.20703125000000e-01 5.19412994384766e-01
230 6.24023437500000e-01 3.89405250549316e-01
231 6.57714843750000e-01 4.32588815689087e-01
232 6.92871093750000e-01 4.80070352554321e-01
233 6.80664062500000e-01 4.63303565979004e-01
234 6.29882812500000e-01 3.96752357482910e-01
235 5.82519531250000e-01 3.39329004287720e-01
236 5.62500000000000e-01 3.16406250000000e-01
237 5.54687500000000e-01 3.07678222656250e-01
238 6.44531250000000e-01 4.15420532226562e-01
239 6.61132812500000e-01 4.37096595764160e-01
240 6.75292968750000e-01 4.56020593643188e-01
241 6.72363281250000e-01 4.52072381973267e-01
242 5.98144531250000e-01 3.57776880264282e-01
243 6.31347656250000e-01 3.98599863052368e-01
244 5.89355468750000e-01 3.47339868545532e-01
245 5.75683593750000e-01 3.31411600112915e-01
246 6.25000000000000e-01 3.90625000000000e-01
247 6.59179687500000e-01 4.34517860412598e-01
248 5.89843750000000e-01 3.47915649414062e-01
249 5.26855468750000e-01 2.77576684951782e-01
250 4.70214843750000e-01 2.21101999282837e-01
251 4.20898437500000e-01 1.77155494689941e-01
252 3.64746093750000e-01 1.33039712905884e-01
253 3.39843750000000e-01 1.15493774414062e-01
254 3.50585937500000e-01 1.22910499572754e-01
255 3.54980468750000e-01 1.26011133193970e-01
256 3.03710937500000e-01 9.22403335571289e-02
257 3.47656250000000e-01 1.20864868164062e-01
258 3.61328125000000e-01 1.30558013916016e-01
259 3.87695312500000e-01 1.50307655334473e-01
260 3.42285156250000e-01 1.17159128189087e-01
261 3.46679687500000e-01 1.20186805725098e-01
262 2.95410156250000e-01 8.72671604156494e-02
263 2.94921875000000e-01 8.69789123535156e-02
264 3.68652343750000e-01 1.35904550552368e-01
265 3.77441406250000e-01 1.42462015151978e-01
266 3.39355468750000e-01 1.15162134170532e-01
267 3.70605468750000e-01 1.37348413467407e-01
268 3.83300781250000e-01 1.46919488906860e-01
269 3.88183593750000e-01 1.50686502456665e-01
270 3.96484375000000e-01 1.57199859619141e-01
271 4.69726562500000e-01 2.20643043518066e-01
272 4.72656250000000e-01 2.23403930664062e-01
273 4.51171875000000e-01 2.03556060791016e-01
274 4.58496093750000e-01 2.10218667984009e-01
275 4.95117187500000e-01 2.45141029357910e-01
276 4.89257812500000e-01 2.39373207092285e-01
277 4.57519531250000e-01 2.09324121475220e-01
278 4.71191406250000e-01 2.22021341323853e-01
279 4.67773437500000e-01 2.18811988830566e-01
280 4.27246093750000e-01 1.82539224624634e-01
281 4.48242187500000e-01 2.00921058654785e-01
282 5.47363281250000e-01 2.99606561660767e-01
283 5.51269531250000e-01 3.03898096084595e-01
284 5.60546875000000e-01 3.14212799072266e-01
285 5.06835937500000e-01 2.56882667541504e-01
286 4.85351562500000e-01 2.35566139221191e-01
287 4.98535156250000e-01 2.48537302017212e-01
288 5.84472656250000e-01 3.41608285903931e-01
289 5.82031250000000e-01 3.38760375976562e-01
290 5.31250000000000e-01 2.82226562500000e-01
291 5.60058593750000e-01 3.13665628433228e-01
292 5.03906250000000e-01 2.53921508789062e-01
293 4.92675781250000e-01 2.42729425430298e-01
294 4.85351562500000e-01 2.35566139221191e-01
295 5.01464843750000e-01 2.51466989517212e-01
296 5.19531250000000e-01 2.69912719726562e-01
297 5.76171875000000e-01 3.31974029541016e-01
298 5.07324218750000e-01 2.57377862930298e-01
299 5.48339843750000e-01 3.00676584243774e-01
300 5.36132812500000e-01 2.87438392639160e-01
301 6.20605468750000e-01 3.85151147842407e-01
302 6.63574218750000e-01 4.40330743789673e-01
303 6.61132812500000e-01 4.37096595764160e-01
304 6.03027343750000e-01 3.63641977310181e-01
305 6.12792968750000e-01 3.75515222549438e-01
306 6.09375000000000e-01 3.71337890625000e-01
307 5.33203125000000e-01 2.84305572509766e-01
308 5.33691406250000e-01 2.84826517105103e-01
309 5.20019531250000e-01 2.70420312881470e-01
310 5.39550781250000e-01 2.91115045547485e-01
311 5.01953125000000e-01 2.51956939697266e-01
312 4.97070312500000e-01 2.47078895568848e-01
313 4.78515625000000e-01 2.28977203369141e-01
314 5.35156250000000e-01 2.86392211914062e-01
315 5.38085937500000e-01 2.89536476135254e-01
316 5.15625000000000e-01 2.65869140625000e-01
317 4.77539062500000e-01 2.28043556213379e-01
318 5.14648437500000e-01 2.64863014221191e-01
319 4.42382812500000e-01 1.95702552795410e-01
320 4.50195312500000e-01 2.02675819396973e-01
321 4.40429687500000e-01 1.93978309631348e-01
322 4.14550781250000e-01 1.71852350234985e-01
323 4.62890625000000e-01 2.14267730712891e-01
324 3.98437500000000e-01 1.58752441406250e-01
325 3.90625000000000e-01 1.52587890625000e-01
326 4.59960937500000e-01 2.11564064025879e-01
327 5.09765625000000e-01 2.59860992431641e-01
328 4.51660156250000e-01 2.03996896743774e-01
329 3.85742187500000e-01 1.48797035217285e-01
330 4.33105468750000e-01 1.87580347061157e-01
331 3.91113281250000e-01 1.52969598770142e-01
332 3.82324218750000e-01 1.46171808242798e-01
333 3.61816406250000e-01 1.30911111831665e-01
334 3.66210937500000e-01 1.34110450744629e-01
335 4.14062500000000e-01 1.71447753906250e-01
336 3.87207031250000e-01 1.49929285049438e-01
337 4.43847656250000e-01 1.97000741958618e-01
338 4.39453125000000e-01 1.93119049072266e-01
339 4.27246093750000e-01 1.82539224624634e-01
340 4.71191406250000e-01 2.22021341323853e-01
341 5.58593750000000e-01 3.12026977539062e-01
342 5.35644531250000e-01 2.86915063858032e-01
343 5.89355468750000e-01 3.47339868545532e-01
344 4.98535156250000e-01 2.48537302017212e-01
345 4.87792968750000e-01 2.37941980361938e-01
346 5.17578125000000e-01 2.67887115478516e-01
347 4.25781250000000e-01 1.81289672851562e-01
348 4.67285156250000e-01 2.18355417251587e-01
349 3.73535156250000e-01 1.39528512954712e-01
350 3.21777343750000e-01 1.03540658950806e-01
351 3.19824218750000e-01 1.02287530899048e-01
352 2.52929687500000e-01 6.39734268188477e-02
353 2.77832031250000e-01 7.71906375885010e-02
354 2.30468750000000e-01 5.31158447265625e-02
355 2.58300781250000e-01 6.67192935943604e-02
356 2.76367187500000e-01 7.63788223266602e-02
357 2.65136718750000e-01 7.02974796295166e-02
358 2.19238281250000e-01 4.80654239654541e-02
359 2.70019531250000e-01 7.29105472564697e-02
360 3.01757812500000e-01 9.10577774047852e-02
361 3.31054687500000e-01 1.09597206115723e-01
362 2.99804687500000e-01 8.98828506469727e-02
363 2.91992187500000e-01 8.52594375610352e-02
364 2.39746093750000e-01 5.74781894683838e-02
365 3.24218750000000e-01 1.05117797851562e-01
366 2.96386718750000e-01 8.78450870513916e-02
367 3.11523437500000e-01 9.70468521118164e-02
368 2.67578125000000e-01 7.15980529785156e-02
369 2.56835937500000e-01 6.59646987915039e-02
370 1.65527343750000e-01 2.73993015289307e-02
371 2.19238281250000e-01 4.80654239654541e-02
372 2.90039062500000e-01 8.41226577758789e-02
373 2.86132812500000e-01 8.18719863891602e-02
374 2.41699218750000e-01 5.84185123443604e-02
375 2.75878906250000e-01 7.61091709136963e-02
376 2.60253906250000e-01 6.77320957183838e-02
377 2.51953125000000e-01 6.34803771972656e-02
378 1.63574218750000e-01 2.67565250396729e-02
379 2.22656250000000e-01 4.95758056640625e-02
380 2.14843750000000e-01 4.61578369140625e-02
381 2.65136718750000e-01 7.02974796295166e-02
382 3.13964843750000e-01 9.85739231109619e-02
383 3.19335937500000e-01 1.01975440979004e-01
384 3.41308593750000e-01 1.16491556167603e-01
385 3.04687500000000e-01 9.28344726562500e-02
386 2.81738281250000e-01 7.93764591217041e-02
387 2.95898437500000e-01 8.75558853149414e-02
388 2.91992187500000e-01 8.52594375610352e-02
389 2.80273437500000e-01 7.85531997680664e-02
390 3.08105468750000e-01 9.49289798736572e-02
391 2.92968750000000e-01 8.58306884765625e-02
392 2.75878906250000e-01 7.61091709136963e-02
393 2.91992187500000e-01 8.52594375610352e-02
394 1.68945312500000e-01 2.85425186157227e-02
395 1.74804687500000e-01 3.05566787719727e-02
396 1.45019531250000e-01 2.10306644439697e-02
397 7.91015625000000e-02 6.25705718994141e-03
398 4.00390625000000e-02 1.60312652587891e-03
399 6.88476562500000e-02 4.73999977111816e-03
400 8.83789062500000e-02 7.81083106994629e-03
401 5.17578125000000e-02 2.67887115478516e-03
402 9.57031250000000e-02 9.15908813476562e-03
403 1.24511718750000e-01 1.55031681060791e-02
404 1.27929687500000e-01 1.63660049438477e-02
405 6.59179687500000e-02 4.34517860412598e-03
406 1.22070312500000e-01 1.49011611938477e-02
407 1.35742187500000e-01 1.84259414672852e-02
408 1.74316406250000e-01 3.03862094879150e-02
409 1.38183593750000e-01 1.90947055816650e-02
410 1.74316406250000e-01 3.03862094879150e-02
411 1.45019531250000e-01 2.10306644439697e-02
412 2.22656250000000e-01 4.95758056640625e-02
413 2.33886718750000e-01 5.47029972076416e-02
414 2.29003906250000e-01 5.24427890777588e-02
415 2.44140625000000e-01 5.96046447753906e-02
416 2.13867187500000e-01 4.57391738891602e-02
417 2.46093750000000e-01 6.05621337890625e-02
418 2.27539062500000e-01 5.17740249633789e-02
419 2.84667968750000e-01 8.10358524322510e-02
420 2.47070312500000e-01 6.10437393188477e-02
421 1.86035156250000e-01 3.46090793609619e-02
422 1.41601562500000e-01 2.00510025024414e-02
423 1.81152343750000e-01 3.28161716461182e-02
424 2.42675781250000e-01 5.88915348052979e-02
425 1.78222656250000e-01 3.17633152008057e-02
426 1.91406250000000e-01 3.66363525390625e-02
427 1.59179687500000e-01 2.53381729125977e-02
428 1.85058593750000e-01 3.42466831207275e-02
429 1.21093750000000e-01 1.46636962890625e-02
430 1.62597656250000e-01 2.64379978179932e-02
431 1.22558593750000e-01 1.50206089019775e-02
432 1.62109375000000e-01 2.62794494628906e-02
433 1.31347656250000e-01 1.72522068023682e-02
434 1.22558593750000e-01 1.50206089019775e-02
435 1.05468750000000e-01 1.11236572265625e-02
436 1.92382812500000e-01 3.70111465454102e-02
437 1.14257812500000e-01 1.30548477172852e-02
438 6.20117187500000e-02 3.84545326232910e-03
439 5.46875000000000e-02 2.99072265625000e-03
440 1.25000000000000e-01 1.56250000000000e-02
441 2.28027343750000e-01 5.19964694976807e-02
442 2.26562500000000e-01 5.13305664062500e-02
443 2.35839843750000e-01 5.56204319000244e-02
444 2.99804687500000e-01 8.98828506469727e-02
445 3.77441406250000e-01 1.42462015151978e-01
446 3.90136718750000e-01 1.52206659317017e-01
447 3.84765625000000e-01 1.48044586181641e-01
448 3.91113281250000e-01 1.52969598770142e-01
449 4.47753906250000e-01 2.00483560562134e-01
450 4.26269531250000e-01 1.81705713272095e-01
451 4.20410156250000e-01 1.76744699478149e-01
452 4.77539062500000e-01 2.28043556213379e-01
453 5.11230468750000e-01 2.61356592178345e-01
454 4.25781250000000e-01 1.81289672851562e-01
455 3.56933593750000e-01 1.27401590347290e-01
456 3.75488281250000e-01 1.40991449356079e-01
457 3.58398437500000e-01 1.28449440002441e-01
458 4.02343750000000e-01 1.61880493164062e-01
459 3.66210937500000e-01 1.34110450744629e-01
460 3.90625000000000e-01 1.52587890625000e-01
461 4.20410156250000e-01 1.76744699478149e-01
462 3.51562500000000e-01 1.23596191406250e-01
463 3.54492187500000e-01 1.25664710998535e-01
464 4.00390625000000e-01 1.60312652587891e-01
465 4.17968750000000e-01 1.74697875976562e-01
466 3.88183593750000e-01 1.50686502456665e-01
467 4.10644531250000e-01 1.68628931045532e-01
468 4.39941406250000e-01 1.93548440933228e-01
469 3.57910156250000e-01 1.28099679946899e-01
470 4.33593750000000e-01 1.88003540039062e-01
471 3.84765625000000e-01 1.48044586181641e-01
472 3.95019531250000e-01 1.56040430068970e-01
473 3.45214843750000e-01 1.19173288345337e-01
474 3.72070312500000e-01 1.38436317443848e-01
475 4.07714843750000e-01 1.66231393814087e-01
476 3.78417968750000e-01 1.43200159072876e-01
477 3.85253906250000e-01 1.48420572280884e-01
478 3.78417968750000e-01 1.43200159072876e-01
479 3.67675781250000e-01 1.35185480117798e-01
480 3.69628906250000e-01 1.36625528335571e-01
481 3.39843750000000e-01 1.15493774414062e-01
482 3.69628906250000e-01 1.36625528335571e-01
483 4.33593750000000e-01 1.88003540039062e-01
484 3.95996093750000e-01 1.56812906265259e-01
485 3.66210937500000e-01 1.34110450744629e-01
486 4.15039062500000e-01 1.72257423400879e-01
487 4.45312500000000e-01 1.98303222656250e-01
488 4.05273437500000e-01 1.64246559143066e-01
489 4.54101562500000e-01 2.06208229064941e-01
490 4.88281250000000e-01 2.38418579101562e-01
491 4.36523437500000e-01 1.90552711486816e-01
492 4.88769531250000e-01 2.38895654678345e-01
493 4.66308593750000e-01 2.17443704605103e-01
494 4.91699218750000e-01 2.41768121719360e-01
495 4.92675781250000e-01 2.42729425430298e-01
496 4.46777343750000e-01 1.99609994888306e-01
497 4.02832031250000e-01 1.62273645401001e-01
498 4.71679687500000e-01 2.22481727600098e-01
499 4.21386718750000e-01 1.77566766738892e-01
500 5.10742187500000e-01 2.60857582092285e-01
501 4.89257812500000e-01 2.39373207092285e-01
502 4.84375000000000e-01 2.34619140625000e-01
503 4.57519531250000e-01 2.09324121475220e-01
504 4.09667968750000e-01 1.67827844619751e-01
505 4.10644531250000e-01 1.68628931045532e-01
506 4.42382812500000e-01 1.95702552795410e-01
507 4.51171875000000e-01 2.03556060791016e-01
508 3.76464843750000e-01 1.41725778579712e-01
509 3.27148437500000e-01 1.07026100158691e-01
510 3.87695312500000e-01 1.50307655334473e-01
511 3.55468750000000e-01 1.26358032226562e-01
512 3.99414062500000e-01 1.59531593322754e-01
513 4.03320312500000e-01 1.62667274475098e-01
514 4.27246093750000e-01 1.82539224624634e-01
515 3.77929687500000e-01 1.42830848693848e-01
516 3.16894531250000e-01 1.00422143936157e-01
517 3.00292968750000e-01 9.01758670806885e-02
518 2.86621093750000e-01 8.21516513824463e-02
519 2.87109375000000e-01 8.24317932128906e-02
520 3.55468750000000e-01 1.26358032226562e-01
521 3.98925781250000e-01 1.59141778945923e-01
522 3.96972656250000e-01 1.57587289810181e-01
523 3.89648437500000e-01 1.51825904846191e-01
524 4.13574218750000e-01 1.71043634414673e-01
525 3.75488281250000e-01 1.40991449356079e-01
526 3.23730468750000e-01 1.04801416397095e-01
527 3.36425781250000e-01 1.13182306289673e-01
528 3.39355468750000e-01 1.15162134170532e-01
529 3.47167968750000e-01 1.20525598526001e-01
530 3.68652343750000e-01 1.35904550552368e-01
531 3.32519531250000e-01 1.10569238662720e-01
532 2.92968750000000e-01 8.58306884765625e-02
533 2.77343750000000e-01 7.69195556640625e-02
534 2.83203125000000e-01 8.02040100097656e-02
535 2.77832031250000e-01 7.71906375885010e-02
536 2.37304687500000e-01 5.63135147094727e-02
537 2.80761718750000e-01 7.88271427154541e-02
538 3.03710937500000e-01 9.22403335571289e-02
539 2.71972656250000e-01 7.39691257476807e-02
540 3.42285156250000e-01 1.17159128189087e-01
541 3.04687500000000e-01 9.28344726562500e-02
542 2.42187500000000e-01 5.86547851562500e-02
543 3.36914062500000e-01 1.13511085510254e-01
544 3.57421875000000e-01 1.27750396728516e-01
545 3.47167968750000e-01 1.20525598526001e-01
546 3.75000000000000e-01 1.40625000000000e-01
547 3.23730468750000e-01 1.04801416397095e-01
548 3.70117187500000e-01 1.36986732482910e-01
549 3.60351562500000e-01 1.29853248596191e-01
550 3.33496093750000e-01 1.11219644546509e-01
551 3.61328125000000e-01 1.30558013916016e-01
552 3.23242187500000e-01 1.04485511779785e-01
553 3.62792968750000e-01 1.31618738174438e-01
554 3.84277343750000e-01 1.47669076919556e-01
555 3.49121093750000e-01 1.21885538101196e-01
556 3.65234375000000e-01 1.33396148681641e-01
557 3.48144531250000e-01 1.21204614639282e-01
558 3.48632812500000e-01 1.21544837951660e-01
559 4.07226562500000e-01 1.65833473205566e-01
560 3.89648437500000e-01 1.51825904846191e-01
561 4.21386718750000e-01 1.77566766738892e-01
562 4.48730468750000e-01 2.01359033584595e-01
563 4.89257812500000e-01 2.39373207092285e-01
564 5.09765625000000e-01 2.59860992431641e-01
565 5.63476562500000e-01 3.17505836486816e-01
566 5.53222656250000e-01 3.06055307388306e-01
567 5.42968750000000e-01 2.94815063476562e-01
568 5.13183593750000e-01 2.63357400894165e-01
569 4.84375000000000e-01 2.34619140625000e-01
570 4.54589843750000e-01 2.06651926040649e-01
571 4.56054687500000e-01 2.07985877990723e-01
572 4.18457031250000e-01 1.75106287002563e-01
573 3.72558593750000e-01 1.38799905776978e-01
574 2.88574218750000e-01 8.32750797271729e-02
575 2.86132812500000e-01 8.18719863891602e-02
576 3.75000000000000e-01 1.40625000000000e-01
577 4.52148437500000e-01 2.04438209533691e-01
578 4.70703125000000e-01 2.21561431884766e-01
579 4.28222656250000e-01 1.83374643325806e-01
580 3.43261718750000e-01 1.17828607559204e-01
581 3.16406250000000e-01 1.00112915039062e-01
582 3.23242187500000e-01 1.04485511779785e-01
583 3.06640625000000e-01 9.40284729003906e-02
584 3.62304687500000e-01 1.31264686584473e-01
585 3.69140625000000e-01 1.36264801025391e-01
586 2.85156250000000e-01 8.13140869140625e-02
587 3.11523437500000e-01 9.70468521118164e-02
588 2.89062500000000e-01 8.35571289062500e-02
589 2.97851562500000e-01 8.87155532836914e-02
590 3.36425781250000e-01 1.13182306289673e-01
591 4.07714843750000e-01 1.66231393814087e-01
592 4.17480468750000e-01 1.74289941787720e-01
593 3.67675781250000e-01 1.35185480117798e-01
594 3.60351562500000e-01 1.29853248596191e-01
595 3.23242187500000e-01 1.04485511779785e-01
596 3.74511718750000e-01 1.40259027481079e-01
597 3.56445312500000e-01 1.27053260803223e-01
598 2.83203125000000e-01 8.02040100097656e-02
599 2.71972656250000e-01 7.39691257476807e-02
600 2.45117187500000e-01 6.00824356079102e-02
601 2.32910156250000e-01 5.42471408843994e-02
602 2.54882812500000e-01 6.49652481079102e-02
603 2.36816406250000e-01 5.60820102691650e-02
604 2.34375000000000e-01 5.49316406250000e-02
605 2.40234375000000e-01 5.77125549316406e-02
606 2.68554687500000e-01 7.21216201782227e-02
607 2.45605468750000e-01 6.03220462799072e-02
608 2.62207031250000e-01 6.87525272369385e-02
609 1.85546875000000e-01 3.44276428222656e-02
610 2.51464843750000e-01 6.32345676422119e-02
611 2.40722656250000e-01 5.79473972320557e-02
612 1.66992187500000e-01 2.78863906860352e-02
613 1.40136718750000e-01 1.96382999420166e-02
614 1.57714843750000e-01 2.48739719390869e-02
615 1.83105468750000e-01 3.35276126861572e-02
616 1.86035156250000e-01 3.46090793609619e-02
617 2.17285156250000e-01 4.72128391265869e-02
618 2.64648437500000e-01 7.00387954711914e-02
619 2.76367187500000e-01 7.63788223266602e-02
620 2.15820312500000e-01 4.65784072875977e-02
621 2.54394531250000e-01 6.47165775299072e-02
622 2.64648437500000e-01 7.00387954711914e-02
623 2.61718750000000e-01 6.84967041015625e-02
624 2.36816406250000e-01 5.60820102691650e-02
625 2.30957031250000e-01 5.33411502838135e-02
626 2.58300781250000e-01 6.67192935943604e-02
627 2.22167968750000e-01 4.93586063385010e-02
628 1.74316406250000e-01 3.03862094879150e-02
629 1.65039062500000e-01 2.72378921508789e-02
630 1.52832031250000e-01 2.33576297760010e-02
631 1.79687500000000e-01 3.22875976562500e-02
632 1.61621093750000e-01 2.61213779449463e-02
633 1.94824218750000e-01 3.79564762115479e-02
634 2.10937500000000e-01 4.44946289062500e-02
635 2.18261718750000e-01 4.76381778717041e-02
636 1.67968750000000e-01 2.82135009765625e-02
637 1.48925781250000e-01 2.21788883209229e-02
638 9.52148437500000e-02 9.06586647033691e-03
639 1.58203125000000e-01 2.50282287597656e-02
640 1.59179687500000e-01 2.53381729125977e-02
641 1.82128906250000e-01 3.31709384918213e-02
642 1.81152343750000e-01 3.28161716461182e-02
643 1.95312500000000e-01 3.81469726562500e-02
644 1.84570312500000e-01 3.40662002563477e-02
645 1.46484375000000e-01 2.14576721191406e-02
646 1.40625000000000e-01 1.97753906250000e-02
647 1.33789062500000e-01 1.78995132446289e-02
648 1.35253906250000e-01 1.82936191558838e-02
649 7.76367187500000e-02 6.02746009826660e-03
650 1.49414062500000e-01 2.23245620727539e-02
651 6.20117187500000e-02 3.84545326232910e-03
652 7.91015625000000e-02 6.25705718994141e-03
653 3.71093750000000e-02 1.37710571289062e-03
654 2.14843750000000e-02 4.61578369140625e-04
655 3.02734375000000e-02 9.16481018066406e-04
656 1.02539062500000e-01 1.05142593383789e-02
657 1.43554687500000e-01 2.06079483032227e-02
658 1.23535156250000e-01 1.52609348297119e-02
659 1.27929687500000e-01 1.63660049438477e-02
660 1.62109375000000e-01 2.62794494628906e-02
661 1.51855468750000e-01 2.30600833892822e-02
662 1.57714843750000e-01 2.48739719390869e-02
663 9.32617187500000e-02 8.69774818420410e-03
664 4.15039062500000e-02 1.72257423400879e-03
665 1.70898437500000e-02 2.92062759399414e-04
666 5.37109375000000e-02 2.88486480712891e-03
667 8.34960937500000e-02 6.97159767150879e-03
668 5.90820312500000e-02 3.49068641662598e-03
669 7.12890625000000e-02 5.08213043212891e-03
670 1.14257812500000e-01 1.30548477172852e-02
671 1.33300781250000e-01 1.77690982818604e-02
672 9.32617187500000e-02 8.69774818420410e-03
673 2.39257812500000e-02 5.72443008422852e-04
674 1.16210937500000e-01 1.35049819946289e-02
675 4.93164062500000e-02 2.43210792541504e-03
676 5.85937500000000e-03 3.43322753906250e-05
677 2.29492187500000e-02 5.26666641235352e-04
678 8.78906250000000e-03 7.72476196289062e-05
679 3.61328125000000e-02 1.30558013916016e-03
680 5.56640625000000e-02 3.09848785400391e-03
681 1.04003906250000e-01 1.08168125152588e-02
682 1.50878906250000e-01 2.27644443511963e-02
683 8.25195312500000e-02 6.80947303771973e-03
684 5.71289062500000e-02 3.26371192932129e-03
685 1.51367187500000e-02 2.29120254516602e-04
686 5.46875000000000e-02 2.99072265625000e-03
687 8.78906250000000e-03 7.72476196289062e-05
688 4.39453125000000e-03 1.93119049072266e-05
689 9.32617187500000e-02 8.69774818420410e-03
690 1.34277343750000e-01 1.80304050445557e-02
691 8.83789062500000e-02 7.81083106994629e-03
692 1.74804687500000e-01 3.05566787719727e-02
693 2.05078125000000e-01 4.20570373535156e-02
694 3.07128906250000e-01 9.43281650543213e-02
695 2.14843750000000e-01 4.61578369140625e-02
696 2.73925781250000e-01 7.50353336334229e-02
697 3.59863281250000e-01 1.29501581192017e-01
698 2.78320312500000e-01 7.74621963500977e-02
699 2.71972656250000e-01 7.39691257476807e-02
700 4.21875000000000e-01 1.77978515625000e-01
701 3.84277343750000e-01 1.47669076919556e-01
702 4.35058593750000e-01 1.89275979995728e-01
703 4.00878906250000e-01 1.60703897476196e-01
704 4.37988281250000e-01 1.91833734512329e-01
705 3.95507812500000e-01 1.56426429748535e-01
706 3.14941406250000e-01 9.91880893707275e-02
707 3.43750000000000e-01 1.18164062500000e-01
708 3.14941406250000e-01 9.91880893707275e-02
709 3.69628906250000e-01 1.36625528335571e-01
710 3.11523437500000e-01 9.70468521118164e-02
711 3.27148437500000e-01 1.07026100158691e-01
712 2.70019531250000e-01 7.29105472564697e-02
713 2.38769531250000e-01 5.70108890533447e-02
714 1.66503906250000e-01 2.77235507965088e-02
715 1.24023437500000e-01 1.53818130493164e-02
716 6.68945312500000e-02 4.47487831115723e-03
717 1.43554687500000e-01 2.06079483032227e-02
718 1.26953125000000e-01 1.61170959472656e-02
719 1.62597656250000e-01 2.64379978179932e-02
720 6.64062500000000e-02 4.40979003906250e-03
721 4.05273437500000e-02 1.64246559143066e-03
722 2.44140625000000e-02 5.96046447753906e-04
723 2.88085937500000e-02 8.29935073852539e-04
724 5.85937500000000e-03 3.43322753906250e-05
725 5.95703125000000e-02 3.54862213134766e-03
726 2.63671875000000e-02 6.95228576660156e-04
727 4.05273437500000e-02 1.64246559143066e-03
728 2.14843750000000e-02 4.61578369140625e-04
729 5.85937500000000e-03 3.43322753906250e-05
730 1.22070312500000e-02 1.49011611938477e-04
731 4.54101562500000e-02 2.06208229064941e-03
732 6.98242187500000e-02 4.87542152404785e-03
733 1.15722656250000e-01 1.33917331695557e-02
734 1.28417968750000e-01 1.64911746978760e-02
735 1.21582031250000e-01 1.47821903228760e-02
736 1.92382812500000e-01 3.70111465454102e-02
737 2.04589843750000e-01 4.18570041656494e-02
738 2.22656250000000e-01 4.95758056640625e-02
739 1.51855468750000e-01 2.30600833892822e-02
740 2.21191406250000e-01 4.89256381988525e-02
741 1.88476562500000e-01 3.55234146118164e-02
742 1.88964843750000e-01 3.57077121734619e-02
743 1.80664062500000e-01 3.26395034790039e-02
744 1.11816406250000e-01 1.25029087066650e-02
745 1.39160156250000e-01 1.93655490875244e-02
746 1.36230468750000e-01 1.85587406158447e-02
747 7.37304687500000e-02 5.43618202209473e-03
748 5.95703125000000e-02 3.54862213134766e-03
749 4.19921875000000e-02 1.76334381103516e-03
750 4.39453125000000e-03 1.93119049072266e-05
751 7.17773437500000e-02 5.15198707580566e-03
752 1.17187500000000e-01 1.37329101562500e-02
753 1.00097656250000e-01 1.00195407867432e-02
754 1.43554687500000e-01 2.06079483032227e-02
755 2.25097656250000e-01 5.06689548492432e-02
756 1.86523437500000e-01 3.47909927368164e-02
757 1.65527343750000e-01 2.73993015289307e-02
758 1.80175781250000e-01 3.24633121490479e-02
759 2.69042968750000e-01 7.23841190338135e-02
760 2.30957031250000e-01 5.33411502838135e-02
761 2.47558593750000e-01 6.12852573394775e-02
762 2.90039062500000e-01 8.41226577758789e-02
763 2.25097656250000e-01 5.06689548492432e-02
764 1.83105468750000e-01 3.35276126861572e-02
765 1.91406250000000e-01 3.66363525390625e-02
766 1.80175781250000e-01 3.24633121490479e-02
767 1.81640625000000e-01 3.29933166503906e-02
768 1.38183593750000e-01 1.90947055816650e-02
769 1.75781250000000e-01 3.08990478515625e-02
770 8.44726562500000e-02 7.13562965393066e-03
771 1.23535156250000e-01 1.52609348297119e-02
772 1.15722656250000e-01 1.33917331695557e-02
773 1.23535156250000e-01 1.52609348297119e-02
774 1.03027343750000e-01 1.06146335601807e-02
775 1.18652343750000e-01 1.40783786773682e-02
776 1.36718750000000e-01 1.86920166015625e-02
777 1.21093750000000e-01 1.46636962890625e-02
778 1.35253906250000e-01 1.82936191558838e-02
779 1.36718750000000e-01 1.86920166015625e-02
780 1.52832031250000e-01 2.33576297760010e-02
781 1.72363281250000e-01 2.97091007232666e-02
782 1.63085937500000e-01 2.65970230102539e-02
783 1.28906250000000e-01 1.66168212890625e-02
784 9.86328125000000e-02 9.72843170166016e-03
785 5.90820312500000e-02 3.49068641662598e-03
786 2.78320312500000e-02 7.74621963500977e-04
787 3.80859375000000e-02 1.45053863525391e-03
788 3.75976562500000e-02 1.41358375549316e-03
789 2.78320312500000e-02 7.74621963500977e-04
790 4.15039062500000e-02 1.72257423400879e-03
791 1.66015625000000e-02 2.75611877441406e-04
792 1.07421875000000e-02 1.15394592285156e-04
793 1.95312500000000e-02 3.81469726562500e-04
794 1.36718750000000e-02 1.86920166015625e-04
795 2.58789062500000e-02 6.69717788696289e-04
796 2.29492187500000e-02 5.26666641235352e-04
797 6.34765625000000e-02 4.02927398681641e-03
798 6.78710937500000e-02 4.60648536682129e-03
799 2.92968750000000e-02 8.58306884765625e-04
800 5.46875000000000e-02 2.99072265625000e-03
801 9.32617187500000e-02 8.69774818420410e-03
802 6.34765625000000e-02 4.02927398681641e-03
803 3.07617187500000e-02 9.46283340454102e-04
804 3.46679687500000e-02 1.20186805725098e-03
805 1.95312500000000e-02 3.81469726562500e-04
806 1.56250000000000e-02 2.44140625000000e-04
807 4.39453125000000e-02 1.93119049072266e-03
808 5.02929687500000e-02 2.52938270568848e-03
809 3.02734375000000e-02 9.16481018066406e-04
810 5.12695312500000e-02 2.62856483459473e-03
811 1.80664062500000e-02 3.26395034790039e-04
812 9.76562500000000e-03 9.53674316406250e-05
813 1.85546875000000e-02 3.44276428222656e-04
814 2.44140625000000e-03 5.96046447753906e-06
815 4.78515625000000e-02 2.28977203369141e-03
816 2.14843750000000e-02 4.61578369140625e-04
817 5.07812500000000e-02 2.57873535156250e-03
818 4.88281250000000e-02 2.38418579101562e-03
819 1.12304687500000e-02 1.26123428344727e-04
820 5.22460937500000e-02 2.72965431213379e-03
821 1.42089843750000e-01 2.01895236968994e-02
822 1.58691406250000e-01 2.51829624176025e-02
823 1.98730468750000e-01 3.94937992095947e-02
824 2.52929687500000e-01 6.39734268188477e-02
825 2.54882812500000e-01 6.49652481079102e-02
826 2.04589843750000e-01 4.18570041656494e-02
827 2.08496093750000e-01 4.34706211090088e-02
828 1.75781250000000e-01 3.08990478515625e-02
829 2.06054687500000e-01 4.24585342407227e-02
830 2.26562500000000e-01 5.13305664062500e-02
831 2.55859375000000e-01 6.54640197753906e-02
832 2.42187500000000e-01 5.86547851562500e-02
833 2.00195312500000e-01 4.00781631469727e-02
834 1.72363281250000e-01 2.97091007232666e-02
835 1.28906250000000e-01 1.66168212890625e-02
836 1.40625000000000e-01 1.97753906250000e-02
837 1.39160156250000e-01 1.93655490875244e-02
838 8.39843750000000e-02 7.05337524414062e-03
839 3.90625000000000e-02 1.52587890625000e-03
840 3.22265625000000e-02 1.03855133056641e-03
841 8.05664062500000e-02 6.49094581604004e-03
842 3.85742187500000e-02 1.48797035217285e-03
843 6.34765625000000e-03 4.02927398681641e-05
844 3.71093750000000e-02 1.37710571289062e-03
845 4.10156250000000e-02 1.68228149414062e-03
846 4.05273437500000e-02 1.64246559143066e-03
847 9.27734375000000e-03 8.60691070556641e-05
848 4.10156250000000e-02 1.68228149414062e-03
849 4.63867187500000e-02 2.15172767639160e-03
850 4.29687500000000e-02 1.84631347656250e-03
851 2.00195312500000e-02 4.00781631469727e-04
852 3.36914062500000e-02 1.13511085510254e-03
853 5.37109375000000e-02 2.88486480712891e-03
854 1.46484375000000e-01 2.14576721191406e-02
855 1.83105468750000e-01 3.35276126861572e-02
856 2.08984375000000e-01 4.36744689941406e-02
857 1.80175781250000e-01 3.24633121490479e-02
858 1.22558593750000e-01 1.50206089019775e-02
859 9.96093750000000e-02 9.92202758789062e-03
860 7.12890625000000e-02 5.08213043212891e-03
861 2.63671875000000e-02 6.95228576660156e-04
862 1.61132812500000e-02 2.59637832641602e-04
863 6.98242187500000e-02 4.87542152404785e-03
864 8.88671875000000e-02 7.89737701416016e-03
865 4.49218750000000e-02 2.01797485351562e-03
866 2.24609375000000e-02 5.04493713378906e-04
867 1.05468750000000e-01 1.11236572265625e-02
868 7.03125000000000e-02 4.94384765625000e-03
869 1.31835937500000e-01 1.73807144165039e-02
870 1.39160156250000e-01 1.93655490875244e-02
871 1.16699218750000e-01 1.36187076568604e-02
872 4.34570312500000e-02 1.88851356506348e-03
873 3.80859375000000e-02 1.45053863525391e-03
874 2.68554687500000e-02 7.21216201782227e-04
875 9.22851562500000e-02 8.51655006408691e-03
876 8.83789062500000e-02 7.81083106994629e-03
877 1.55273437500000e-01 2.41098403930664e-02
878 1.83593750000000e-01 3.37066650390625e-02
879 2.12402343750000e-01 4.51147556304932e-02
880 2.30957031250000e-01 5.33411502838135e-02
881 2.39257812500000e-01 5.72443008422852e-02
882 1.83105468750000e-01 3.35276126861572e-02
883 2.60253906250000e-01 6.77320957183838e-02
884 2.73925781250000e-01 7.50353336334229e-02
885 2.87597656250000e-01 8.27124118804932e-02
886 3.04687500000000e-01 9.28344726562500e-02
887 2.27539062500000e-01 5.17740249633789e-02
888 2.30468750000000e-01 5.31158447265625e-02
889 1.97753906250000e-01 3.91066074371338e-02
890 2.12890625000000e-01 4.53224182128906e-02
891 2.10449218750000e-01 4.42888736724854e-02
892 2.24121093750000e-01 5.02302646636963e-02
893 9.22851562500000e-02 8.51655006408691e-03
894 5.95703125000000e-02 3.54862213134766e-03
895 2.05078125000000e-02 4.20570373535156e-04
896 4.39453125000000e-02 1.93119049072266e-03
897 3.17382812500000e-02 1.00731849670410e-03
898 7.32421875000000e-02 5.36441802978516e-03
899 2.83203125000000e-02 8.02040100097656e-04
900 3.07617187500000e-02 9.46283340454102e-04
901 3.71093750000000e-02 1.37710571289062e-03
902 2.53906250000000e-02 6.44683837890625e-04
903 3.66210937500000e-02 1.34110450744629e-03
904 2.24609375000000e-02 5.04493713378906e-04
905 2.78320312500000e-02 7.74621963500977e-04
906 1.41601562500000e-02 2.00510025024414e-04
907 3.46679687500000e-02 1.20186805725098e-03
908 2.34375000000000e-02 5.49316406250000e-04
909 5.37109375000000e-03 2.88486480712891e-05
910 1.46484375000000e-03 2.14576721191406e-06
911 1.90429687500000e-02 3.62634658813477e-04
912 5.76171875000000e-02 3.31974029541016e-03
913 6.73828125000000e-02 4.54044342041016e-03
914 8.30078125000000e-03 6.89029693603516e-05
915 5.37109375000000e-02 2.88486480712891e-03
916 3.27148437500000e-02 1.07026100158691e-03
917 7.03125000000000e-02 4.94384765625000e-03
918 8.59375000000000e-02 7.38525390625000e-03
919 9.71679687500000e-02 9.44161415100098e-03
920 4.78515625000000e-02 2.28977203369141e-03
921 5.71289062500000e-02 3.26371192932129e-03
922 1.32324218750000e-01 1.75096988677979e-02
923 1.71875000000000e-01 2.95410156250000e-02
924 1.31835937500000e-01 1.73807144165039e-02
925 1.36230468750000e-01 1.85587406158447e-02
926 1.27441406250000e-01 1.62413120269775e-02
927 1.56738281250000e-01 2.45668888092041e-02
928 1.32812500000000e-01 1.76391601562500e-02
929 1.29882812500000e-01 1.68695449829102e-02
930 1.41601562500000e-01 2.00510025024414e-02
931 1.36718750000000e-01 1.86920166015625e-02
932 2.49023437500000e-01 6.20126724243164e-02
933 2.21191406250000e-01 4.89256381988525e-02
934 2.25097656250000e-01 5.06689548492432e-02
935 1.97265625000000e-01 3.89137268066406e-02
936 2.11914062500000e-01 4.49075698852539e-02
937 1.82128906250000e-01 3.31709384918213e-02
938 2.39257812500000e-01 5.72443008422852e-02
939 2.79296875000000e-01 7.80067443847656e-02
940 3.17871093750000e-01 1.01042032241821e-01
941 3.45214843750000e-01 1.19173288345337e-01
942 3.50585937500000e-01 1.22910499572754e-01
943 2.93945312500000e-01 8.64038467407227e-02
944 3.54980468750000e-01 1.26011133193970e-01
945 3.05175781250000e-01 9.31322574615479e-02
946 3.29589843750000e-01 1.08629465103149e-01
947 3.48144531250000e-01 1.21204614639282e-01
948 3.36425781250000e-01 1.13182306289673e-01
949 3.45214843750000e-01 1.19173288345337e-01
950 2.98339843750000e-01 8.90066623687744e-02
951 3.27148437500000e-01 1.07026100158691e-01
952 3.72070312500000e-01 1.38436317443848e-01
953 4.81933593750000e-01 2.32259988784790e-01
954 4.83886718750000e-01 2.34146356582642e-01
955 5.06347656250000e-01 2.56387948989868e-01
956 5.38085937500000e-01 2.89536476135254e-01
957 5.47363281250000e-01 2.99606561660767e-01
958 5.79589843750000e-01 3.35924386978149e-01
959 5.47363281250000e-01 2.99606561660767e-01
960 5.38574218750000e-01 2.90062189102173e-01
961 5.58105468750000e-01 3.11481714248657e-01
962 5.88378906250000e-01 3.46189737319946e-01
963 5.51269531250000e-01 3.03898096084595e-01
964 4.88281250000000e-01 2.38418579101562e-01
965 4.17968750000000e-01 1.74697875976562e-01
966 4.79492187500000e-01 2.29912757873535e-01
967 5.11230468750000e-01 2.61356592178345e-01
968 5.37109375000000e-01 2.88486480712891e-01
969 5.07812500000000e-01 2.57873535156250e-01
970 5.17089843750000e-01 2.67381906509399e-01
971 5.14160156250000e-01 2.64360666275024e-01
972 4.79492187500000e-01 2.29912757873535e-01
973 5.02929687500000e-01 2.52938270568848e-01
974 4.38476562500000e-01 1.92261695861816e-01
975 4.88769531250000e-01 2.38895654678345e-01
976 4.95605468750000e-01 2.45624780654907e-01
977 4.79492187500000e-01 2.29912757873535e-01
978 4.48242187500000e-01 2.00921058654785e-01
979 4.47753906250000e-01 2.00483560562134e-01
980 4.23828125000000e-01 1.79630279541016e-01
981 4.50195312500000e-01 2.02675819396973e-01
982 4.76562500000000e-01 2.27111816406250e-01
983 4.68261718750000e-01 2.19269037246704e-01
984 4.51660156250000e-01 2.03996896743774e-01
985 4.39941406250000e-01 1.93548440933228e-01
986 4.50195312500000e-01 2.02675819396973e-01
987 4.67285156250000e-01 2.18355417251587e-01
988 4.02832031250000e-01 1.62273645401001e-01
989 4.16503906250000e-01 1.73475503921509e-01
990 3.89648437500000e-01 1.51825904846191e-01
991 4.27246093750000e-01 1.82539224624634e-01
992 3.60351562500000e-01 1.29853248596191e-01
993 3.57910156250000e-01 1.28099679946899e-01
994 3.78906250000000e-01 1.43569946289062e-01
995 3.81347656250000e-01 1.45426034927368e-01
996 4.02832031250000e-01 1.62273645401001e-01
997 3.59863281250000e-01 1.29501581192017e-01
998 3.88671875000000e-01 1.51065826416016e-01
999 3.73046875000000e-01 1.39163970947266e-01
