0 5.64453125000000e-01 3.18607330322266e-01
1 6.63574218750000e-01 4.40330743789673e-01
2 6.43554687500000e-01 4.14162635803223e-01
3 6.18164062500000e-01 3.82126808166504e-01
4 6.50878906250000e-01 4.23643350601196e-01
5 5.60546875000000e-01 3.14212799072266e-01
6 5.44433593750000e-01 2.96407938003540e-01
7 5.28320312500000e-01 2.79122352600098e-01
8 5.47363281250000e-01 2.99606561660767e-01
9 5.10742187500000e-01 2.60857582092285e-01
10 4.90722656250000e-01 2.40808725357056e-01
11 4.97070312500000e-01 2.47078895568848e-01
12 5.71289062500000e-01 3.26371192932129e-01
13 5.93261718750000e-01 3.51959466934204e-01
14 6.70410156250000e-01 4.49449777603149e-01
15 6.90917968750000e-01 4.77367639541626e-01
16 6.82128906250000e-01 4.65299844741821e-01
17 6.61132812500000e-01 4.37096595764160e-01
18 6.16699218750000e-01 3.80317926406860e-01
19 6.41113281250000e-01 4.11026239395142e-01
20 6.57714843750000e-01 4.32588815689087e-01
21 6.98730468750000e-01 4.88224267959595e-01
22 6.86035156250000e-01 4.70644235610962e-01
23 6.73828125000000e-01 4.54044342041016e-01
24 6.54785156250000e-01 4.28743600845337e-01
25 6.76757812500000e-01 4.58001136779785e-01
26 6.80664062500000e-01 4.63303565979004e-01
27 6.29882812500000e-01 3.96752357482910e-01
28 6.08398437500000e-01 3.70148658752441e-01
29 6.45019531250000e-01 4.16050195693970e-01
30 6.38671875000000e-01 4.07901763916016e-01
31 6.08886718750000e-01 3.70743036270142e-01
32 6.38671875000000e-01 4.07901763916016e-01
33 6.31347656250000e-01 3.98599863052368e-01
34 6.45019531250000e-01 4.16050195693970e-01
35 6.46972656250000e-01 4.18573617935181e-01
36 6.50878906250000e-01 4.23643350601196e-01
37 6.40625000000000e-01 4.10400390625000e-01
38 6.49902343750000e-01 4.22373056411743e-01
39 6.51367187500000e-01 4.24279212951660e-01
40 5.92285156250000e-01 3.50801706314087e-01
41 6.50390625000000e-01 4.23007965087891e-01
42 5.86425781250000e-01 3.43895196914673e-01
43 6.12304687500000e-01 3.74917030334473e-01
44 6.48925781250000e-01 4.21104669570923e-01
45 6.32324218750000e-01 3.99833917617798e-01
46 5.89843750000000e-01 3.47915649414062e-01
47 5.85937500000000e-01 3.43322753906250e-01
48 5.39062500000000e-01 2.90588378906250e-01
49 5.00000000000000e-01 2.50000000000000e-01
50 4.88281250000000e-01 2.38418579101562e-01
51 4.65332031250000e-01 2.16533899307251e-01
52 5.20507812500000e-01 2.70928382873535e-01
53 5.27343750000000e-01 2.78091430664062e-01
54 5.84960937500000e-01 3.42179298400879e-01
55 6.32812500000000e-01 4.00451660156250e-01
56 5.40039062500000e-01 2.91642189025879e-01
57 5.85449218750000e-01 3.42750787734985e-01
58 5.60546875000000e-01 3.14212799072266e-01
59 6.08398437500000e-01 3.70148658752441e-01
60 6.78710937500000e-01 4.60648536682129e-01
61 6.72363281250000e-01 4.52072381973267e-01
62 6.15234375000000e-01 3.78513336181641e-01
63 6.09375000000000e-01 3.71337890625000e-01
64 5.49316406250000e-01 3.01748514175415e-01
65 5.66894531250000e-01 3.21369409561157e-01
66 5.27832031250000e-01 2.78606653213501e-01
67 5.59082031250000e-01 3.12572717666626e-01
68 5.32226562500000e-01 2.83265113830566e-01
69 5.52734375000000e-01 3.05515289306641e-01
70 5.24902343750000e-01 2.75522470474243e-01
71 5.11718750000000e-01 2.61856079101562e-01
72 5.62500000000000e-01 3.16406250000000e-01
73 6.26464843750000e-01 3.92458200454712e-01
74 6.08398437500000e-01 3.70148658752441e-01
75 5.93261718750000e-01 3.51959466934204e-01
76 5.72265625000000e-01 3.27487945556641e-01
77 6.05957031250000e-01 3.67183923721313e-01
78 6.22558593750000e-01 3.87579202651978e-01
79 6.61621093750000e-01 4.37742471694946e-01
80 6.77734375000000e-01 4.59323883056641e-01
81 6.59667968750000e-01 4.35161828994751e-01
82 6.94824218750000e-01 4.82780694961548e-01
83 6.92871093750000e-01 4.80070352554321e-01
84 7.06542968750000e-01 4.99202966690063e-01
85 7.30957031250000e-01 5.34298181533813e-01
86 7.15820312500000e-01 5.12398719787598e-01
87 6.78710937500000e-01 4.60648536682129e-01
88 7.76855468750000e-01 6.03504419326782e-01
89 7.64160156250000e-01 5.83940744400024e-01
90 7.51464843750000e-01 5.64699411392212e-01
91 7.52441406250000e-01 5.66168069839478e-01
92 7.78808593750000e-01 6.06542825698853e-01
93 7.35839843750000e-01 5.41460275650024e-01
94 7.60253906250000e-01 5.77986001968384e-01
95 7.53906250000000e-01 5.68374633789062e-01
96 7.42675781250000e-01 5.51567316055298e-01
97 7.46093750000000e-01 5.56655883789062e-01
98 7.52929687500000e-01 5.66903114318848e-01
99 7.22167968750000e-01 5.21526575088501e-01
100 7.65625000000000e-01 5.86181640625000e-01
101 6.73828125000000e-01 4.54044342041016e-01
102 6.65039062500000e-01 4.42276954650879e-01
103 6.19628906250000e-01 3.83939981460571e-01
104 6.15234375000000e-01 3.78513336181641e-01
105 5.85449218750000e-01 3.42750787734985e-01
106 5.81054687500000e-01 3.37624549865723e-01
107 4.73144531250000e-01 2.23865747451782e-01
108 4.78027343750000e-01 2.28510141372681e-01
109 4.75097656250000e-01 2.25717782974243e-01
110 4.11132812500000e-01 1.69030189514160e-01
111 3.90625000000000e-01 1.52587890625000e-01
112 3.54003906250000e-01 1.25318765640259e-01
113 3.94042968750000e-01 1.55269861221313e-01
114 4.33105468750000e-01 1.87580347061157e-01
115 3.66210937500000e-01 1.34110450744629e-01
116 3.90136718750000e-01 1.52206659317017e-01
117 4.13085937500000e-01 1.70639991760254e-01
118 4.26269531250000e-01 1.81705713272095e-01
119 4.47265625000000e-01 2.00046539306641e-01
120 4.39941406250000e-01 1.93548440933228e-01
121 4.29687500000000e-01 1.84631347656250e-01
122 4.67285156250000e-01 2.18355417251587e-01
123 4.53613281250000e-01 2.05765008926392e-01
124 4.65332031250000e-01 2.16533899307251e-01
125 4.47265625000000e-01 2.00046539306641e-01
126 5.20019531250000e-01 2.70420312881470e-01
127 4.76074218750000e-01 2.26646661758423e-01
128 4.80957031250000e-01 2.31319665908813e-01
129 4.43847656250000e-01 1.97000741958618e-01
130 3.99902343750000e-01 1.59921884536743e-01
131 3.42285156250000e-01 1.17159128189087e-01
132 2.94433593750000e-01 8.66911411285400e-02
133 3.07617187500000e-01 9.46283340454102e-02
134 2.66113281250000e-01 7.08162784576416e-02
135 2.21679687500000e-01 4.91418838500977e-02
136 1.84082031250000e-01 3.38861942291260e-02
137 1.76757812500000e-01 3.12433242797852e-02
138 2.22167968750000e-01 4.93586063385010e-02
139 2.17773437500000e-01 4.74252700805664e-02
140 2.77832031250000e-01 7.71906375885010e-02
141 2.78320312500000e-01 7.74621963500977e-02
142 2.69531250000000e-01 7.26470947265625e-02
143 2.51953125000000e-01 6.34803771972656e-02
144 2.98339843750000e-01 8.90066623687744e-02
145 2.88574218750000e-01 8.32750797271729e-02
146 2.45605468750000e-01 6.03220462799072e-02
147 1.69433593750000e-01 2.87077426910400e-02
148 1.51855468750000e-01 2.30600833892822e-02
149 1.61132812500000e-01 2.59637832641602e-02
150 1.23046875000000e-01 1.51405334472656e-02
151 1.19628906250000e-01 1.43110752105713e-02
152 1.45507812500000e-01 2.11725234985352e-02
153 1.00097656250000e-01 1.00195407867432e-02
154 5.76171875000000e-02 3.31974029541016e-03
155 6.68945312500000e-02 4.47487831115723e-03
156 1.19140625000000e-01 1.41944885253906e-02
157 1.68945312500000e-01 2.85425186157227e-02
158 2.75390625000000e-01 7.58399963378906e-02
159 3.05175781250000e-01 9.31322574615479e-02
160 3.10546875000000e-01 9.64393615722656e-02
161 3.02734375000000e-01 9.16481018066406e-02
162 2.19238281250000e-01 4.80654239654541e-02
163 2.45117187500000e-01 6.00824356079102e-02
164 2.97363281250000e-01 8.84249210357666e-02
165 3.50097656250000e-01 1.22568368911743e-01
166 2.75390625000000e-01 7.58399963378906e-02
167 2.59765625000000e-01 6.74781799316406e-02
168 1.89453125000000e-01 3.58924865722656e-02
169 1.55273437500000e-01 2.41098403930664e-02
170 1.89941406250000e-01 3.60777378082275e-02
171 1.95800781250000e-01 3.83379459381104e-02
172 1.53808593750000e-01 2.36570835113525e-02
173 1.96289062500000e-01 3.85293960571289e-02
174 2.04589843750000e-01 4.18570041656494e-02
175 1.83105468750000e-01 3.35276126861572e-02
176 2.39746093750000e-01 5.74781894683838e-02
177 2.42187500000000e-01 5.86547851562500e-02
178 1.72851562500000e-01 2.98776626586914e-02
179 1.48925781250000e-01 2.21788883209229e-02
180 1.09375000000000e-01 1.19628906250000e-02
181 3.80859375000000e-02 1.45053863525391e-03
182 1.07421875000000e-02 1.15394592285156e-04
183 8.30078125000000e-03 6.89029693603516e-05
184 8.54492187500000e-02 7.30156898498535e-03
185 1.00585937500000e-01 1.01175308227539e-02
186 1.29394531250000e-01 1.67429447174072e-02
187 1.21093750000000e-01 1.46636962890625e-02
188 2.30468750000000e-01 5.31158447265625e-02
189 2.05078125000000e-01 4.20570373535156e-02
190 1.67480468750000e-01 2.80497074127197e-02
191 1.45507812500000e-01 2.11725234985352e-02
192 1.82617187500000e-01 3.33490371704102e-02
193 1.24511718750000e-01 1.55031681060791e-02
194 1.35253906250000e-01 1.82936191558838e-02
195 1.31347656250000e-01 1.72522068023682e-02
196 1.22558593750000e-01 1.50206089019775e-02
197 8.20312500000000e-02 6.72912597656250e-03
198 3.02734375000000e-02 9.16481018066406e-04
199 2.14843750000000e-02 4.61578369140625e-04
200 1.46484375000000e-03 2.14576721191406e-06
201 1.12304687500000e-02 1.26123428344727e-04
202 4.49218750000000e-02 2.01797485351562e-03
203 3.27148437500000e-02 1.07026100158691e-03
204 8.44726562500000e-02 7.13562965393066e-03
205 5.37109375000000e-02 2.88486480712891e-03
206 3.17382812500000e-02 1.00731849670410e-03
207 1.85546875000000e-02 3.44276428222656e-04
208 2.24609375000000e-02 5.04493713378906e-04
209 1.22070312500000e-02 1.49011611938477e-04
210 7.81250000000000e-02 6.10351562500000e-03
211 1.63574218750000e-01 2.67565250396729e-02
212 1.44531250000000e-01 2.08892822265625e-02
213 1.46972656250000e-01 2.16009616851807e-02
214 1.14257812500000e-01 1.30548477172852e-02
215 1.12304687500000e-01 1.26123428344727e-02
216 5.51757812500000e-02 3.04436683654785e-03
217 7.56835937500000e-02 5.72800636291504e-03
218 1.48437500000000e-01 2.20336914062500e-02
219 1.36230468750000e-01 1.85587406158447e-02
220 8.54492187500000e-02 7.30156898498535e-03
221 2.73437500000000e-02 7.47680664062500e-04
222 6.20117187500000e-02 3.84545326232910e-03
223 9.76562500000000e-04 9.53674316406250e-07
224 1.15234375000000e-01 1.32789611816406e-02
225 1.59667968750000e-01 2.54938602447510e-02
226 1.65527343750000e-01 2.73993015289307e-02
227 1.47949218750000e-01 2.18889713287354e-02
228 9.86328125000000e-02 9.72843170166016e-03
229 6.39648437500000e-02 4.09150123596191e-03
230 1.03027343750000e-01 1.06146335601807e-02
231 2.58789062500000e-02 6.69717788696289e-04
232 5.85937500000000e-03 3.43322753906250e-05
233 1.70898437500000e-02 2.92062759399414e-04
234 2.53906250000000e-02 6.44683837890625e-04
235 5.85937500000000e-03 3.43322753906250e-05
236 1.26953125000000e-02 1.61170959472656e-04
237 6.15234375000000e-02 3.78513336181641e-03
238 1.30371093750000e-01 1.69966220855713e-02
239 1.61132812500000e-01 2.59637832641602e-02
240 1.86523437500000e-01 3.47909927368164e-02
241 2.12402343750000e-01 4.51147556304932e-02
242 2.66113281250000e-01 7.08162784576416e-02
243 2.06054687500000e-01 4.24585342407227e-02
244 3.00292968750000e-01 9.01758670806885e-02
245 2.50488281250000e-01 6.27443790435791e-02
246 3.15429687500000e-01 9.94958877563477e-02
247 2.91015625000000e-01 8.46900939941406e-02
248 3.23730468750000e-01 1.04801416397095e-01
249 3.97460937500000e-01 1.57975196838379e-01
250 3.99902343750000e-01 1.59921884536743e-01
251 4.28222656250000e-01 1.83374643325806e-01
252 4.95605468750000e-01 2.45624780654907e-01
253 4.76074218750000e-01 2.26646661758423e-01
254 4.85351562500000e-01 2.35566139221191e-01
255 4.61914062500000e-01 2.13364601135254e-01
256 4.75585937500000e-01 2.26181983947754e-01
257 4.95605468750000e-01 2.45624780654907e-01
258 4.58984375000000e-01 2.10666656494141e-01
259 4.93652343750000e-01 2.43692636489868e-01
260 5.23925781250000e-01 2.74498224258423e-01
261 5.17578125000000e-01 2.67887115478516e-01
262 5.60546875000000e-01 3.14212799072266e-01
263 6.49414062500000e-01 4.21738624572754e-01
264 6.08886718750000e-01 3.70743036270142e-01
265 5.95703125000000e-01 3.54862213134766e-01
266 5.83984375000000e-01 3.41037750244141e-01
267 5.75683593750000e-01 3.31411600112915e-01
268 5.20996093750000e-01 2.71436929702759e-01
269 4.05273437500000e-01 1.64246559143066e-01
270 3.75488281250000e-01 1.40991449356079e-01
271 3.62304687500000e-01 1.31264686584473e-01
272 3.28125000000000e-01 1.07666015625000e-01
273 3.76464843750000e-01 1.41725778579712e-01
274 3.95507812500000e-01 1.56426429748535e-01
275 3.04687500000000e-01 9.28344726562500e-02
276 3.18847656250000e-01 1.01663827896118e-01
277 3.40820312500000e-01 1.16158485412598e-01
278 3.33007812500000e-01 1.10894203186035e-01
279 3.61328125000000e-01 1.30558013916016e-01
280 4.77539062500000e-01 2.28043556213379e-01
281 4.54101562500000e-01 2.06208229064941e-01
282 4.91210937500000e-01 2.41288185119629e-01
283 4.79003906250000e-01 2.29444742202759e-01
284 4.65820312500000e-01 2.16988563537598e-01
285 4.30664062500000e-01 1.85471534729004e-01
286 3.95996093750000e-01 1.56812906265259e-01
287 3.83300781250000e-01 1.46919488906860e-01
288 4.16015625000000e-01 1.73069000244141e-01
289 4.39453125000000e-01 1.93119049072266e-01
290 4.59960937500000e-01 2.11564064025879e-01
291 3.92578125000000e-01 1.54117584228516e-01
292 3.76464843750000e-01 1.41725778579712e-01
293 4.23828125000000e-01 1.79630279541016e-01
294 4.77539062500000e-01 2.28043556213379e-01
295 5.22460937500000e-01 2.72965431213379e-01
296 4.54589843750000e-01 2.06651926040649e-01
297 4.69726562500000e-01 2.20643043518066e-01
298 4.88281250000000e-01 2.38418579101562e-01
299 4.62890625000000e-01 2.14267730712891e-01
300 4.62890625000000e-01 2.14267730712891e-01
301 4.87792968750000e-01 2.37941980361938e-01
302 4.70214843750000e-01 2.21101999282837e-01
303 4.58984375000000e-01 2.10666656494141e-01
304 4.62402343750000e-01 2.13815927505493e-01
305 4.23339843750000e-01 1.79216623306274e-01
306 4.41894531250000e-01 1.95270776748657e-01
307 3.62304687500000e-01 1.31264686584473e-01
308 3.08593750000000e-01 9.52301025390625e-02
309 3.12988281250000e-01 9.79616641998291e-02
310 2.57812500000000e-01 6.64672851562500e-02
311 2.10937500000000e-01 4.44946289062500e-02
312 2.72460937500000e-01 7.42349624633789e-02
313 2.79785156250000e-01 7.82797336578369e-02
314 2.01171875000000e-01 4.04701232910156e-02
315 1.90917968750000e-01 3.64496707916260e-02
316 1.74316406250000e-01 3.03862094879150e-02
317 1.22070312500000e-01 1.49011611938477e-02
318 6.98242187500000e-02 4.87542152404785e-03
319 9.27734375000000e-02 8.60691070556641e-03
320 2.83203125000000e-02 8.02040100097656e-04
321 1.41601562500000e-02 2.00510025024414e-04
322 8.25195312500000e-02 6.80947303771973e-03
323 9.57031250000000e-02 9.15908813476562e-03
324 7.91015625000000e-02 6.25705718994141e-03
325 5.12695312500000e-02 2.62856483459473e-03
326 1.18164062500000e-01 1.39627456665039e-02
327 4.39453125000000e-02 1.93119049072266e-03
328 3.61328125000000e-02 1.30558013916016e-03
329 6.98242187500000e-02 4.87542152404785e-03
330 6.68945312500000e-02 4.47487831115723e-03
331 2.97851562500000e-02 8.87155532836914e-04
332 4.54101562500000e-02 2.06208229064941e-03
333 8.20312500000000e-02 6.72912597656250e-03
334 2.44140625000000e-03 5.96046447753906e-06
335 5.56640625000000e-02 3.09848785400391e-03
336 6.73828125000000e-02 4.54044342041016e-03
337 8.34960937500000e-02 6.97159767150879e-03
338 9.96093750000000e-02 9.92202758789062e-03
339 1.43554687500000e-01 2.06079483032227e-02
340 1.03515625000000e-01 1.07154846191406e-02
341 1.06445312500000e-01 1.13306045532227e-02
342 3.51562500000000e-02 1.23596191406250e-03
343 9.76562500000000e-04 9.53674316406250e-07
344 1.12304687500000e-02 1.26123428344727e-04
345 1.05468750000000e-01 1.11236572265625e-02
346 1.26953125000000e-01 1.61170959472656e-02
347 6.59179687500000e-02 4.34517860412598e-03
348 1.04003906250000e-01 1.08168125152588e-02
349 8.30078125000000e-02 6.89029693603516e-03
350 8.39843750000000e-02 7.05337524414062e-03
351 2.49023437500000e-02 6.20126724243164e-04
352 4.24804687500000e-02 1.80459022521973e-03
353 9.17968750000000e-02 8.42666625976562e-03
354 8.39843750000000e-02 7.05337524414062e-03
355 3.02734375000000e-02 9.16481018066406e-04
356 2.97851562500000e-02 8.87155532836914e-04
357 5.56640625000000e-02 3.09848785400391e-03
358 9.37500000000000e-02 8.78906250000000e-03
359 1.51367187500000e-01 2.29120254516602e-02
360 1.92871093750000e-01 3.71992588043213e-02
361 1.59667968750000e-01 2.54938602447510e-02
362 1.56738281250000e-01 2.45668888092041e-02
363 2.12890625000000e-01 4.53224182128906e-02
364 2.14843750000000e-01 4.61578369140625e-02
365 2.35839843750000e-01 5.56204319000244e-02
366 1.11328125000000e-01 1.23939514160156e-02
367 1.25488281250000e-01 1.57473087310791e-02
368 1.35253906250000e-01 1.82936191558838e-02
369 1.43066406250000e-01 2.04679965972900e-02
370 9.61914062500000e-02 9.25278663635254e-03
371 1.40136718750000e-01 1.96382999420166e-02
372 1.55761718750000e-01 2.42617130279541e-02
373 1.35742187500000e-01 1.84259414672852e-02
374 1.33789062500000e-01 1.78995132446289e-02
375 1.91406250000000e-01 3.66363525390625e-02
376 1.80175781250000e-01 3.24633121490479e-02
377 1.43554687500000e-01 2.06079483032227e-02
378 1.97265625000000e-01 3.89137268066406e-02
379 3.15917968750000e-01 9.98041629791260e-02
380 3.12011718750000e-01 9.73513126373291e-02
381 3.03710937500000e-01 9.22403335571289e-02
382 2.27539062500000e-01 5.17740249633789e-02
383 2.52929687500000e-01 6.39734268188477e-02
384 3.12988281250000e-01 9.79616641998291e-02
385 3.20312500000000e-01 1.02600097656250e-01
386 4.51660156250000e-01 2.03996896743774e-01
387 5.07324218750000e-01 2.57377862930298e-01
388 4.70214843750000e-01 2.21101999282837e-01
389 4.80957031250000e-01 2.31319665908813e-01
390 5.01953125000000e-01 2.51956939697266e-01
391 4.41406250000000e-01 1.94839477539062e-01
392 5.14648437500000e-01 2.64863014221191e-01
393 5.02929687500000e-01 2.52938270568848e-01
394 5.01464843750000e-01 2.51466989517212e-01
395 4.28222656250000e-01 1.83374643325806e-01
396 4.21386718750000e-01 1.77566766738892e-01
397 4.49218750000000e-01 2.01797485351562e-01
398 5.03906250000000e-01 2.53921508789062e-01
399 5.30273437500000e-01 2.81189918518066e-01
400 5.60058593750000e-01 3.13665628433228e-01
401 5.32226562500000e-01 2.83265113830566e-01
402 5.62011718750000e-01 3.15857172012329e-01
403 5.98144531250000e-01 3.57776880264282e-01
404 6.43066406250000e-01 4.13534402847290e-01
405 6.64550781250000e-01 4.41627740859985e-01
406 6.12304687500000e-01 3.74917030334473e-01
407 5.91796875000000e-01 3.50223541259766e-01
408 6.15234375000000e-01 3.78513336181641e-01
409 6.42578125000000e-01 4.12906646728516e-01
410 6.23046875000000e-01 3.88187408447266e-01
411 6.13281250000000e-01 3.76113891601562e-01
412 6.03027343750000e-01 3.63641977310181e-01
413 6.73828125000000e-01 4.54044342041016e-01
414 6.81152343750000e-01 4.63968515396118e-01
415 6.39160156250000e-01 4.08525705337524e-01
416 6.53320312500000e-01 4.26827430725098e-01
417 6.45019531250000e-01 4.16050195693970e-01
418 6.46484375000000e-01 4.17942047119141e-01
419 6.66015625000000e-01 4.43576812744141e-01
420 6.88476562500000e-01 4.73999977111816e-01
421 7.10937500000000e-01 5.05432128906250e-01
422 7.01660156250000e-01 4.92326974868774e-01
423 6.70410156250000e-01 4.49449777603149e-01
424 6.78222656250000e-01 4.59985971450806e-01
425 6.80664062500000e-01 4.63303565979004e-01
426 6.82128906250000e-01 4.65299844741821e-01
427 6.44042968750000e-01 4.14791345596313e-01
428 6.25976562500000e-01 3.91846656799316e-01
429 6.27441406250000e-01 3.93682718276978e-01
430 7.02636718750000e-01 4.93698358535767e-01
431 7.36328125000000e-01 5.42179107666016e-01
432 6.84570312500000e-01 4.68636512756348e-01
433 6.85546875000000e-01 4.69974517822266e-01
434 6.72363281250000e-01 4.52072381973267e-01
435 6.36718750000000e-01 4.05410766601562e-01
436 6.37695312500000e-01 4.06655311584473e-01
437 6.63085937500000e-01 4.39682960510254e-01
438 6.31835937500000e-01 3.99216651916504e-01
439 6.48437500000000e-01 4.20471191406250e-01
440 6.45019531250000e-01 4.16050195693970e-01
441 6.58203125000000e-01 4.33231353759766e-01
442 5.97656250000000e-01 3.57192993164062e-01
443 5.55664062500000e-01 3.08762550354004e-01
444 5.91796875000000e-01 3.50223541259766e-01
445 5.61523437500000e-01 3.15308570861816e-01
446 4.49707031250000e-01 2.02236413955688e-01
447 4.77539062500000e-01 2.28043556213379e-01
448 5.33691406250000e-01 2.84826517105103e-01
449 5.40039062500000e-01 2.91642189025879e-01
450 5.97167968750000e-01 3.56609582901001e-01
451 6.04003906250000e-01 3.64820718765259e-01
452 5.64453125000000e-01 3.18607330322266e-01
453 5.49804687500000e-01 3.02285194396973e-01
454 5.99609375000000e-01 3.59531402587891e-01
455 5.99121093750000e-01 3.58946084976196e-01
456 5.83007812500000e-01 3.39898109436035e-01
457 6.22558593750000e-01 3.87579202651978e-01
458 5.76660156250000e-01 3.32536935806274e-01
459 5.73730468750000e-01 3.29166650772095e-01
460 5.46386718750000e-01 2.98538446426392e-01
461 5.68847656250000e-01 3.23587656021118e-01
462 5.25878906250000e-01 2.76548624038696e-01
463 5.79589843750000e-01 3.35924386978149e-01
464 5.11718750000000e-01 2.61856079101562e-01
465 5.38574218750000e-01 2.90062189102173e-01
466 5.41015625000000e-01 2.92697906494141e-01
467 5.66894531250000e-01 3.21369409561157e-01
468 6.31347656250000e-01 3.98599863052368e-01
469 6.18652343750000e-01 3.82730722427368e-01
470 5.76171875000000e-01 3.31974029541016e-01
471 5.31738281250000e-01 2.82745599746704e-01
472 5.19042968750000e-01 2.69405603408813e-01
473 5.38574218750000e-01 2.90062189102173e-01
474 4.86816406250000e-01 2.36990213394165e-01
475 4.71679687500000e-01 2.22481727600098e-01
476 4.40917968750000e-01 1.94408655166626e-01
477 4.14062500000000e-01 1.71447753906250e-01
478 4.18945312500000e-01 1.75515174865723e-01
479 4.48730468750000e-01 2.01359033584595e-01
480 4.58984375000000e-01 2.10666656494141e-01
481 3.93066406250000e-01 1.54501199722290e-01
482 3.89160156250000e-01 1.51445627212524e-01
483 3.95996093750000e-01 1.56812906265259e-01
484 3.76464843750000e-01 1.41725778579712e-01
485 4.01855468750000e-01 1.61487817764282e-01
486 4.84375000000000e-01 2.34619140625000e-01
487 4.55078125000000e-01 2.07096099853516e-01
488 4.52636718750000e-01 2.04879999160767e-01
489 4.85351562500000e-01 2.35566139221191e-01
490 4.88769531250000e-01 2.38895654678345e-01
491 5.15136718750000e-01 2.65365839004517e-01
492 5.39550781250000e-01 2.91115045547485e-01
493 4.32128906250000e-01 1.86735391616821e-01
494 4.25781250000000e-01 1.81289672851562e-01
495 4.42871093750000e-01 1.96134805679321e-01
496 4.93164062500000e-01 2.43210792541504e-01
497 5.22949218750000e-01 2.73475885391235e-01
498 5.83007812500000e-01 3.39898109436035e-01
499 5.46386718750000e-01 2.98538446426392e-01
500 4.78515625000000e-01 2.28977203369141e-01
501 5.73242187500000e-01 3.28606605529785e-01
502 5.64453125000000e-01 3.18607330322266e-01
503 5.47851562500000e-01 3.00141334533691e-01
504 5.97656250000000e-01 3.57192993164062e-01
505 5.78613281250000e-01 3.34793329238892e-01
506 5.59570312500000e-01 3.13118934631348e-01
507 5.14160156250000e-01 2.64360666275024e-01
508 5.20507812500000e-01 2.70928382873535e-01
509 5.29296875000000e-01 2.80155181884766e-01
510 5.04882812500000e-01 2.54906654357910e-01
511 5.46386718750000e-01 2.98538446426392e-01
512 4.24316406250000e-01 1.80044412612915e-01
513 4.73144531250000e-01 2.23865747451782e-01
514 4.65820312500000e-01 2.16988563537598e-01
515 4.65332031250000e-01 2.16533899307251e-01
516 4.65820312500000e-01 2.16988563537598e-01
517 4.84375000000000e-01 2.34619140625000e-01
518 4.79003906250000e-01 2.29444742202759e-01
519 4.88769531250000e-01 2.38895654678345e-01
520 5.02441406250000e-01 2.52447366714478e-01
521 5.55664062500000e-01 3.08762550354004e-01
522 5.82031250000000e-01 3.38760375976562e-01
523 6.27929687500000e-01 3.94295692443848e-01
524 6.21582031250000e-01 3.86364221572876e-01
525 6.02050781250000e-01 3.62465143203735e-01
526 5.79589843750000e-01 3.35924386978149e-01
527 5.78125000000000e-01 3.34228515625000e-01
528 6.06445312500000e-01 3.67775917053223e-01
529 6.59179687500000e-01 4.34517860412598e-01
530 6.72363281250000e-01 4.52072381973267e-01
531 6.81152343750000e-01 4.63968515396118e-01
532 6.85058593750000e-01 4.69305276870728e-01
533 6.26464843750000e-01 3.92458200454712e-01
534 5.85449218750000e-01 3.42750787734985e-01
535 6.87500000000000e-01 4.72656250000000e-01
536 6.70410156250000e-01 4.49449777603149e-01
537 6.56250000000000e-01 4.30664062500000e-01
538 6.62597656250000e-01 4.39035654067993e-01
539 7.15332031250000e-01 5.11699914932251e-01
540 7.46093750000000e-01 5.56655883789062e-01
541 7.08496093750000e-01 5.01966714859009e-01
542 6.74804687500000e-01 4.55361366271973e-01
543 7.13378906250000e-01 5.08909463882446e-01
544 6.73828125000000e-01 4.54044342041016e-01
545 6.41113281250000e-01 4.11026239395142e-01
546 6.12792968750000e-01 3.75515222549438e-01
547 5.87402343750000e-01 3.45041513442993e-01
548 5.55664062500000e-01 3.08762550354004e-01
549 4.66796875000000e-01 2.17899322509766e-01
550 5.49804687500000e-01 3.02285194396973e-01
551 5.55175781250000e-01 3.08220148086548e-01
552 6.58691406250000e-01 4.33874368667603e-01
553 6.87011718750000e-01 4.71985101699829e-01
554 7.05566406250000e-01 4.97823953628540e-01
555 6.98242187500000e-01 4.87542152404785e-01
556 7.11914062500000e-01 5.06821632385254e-01
557 6.90917968750000e-01 4.77367639541626e-01
558 6.21093750000000e-01 3.85757446289062e-01
559 6.69433593750000e-01 4.48141336441040e-01
560 6.62597656250000e-01 4.39035654067993e-01
561 6.75292968750000e-01 4.56020593643188e-01
562 6.17187500000000e-01 3.80920410156250e-01
563 6.68945312500000e-01 4.47487831115723e-01
564 6.76269531250000e-01 4.57340478897095e-01
565 5.80078125000000e-01 3.36490631103516e-01
566 6.13281250000000e-01 3.76113891601562e-01
567 5.97167968750000e-01 3.56609582901001e-01
568 6.67968750000000e-01 4.46182250976562e-01
569 7.03125000000000e-01 4.94384765625000e-01
570 7.31445312500000e-01 5.35012245178223e-01
571 7.31445312500000e-01 5.35012245178223e-01
572 6.64062500000000e-01 4.40979003906250e-01
573 6.75292968750000e-01 4.56020593643188e-01
574 6.73339843750000e-01 4.53386545181274e-01
575 6.04980468750000e-01 3.66001367568970e-01
576 6.33789062500000e-01 4.01688575744629e-01
577 6.48925781250000e-01 4.21104669570923e-01
578 6.72851562500000e-01 4.52729225158691e-01
579 6.34765625000000e-01 4.02927398681641e-01
580 6.15234375000000e-01 3.78513336181641e-01
581 6.34765625000000e-01 4.02927398681641e-01
582 6.49414062500000e-01 4.21738624572754e-01
583 6.85546875000000e-01 4.69974517822266e-01
584 6.66015625000000e-01 4.43576812744141e-01
585 6.84082031250000e-01 4.67968225479126e-01
586 6.90429687500000e-01 4.76693153381348e-01
587 7.16796875000000e-01 5.13797760009766e-01
588 6.36718750000000e-01 4.05410766601562e-01
589 5.98144531250000e-01 3.57776880264282e-01
590 5.94238281250000e-01 3.53119134902954e-01
591 5.68359375000000e-01 3.23032379150391e-01
592 6.54785156250000e-01 4.28743600845337e-01
593 6.57226562500000e-01 4.31946754455566e-01
594 6.56250000000000e-01 4.30664062500000e-01
595 5.88378906250000e-01 3.46189737319946e-01
596 5.53222656250000e-01 3.06055307388306e-01
597 5.53222656250000e-01 3.06055307388306e-01
598 5.52246093750000e-01 3.04975748062134e-01
599 5.41503906250000e-01 2.93226480484009e-01
600 5.05371093750000e-01 2.55399942398071e-01
601 5.53222656250000e-01 3.06055307388306e-01
602 5.96679687500000e-01 3.56026649475098e-01
603 5.59082031250000e-01 3.12572717666626e-01
604 5.00488281250000e-01 2.50488519668579e-01
605 4.92675781250000e-01 2.42729425430298e-01
606 4.77050781250000e-01 2.27577447891235e-01
607 4.62890625000000e-01 2.14267730712891e-01
608 4.70214843750000e-01 2.21101999282837e-01
609 4.40917968750000e-01 1.94408655166626e-01
610 4.75585937500000e-01 2.26181983947754e-01
611 4.77050781250000e-01 2.27577447891235e-01
612 4.45800781250000e-01 1.98738336563110e-01
613 5.00976562500000e-01 2.50977516174316e-01
614 5.10742187500000e-01 2.60857582092285e-01
615 4.85839843750000e-01 2.36040353775024e-01
616 5.18066406250000e-01 2.68392801284790e-01
617 5.13671875000000e-01 2.63858795166016e-01
618 5.13183593750000e-01 2.63357400894165e-01
619 4.99023437500000e-01 2.49024391174316e-01
620 4.36523437500000e-01 1.90552711486816e-01
621 4.12109375000000e-01 1.69834136962891e-01
622 4.26269531250000e-01 1.81705713272095e-01
623 4.11132812500000e-01 1.69030189514160e-01
624 4.56054687500000e-01 2.07985877990723e-01
625 4.62402343750000e-01 2.13815927505493e-01
626 4.72167968750000e-01 2.22942590713501e-01
627 4.65332031250000e-01 2.16533899307251e-01
628 5.18066406250000e-01 2.68392801284790e-01
629 4.80468750000000e-01 2.30850219726562e-01
630 4.83398437500000e-01 2.33674049377441e-01
631 4.90722656250000e-01 2.40808725357056e-01
632 4.90234375000000e-01 2.40329742431641e-01
633 4.53125000000000e-01 2.05322265625000e-01
634 4.82421875000000e-01 2.32730865478516e-01
635 3.54492187500000e-01 1.25664710998535e-01
636 3.55468750000000e-01 1.26358032226562e-01
637 3.50097656250000e-01 1.22568368911743e-01
638 4.00878906250000e-01 1.60703897476196e-01
639 5.19531250000000e-01 2.69912719726562e-01
640 4.46289062500000e-01 1.99173927307129e-01
641 4.45800781250000e-01 1.98738336563110e-01
642 4.64843750000000e-01 2.16079711914062e-01
643 4.46289062500000e-01 1.99173927307129e-01
644 4.52148437500000e-01 2.04438209533691e-01
645 4.00878906250000e-01 1.60703897476196e-01
646 3.32519531250000e-01 1.10569238662720e-01
647 3.44726562500000e-01 1.18836402893066e-01
648 3.52539062500000e-01 1.24283790588379e-01
649 3.52539062500000e-01 1.24283790588379e-01
650 3.70117187500000e-01 1.36986732482910e-01
651 3.56445312500000e-01 1.27053260803223e-01
652 4.12109375000000e-01 1.69834136962891e-01
653 3.84277343750000e-01 1.47669076919556e-01
654 3.82324218750000e-01 1.46171808242798e-01
655 2.97363281250000e-01 8.84249210357666e-02
656 2.93945312500000e-01 8.64038467407227e-02
657 2.46093750000000e-01 6.05621337890625e-02
658 2.37304687500000e-01 5.63135147094727e-02
659 2.80761718750000e-01 7.88271427154541e-02
660 2.95410156250000e-01 8.72671604156494e-02
661 2.85156250000000e-01 8.13140869140625e-02
662 2.82226562500000e-01 7.96518325805664e-02
663 2.73437500000000e-01 7.47680664062500e-02
664 2.04101562500000e-01 4.16574478149414e-02
665 2.17773437500000e-01 4.74252700805664e-02
666 2.28027343750000e-01 5.19964694976807e-02
667 2.71484375000000e-01 7.37037658691406e-02
668 2.25097656250000e-01 5.06689548492432e-02
669 2.75390625000000e-01 7.58399963378906e-02
670 3.48632812500000e-01 1.21544837951660e-01
671 3.20312500000000e-01 1.02600097656250e-01
672 3.88671875000000e-01 1.51065826416016e-01
673 4.35058593750000e-01 1.89275979995728e-01
674 4.63378906250000e-01 2.14720010757446e-01
675 4.82421875000000e-01 2.32730865478516e-01
676 4.37500000000000e-01 1.91406250000000e-01
677 4.98535156250000e-01 2.48537302017212e-01
678 5.02929687500000e-01 2.52938270568848e-01
679 4.96093750000000e-01 2.46109008789062e-01
680 5.23437500000000e-01 2.73986816406250e-01
681 5.02441406250000e-01 2.52447366714478e-01
682 4.34570312500000e-01 1.88851356506348e-01
683 3.86230468750000e-01 1.49173974990845e-01
684 3.58886718750000e-01 1.28799676895142e-01
685 3.79882812500000e-01 1.44310951232910e-01
686 4.67773437500000e-01 2.18811988830566e-01
687 4.13574218750000e-01 1.71043634414673e-01
688 4.52636718750000e-01 2.04879999160767e-01
689 4.29199218750000e-01 1.84211969375610e-01
690 3.91601562500000e-01 1.53351783752441e-01
691 4.32128906250000e-01 1.86735391616821e-01
692 4.72167968750000e-01 2.22942590713501e-01
693 4.84375000000000e-01 2.34619140625000e-01
694 5.15625000000000e-01 2.65869140625000e-01
695 5.43945312500000e-01 2.95876502990723e-01
696 5.89843750000000e-01 3.47915649414062e-01
697 6.25976562500000e-01 3.91846656799316e-01
698 6.45507812500000e-01 4.16680335998535e-01
699 6.05957031250000e-01 3.67183923721313e-01
700 6.23535156250000e-01 3.88796091079712e-01
701 6.39648437500000e-01 4.09150123596191e-01
702 6.83593750000000e-01 4.67300415039062e-01
703 6.76269531250000e-01 4.57340478897095e-01
704 6.57714843750000e-01 4.32588815689087e-01
705 6.47460937500000e-01 4.19205665588379e-01
706 6.36230468750000e-01 4.04789209365845e-01
707 6.22070312500000e-01 3.86971473693848e-01
708 6.52832031250000e-01 4.26189661026001e-01
709 6.55761718750000e-01 4.30023431777954e-01
710 6.97265625000000e-01 4.86179351806641e-01
711 7.03613281250000e-01 4.95071649551392e-01
712 6.99218750000000e-01 4.88906860351562e-01
713 7.23144531250000e-01 5.22938013076782e-01
714 7.32421875000000e-01 5.36441802978516e-01
715 7.72949218750000e-01 5.97450494766235e-01
716 7.41699218750000e-01 5.50117731094360e-01
717 7.22656250000000e-01 5.22232055664062e-01
718 6.61621093750000e-01 4.37742471694946e-01
719 7.11914062500000e-01 5.06821632385254e-01
720 7.04101562500000e-01 4.95759010314941e-01
721 7.40234375000000e-01 5.47946929931641e-01
722 7.47558593750000e-01 5.58843851089478e-01
723 6.98730468750000e-01 4.88224267959595e-01
724 7.02636718750000e-01 4.93698358535767e-01
725 6.32812500000000e-01 4.00451660156250e-01
726 6.87500000000000e-01 4.72656250000000e-01
727 6.60644531250000e-01 4.36451196670532e-01
728 6.40625000000000e-01 4.10400390625000e-01
729 6.30859375000000e-01 3.97983551025391e-01
730 6.83593750000000e-01 4.67300415039062e-01
731 6.86523437500000e-01 4.71314430236816e-01
732 7.26074218750000e-01 5.27183771133423e-01
733 6.66992187500000e-01 4.44878578186035e-01
734 6.05957031250000e-01 3.67183923721313e-01
735 5.80078125000000e-01 3.36490631103516e-01
736 6.27441406250000e-01 3.93682718276978e-01
737 6.59667968750000e-01 4.35161828994751e-01
738 7.01660156250000e-01 4.92326974868774e-01
739 6.74316406250000e-01 4.54702615737915e-01
740 6.96289062500000e-01 4.84818458557129e-01
741 7.29003906250000e-01 5.31446695327759e-01
742 7.09960937500000e-01 5.04044532775879e-01
743 6.24511718750000e-01 3.90014886856079e-01
744 6.57226562500000e-01 4.31946754455566e-01
745 6.96289062500000e-01 4.84818458557129e-01
746 7.10937500000000e-01 5.05432128906250e-01
747 6.73339843750000e-01 4.53386545181274e-01
748 6.38671875000000e-01 4.07901763916016e-01
749 7.07031250000000e-01 4.99893188476562e-01
750 6.87011718750000e-01 4.71985101699829e-01
751 7.12402343750000e-01 5.07517099380493e-01
752 7.19238281250000e-01 5.17303705215454e-01
753 6.81640625000000e-01 4.64633941650391e-01
754 6.59179687500000e-01 4.34517860412598e-01
755 6.36230468750000e-01 4.04789209365845e-01
756 5.95703125000000e-01 3.54862213134766e-01
757 5.68359375000000e-01 3.23032379150391e-01
758 5.17089843750000e-01 2.67381906509399e-01
759 4.80468750000000e-01 2.30850219726562e-01
760 5.41992187500000e-01 2.93755531311035e-01
761 6.11328125000000e-01 3.73722076416016e-01
762 5.85937500000000e-01 3.43322753906250e-01
763 5.72265625000000e-01 3.27487945556641e-01
764 5.54199218750000e-01 3.07136774063110e-01
765 5.51757812500000e-01 3.04436683654785e-01
766 5.35156250000000e-01 2.86392211914062e-01
767 5.37597656250000e-01 2.89011240005493e-01
768 5.75683593750000e-01 3.31411600112915e-01
769 5.12207031250000e-01 2.62356042861938e-01
770 5.95703125000000e-01 3.54862213134766e-01
771 5.95214843750000e-01 3.54280710220337e-01
772 6.32812500000000e-01 4.00451660156250e-01
773 6.23535156250000e-01 3.88796091079712e-01
774 6.64062500000000e-01 4.40979003906250e-01
775 6.20605468750000e-01 3.85151147842407e-01
776 6.56250000000000e-01 4.30664062500000e-01
777 6.53808593750000e-01 4.27465677261353e-01
778 6.54296875000000e-01 4.28104400634766e-01
779 6.95312500000000e-01 4.83459472656250e-01
780 6.53320312500000e-01 4.26827430725098e-01
781 6.79199218750000e-01 4.61311578750610e-01
782 6.60644531250000e-01 4.36451196670532e-01
783 6.54785156250000e-01 4.28743600845337e-01
784 6.68945312500000e-01 4.47487831115723e-01
785 6.36230468750000e-01 4.04789209365845e-01
786 6.66503906250000e-01 4.44227457046509e-01
787 6.75292968750000e-01 4.56020593643188e-01
788 6.36230468750000e-01 4.04789209365845e-01
789 6.15722656250000e-01 3.79114389419556e-01
790 6.81152343750000e-01 4.63968515396118e-01
791 6.45507812500000e-01 4.16680335998535e-01
792 6.87011718750000e-01 4.71985101699829e-01
793 6.84570312500000e-01 4.68636512756348e-01
794 7.45117187500000e-01 5.55199623107910e-01
795 7.35351562500000e-01 5.40741920471191e-01
796 7.31933593750000e-01 5.35726785659790e-01
797 7.36816406250000e-01 5.42898416519165e-01
798 7.11425781250000e-01 5.06126642227173e-01
799 7.55371093750000e-01 5.70585489273071e-01
800 7.22167968750000e-01 5.21526575088501e-01
801 6.97265625000000e-01 4.86179351806641e-01
802 7.02636718750000e-01 4.93698358535767e-01
803 7.38281250000000e-01 5.45059204101562e-01
804 8.08105468750000e-01 6.53034448623657e-01
805 7.77832031250000e-01 6.05022668838501e-01
806 7.17285156250000e-01 5.14497995376587e-01
807 6.82617187500000e-01 4.65966224670410e-01
808 6.59667968750000e-01 4.35161828994751e-01
809 6.03027343750000e-01 3.63641977310181e-01
810 6.81152343750000e-01 4.63968515396118e-01
811 6.45996093750000e-01 4.17310953140259e-01
812 6.35742187500000e-01 4.04168128967285e-01
813 6.82128906250000e-01 4.65299844741821e-01
814 6.73339843750000e-01 4.53386545181274e-01
815 7.00683593750000e-01 4.90957498550415e-01
816 6.80664062500000e-01 4.63303565979004e-01
817 7.06542968750000e-01 4.99202966690063e-01
818 6.34277343750000e-01 4.02307748794556e-01
819 6.24511718750000e-01 3.90014886856079e-01
820 6.48437500000000e-01 4.20471191406250e-01
821 6.33789062500000e-01 4.01688575744629e-01
822 6.01562500000000e-01 3.61877441406250e-01
823 5.16113281250000e-01 2.66372919082642e-01
824 5.14160156250000e-01 2.64360666275024e-01
825 4.47265625000000e-01 2.00046539306641e-01
826 4.42382812500000e-01 1.95702552795410e-01
827 3.96484375000000e-01 1.57199859619141e-01
828 4.56054687500000e-01 2.07985877990723e-01
829 4.53125000000000e-01 2.05322265625000e-01
830 4.85839843750000e-01 2.36040353775024e-01
831 4.95605468750000e-01 2.45624780654907e-01
832 4.37011718750000e-01 1.90979242324829e-01
833 4.88769531250000e-01 2.38895654678345e-01
834 5.31738281250000e-01 2.82745599746704e-01
835 5.84472656250000e-01 3.41608285903931e-01
836 5.23437500000000e-01 2.73986816406250e-01
837 4.48730468750000e-01 2.01359033584595e-01
838 4.30664062500000e-01 1.85471534729004e-01
839 4.39941406250000e-01 1.93548440933228e-01
840 4.61425781250000e-01 2.12913751602173e-01
841 5.00000000000000e-01 2.50000000000000e-01
842 4.89746093750000e-01 2.39851236343384e-01
843 5.62988281250000e-01 3.16955804824829e-01
844 6.03515625000000e-01 3.64231109619141e-01
845 5.99609375000000e-01 3.59531402587891e-01
846 6.10351562500000e-01 3.72529029846191e-01
847 5.97167968750000e-01 3.56609582901001e-01
848 5.83007812500000e-01 3.39898109436035e-01
849 5.96679687500000e-01 3.56026649475098e-01
850 6.11816406250000e-01 3.74319314956665e-01
851 5.96679687500000e-01 3.56026649475098e-01
852 5.48339843750000e-01 3.00676584243774e-01
853 5.33203125000000e-01 2.84305572509766e-01
854 5.78613281250000e-01 3.34793329238892e-01
855 5.81054687500000e-01 3.37624549865723e-01
856 6.20605468750000e-01 3.85151147842407e-01
857 6.24511718750000e-01 3.90014886856079e-01
858 5.83496093750000e-01 3.40467691421509e-01
859 6.51855468750000e-01 4.24915552139282e-01
860 6.66992187500000e-01 4.44878578186035e-01
861 6.27441406250000e-01 3.93682718276978e-01
862 6.45507812500000e-01 4.16680335998535e-01
863 5.75683593750000e-01 3.31411600112915e-01
864 5.53710937500000e-01 3.06595802307129e-01
865 4.75097656250000e-01 2.25717782974243e-01
866 4.07226562500000e-01 1.65833473205566e-01
867 3.53027343750000e-01 1.24628305435181e-01
868 3.68652343750000e-01 1.35904550552368e-01
869 3.73046875000000e-01 1.39163970947266e-01
870 3.19335937500000e-01 1.01975440979004e-01
871 3.20800781250000e-01 1.02913141250610e-01
872 3.14453125000000e-01 9.88807678222656e-02
873 4.40917968750000e-01 1.94408655166626e-01
874 4.19433593750000e-01 1.75924539566040e-01
875 3.85742187500000e-01 1.48797035217285e-01
876 3.92089843750000e-01 1.53734445571899e-01
877 3.54980468750000e-01 1.26011133193970e-01
878 3.53027343750000e-01 1.24628305435181e-01
879 4.14550781250000e-01 1.71852350234985e-01
880 4.95605468750000e-01 2.45624780654907e-01
881 5.20996093750000e-01 2.71436929702759e-01
882 5.05371093750000e-01 2.55399942398071e-01
883 5.01464843750000e-01 2.51466989517212e-01
884 4.61425781250000e-01 2.12913751602173e-01
885 4.68261718750000e-01 2.19269037246704e-01
886 5.10742187500000e-01 2.60857582092285e-01
887 4.45312500000000e-01 1.98303222656250e-01
888 4.08203125000000e-01 1.66629791259766e-01
889 4.81933593750000e-01 2.32259988784790e-01
890 4.12597656250000e-01 1.70236825942993e-01
891 4.34570312500000e-01 1.88851356506348e-01
892 4.63867187500000e-01 2.15172767639160e-01
893 4.27734375000000e-01 1.82956695556641e-01
894 4.83398437500000e-01 2.33674049377441e-01
895 4.82910156250000e-01 2.33202219009399e-01
896 5.15136718750000e-01 2.65365839004517e-01
897 4.76562500000000e-01 2.27111816406250e-01
898 4.78515625000000e-01 2.28977203369141e-01
899 4.93652343750000e-01 2.43692636489868e-01
900 5.15136718750000e-01 2.65365839004517e-01
901 5.16601562500000e-01 2.66877174377441e-01
902 4.89257812500000e-01 2.39373207092285e-01
903 4.22851562500000e-01 1.78803443908691e-01
904 4.25781250000000e-01 1.81289672851562e-01
905 4.23828125000000e-01 1.79630279541016e-01
906 4.35058593750000e-01 1.89275979995728e-01
907 4.75585937500000e-01 2.26181983947754e-01
908 3.99902343750000e-01 1.59921884536743e-01
909 4.35058593750000e-01 1.89275979995728e-01
910 4.02832031250000e-01 1.62273645401001e-01
911 4.57519531250000e-01 2.09324121475220e-01
912 5.06347656250000e-01 2.56387948989868e-01
913 5.36132812500000e-01 2.87438392639160e-01
914 4.92187500000000e-01 2.42248535156250e-01
915 5.06347656250000e-01 2.56387948989868e-01
916 5.18066406250000e-01 2.68392801284790e-01
917 5.28320312500000e-01 2.79122352600098e-01
918 5.44433593750000e-01 2.96407938003540e-01
919 4.73144531250000e-01 2.23865747451782e-01
920 5.45410156250000e-01 2.97472238540649e-01
921 5.50292968750000e-01 3.02822351455688e-01
922 5.45410156250000e-01 2.97472238540649e-01
923 4.94140625000000e-01 2.44174957275391e-01
924 5.05371093750000e-01 2.55399942398071e-01
925 5.06835937500000e-01 2.56882667541504e-01
926 5.24902343750000e-01 2.75522470474243e-01
927 5.10253906250000e-01 2.60359048843384e-01
928 4.95605468750000e-01 2.45624780654907e-01
929 4.59960937500000e-01 2.11564064025879e-01
930 4.80957031250000e-01 2.31319665908813e-01
931 5.73242187500000e-01 3.28606605529785e-01
932 4.93164062500000e-01 2.43210792541504e-01
933 5.62011718750000e-01 3.15857172012329e-01
934 5.66406250000000e-01 3.20816040039062e-01
935 5.08300781250000e-01 2.58369684219360e-01
936 4.41894531250000e-01 1.95270776748657e-01
937 4.20898437500000e-01 1.77155494689941e-01
938 3.64746093750000e-01 1.33039712905884e-01
939 4.22363281250000e-01 1.78390741348267e-01
940 4.34082031250000e-01 1.88427209854126e-01
941 3.93066406250000e-01 1.54501199722290e-01
942 3.31054687500000e-01 1.09597206115723e-01
943 3.30078125000000e-01 1.08951568603516e-01
944 3.75488281250000e-01 1.40991449356079e-01
945 3.72070312500000e-01 1.38436317443848e-01
946 3.33984375000000e-01 1.11545562744141e-01
947 3.13964843750000e-01 9.85739231109619e-02
948 2.38769531250000e-01 5.70108890533447e-02
949 2.85644531250000e-01 8.15927982330322e-02
950 2.87597656250000e-01 8.27124118804932e-02
951 2.95410156250000e-01 8.72671604156494e-02
952 2.72949218750000e-01 7.45012760162354e-02
953 2.75878906250000e-01 7.61091709136963e-02
954 2.84667968750000e-01 8.10358524322510e-02
955 3.05664062500000e-01 9.34305191040039e-02
956 2.73437500000000e-01 7.47680664062500e-02
957 2.53906250000000e-01 6.44683837890625e-02
958 2.21679687500000e-01 4.91418838500977e-02
959 2.45117187500000e-01 6.00824356079102e-02
960 2.60742187500000e-01 6.79864883422852e-02
961 2.51464843750000e-01 6.32345676422119e-02
962 2.91503906250000e-01 8.49745273590088e-02
963 3.08105468750000e-01 9.49289798736572e-02
964 3.37402343750000e-01 1.13840341567993e-01
965 3.10058593750000e-01 9.61363315582275e-02
966 3.12500000000000e-01 9.76562500000000e-02
967 3.22753906250000e-01 1.04170083999634e-01
968 3.01269531250000e-01 9.07633304595947e-02
969 2.99804687500000e-01 8.98828506469727e-02
970 2.91015625000000e-01 8.46900939941406e-02
971 2.62207031250000e-01 6.87525272369385e-02
972 2.02148437500000e-01 4.08639907836914e-02
973 2.08984375000000e-01 4.36744689941406e-02
974 1.19140625000000e-01 1.41944885253906e-02
975 1.27441406250000e-01 1.62413120269775e-02
976 5.56640625000000e-02 3.09848785400391e-03
977 1.34765625000000e-01 1.81617736816406e-02
978 1.22070312500000e-01 1.49011611938477e-02
979 8.25195312500000e-02 6.80947303771973e-03
980 1.15722656250000e-01 1.33917331695557e-02
981 9.52148437500000e-02 9.06586647033691e-03
982 1.30859375000000e-01 1.71241760253906e-02
983 6.78710937500000e-02 4.60648536682129e-03
984 3.07617187500000e-02 9.46283340454102e-04
985 5.22460937500000e-02 2.72965431213379e-03
986 2.68554687500000e-02 7.21216201782227e-04
987 1.41601562500000e-02 2.00510025024414e-04
988 6.10351562500000e-02 3.72529029846191e-03
989 1.09375000000000e-01 1.19628906250000e-02
990 1.05468750000000e-01 1.11236572265625e-02
991 1.47949218750000e-01 2.18889713287354e-02
992 1.71386718750000e-01 2.93734073638916e-02
993 1.36718750000000e-01 1.86920166015625e-02
994 2.07031250000000e-01 4.28619384765625e-02
995 2.49023437500000e-01 6.20126724243164e-02
996 2.61718750000000e-01 6.84967041015625e-02
997 3.10546875000000e-01 9.64393615722656e-02
998 3.29101562500000e-01 1.08307838439941e-01
999 3.24707031250000e-01 1.05434656143188e-01
