0 7.07031250000000e-01 4.99893188476562e-01
1 6.80664062500000e-01 4.63303565979004e-01
2 6.89453125000000e-01 4.75345611572266e-01
3 6.69433593750000e-01 4.48141336441040e-01
4 6.80175781250000e-01 4.62639093399048e-01
5 6.67968750000000e-01 4.46182250976562e-01
6 6.92871093750000e-01 4.80070352554321e-01
7 6.30371093750000e-01 3.97367715835571e-01
8 5.88867187500000e-01 3.46764564514160e-01
9 6.51855468750000e-01 4.24915552139282e-01
10 6.39648437500000e-01 4.09150123596191e-01
11 6.38183593750000e-01 4.07278299331665e-01
12 5.70800781250000e-01 3.25813531875610e-01
13 6.00097656250000e-01 3.60117197036743e-01
14 6.58691406250000e-01 4.33874368667603e-01
15 6.92382812500000e-01 4.79393959045410e-01
16 6.40625000000000e-01 4.10400390625000e-01
17 6.59667968750000e-01 4.35161828994751e-01
18 6.74316406250000e-01 4.54702615737915e-01
19 7.47558593750000e-01 5.58843851089478e-01
20 7.49023437500000e-01 5.61036109924316e-01
21 7.29492187500000e-01 5.32158851623535e-01
22 7.41699218750000e-01 5.50117731094360e-01
23 7.12890625000000e-01 5.08213043212891e-01
24 7.34375000000000e-01 5.39306640625000e-01
25 7.29492187500000e-01 5.32158851623535e-01
26 7.16796875000000e-01 5.13797760009766e-01
27 7.62695312500000e-01 5.81704139709473e-01
28 7.50488281250000e-01 5.63232660293579e-01
29 8.00292968750000e-01 6.40468835830688e-01
30 7.57324218750000e-01 5.73539972305298e-01
31 7.16308593750000e-01 5.13098001480103e-01
32 7.11425781250000e-01 5.06126642227173e-01
33 6.77246093750000e-01 4.58662271499634e-01
34 6.56738281250000e-01 4.31305170059204e-01
35 7.05078125000000e-01 4.97135162353516e-01
36 6.88476562500000e-01 4.73999977111816e-01
37 6.49902343750000e-01 4.22373056411743e-01
38 6.59179687500000e-01 4.34517860412598e-01
39 6.22070312500000e-01 3.86971473693848e-01
40 6.72363281250000e-01 4.52072381973267e-01
41 6.72363281250000e-01 4.52072381973267e-01
42 7.11425781250000e-01 5.06126642227173e-01
43 6.89453125000000e-01 4.75345611572266e-01
44 6.79199218750000e-01 4.61311578750610e-01
45 6.27441406250000e-01 3.93682718276978e-01
46 5.95703125000000e-01 3.54862213134766e-01
47 5.72265625000000e-01 3.27487945556641e-01
48 6.15722656250000e-01 3.79114389419556e-01
49 6.23535156250000e-01 3.88796091079712e-01
50 6.10839843750000e-01 3.73125314712524e-01
51 5.85449218750000e-01 3.42750787734985e-01
52 5.75683593750000e-01 3.31411600112915e-01
53 5.83007812500000e-01 3.39898109436035e-01
54 5.56152343750000e-01 3.09305429458618e-01
55 5.55664062500000e-01 3.08762550354004e-01
56 5.14648437500000e-01 2.64863014221191e-01
57 5.85937500000000e-01 3.43322753906250e-01
58 6.00097656250000e-01 3.60117197036743e-01
59 5.41503906250000e-01 2.93226480484009e-01
60 5.70312500000000e-01 3.25256347656250e-01
61 5.53222656250000e-01 3.06055307388306e-01
62 6.16699218750000e-01 3.80317926406860e-01
63 5.78125000000000e-01 3.34228515625000e-01
64 5.85449218750000e-01 3.42750787734985e-01
65 6.00585937500000e-01 3.60703468322754e-01
66 5.74218750000000e-01 3.29727172851562e-01
67 5.72265625000000e-01 3.27487945556641e-01
68 5.73242187500000e-01 3.28606605529785e-01
69 5.37109375000000e-01 2.88486480712891e-01
70 4.87792968750000e-01 2.37941980361938e-01
71 5.15136718750000e-01 2.65365839004517e-01
72 5.33203125000000e-01 2.84305572509766e-01
73 5.04882812500000e-01 2.54906654357910e-01
74 5.01953125000000e-01 2.51956939697266e-01
75 4.34570312500000e-01 1.88851356506348e-01
76 4.03808593750000e-01 1.63061380386353e-01
77 4.40429687500000e-01 1.93978309631348e-01
78 3.50585937500000e-01 1.22910499572754e-01
79 3.36914062500000e-01 1.13511085510254e-01
80 3.48632812500000e-01 1.21544837951660e-01
81 2.88574218750000e-01 8.32750797271729e-02
82 2.68066406250000e-01 7.18595981597900e-02
83 2.18261718750000e-01 4.76381778717041e-02
84 2.01660156250000e-01 4.06668186187744e-02
85 2.17773437500000e-01 4.74252700805664e-02
86 2.52441406250000e-01 6.37266635894775e-02
87 2.57812500000000e-01 6.64672851562500e-02
88 2.33398437500000e-01 5.44748306274414e-02
89 2.50488281250000e-01 6.27443790435791e-02
90 3.07617187500000e-01 9.46283340454102e-02
91 2.87109375000000e-01 8.24317932128906e-02
92 2.96386718750000e-01 8.78450870513916e-02
93 2.95898437500000e-01 8.75558853149414e-02
94 3.12988281250000e-01 9.79616641998291e-02
95 3.50585937500000e-01 1.22910499572754e-01
96 3.57910156250000e-01 1.28099679946899e-01
97 3.80371093750000e-01 1.44682168960571e-01
98 3.33496093750000e-01 1.11219644546509e-01
99 2.70996093750000e-01 7.34388828277588e-02
100 2.96386718750000e-01 8.78450870513916e-02
101 2.86132812500000e-01 8.18719863891602e-02
102 2.78320312500000e-01 7.74621963500977e-02
103 3.42773437500000e-01 1.17493629455566e-01
104 3.12011718750000e-01 9.73513126373291e-02
105 2.46582031250000e-01 6.08026981353760e-02
106 2.40722656250000e-01 5.79473972320557e-02
107 1.97753906250000e-01 3.91066074371338e-02
108 1.92382812500000e-01 3.70111465454102e-02
109 1.81152343750000e-01 3.28161716461182e-02
110 1.72363281250000e-01 2.97091007232666e-02
111 1.85546875000000e-01 3.44276428222656e-02
112 2.10937500000000e-01 4.44946289062500e-02
113 2.05566406250000e-01 4.22575473785400e-02
114 1.89941406250000e-01 3.60777378082275e-02
115 1.78710937500000e-01 3.19375991821289e-02
116 1.03515625000000e-01 1.07154846191406e-02
117 1.08398437500000e-01 1.17502212524414e-02
118 1.37695312500000e-01 1.89599990844727e-02
119 8.93554687500000e-02 7.98439979553223e-03
120 7.66601562500000e-02 5.87677955627441e-03
121 9.52148437500000e-02 9.06586647033691e-03
122 9.76562500000000e-02 9.53674316406250e-03
123 1.45019531250000e-01 2.10306644439697e-02
124 1.43066406250000e-01 2.04679965972900e-02
125 1.22070312500000e-01 1.49011611938477e-02
126 6.59179687500000e-02 4.34517860412598e-03
127 6.73828125000000e-02 4.54044342041016e-03
128 5.56640625000000e-02 3.09848785400391e-03
129 9.42382812500000e-02 8.88085365295410e-03
130 1.19140625000000e-01 1.41944885253906e-02
131 2.00195312500000e-01 4.00781631469727e-02
132 1.95312500000000e-01 3.81469726562500e-02
133 1.74804687500000e-01 3.05566787719727e-02
134 1.84082031250000e-01 3.38861942291260e-02
135 2.58300781250000e-01 6.67192935943604e-02
136 1.89941406250000e-01 3.60777378082275e-02
137 1.71875000000000e-01 2.95410156250000e-02
138 1.74804687500000e-01 3.05566787719727e-02
139 2.40722656250000e-01 5.79473972320557e-02
140 1.70898437500000e-01 2.92062759399414e-02
141 1.89453125000000e-01 3.58924865722656e-02
142 2.33398437500000e-01 5.44748306274414e-02
143 2.20703125000000e-01 4.87098693847656e-02
144 2.25585937500000e-01 5.08890151977539e-02
145 2.50976562500000e-01 6.29892349243164e-02
146 2.69042968750000e-01 7.23841190338135e-02
147 2.54882812500000e-01 6.49652481079102e-02
148 2.22167968750000e-01 4.93586063385010e-02
149 1.71386718750000e-01 2.93734073638916e-02
150 1.51367187500000e-01 2.29120254516602e-02
151 1.84570312500000e-01 3.40662002563477e-02
152 1.40625000000000e-01 1.97753906250000e-02
153 1.74316406250000e-01 3.03862094879150e-02
154 1.26464843750000e-01 1.59933567047119e-02
155 1.19628906250000e-01 1.43110752105713e-02
156 8.30078125000000e-02 6.89029693603516e-03
157 5.56640625000000e-02 3.09848785400391e-03
158 4.58984375000000e-02 2.10666656494141e-03
159 7.66601562500000e-02 5.87677955627441e-03
160 2.39257812500000e-02 5.72443008422852e-04
161 6.54296875000000e-02 4.28104400634766e-03
162 7.71484375000000e-02 5.95188140869141e-03
163 8.88671875000000e-02 7.89737701416016e-03
164 1.89453125000000e-01 3.58924865722656e-02
165 1.08886718750000e-01 1.18563175201416e-02
166 1.03515625000000e-01 1.07154846191406e-02
167 1.76269531250000e-01 3.10709476470947e-02
168 1.67968750000000e-01 2.82135009765625e-02
169 1.99218750000000e-01 3.96881103515625e-02
170 1.94824218750000e-01 3.79564762115479e-02
171 1.03515625000000e-01 1.07154846191406e-02
172 1.13281250000000e-01 1.28326416015625e-02
173 1.02050781250000e-01 1.04143619537354e-02
174 8.05664062500000e-02 6.49094581604004e-03
175 1.53320312500000e-01 2.35071182250977e-02
176 1.31347656250000e-01 1.72522068023682e-02
177 1.55273437500000e-01 2.41098403930664e-02
178 1.61621093750000e-01 2.61213779449463e-02
179 2.55371093750000e-01 6.52143955230713e-02
180 2.44628906250000e-01 5.98433017730713e-02
181 2.95410156250000e-01 8.72671604156494e-02
182 2.97363281250000e-01 8.84249210357666e-02
183 2.54394531250000e-01 6.47165775299072e-02
184 2.20214843750000e-01 4.84945774078369e-02
185 2.23632812500000e-01 5.00116348266602e-02
186 2.33886718750000e-01 5.47029972076416e-02
187 2.20214843750000e-01 4.84945774078369e-02
188 1.51367187500000e-01 2.29120254516602e-02
189 1.44042968750000e-01 2.07483768463135e-02
190 1.92382812500000e-01 3.70111465454102e-02
191 2.12402343750000e-01 4.51147556304932e-02
192 1.67480468750000e-01 2.80497074127197e-02
193 1.62109375000000e-01 2.62794494628906e-02
194 1.28417968750000e-01 1.64911746978760e-02
195 1.45507812500000e-01 2.11725234985352e-02
196 1.68945312500000e-01 2.85425186157227e-02
197 1.37207031250000e-01 1.88257694244385e-02
198 1.38183593750000e-01 1.90947055816650e-02
199 9.08203125000000e-02 8.24832916259766e-03
200 1.25000000000000e-01 1.56250000000000e-02
201 1.00585937500000e-01 1.01175308227539e-02
202 8.54492187500000e-02 7.30156898498535e-03
203 7.22656250000000e-02 5.22232055664062e-03
204 7.27539062500000e-02 5.29313087463379e-03
205 2.29492187500000e-02 5.26666641235352e-04
206 1.61132812500000e-02 2.59637832641602e-04
207 4.29687500000000e-02 1.84631347656250e-03
208 1.70898437500000e-02 2.92062759399414e-04
209 1.12304687500000e-02 1.26123428344727e-04
210 5.61523437500000e-02 3.15308570861816e-03
211 5.02929687500000e-02 2.52938270568848e-03
212 8.15429687500000e-02 6.64925575256348e-03
213 2.53906250000000e-02 6.44683837890625e-04
214 8.44726562500000e-02 7.13562965393066e-03
215 6.49414062500000e-02 4.21738624572754e-03
216 9.57031250000000e-02 9.15908813476562e-03
217 1.14746093750000e-01 1.31666660308838e-02
218 1.25488281250000e-01 1.57473087310791e-02
219 5.81054687500000e-02 3.37624549865723e-03
220 6.54296875000000e-02 4.28104400634766e-03
221 6.64062500000000e-02 4.40979003906250e-03
222 2.34375000000000e-02 5.49316406250000e-04
223 2.78320312500000e-02 7.74621963500977e-04
224 7.32421875000000e-03 5.36441802978516e-05
225 6.78710937500000e-02 4.60648536682129e-03
226 9.03320312500000e-02 8.15987586975098e-03
227 1.78710937500000e-01 3.19375991821289e-02
228 1.46484375000000e-01 2.14576721191406e-02
229 1.18164062500000e-01 1.39627456665039e-02
230 8.00781250000000e-02 6.41250610351562e-03
231 8.25195312500000e-02 6.80947303771973e-03
232 1.75781250000000e-02 3.08990478515625e-04
233 1.02539062500000e-01 1.05142593383789e-02
234 4.15039062500000e-02 1.72257423400879e-03
235 1.36718750000000e-02 1.86920166015625e-04
236 7.56835937500000e-02 5.72800636291504e-03
237 6.54296875000000e-02 4.28104400634766e-03
238 5.66406250000000e-02 3.20816040039062e-03
239 1.95312500000000e-03 3.81469726562500e-06
240 4.44335937500000e-02 1.97434425354004e-03
241 3.22265625000000e-02 1.03855133056641e-03
242 1.66015625000000e-02 2.75611877441406e-04
243 5.81054687500000e-02 3.37624549865723e-03
244 4.63867187500000e-02 2.15172767639160e-03
245 3.41796875000000e-02 1.16825103759766e-03
246 3.27148437500000e-02 1.07026100158691e-03
247 5.17578125000000e-02 2.67887115478516e-03
248 8.78906250000000e-03 7.72476196289062e-05
249 1.26953125000000e-02 1.61170959472656e-04
250 1.66015625000000e-02 2.75611877441406e-04
251 6.83593750000000e-02 4.67300415039062e-03
252 8.69140625000000e-02 7.55405426025391e-03
253 9.42382812500000e-02 8.88085365295410e-03
254 1.75292968750000e-01 3.07276248931885e-02
255 2.67578125000000e-01 7.15980529785156e-02
256 2.37304687500000e-01 5.63135147094727e-02
257 2.49023437500000e-01 6.20126724243164e-02
258 3.22753906250000e-01 1.04170083999634e-01
259 3.45214843750000e-01 1.19173288345337e-01
260 3.84277343750000e-01 1.47669076919556e-01
261 3.74023437500000e-01 1.39893531799316e-01
262 4.22851562500000e-01 1.78803443908691e-01
263 5.10742187500000e-01 2.60857582092285e-01
264 5.05371093750000e-01 2.55399942398071e-01
265 4.53613281250000e-01 2.05765008926392e-01
266 4.22363281250000e-01 1.78390741348267e-01
267 4.22851562500000e-01 1.78803443908691e-01
268 4.27246093750000e-01 1.82539224624634e-01
269 3.75488281250000e-01 1.40991449356079e-01
270 4.03808593750000e-01 1.63061380386353e-01
271 3.78417968750000e-01 1.43200159072876e-01
272 3.51074218750000e-01 1.23253107070923e-01
273 3.54492187500000e-01 1.25664710998535e-01
274 2.86621093750000e-01 8.21516513824463e-02
275 2.79785156250000e-01 7.82797336578369e-02
276 2.05078125000000e-01 4.20570373535156e-02
277 2.46582031250000e-01 6.08026981353760e-02
278 2.93945312500000e-01 8.64038467407227e-02
279 4.28710937500000e-01 1.83793067932129e-01
280 4.45800781250000e-01 1.98738336563110e-01
281 4.87304687500000e-01 2.37465858459473e-01
282 4.79003906250000e-01 2.29444742202759e-01
283 4.84375000000000e-01 2.34619140625000e-01
284 5.05859375000000e-01 2.55893707275391e-01
285 5.01464843750000e-01 2.51466989517212e-01
286 5.30273437500000e-01 2.81189918518066e-01
287 4.58984375000000e-01 2.10666656494141e-01
288 4.03320312500000e-01 1.62667274475098e-01
289 4.77539062500000e-01 2.28043556213379e-01
290 3.51562500000000e-01 1.23596191406250e-01
291 3.73535156250000e-01 1.39528512954712e-01
292 3.58398437500000e-01 1.28449440002441e-01
293 3.71582031250000e-01 1.38073205947876e-01
294 3.09570312500000e-01 9.58337783813477e-02
295 3.27148437500000e-01 1.07026100158691e-01
296 2.90527343750000e-01 8.44061374664307e-02
297 2.82226562500000e-01 7.96518325805664e-02
298 3.38378906250000e-01 1.14500284194946e-01
299 3.47656250000000e-01 1.20864868164062e-01
300 2.97363281250000e-01 8.84249210357666e-02
301 3.17871093750000e-01 1.01042032241821e-01
302 3.18847656250000e-01 1.01663827896118e-01
303 2.86621093750000e-01 8.21516513824463e-02
304 3.21289062500000e-01 1.03226661682129e-01
305 3.26660156250000e-01 1.06706857681274e-01
306 3.30566406250000e-01 1.09274148941040e-01
307 3.80859375000000e-01 1.45053863525391e-01
308 3.83300781250000e-01 1.46919488906860e-01
309 3.71093750000000e-01 1.37710571289062e-01
310 4.13574218750000e-01 1.71043634414673e-01
311 3.77441406250000e-01 1.42462015151978e-01
312 4.40429687500000e-01 1.93978309631348e-01
313 5.08789062500000e-01 2.58866310119629e-01
314 4.74609375000000e-01 2.25254058837891e-01
315 4.88769531250000e-01 2.38895654678345e-01
316 4.80468750000000e-01 2.30850219726562e-01
317 4.85839843750000e-01 2.36040353775024e-01
318 4.84863281250000e-01 2.35092401504517e-01
319 5.28320312500000e-01 2.79122352600098e-01
320 6.03515625000000e-01 3.64231109619141e-01
321 5.88867187500000e-01 3.46764564514160e-01
322 5.80566406250000e-01 3.37057352066040e-01
323 5.91796875000000e-01 3.50223541259766e-01
324 5.90820312500000e-01 3.49068641662598e-01
325 5.86914062500000e-01 3.44468116760254e-01
326 6.44042968750000e-01 4.14791345596313e-01
327 6.22558593750000e-01 3.87579202651978e-01
328 6.54296875000000e-01 4.28104400634766e-01
329 6.90429687500000e-01 4.76693153381348e-01
330 6.25488281250000e-01 3.91235589981079e-01
331 6.57714843750000e-01 4.32588815689087e-01
332 6.16210937500000e-01 3.79715919494629e-01
333 6.62597656250000e-01 4.39035654067993e-01
334 6.34765625000000e-01 4.02927398681641e-01
335 6.41113281250000e-01 4.11026239395142e-01
336 6.42578125000000e-01 4.12906646728516e-01
337 6.64062500000000e-01 4.40979003906250e-01
338 6.80175781250000e-01 4.62639093399048e-01
339 6.52343750000000e-01 4.25552368164062e-01
340 6.64062500000000e-01 4.40979003906250e-01
341 6.55273437500000e-01 4.29383277893066e-01
342 6.62597656250000e-01 4.39035654067993e-01
343 7.15820312500000e-01 5.12398719787598e-01
344 7.23632812500000e-01 5.23644447326660e-01
345 7.26074218750000e-01 5.27183771133423e-01
346 6.40625000000000e-01 4.10400390625000e-01
347 6.58203125000000e-01 4.33231353759766e-01
348 6.84570312500000e-01 4.68636512756348e-01
349 6.76757812500000e-01 4.58001136779785e-01
350 6.59179687500000e-01 4.34517860412598e-01
351 6.14746093750000e-01 3.77912759780884e-01
352 6.59179687500000e-01 4.34517860412598e-01
353 5.91308593750000e-01 3.49645853042603e-01
354 6.04980468750000e-01 3.66001367568970e-01
355 5.51757812500000e-01 3.04436683654785e-01
356 5.41503906250000e-01 2.93226480484009e-01
357 5.82031250000000e-01 3.38760375976562e-01
358 5.39550781250000e-01 2.91115045547485e-01
359 6.15722656250000e-01 3.79114389419556e-01
360 5.16601562500000e-01 2.66877174377441e-01
361 5.30273437500000e-01 2.81189918518066e-01
362 5.51757812500000e-01 3.04436683654785e-01
363 6.28417968750000e-01 3.94909143447876e-01
364 5.62988281250000e-01 3.16955804824829e-01
365 4.87304687500000e-01 2.37465858459473e-01
366 5.11230468750000e-01 2.61356592178345e-01
367 5.17578125000000e-01 2.67887115478516e-01
368 5.42480468750000e-01 2.94285058975220e-01
369 4.89257812500000e-01 2.39373207092285e-01
370 5.23437500000000e-01 2.73986816406250e-01
371 5.23925781250000e-01 2.74498224258423e-01
372 5.25878906250000e-01 2.76548624038696e-01
373 5.22460937500000e-01 2.72965431213379e-01
374 5.19531250000000e-01 2.69912719726562e-01
375 5.47851562500000e-01 3.00141334533691e-01
376 6.40625000000000e-01 4.10400390625000e-01
377 6.08886718750000e-01 3.70743036270142e-01
378 5.79101562500000e-01 3.35358619689941e-01
379 5.83984375000000e-01 3.41037750244141e-01
380 5.73242187500000e-01 3.28606605529785e-01
381 5.09277343750000e-01 2.59363412857056e-01
382 5.73242187500000e-01 3.28606605529785e-01
383 5.58105468750000e-01 3.11481714248657e-01
384 5.69824218750000e-01 3.24699640274048e-01
385 5.92285156250000e-01 3.50801706314087e-01
386 5.39550781250000e-01 2.91115045547485e-01
387 5.53710937500000e-01 3.06595802307129e-01
388 5.40527343750000e-01 2.92169809341431e-01
389 5.55664062500000e-01 3.08762550354004e-01
390 5.49804687500000e-01 3.02285194396973e-01
391 5.71777343750000e-01 3.26929330825806e-01
392 5.90820312500000e-01 3.49068641662598e-01
393 6.16699218750000e-01 3.80317926406860e-01
394 5.54687500000000e-01 3.07678222656250e-01
395 5.34667968750000e-01 2.85869836807251e-01
396 4.37011718750000e-01 1.90979242324829e-01
397 4.80957031250000e-01 2.31319665908813e-01
398 4.25292968750000e-01 1.80874109268188e-01
399 4.47265625000000e-01 2.00046539306641e-01
400 4.04785156250000e-01 1.63851022720337e-01
401 4.07226562500000e-01 1.65833473205566e-01
402 3.87695312500000e-01 1.50307655334473e-01
403 3.14941406250000e-01 9.91880893707275e-02
404 3.04687500000000e-01 9.28344726562500e-02
405 3.19824218750000e-01 1.02287530899048e-01
406 3.85742187500000e-01 1.48797035217285e-01
407 3.81347656250000e-01 1.45426034927368e-01
408 5.15136718750000e-01 2.65365839004517e-01
409 5.86425781250000e-01 3.43895196914673e-01
410 5.37597656250000e-01 2.89011240005493e-01
411 5.39550781250000e-01 2.91115045547485e-01
412 5.12695312500000e-01 2.62856483459473e-01
413 5.12695312500000e-01 2.62856483459473e-01
414 5.11718750000000e-01 2.61856079101562e-01
415 5.12695312500000e-01 2.62856483459473e-01
416 4.79980468750000e-01 2.30381250381470e-01
417 4.83886718750000e-01 2.34146356582642e-01
418 4.73144531250000e-01 2.23865747451782e-01
419 4.76562500000000e-01 2.27111816406250e-01
420 5.05371093750000e-01 2.55399942398071e-01
421 3.96484375000000e-01 1.57199859619141e-01
422 4.12109375000000e-01 1.69834136962891e-01
423 4.14062500000000e-01 1.71447753906250e-01
424 3.15917968750000e-01 9.98041629791260e-02
425 2.66113281250000e-01 7.08162784576416e-02
426 3.78417968750000e-01 1.43200159072876e-01
427 4.03320312500000e-01 1.62667274475098e-01
428 3.61328125000000e-01 1.30558013916016e-01
429 3.70117187500000e-01 1.36986732482910e-01
430 4.41406250000000e-01 1.94839477539062e-01
431 4.64355468750000e-01 2.15626001358032e-01
432 3.86230468750000e-01 1.49173974990845e-01
433 3.74511718750000e-01 1.40259027481079e-01
434 3.92578125000000e-01 1.54117584228516e-01
435 3.78906250000000e-01 1.43569946289062e-01
436 3.71582031250000e-01 1.38073205947876e-01
437 3.79882812500000e-01 1.44310951232910e-01
438 4.41894531250000e-01 1.95270776748657e-01
439 4.58007812500000e-01 2.09771156311035e-01
440 4.38964843750000e-01 1.92690134048462e-01
441 4.81445312500000e-01 2.31789588928223e-01
442 4.28222656250000e-01 1.83374643325806e-01
443 4.30175781250000e-01 1.85051202774048e-01
444 4.63867187500000e-01 2.15172767639160e-01
445 3.68652343750000e-01 1.35904550552368e-01
446 3.56445312500000e-01 1.27053260803223e-01
447 4.05273437500000e-01 1.64246559143066e-01
448 4.34082031250000e-01 1.88427209854126e-01
449 4.51660156250000e-01 2.03996896743774e-01
450 4.73632812500000e-01 2.24328041076660e-01
451 5.15625000000000e-01 2.65869140625000e-01
452 3.78417968750000e-01 1.43200159072876e-01
453 3.27148437500000e-01 1.07026100158691e-01
454 3.31054687500000e-01 1.09597206115723e-01
455 2.96386718750000e-01 8.78450870513916e-02
456 1.66992187500000e-01 2.78863906860352e-02
457 2.25585937500000e-01 5.08890151977539e-02
458 2.37304687500000e-01 5.63135147094727e-02
459 2.95898437500000e-01 8.75558853149414e-02
460 3.15917968750000e-01 9.98041629791260e-02
461 3.38378906250000e-01 1.14500284194946e-01
462 3.74023437500000e-01 1.39893531799316e-01
463 3.59375000000000e-01 1.29150390625000e-01
464 4.22363281250000e-01 1.78390741348267e-01
465 4.37988281250000e-01 1.91833734512329e-01
466 4.17968750000000e-01 1.74697875976562e-01
467 4.36523437500000e-01 1.90552711486816e-01
468 4.34570312500000e-01 1.88851356506348e-01
469 4.84375000000000e-01 2.34619140625000e-01
470 4.60937500000000e-01 2.12463378906250e-01
471 4.69238281250000e-01 2.20184564590454e-01
472 5.03417968750000e-01 2.53429651260376e-01
473 5.37109375000000e-01 2.88486480712891e-01
474 5.72753906250000e-01 3.28047037124634e-01
475 6.09863281250000e-01 3.71933221817017e-01
476 5.88378906250000e-01 3.46189737319946e-01
477 5.47851562500000e-01 3.00141334533691e-01
478 4.98046875000000e-01 2.48050689697266e-01
479 4.30175781250000e-01 1.85051202774048e-01
480 4.04296875000000e-01 1.63455963134766e-01
481 4.05761718750000e-01 1.64642572402954e-01
482 3.71093750000000e-01 1.37710571289062e-01
483 3.88183593750000e-01 1.50686502456665e-01
484 4.37011718750000e-01 1.90979242324829e-01
485 3.74511718750000e-01 1.40259027481079e-01
486 3.94531250000000e-01 1.55654907226562e-01
487 3.94042968750000e-01 1.55269861221313e-01
488 4.01855468750000e-01 1.61487817764282e-01
489 3.94531250000000e-01 1.55654907226562e-01
490 3.58886718750000e-01 1.28799676895142e-01
491 3.67675781250000e-01 1.35185480117798e-01
492 4.38476562500000e-01 1.92261695861816e-01
493 4.33593750000000e-01 1.88003540039062e-01
494 4.58007812500000e-01 2.09771156311035e-01
495 5.12207031250000e-01 2.62356042861938e-01
496 5.24902343750000e-01 2.75522470474243e-01
497 5.32226562500000e-01 2.83265113830566e-01
498 5.42480468750000e-01 2.94285058975220e-01
499 5.14160156250000e-01 2.64360666275024e-01
500 5.40527343750000e-01 2.92169809341431e-01
501 5.02929687500000e-01 2.52938270568848e-01
502 4.96093750000000e-01 2.46109008789062e-01
503 4.64843750000000e-01 2.16079711914062e-01
504 5.02441406250000e-01 2.52447366714478e-01
505 5.73242187500000e-01 3.28606605529785e-01
506 5.85937500000000e-01 3.43322753906250e-01
507 5.86425781250000e-01 3.43895196914673e-01
508 6.54785156250000e-01 4.28743600845337e-01
509 7.07519531250000e-01 5.00583887100220e-01
510 6.50878906250000e-01 4.23643350601196e-01
511 6.04980468750000e-01 3.66001367568970e-01
512 6.21582031250000e-01 3.86364221572876e-01
513 6.35742187500000e-01 4.04168128967285e-01
514 6.32812500000000e-01 4.00451660156250e-01
515 6.20117187500000e-01 3.84545326232910e-01
516 6.05957031250000e-01 3.67183923721313e-01
517 5.93261718750000e-01 3.51959466934204e-01
518 5.27343750000000e-01 2.78091430664062e-01
519 5.89843750000000e-01 3.47915649414062e-01
520 5.05371093750000e-01 2.55399942398071e-01
521 4.59960937500000e-01 2.11564064025879e-01
522 4.84375000000000e-01 2.34619140625000e-01
523 4.73144531250000e-01 2.23865747451782e-01
524 5.51269531250000e-01 3.03898096084595e-01
525 5.25878906250000e-01 2.76548624038696e-01
526 5.66406250000000e-01 3.20816040039062e-01
527 5.32714843750000e-01 2.83785104751587e-01
528 5.20507812500000e-01 2.70928382873535e-01
529 4.93652343750000e-01 2.43692636489868e-01
530 5.45410156250000e-01 2.97472238540649e-01
531 5.03906250000000e-01 2.53921508789062e-01
532 5.41015625000000e-01 2.92697906494141e-01
533 5.53710937500000e-01 3.06595802307129e-01
534 5.12207031250000e-01 2.62356042861938e-01
535 5.39550781250000e-01 2.91115045547485e-01
536 6.01562500000000e-01 3.61877441406250e-01
537 6.56250000000000e-01 4.30664062500000e-01
538 7.14355468750000e-01 5.10303735733032e-01
539 7.24121093750000e-01 5.24351358413696e-01
540 6.44042968750000e-01 4.14791345596313e-01
541 6.82617187500000e-01 4.65966224670410e-01
542 6.35742187500000e-01 4.04168128967285e-01
543 6.45996093750000e-01 4.17310953140259e-01
544 6.48437500000000e-01 4.20471191406250e-01
545 6.26953125000000e-01 3.93070220947266e-01
546 6.10351562500000e-01 3.72529029846191e-01
547 5.71289062500000e-01 3.26371192932129e-01
548 5.46875000000000e-01 2.99072265625000e-01
549 5.41992187500000e-01 2.93755531311035e-01
550 5.93261718750000e-01 3.51959466934204e-01
551 5.88378906250000e-01 3.46189737319946e-01
552 5.53222656250000e-01 3.06055307388306e-01
553 5.12695312500000e-01 2.62856483459473e-01
554 5.12207031250000e-01 2.62356042861938e-01
555 5.21484375000000e-01 2.71945953369141e-01
556 5.18554687500000e-01 2.68898963928223e-01
557 5.33691406250000e-01 2.84826517105103e-01
558 5.40039062500000e-01 2.91642189025879e-01
559 4.97558593750000e-01 2.47564554214478e-01
560 4.45800781250000e-01 1.98738336563110e-01
561 4.40429687500000e-01 1.93978309631348e-01
562 4.35546875000000e-01 1.89701080322266e-01
563 5.12207031250000e-01 2.62356042861938e-01
564 5.20507812500000e-01 2.70928382873535e-01
565 4.85839843750000e-01 2.36040353775024e-01
566 5.14160156250000e-01 2.64360666275024e-01
567 4.94628906250000e-01 2.44657754898071e-01
568 4.76074218750000e-01 2.26646661758423e-01
569 4.46289062500000e-01 1.99173927307129e-01
570 4.59960937500000e-01 2.11564064025879e-01
571 4.40429687500000e-01 1.93978309631348e-01
572 4.76074218750000e-01 2.26646661758423e-01
573 5.09765625000000e-01 2.59860992431641e-01
574 4.45800781250000e-01 1.98738336563110e-01
575 5.37109375000000e-01 2.88486480712891e-01
576 5.45410156250000e-01 2.97472238540649e-01
577 5.61035156250000e-01 3.14760446548462e-01
578 5.93261718750000e-01 3.51959466934204e-01
579 5.91308593750000e-01 3.49645853042603e-01
580 5.90332031250000e-01 3.48491907119751e-01
581 6.34277343750000e-01 4.02307748794556e-01
582 5.55664062500000e-01 3.08762550354004e-01
583 5.32226562500000e-01 2.83265113830566e-01
584 4.90722656250000e-01 2.40808725357056e-01
585 5.84472656250000e-01 3.41608285903931e-01
586 5.74707031250000e-01 3.30288171768188e-01
587 5.56152343750000e-01 3.09305429458618e-01
588 6.34765625000000e-01 4.02927398681641e-01
589 6.37207031250000e-01 4.06032800674438e-01
590 6.47949218750000e-01 4.19838190078735e-01
591 6.45507812500000e-01 4.16680335998535e-01
592 6.38671875000000e-01 4.07901763916016e-01
593 5.91308593750000e-01 3.49645853042603e-01
594 5.46386718750000e-01 2.98538446426392e-01
595 5.50292968750000e-01 3.02822351455688e-01
596 5.99121093750000e-01 3.58946084976196e-01
597 5.97167968750000e-01 3.56609582901001e-01
598 6.05468750000000e-01 3.66592407226562e-01
599 6.14746093750000e-01 3.77912759780884e-01
600 5.90332031250000e-01 3.48491907119751e-01
601 5.56152343750000e-01 3.09305429458618e-01
602 5.30273437500000e-01 2.81189918518066e-01
603 5.54687500000000e-01 3.07678222656250e-01
604 5.45898437500000e-01 2.98005104064941e-01
605 4.87304687500000e-01 2.37465858459473e-01
606 4.49218750000000e-01 2.01797485351562e-01
607 4.07226562500000e-01 1.65833473205566e-01
608 4.27734375000000e-01 1.82956695556641e-01
609 4.46289062500000e-01 1.99173927307129e-01
610 4.68750000000000e-01 2.19726562500000e-01
611 4.93164062500000e-01 2.43210792541504e-01
612 4.61425781250000e-01 2.12913751602173e-01
613 4.70214843750000e-01 2.21101999282837e-01
614 5.02929687500000e-01 2.52938270568848e-01
615 5.54199218750000e-01 3.07136774063110e-01
616 5.43457031250000e-01 2.95345544815063e-01
617 6.14257812500000e-01 3.77312660217285e-01
618 5.74707031250000e-01 3.30288171768188e-01
619 5.75195312500000e-01 3.30849647521973e-01
620 5.77636718750000e-01 3.33664178848267e-01
621 5.42968750000000e-01 2.94815063476562e-01
622 5.41503906250000e-01 2.93226480484009e-01
623 5.55175781250000e-01 3.08220148086548e-01
624 5.66894531250000e-01 3.21369409561157e-01
625 4.94140625000000e-01 2.44174957275391e-01
626 5.07812500000000e-01 2.57873535156250e-01
627 5.10742187500000e-01 2.60857582092285e-01
628 4.85351562500000e-01 2.35566139221191e-01
629 5.39550781250000e-01 2.91115045547485e-01
630 5.23437500000000e-01 2.73986816406250e-01
631 4.64355468750000e-01 2.15626001358032e-01
632 4.83398437500000e-01 2.33674049377441e-01
633 5.09765625000000e-01 2.59860992431641e-01
634 5.47363281250000e-01 2.99606561660767e-01
635 5.56152343750000e-01 3.09305429458618e-01
636 5.95214843750000e-01 3.54280710220337e-01
637 5.96191406250000e-01 3.55444192886353e-01
638 5.99609375000000e-01 3.59531402587891e-01
639 6.45996093750000e-01 4.17310953140259e-01
640 5.91796875000000e-01 3.50223541259766e-01
641 6.36230468750000e-01 4.04789209365845e-01
642 5.92285156250000e-01 3.50801706314087e-01
643 5.42968750000000e-01 2.94815063476562e-01
644 5.10742187500000e-01 2.60857582092285e-01
645 5.83496093750000e-01 3.40467691421509e-01
646 5.93750000000000e-01 3.52539062500000e-01
647 6.31835937500000e-01 3.99216651916504e-01
648 5.94238281250000e-01 3.53119134902954e-01
649 6.03027343750000e-01 3.63641977310181e-01
650 5.45898437500000e-01 2.98005104064941e-01
651 5.97656250000000e-01 3.57192993164062e-01
652 5.60546875000000e-01 3.14212799072266e-01
653 6.00585937500000e-01 3.60703468322754e-01
654 5.94238281250000e-01 3.53119134902954e-01
655 6.07910156250000e-01 3.69554758071899e-01
656 5.50781250000000e-01 3.03359985351562e-01
657 5.39550781250000e-01 2.91115045547485e-01
658 4.89257812500000e-01 2.39373207092285e-01
659 4.37011718750000e-01 1.90979242324829e-01
660 4.86816406250000e-01 2.36990213394165e-01
661 5.57128906250000e-01 3.10392618179321e-01
662 5.28320312500000e-01 2.79122352600098e-01
663 5.18554687500000e-01 2.68898963928223e-01
664 4.79492187500000e-01 2.29912757873535e-01
665 4.19433593750000e-01 1.75924539566040e-01
666 4.35546875000000e-01 1.89701080322266e-01
667 4.73632812500000e-01 2.24328041076660e-01
668 4.53613281250000e-01 2.05765008926392e-01
669 4.69726562500000e-01 2.20643043518066e-01
670 4.93652343750000e-01 2.43692636489868e-01
671 4.22851562500000e-01 1.78803443908691e-01
672 4.05273437500000e-01 1.64246559143066e-01
673 4.45800781250000e-01 1.98738336563110e-01
674 4.23828125000000e-01 1.79630279541016e-01
675 4.22363281250000e-01 1.78390741348267e-01
676 3.09570312500000e-01 9.58337783813477e-02
677 2.83203125000000e-01 8.02040100097656e-02
678 3.26660156250000e-01 1.06706857681274e-01
679 3.98437500000000e-01 1.58752441406250e-01
680 4.41894531250000e-01 1.95270776748657e-01
681 5.04882812500000e-01 2.54906654357910e-01
682 5.26367187500000e-01 2.77062416076660e-01
683 4.69238281250000e-01 2.20184564590454e-01
684 5.04882812500000e-01 2.54906654357910e-01
685 5.07324218750000e-01 2.57377862930298e-01
686 4.42382812500000e-01 1.95702552795410e-01
687 4.49218750000000e-01 2.01797485351562e-01
688 4.65820312500000e-01 2.16988563537598e-01
689 5.64941406250000e-01 3.19158792495728e-01
690 5.85449218750000e-01 3.42750787734985e-01
691 5.77636718750000e-01 3.33664178848267e-01
692 6.45019531250000e-01 4.16050195693970e-01
693 6.52832031250000e-01 4.26189661026001e-01
694 6.45019531250000e-01 4.16050195693970e-01
695 6.08886718750000e-01 3.70743036270142e-01
696 5.88867187500000e-01 3.46764564514160e-01
697 5.50292968750000e-01 3.02822351455688e-01
698 5.41503906250000e-01 2.93226480484009e-01
699 6.06445312500000e-01 3.67775917053223e-01
700 5.94726562500000e-01 3.53699684143066e-01
701 5.55175781250000e-01 3.08220148086548e-01
702 5.29785156250000e-01 2.80672311782837e-01
703 6.32324218750000e-01 3.99833917617798e-01
704 5.75683593750000e-01 3.31411600112915e-01
705 5.56640625000000e-01 3.09848785400391e-01
706 5.77636718750000e-01 3.33664178848267e-01
707 5.70312500000000e-01 3.25256347656250e-01
708 5.53710937500000e-01 3.06595802307129e-01
709 4.83886718750000e-01 2.34146356582642e-01
710 4.49218750000000e-01 2.01797485351562e-01
711 4.81933593750000e-01 2.32259988784790e-01
712 5.26855468750000e-01 2.77576684951782e-01
713 5.10742187500000e-01 2.60857582092285e-01
714 4.83886718750000e-01 2.34146356582642e-01
715 4.74121093750000e-01 2.24790811538696e-01
716 5.14648437500000e-01 2.64863014221191e-01
717 4.70214843750000e-01 2.21101999282837e-01
718 5.09277343750000e-01 2.59363412857056e-01
719 4.93164062500000e-01 2.43210792541504e-01
720 4.77050781250000e-01 2.27577447891235e-01
721 4.44335937500000e-01 1.97434425354004e-01
722 4.30175781250000e-01 1.85051202774048e-01
723 4.79980468750000e-01 2.30381250381470e-01
724 4.63867187500000e-01 2.15172767639160e-01
725 4.95605468750000e-01 2.45624780654907e-01
726 5.15136718750000e-01 2.65365839004517e-01
727 5.42968750000000e-01 2.94815063476562e-01
728 5.86425781250000e-01 3.43895196914673e-01
729 5.36132812500000e-01 2.87438392639160e-01
730 4.75097656250000e-01 2.25717782974243e-01
731 5.34667968750000e-01 2.85869836807251e-01
732 6.42089843750000e-01 4.12279367446899e-01
733 6.71386718750000e-01 4.50760126113892e-01
734 7.05078125000000e-01 4.97135162353516e-01
735 6.54296875000000e-01 4.28104400634766e-01
736 6.47949218750000e-01 4.19838190078735e-01
737 6.66015625000000e-01 4.43576812744141e-01
738 6.43066406250000e-01 4.13534402847290e-01
739 6.28417968750000e-01 3.94909143447876e-01
740 6.81152343750000e-01 4.63968515396118e-01
741 7.22656250000000e-01 5.22232055664062e-01
742 7.27050781250000e-01 5.28602838516235e-01
743 6.96289062500000e-01 4.84818458557129e-01
744 6.46972656250000e-01 4.18573617935181e-01
745 6.80175781250000e-01 4.62639093399048e-01
746 6.26464843750000e-01 3.92458200454712e-01
747 5.62011718750000e-01 3.15857172012329e-01
748 5.32226562500000e-01 2.83265113830566e-01
749 4.71191406250000e-01 2.22021341323853e-01
750 4.67285156250000e-01 2.18355417251587e-01
751 4.32617187500000e-01 1.87157630920410e-01
752 4.27734375000000e-01 1.82956695556641e-01
753 4.16992187500000e-01 1.73882484436035e-01
754 3.95019531250000e-01 1.56040430068970e-01
755 4.17480468750000e-01 1.74289941787720e-01
756 4.15039062500000e-01 1.72257423400879e-01
757 4.51660156250000e-01 2.03996896743774e-01
758 4.60449218750000e-01 2.12013483047485e-01
759 5.12207031250000e-01 2.62356042861938e-01
760 5.54199218750000e-01 3.07136774063110e-01
761 5.61035156250000e-01 3.14760446548462e-01
762 5.27832031250000e-01 2.78606653213501e-01
763 5.05371093750000e-01 2.55399942398071e-01
764 4.88769531250000e-01 2.38895654678345e-01
765 5.68359375000000e-01 3.23032379150391e-01
766 6.23535156250000e-01 3.88796091079712e-01
767 5.74218750000000e-01 3.29727172851562e-01
768 6.17187500000000e-01 3.80920410156250e-01
769 6.45996093750000e-01 4.17310953140259e-01
770 6.53320312500000e-01 4.26827430725098e-01
771 6.36230468750000e-01 4.04789209365845e-01
772 6.43066406250000e-01 4.13534402847290e-01
773 6.23046875000000e-01 3.88187408447266e-01
774 6.06933593750000e-01 3.68368387222290e-01
775 6.03515625000000e-01 3.64231109619141e-01
776 6.41601562500000e-01 4.11652565002441e-01
777 7.05566406250000e-01 4.97823953628540e-01
778 6.66015625000000e-01 4.43576812744141e-01
779 6.67480468750000e-01 4.45530176162720e-01
780 6.79687500000000e-01 4.61975097656250e-01
781 6.37207031250000e-01 4.06032800674438e-01
782 6.28906250000000e-01 3.95523071289062e-01
783 7.13867187500000e-01 5.09606361389160e-01
784 6.42089843750000e-01 4.12279367446899e-01
785 6.36718750000000e-01 4.05410766601562e-01
786 5.83496093750000e-01 3.40467691421509e-01
787 6.51367187500000e-01 4.24279212951660e-01
788 6.29394531250000e-01 3.96137475967407e-01
789 5.73730468750000e-01 3.29166650772095e-01
790 5.51269531250000e-01 3.03898096084595e-01
791 6.07421875000000e-01 3.68961334228516e-01
792 5.84472656250000e-01 3.41608285903931e-01
793 6.41601562500000e-01 4.11652565002441e-01
794 6.87988281250000e-01 4.73327875137329e-01
795 6.05957031250000e-01 3.67183923721313e-01
796 5.77636718750000e-01 3.33664178848267e-01
797 5.95214843750000e-01 3.54280710220337e-01
798 6.59667968750000e-01 4.35161828994751e-01
799 6.57226562500000e-01 4.31946754455566e-01
800 6.45019531250000e-01 4.16050195693970e-01
801 6.36718750000000e-01 4.05410766601562e-01
802 5.69335937500000e-01 3.24143409729004e-01
803 5.94238281250000e-01 3.53119134902954e-01
804 5.77636718750000e-01 3.33664178848267e-01
805 5.96679687500000e-01 3.56026649475098e-01
806 6.63574218750000e-01 4.40330743789673e-01
807 6.74316406250000e-01 4.54702615737915e-01
808 6.78222656250000e-01 4.59985971450806e-01
809 6.57714843750000e-01 4.32588815689087e-01
810 6.18164062500000e-01 3.82126808166504e-01
811 5.99121093750000e-01 3.58946084976196e-01
812 6.83105468750000e-01 4.66633081436157e-01
813 6.83593750000000e-01 4.67300415039062e-01
814 7.39746093750000e-01 5.47224283218384e-01
815 6.96777343750000e-01 4.85498666763306e-01
816 6.66992187500000e-01 4.44878578186035e-01
817 7.19238281250000e-01 5.17303705215454e-01
818 7.33886718750000e-01 5.38589715957642e-01
819 7.11425781250000e-01 5.06126642227173e-01
820 7.26074218750000e-01 5.27183771133423e-01
821 6.91406250000000e-01 4.78042602539062e-01
822 7.41210937500000e-01 5.49393653869629e-01
823 7.13867187500000e-01 5.09606361389160e-01
824 7.57324218750000e-01 5.73539972305298e-01
825 6.74804687500000e-01 4.55361366271973e-01
826 6.82617187500000e-01 4.65966224670410e-01
827 6.11816406250000e-01 3.74319314956665e-01
828 6.32812500000000e-01 4.00451660156250e-01
829 6.41601562500000e-01 4.11652565002441e-01
830 6.13769531250000e-01 3.76713037490845e-01
831 6.75292968750000e-01 4.56020593643188e-01
832 7.28027343750000e-01 5.30023813247681e-01
833 7.09472656250000e-01 5.03351449966431e-01
834 6.84082031250000e-01 4.67968225479126e-01
835 6.54785156250000e-01 4.28743600845337e-01
836 6.14746093750000e-01 3.77912759780884e-01
837 6.58203125000000e-01 4.33231353759766e-01
838 6.90429687500000e-01 4.76693153381348e-01
839 6.70410156250000e-01 4.49449777603149e-01
840 6.71875000000000e-01 4.51416015625000e-01
841 6.75781250000000e-01 4.56680297851562e-01
842 7.12890625000000e-01 5.08213043212891e-01
843 6.44531250000000e-01 4.15420532226562e-01
844 6.67480468750000e-01 4.45530176162720e-01
845 7.29492187500000e-01 5.32158851623535e-01
846 7.42187500000000e-01 5.50842285156250e-01
847 7.65625000000000e-01 5.86181640625000e-01
848 7.18750000000000e-01 5.16601562500000e-01
849 7.17285156250000e-01 5.14497995376587e-01
850 7.38281250000000e-01 5.45059204101562e-01
851 7.19726562500000e-01 5.18006324768066e-01
852 6.31347656250000e-01 3.98599863052368e-01
853 6.27441406250000e-01 3.93682718276978e-01
854 5.72753906250000e-01 3.28047037124634e-01
855 6.25976562500000e-01 3.91846656799316e-01
856 6.58691406250000e-01 4.33874368667603e-01
857 6.26464843750000e-01 3.92458200454712e-01
858 5.81054687500000e-01 3.37624549865723e-01
859 6.08398437500000e-01 3.70148658752441e-01
860 6.51855468750000e-01 4.24915552139282e-01
861 6.35253906250000e-01 4.03547525405884e-01
862 6.01074218750000e-01 3.61290216445923e-01
863 6.00585937500000e-01 3.60703468322754e-01
864 6.22070312500000e-01 3.86971473693848e-01
865 5.37597656250000e-01 2.89011240005493e-01
866 6.10839843750000e-01 3.73125314712524e-01
867 6.14746093750000e-01 3.77912759780884e-01
868 5.93750000000000e-01 3.52539062500000e-01
869 5.79589843750000e-01 3.35924386978149e-01
870 5.94726562500000e-01 3.53699684143066e-01
871 6.02050781250000e-01 3.62465143203735e-01
872 5.92285156250000e-01 3.50801706314087e-01
873 6.12792968750000e-01 3.75515222549438e-01
874 5.95214843750000e-01 3.54280710220337e-01
875 5.42480468750000e-01 2.94285058975220e-01
876 5.20019531250000e-01 2.70420312881470e-01
877 4.89257812500000e-01 2.39373207092285e-01
878 4.97070312500000e-01 2.47078895568848e-01
879 5.66894531250000e-01 3.21369409561157e-01
880 6.27929687500000e-01 3.94295692443848e-01
881 6.03027343750000e-01 3.63641977310181e-01
882 5.41503906250000e-01 2.93226480484009e-01
883 5.08789062500000e-01 2.58866310119629e-01
884 4.62890625000000e-01 2.14267730712891e-01
885 3.73046875000000e-01 1.39163970947266e-01
886 3.84277343750000e-01 1.47669076919556e-01
887 3.51562500000000e-01 1.23596191406250e-01
888 3.41796875000000e-01 1.16825103759766e-01
889 2.79785156250000e-01 7.82797336578369e-02
890 2.50000000000000e-01 6.25000000000000e-02
891 2.63671875000000e-01 6.95228576660156e-02
892 2.97363281250000e-01 8.84249210357666e-02
893 2.64160156250000e-01 6.97805881500244e-02
894 3.29589843750000e-01 1.08629465103149e-01
895 3.41308593750000e-01 1.16491556167603e-01
896 3.99414062500000e-01 1.59531593322754e-01
897 3.93066406250000e-01 1.54501199722290e-01
898 3.85253906250000e-01 1.48420572280884e-01
899 3.18847656250000e-01 1.01663827896118e-01
900 3.37402343750000e-01 1.13840341567993e-01
901 3.04687500000000e-01 9.28344726562500e-02
902 2.53906250000000e-01 6.44683837890625e-02
903 2.23632812500000e-01 5.00116348266602e-02
904 2.33886718750000e-01 5.47029972076416e-02
905 1.41601562500000e-01 2.00510025024414e-02
906 1.70898437500000e-01 2.92062759399414e-02
907 1.16699218750000e-01 1.36187076568604e-02
908 7.91015625000000e-02 6.25705718994141e-03
909 1.49414062500000e-01 2.23245620727539e-02
910 1.32324218750000e-01 1.75096988677979e-02
911 6.93359375000000e-02 4.80747222900391e-03
912 7.95898437500000e-02 6.33454322814941e-03
913 1.08886718750000e-01 1.18563175201416e-02
914 1.03515625000000e-01 1.07154846191406e-02
915 9.91210937500000e-02 9.82499122619629e-03
916 1.06933593750000e-01 1.14347934722900e-02
917 8.88671875000000e-02 7.89737701416016e-03
918 9.61914062500000e-02 9.25278663635254e-03
919 5.51757812500000e-02 3.04436683654785e-03
920 4.88281250000000e-04 2.38418579101562e-07
921 9.47265625000000e-02 8.97312164306641e-03
922 1.23535156250000e-01 1.52609348297119e-02
923 1.69921875000000e-01 2.88734436035156e-02
924 1.48925781250000e-01 2.21788883209229e-02
925 1.41113281250000e-01 1.99129581451416e-02
926 1.36718750000000e-01 1.86920166015625e-02
927 2.22656250000000e-01 4.95758056640625e-02
928 2.36328125000000e-01 5.58509826660156e-02
929 2.29980468750000e-01 5.28910160064697e-02
930 1.98242187500000e-01 3.92999649047852e-02
931 2.25097656250000e-01 5.06689548492432e-02
932 1.19140625000000e-01 1.41944885253906e-02
933 1.54785156250000e-01 2.39584445953369e-02
934 1.70410156250000e-01 2.90396213531494e-02
935 2.79785156250000e-01 7.82797336578369e-02
936 2.62695312500000e-01 6.90088272094727e-02
937 2.50976562500000e-01 6.29892349243164e-02
938 3.27148437500000e-01 1.07026100158691e-01
939 3.86718750000000e-01 1.49551391601562e-01
940 3.78417968750000e-01 1.43200159072876e-01
941 4.11621093750000e-01 1.69431924819946e-01
942 4.13574218750000e-01 1.71043634414673e-01
943 3.92089843750000e-01 1.53734445571899e-01
944 4.00390625000000e-01 1.60312652587891e-01
945 4.02832031250000e-01 1.62273645401001e-01
946 3.74023437500000e-01 1.39893531799316e-01
947 3.89648437500000e-01 1.51825904846191e-01
948 4.00878906250000e-01 1.60703897476196e-01
949 4.09179687500000e-01 1.67428016662598e-01
950 4.42382812500000e-01 1.95702552795410e-01
951 3.31542968750000e-01 1.09920740127563e-01
952 2.97363281250000e-01 8.84249210357666e-02
953 3.52539062500000e-01 1.24283790588379e-01
954 3.33007812500000e-01 1.10894203186035e-01
955 3.11035156250000e-01 9.67428684234619e-02
956 1.10351562500000e-01 1.21774673461914e-02
957 1.33300781250000e-01 1.77690982818604e-02
958 1.45996093750000e-01 2.13148593902588e-02
959 2.21191406250000e-01 4.89256381988525e-02
960 2.50000000000000e-01 6.25000000000000e-02
961 2.19726562500000e-01 4.82797622680664e-02
962 2.98339843750000e-01 8.90066623687744e-02
963 2.66113281250000e-01 7.08162784576416e-02
964 2.60742187500000e-01 6.79864883422852e-02
965 2.96875000000000e-01 8.81347656250000e-02
966 3.31542968750000e-01 1.09920740127563e-01
967 3.41796875000000e-01 1.16825103759766e-01
968 3.54980468750000e-01 1.26011133193970e-01
969 3.79394531250000e-01 1.43940210342407e-01
970 3.70605468750000e-01 1.37348413467407e-01
971 3.51074218750000e-01 1.23253107070923e-01
972 2.83203125000000e-01 8.02040100097656e-02
973 2.74902343750000e-01 7.55712985992432e-02
974 2.60742187500000e-01 6.79864883422852e-02
975 2.88085937500000e-01 8.29935073852539e-02
976 2.85156250000000e-01 8.13140869140625e-02
977 3.31054687500000e-01 1.09597206115723e-01
978 3.86230468750000e-01 1.49173974990845e-01
979 3.16894531250000e-01 1.00422143936157e-01
980 3.00781250000000e-01 9.04693603515625e-02
981 2.61718750000000e-01 6.84967041015625e-02
982 2.61230468750000e-01 6.82413578033447e-02
983 2.96386718750000e-01 8.78450870513916e-02
984 2.89550781250000e-01 8.38396549224854e-02
985 3.28613281250000e-01 1.07986688613892e-01
986 3.45703125000000e-01 1.19510650634766e-01
987 3.55468750000000e-01 1.26358032226562e-01
988 3.55468750000000e-01 1.26358032226562e-01
989 3.42285156250000e-01 1.17159128189087e-01
990 3.88183593750000e-01 1.50686502456665e-01
991 3.89160156250000e-01 1.51445627212524e-01
992 4.40429687500000e-01 1.93978309631348e-01
993 4.29687500000000e-01 1.84631347656250e-01
994 4.29199218750000e-01 1.84211969375610e-01
995 4.13574218750000e-01 1.71043634414673e-01
996 4.07226562500000e-01 1.65833473205566e-01
997 4.60937500000000e-01 2.12463378906250e-01
998 4.29687500000000e-01 1.84631347656250e-01
999 4.10644531250000e-01 1.68628931045532e-01
