0 7.13867187500000e-01 5.09606361389160e-01
1 6.80664062500000e-01 4.63303565979004e-01
2 6.80664062500000e-01 4.63303565979004e-01
3 6.73828125000000e-01 4.54044342041016e-01
4 6.93847656250000e-01 4.81424570083618e-01
5 7.11914062500000e-01 5.06821632385254e-01
6 6.60156250000000e-01 4.35806274414062e-01
7 6.61621093750000e-01 4.37742471694946e-01
8 6.72363281250000e-01 4.52072381973267e-01
9 6.87500000000000e-01 4.72656250000000e-01
10 6.75781250000000e-01 4.56680297851562e-01
11 7.18750000000000e-01 5.16601562500000e-01
12 7.35351562500000e-01 5.40741920471191e-01
13 7.00195312500000e-01 4.90273475646973e-01
14 6.83593750000000e-01 4.67300415039062e-01
15 6.88964843750000e-01 4.74672555923462e-01
16 6.99707031250000e-01 4.89589929580688e-01
17 6.81152343750000e-01 4.63968515396118e-01
18 6.89941406250000e-01 4.76019144058228e-01
19 6.60644531250000e-01 4.36451196670532e-01
20 6.77246093750000e-01 4.58662271499634e-01
21 6.65039062500000e-01 4.42276954650879e-01
22 6.17187500000000e-01 3.80920410156250e-01
23 6.97265625000000e-01 4.86179351806641e-01
24 7.10937500000000e-01 5.05432128906250e-01
25 6.62109375000000e-01 4.38388824462891e-01
26 6.15234375000000e-01 3.78513336181641e-01
27 5.46386718750000e-01 2.98538446426392e-01
28 5.40527343750000e-01 2.92169809341431e-01
29 5.03906250000000e-01 2.53921508789062e-01
30 5.83007812500000e-01 3.39898109436035e-01
31 5.79101562500000e-01 3.35358619689941e-01
32 6.23535156250000e-01 3.88796091079712e-01
33 6.40625000000000e-01 4.10400390625000e-01
34 6.65039062500000e-01 4.42276954650879e-01
35 6.67480468750000e-01 4.45530176162720e-01
36 6.05468750000000e-01 3.66592407226562e-01
37 5.93750000000000e-01 3.52539062500000e-01
38 5.95214843750000e-01 3.54280710220337e-01
39 5.80566406250000e-01 3.37057352066040e-01
40 6.30371093750000e-01 3.97367715835571e-01
41 6.27929687500000e-01 3.94295692443848e-01
42 5.70800781250000e-01 3.25813531875610e-01
43 6.05957031250000e-01 3.67183923721313e-01
44 6.24023437500000e-01 3.89405250549316e-01
45 5.80078125000000e-01 3.36490631103516e-01
46 6.23535156250000e-01 3.88796091079712e-01
47 6.29394531250000e-01 3.96137475967407e-01
48 6.06445312500000e-01 3.67775917053223e-01
49 6.02539062500000e-01 3.63053321838379e-01
50 6.31347656250000e-01 3.98599863052368e-01
51 5.64941406250000e-01 3.19158792495728e-01
52 6.10351562500000e-01 3.72529029846191e-01
53 6.06933593750000e-01 3.68368387222290e-01
54 6.34765625000000e-01 4.02927398681641e-01
55 5.80566406250000e-01 3.37057352066040e-01
56 5.45410156250000e-01 2.97472238540649e-01
57 4.90722656250000e-01 2.40808725357056e-01
58 5.18554687500000e-01 2.68898963928223e-01
59 4.96582031250000e-01 2.46593713760376e-01
60 5.30761718750000e-01 2.81708002090454e-01
61 5.07812500000000e-01 2.57873535156250e-01
62 5.35644531250000e-01 2.86915063858032e-01
63 5.56640625000000e-01 3.09848785400391e-01
64 5.43457031250000e-01 2.95345544815063e-01
65 5.83496093750000e-01 3.40467691421509e-01
66 5.65917968750000e-01 3.20263147354126e-01
67 5.34179687500000e-01 2.85347938537598e-01
68 5.34667968750000e-01 2.85869836807251e-01
69 5.71289062500000e-01 3.26371192932129e-01
70 6.33789062500000e-01 4.01688575744629e-01
71 6.28906250000000e-01 3.95523071289062e-01
72 5.87402343750000e-01 3.45041513442993e-01
73 6.01074218750000e-01 3.61290216445923e-01
74 6.29882812500000e-01 3.96752357482910e-01
75 5.53222656250000e-01 3.06055307388306e-01
76 5.75683593750000e-01 3.31411600112915e-01
77 5.93261718750000e-01 3.51959466934204e-01
78 5.95703125000000e-01 3.54862213134766e-01
79 5.21972656250000e-01 2.72455453872681e-01
80 4.94628906250000e-01 2.44657754898071e-01
81 5.29785156250000e-01 2.80672311782837e-01
82 5.26367187500000e-01 2.77062416076660e-01
83 5.78613281250000e-01 3.34793329238892e-01
84 5.88378906250000e-01 3.46189737319946e-01
85 6.00097656250000e-01 3.60117197036743e-01
86 5.83984375000000e-01 3.41037750244141e-01
87 5.79101562500000e-01 3.35358619689941e-01
88 6.10839843750000e-01 3.73125314712524e-01
89 6.70410156250000e-01 4.49449777603149e-01
90 5.16113281250000e-01 2.66372919082642e-01
91 4.59472656250000e-01 2.11115121841431e-01
92 5.54687500000000e-01 3.07678222656250e-01
93 5.51757812500000e-01 3.04436683654785e-01
94 5.02929687500000e-01 2.52938270568848e-01
95 4.71679687500000e-01 2.22481727600098e-01
96 4.69726562500000e-01 2.20643043518066e-01
97 5.17578125000000e-01 2.67887115478516e-01
98 5.36132812500000e-01 2.87438392639160e-01
99 5.64941406250000e-01 3.19158792495728e-01
100 5.75195312500000e-01 3.30849647521973e-01
101 6.05957031250000e-01 3.67183923721313e-01
102 5.46875000000000e-01 2.99072265625000e-01
103 5.14648437500000e-01 2.64863014221191e-01
104 5.36132812500000e-01 2.87438392639160e-01
105 5.86914062500000e-01 3.44468116760254e-01
106 5.43945312500000e-01 2.95876502990723e-01
107 5.62011718750000e-01 3.15857172012329e-01
108 5.63964843750000e-01 3.18056344985962e-01
109 5.87402343750000e-01 3.45041513442993e-01
110 5.63476562500000e-01 3.17505836486816e-01
111 5.30273437500000e-01 2.81189918518066e-01
112 5.52246093750000e-01 3.04975748062134e-01
113 5.77636718750000e-01 3.33664178848267e-01
114 5.79101562500000e-01 3.35358619689941e-01
115 6.25976562500000e-01 3.91846656799316e-01
116 6.28417968750000e-01 3.94909143447876e-01
117 6.61132812500000e-01 4.37096595764160e-01
118 6.24023437500000e-01 3.89405250549316e-01
119 6.02050781250000e-01 3.62465143203735e-01
120 6.00585937500000e-01 3.60703468322754e-01
121 5.80078125000000e-01 3.36490631103516e-01
122 5.69335937500000e-01 3.24143409729004e-01
123 5.49316406250000e-01 3.01748514175415e-01
124 5.35644531250000e-01 2.86915063858032e-01
125 5.65429687500000e-01 3.19710731506348e-01
126 6.04003906250000e-01 3.64820718765259e-01
127 6.50878906250000e-01 4.23643350601196e-01
128 6.80664062500000e-01 4.63303565979004e-01
129 6.94335937500000e-01 4.82102394104004e-01
130 6.45996093750000e-01 4.17310953140259e-01
131 6.80664062500000e-01 4.63303565979004e-01
132 6.33300781250000e-01 4.01069879531860e-01
133 6.26464843750000e-01 3.92458200454712e-01
134 6.11328125000000e-01 3.73722076416016e-01
135 6.56250000000000e-01 4.30664062500000e-01
136 6.11816406250000e-01 3.74319314956665e-01
137 5.71289062500000e-01 3.26371192932129e-01
138 5.48339843750000e-01 3.00676584243774e-01
139 4.88769531250000e-01 2.38895654678345e-01
140 4.74609375000000e-01 2.25254058837891e-01
141 4.68261718750000e-01 2.19269037246704e-01
142 4.81445312500000e-01 2.31789588928223e-01
143 4.66308593750000e-01 2.17443704605103e-01
144 4.85839843750000e-01 2.36040353775024e-01
145 4.97070312500000e-01 2.47078895568848e-01
146 5.05371093750000e-01 2.55399942398071e-01
147 5.68847656250000e-01 3.23587656021118e-01
148 5.61035156250000e-01 3.14760446548462e-01
149 5.71777343750000e-01 3.26929330825806e-01
150 5.95214843750000e-01 3.54280710220337e-01
151 6.42089843750000e-01 4.12279367446899e-01
152 6.12792968750000e-01 3.75515222549438e-01
153 5.93261718750000e-01 3.51959466934204e-01
154 6.26464843750000e-01 3.92458200454712e-01
155 5.82519531250000e-01 3.39329004287720e-01
156 5.98144531250000e-01 3.57776880264282e-01
157 5.72753906250000e-01 3.28047037124634e-01
158 5.74218750000000e-01 3.29727172851562e-01
159 5.59082031250000e-01 3.12572717666626e-01
160 5.28808593750000e-01 2.79638528823853e-01
161 5.52246093750000e-01 3.04975748062134e-01
162 5.15625000000000e-01 2.65869140625000e-01
163 4.81933593750000e-01 2.32259988784790e-01
164 4.06738281250000e-01 1.65436029434204e-01
165 3.92089843750000e-01 1.53734445571899e-01
166 3.53027343750000e-01 1.24628305435181e-01
167 3.23730468750000e-01 1.04801416397095e-01
168 3.82324218750000e-01 1.46171808242798e-01
169 3.26171875000000e-01 1.06388092041016e-01
170 4.13574218750000e-01 1.71043634414673e-01
171 4.39453125000000e-01 1.93119049072266e-01
172 4.70214843750000e-01 2.21101999282837e-01
173 4.00390625000000e-01 1.60312652587891e-01
174 3.65234375000000e-01 1.33396148681641e-01
175 3.37890625000000e-01 1.14170074462891e-01
176 3.54980468750000e-01 1.26011133193970e-01
177 4.38476562500000e-01 1.92261695861816e-01
178 4.30175781250000e-01 1.85051202774048e-01
179 4.48730468750000e-01 2.01359033584595e-01
180 4.28710937500000e-01 1.83793067932129e-01
181 4.83398437500000e-01 2.33674049377441e-01
182 5.46875000000000e-01 2.99072265625000e-01
183 5.17578125000000e-01 2.67887115478516e-01
184 5.07812500000000e-01 2.57873535156250e-01
185 4.41894531250000e-01 1.95270776748657e-01
186 4.26269531250000e-01 1.81705713272095e-01
187 5.07812500000000e-01 2.57873535156250e-01
188 5.14648437500000e-01 2.64863014221191e-01
189 6.08886718750000e-01 3.70743036270142e-01
190 5.59570312500000e-01 3.13118934631348e-01
191 6.13281250000000e-01 3.76113891601562e-01
192 5.71289062500000e-01 3.26371192932129e-01
193 6.05468750000000e-01 3.66592407226562e-01
194 5.44433593750000e-01 2.96407938003540e-01
195 5.08300781250000e-01 2.58369684219360e-01
196 5.13671875000000e-01 2.63858795166016e-01
197 5.38085937500000e-01 2.89536476135254e-01
198 5.45410156250000e-01 2.97472238540649e-01
199 4.82910156250000e-01 2.33202219009399e-01
200 4.41894531250000e-01 1.95270776748657e-01
201 4.34082031250000e-01 1.88427209854126e-01
202 4.57519531250000e-01 2.09324121475220e-01
203 4.75097656250000e-01 2.25717782974243e-01
204 4.66796875000000e-01 2.17899322509766e-01
205 4.29199218750000e-01 1.84211969375610e-01
206 3.63769531250000e-01 1.32328271865845e-01
207 4.08203125000000e-01 1.66629791259766e-01
208 3.96484375000000e-01 1.57199859619141e-01
209 3.83789062500000e-01 1.47294044494629e-01
210 4.44335937500000e-01 1.97434425354004e-01
211 3.54492187500000e-01 1.25664710998535e-01
212 3.72558593750000e-01 1.38799905776978e-01
213 3.30078125000000e-01 1.08951568603516e-01
214 3.02246093750000e-01 9.13527011871338e-02
215 3.05664062500000e-01 9.34305191040039e-02
216 3.11035156250000e-01 9.67428684234619e-02
217 3.05175781250000e-01 9.31322574615479e-02
218 2.85156250000000e-01 8.13140869140625e-02
219 2.40722656250000e-01 5.79473972320557e-02
220 2.11425781250000e-01 4.47008609771729e-02
221 2.13378906250000e-01 4.55305576324463e-02
222 2.32421875000000e-01 5.40199279785156e-02
223 2.26074218750000e-01 5.11095523834229e-02
224 2.55859375000000e-01 6.54640197753906e-02
225 2.86621093750000e-01 8.21516513824463e-02
226 2.41210937500000e-01 5.81827163696289e-02
227 2.43164062500000e-01 5.91287612915039e-02
228 1.90917968750000e-01 3.64496707916260e-02
229 1.38671875000000e-01 1.92298889160156e-02
230 2.36816406250000e-01 5.60820102691650e-02
231 2.47558593750000e-01 6.12852573394775e-02
232 2.90527343750000e-01 8.44061374664307e-02
233 2.02636718750000e-01 4.10616397857666e-02
234 2.44628906250000e-01 5.98433017730713e-02
235 2.69531250000000e-01 7.26470947265625e-02
236 2.99316406250000e-01 8.95903110504150e-02
237 2.75390625000000e-01 7.58399963378906e-02
238 2.91015625000000e-01 8.46900939941406e-02
239 2.28027343750000e-01 5.19964694976807e-02
240 2.29980468750000e-01 5.28910160064697e-02
241 2.20703125000000e-01 4.87098693847656e-02
242 2.08496093750000e-01 4.34706211090088e-02
243 2.09472656250000e-01 4.38787937164307e-02
244 1.46972656250000e-01 2.16009616851807e-02
245 1.71875000000000e-01 2.95410156250000e-02
246 2.23144531250000e-01 4.97934818267822e-02
247 2.45117187500000e-01 6.00824356079102e-02
248 3.35449218750000e-01 1.12526178359985e-01
249 3.60351562500000e-01 1.29853248596191e-01
250 4.03320312500000e-01 1.62667274475098e-01
251 4.28710937500000e-01 1.83793067932129e-01
252 4.18945312500000e-01 1.75515174865723e-01
253 4.71191406250000e-01 2.22021341323853e-01
254 5.09277343750000e-01 2.59363412857056e-01
255 5.02929687500000e-01 2.52938270568848e-01
256 5.11230468750000e-01 2.61356592178345e-01
257 5.10253906250000e-01 2.60359048843384e-01
258 5.27832031250000e-01 2.78606653213501e-01
259 4.10156250000000e-01 1.68228149414062e-01
260 5.12695312500000e-01 2.62856483459473e-01
261 5.60546875000000e-01 3.14212799072266e-01
262 5.46875000000000e-01 2.99072265625000e-01
263 6.13281250000000e-01 3.76113891601562e-01
264 6.13769531250000e-01 3.76713037490845e-01
265 5.83007812500000e-01 3.39898109436035e-01
266 5.95703125000000e-01 3.54862213134766e-01
267 6.10839843750000e-01 3.73125314712524e-01
268 6.01562500000000e-01 3.61877441406250e-01
269 6.61621093750000e-01 4.37742471694946e-01
270 6.36230468750000e-01 4.04789209365845e-01
271 6.60156250000000e-01 4.35806274414062e-01
272 6.71386718750000e-01 4.50760126113892e-01
273 6.07910156250000e-01 3.69554758071899e-01
274 5.57128906250000e-01 3.10392618179321e-01
275 5.57128906250000e-01 3.10392618179321e-01
276 5.43457031250000e-01 2.95345544815063e-01
277 5.82031250000000e-01 3.38760375976562e-01
278 6.53808593750000e-01 4.27465677261353e-01
279 6.42578125000000e-01 4.12906646728516e-01
280 6.64550781250000e-01 4.41627740859985e-01
281 6.84570312500000e-01 4.68636512756348e-01
282 7.02148437500000e-01 4.93012428283691e-01
283 6.95312500000000e-01 4.83459472656250e-01
284 6.74804687500000e-01 4.55361366271973e-01
285 6.80664062500000e-01 4.63303565979004e-01
286 6.53808593750000e-01 4.27465677261353e-01
287 6.68457031250000e-01 4.46834802627563e-01
288 6.64550781250000e-01 4.41627740859985e-01
289 6.10351562500000e-01 3.72529029846191e-01
290 6.18652343750000e-01 3.82730722427368e-01
291 5.95703125000000e-01 3.54862213134766e-01
292 6.13281250000000e-01 3.76113891601562e-01
293 6.40136718750000e-01 4.09775018692017e-01
294 6.78710937500000e-01 4.60648536682129e-01
295 6.76757812500000e-01 4.58001136779785e-01
296 6.95800781250000e-01 4.84138727188110e-01
297 6.86035156250000e-01 4.70644235610962e-01
298 6.80175781250000e-01 4.62639093399048e-01
299 6.83593750000000e-01 4.67300415039062e-01
300 6.53320312500000e-01 4.26827430725098e-01
301 6.24023437500000e-01 3.89405250549316e-01
302 6.84570312500000e-01 4.68636512756348e-01
303 7.38769531250000e-01 5.45780420303345e-01
304 6.74804687500000e-01 4.55361366271973e-01
305 6.86523437500000e-01 4.71314430236816e-01
306 6.71386718750000e-01 4.50760126113892e-01
307 6.30371093750000e-01 3.97367715835571e-01
308 6.43554687500000e-01 4.14162635803223e-01
309 6.03027343750000e-01 3.63641977310181e-01
310 6.22558593750000e-01 3.87579202651978e-01
311 6.25488281250000e-01 3.91235589981079e-01
312 6.29394531250000e-01 3.96137475967407e-01
313 6.24511718750000e-01 3.90014886856079e-01
314 5.35156250000000e-01 2.86392211914062e-01
315 5.17578125000000e-01 2.67887115478516e-01
316 5.54687500000000e-01 3.07678222656250e-01
317 5.24902343750000e-01 2.75522470474243e-01
318 5.18066406250000e-01 2.68392801284790e-01
319 5.37597656250000e-01 2.89011240005493e-01
320 5.41992187500000e-01 2.93755531311035e-01
321 5.33203125000000e-01 2.84305572509766e-01
322 5.34179687500000e-01 2.85347938537598e-01
323 5.53710937500000e-01 3.06595802307129e-01
324 5.34179687500000e-01 2.85347938537598e-01
325 4.80468750000000e-01 2.30850219726562e-01
326 5.27832031250000e-01 2.78606653213501e-01
327 5.25878906250000e-01 2.76548624038696e-01
328 5.41015625000000e-01 2.92697906494141e-01
329 5.62500000000000e-01 3.16406250000000e-01
330 5.16113281250000e-01 2.66372919082642e-01
331 4.80468750000000e-01 2.30850219726562e-01
332 4.38476562500000e-01 1.92261695861816e-01
333 4.09179687500000e-01 1.67428016662598e-01
334 4.53613281250000e-01 2.05765008926392e-01
335 4.22851562500000e-01 1.78803443908691e-01
336 3.54492187500000e-01 1.25664710998535e-01
337 3.98925781250000e-01 1.59141778945923e-01
338 3.81835937500000e-01 1.45798683166504e-01
339 3.74023437500000e-01 1.39893531799316e-01
340 3.18847656250000e-01 1.01663827896118e-01
341 3.91601562500000e-01 1.53351783752441e-01
342 3.61816406250000e-01 1.30911111831665e-01
343 4.12597656250000e-01 1.70236825942993e-01
344 3.94531250000000e-01 1.55654907226562e-01
345 4.00390625000000e-01 1.60312652587891e-01
346 3.91601562500000e-01 1.53351783752441e-01
347 4.19433593750000e-01 1.75924539566040e-01
348 4.36035156250000e-01 1.90126657485962e-01
349 4.29199218750000e-01 1.84211969375610e-01
350 4.07714843750000e-01 1.66231393814087e-01
351 4.12597656250000e-01 1.70236825942993e-01
352 3.72558593750000e-01 1.38799905776978e-01
353 4.17968750000000e-01 1.74697875976562e-01
354 4.67773437500000e-01 2.18811988830566e-01
355 4.75097656250000e-01 2.25717782974243e-01
356 5.83496093750000e-01 3.40467691421509e-01
357 6.28417968750000e-01 3.94909143447876e-01
358 6.13769531250000e-01 3.76713037490845e-01
359 6.04492187500000e-01 3.65410804748535e-01
360 5.82031250000000e-01 3.38760375976562e-01
361 6.40136718750000e-01 4.09775018692017e-01
362 5.43457031250000e-01 2.95345544815063e-01
363 5.49804687500000e-01 3.02285194396973e-01
364 4.89746093750000e-01 2.39851236343384e-01
365 5.66406250000000e-01 3.20816040039062e-01
366 5.89843750000000e-01 3.47915649414062e-01
367 5.94238281250000e-01 3.53119134902954e-01
368 6.22558593750000e-01 3.87579202651978e-01
369 6.64062500000000e-01 4.40979003906250e-01
370 6.79687500000000e-01 4.61975097656250e-01
371 6.43066406250000e-01 4.13534402847290e-01
372 6.41601562500000e-01 4.11652565002441e-01
373 6.53808593750000e-01 4.27465677261353e-01
374 5.99121093750000e-01 3.58946084976196e-01
375 6.39648437500000e-01 4.09150123596191e-01
376 6.61621093750000e-01 4.37742471694946e-01
377 6.54296875000000e-01 4.28104400634766e-01
378 6.60644531250000e-01 4.36451196670532e-01
379 6.88964843750000e-01 4.74672555923462e-01
380 6.86523437500000e-01 4.71314430236816e-01
381 7.29980468750000e-01 5.32871484756470e-01
382 7.03125000000000e-01 4.94384765625000e-01
383 7.46093750000000e-01 5.56655883789062e-01
384 7.19238281250000e-01 5.17303705215454e-01
385 7.31933593750000e-01 5.35726785659790e-01
386 7.25585937500000e-01 5.26474952697754e-01
387 7.30957031250000e-01 5.34298181533813e-01
388 6.52832031250000e-01 4.26189661026001e-01
389 6.53320312500000e-01 4.26827430725098e-01
390 6.45019531250000e-01 4.16050195693970e-01
391 6.35742187500000e-01 4.04168128967285e-01
392 6.35742187500000e-01 4.04168128967285e-01
393 6.15722656250000e-01 3.79114389419556e-01
394 6.00097656250000e-01 3.60117197036743e-01
395 5.58105468750000e-01 3.11481714248657e-01
396 5.55664062500000e-01 3.08762550354004e-01
397 5.10742187500000e-01 2.60857582092285e-01
398 4.29199218750000e-01 1.84211969375610e-01
399 4.50195312500000e-01 2.02675819396973e-01
400 4.55078125000000e-01 2.07096099853516e-01
401 5.19531250000000e-01 2.69912719726562e-01
402 5.65917968750000e-01 3.20263147354126e-01
403 5.81054687500000e-01 3.37624549865723e-01
404 5.84960937500000e-01 3.42179298400879e-01
405 5.85937500000000e-01 3.43322753906250e-01
406 5.28808593750000e-01 2.79638528823853e-01
407 4.84863281250000e-01 2.35092401504517e-01
408 4.90722656250000e-01 2.40808725357056e-01
409 4.69238281250000e-01 2.20184564590454e-01
410 4.20898437500000e-01 1.77155494689941e-01
411 5.02441406250000e-01 2.52447366714478e-01
412 5.20996093750000e-01 2.71436929702759e-01
413 5.50781250000000e-01 3.03359985351562e-01
414 5.82031250000000e-01 3.38760375976562e-01
415 5.65917968750000e-01 3.20263147354126e-01
416 5.39550781250000e-01 2.91115045547485e-01
417 5.01464843750000e-01 2.51466989517212e-01
418 5.15136718750000e-01 2.65365839004517e-01
419 5.43457031250000e-01 2.95345544815063e-01
420 5.35156250000000e-01 2.86392211914062e-01
421 5.32226562500000e-01 2.83265113830566e-01
422 5.55175781250000e-01 3.08220148086548e-01
423 6.07421875000000e-01 3.68961334228516e-01
424 5.62011718750000e-01 3.15857172012329e-01
425 6.31347656250000e-01 3.98599863052368e-01
426 7.05078125000000e-01 4.97135162353516e-01
427 6.61132812500000e-01 4.37096595764160e-01
428 6.80664062500000e-01 4.63303565979004e-01
429 6.81640625000000e-01 4.64633941650391e-01
430 7.29003906250000e-01 5.31446695327759e-01
431 7.50976562500000e-01 5.63965797424316e-01
432 7.75390625000000e-01 6.01230621337891e-01
433 7.04101562500000e-01 4.95759010314941e-01
434 7.15332031250000e-01 5.11699914932251e-01
435 6.88964843750000e-01 4.74672555923462e-01
436 6.38183593750000e-01 4.07278299331665e-01
437 6.19628906250000e-01 3.83939981460571e-01
438 6.66992187500000e-01 4.44878578186035e-01
439 7.50976562500000e-01 5.63965797424316e-01
440 7.26562500000000e-01 5.27893066406250e-01
441 7.16796875000000e-01 5.13797760009766e-01
442 7.08496093750000e-01 5.01966714859009e-01
443 7.56347656250000e-01 5.72061777114868e-01
444 7.40722656250000e-01 5.48670053482056e-01
445 7.38769531250000e-01 5.45780420303345e-01
446 7.38769531250000e-01 5.45780420303345e-01
447 7.23144531250000e-01 5.22938013076782e-01
448 7.41210937500000e-01 5.49393653869629e-01
449 7.67578125000000e-01 5.89176177978516e-01
450 7.70507812500000e-01 5.93682289123535e-01
451 7.58789062500000e-01 5.75760841369629e-01
452 7.13867187500000e-01 5.09606361389160e-01
453 6.98242187500000e-01 4.87542152404785e-01
454 6.64550781250000e-01 4.41627740859985e-01
455 7.16308593750000e-01 5.13098001480103e-01
456 7.05078125000000e-01 4.97135162353516e-01
457 6.34765625000000e-01 4.02927398681641e-01
458 6.23046875000000e-01 3.88187408447266e-01
459 6.44531250000000e-01 4.15420532226562e-01
460 6.02050781250000e-01 3.62465143203735e-01
461 5.69335937500000e-01 3.24143409729004e-01
462 5.43457031250000e-01 2.95345544815063e-01
463 5.99609375000000e-01 3.59531402587891e-01
464 6.26464843750000e-01 3.92458200454712e-01
465 6.23046875000000e-01 3.88187408447266e-01
466 6.46484375000000e-01 4.17942047119141e-01
467 6.50878906250000e-01 4.23643350601196e-01
468 6.79687500000000e-01 4.61975097656250e-01
469 6.70410156250000e-01 4.49449777603149e-01
470 6.87011718750000e-01 4.71985101699829e-01
471 6.90917968750000e-01 4.77367639541626e-01
472 6.41113281250000e-01 4.11026239395142e-01
473 6.60644531250000e-01 4.36451196670532e-01
474 6.49414062500000e-01 4.21738624572754e-01
475 6.41601562500000e-01 4.11652565002441e-01
476 6.48925781250000e-01 4.21104669570923e-01
477 6.75292968750000e-01 4.56020593643188e-01
478 6.44042968750000e-01 4.14791345596313e-01
479 6.58203125000000e-01 4.33231353759766e-01
480 5.70312500000000e-01 3.25256347656250e-01
481 6.53320312500000e-01 4.26827430725098e-01
482 6.86523437500000e-01 4.71314430236816e-01
483 6.83593750000000e-01 4.67300415039062e-01
484 7.14843750000000e-01 5.11001586914062e-01
485 6.97753906250000e-01 4.86860513687134e-01
486 6.64550781250000e-01 4.41627740859985e-01
487 6.61132812500000e-01 4.37096595764160e-01
488 6.80175781250000e-01 4.62639093399048e-01
489 6.67968750000000e-01 4.46182250976562e-01
490 7.09960937500000e-01 5.04044532775879e-01
491 7.17285156250000e-01 5.14497995376587e-01
492 6.43066406250000e-01 4.13534402847290e-01
493 6.55761718750000e-01 4.30023431777954e-01
494 6.91406250000000e-01 4.78042602539062e-01
495 7.05078125000000e-01 4.97135162353516e-01
496 7.23144531250000e-01 5.22938013076782e-01
497 7.69042968750000e-01 5.91427087783813e-01
498 7.79296875000000e-01 6.07303619384766e-01
499 7.32910156250000e-01 5.37157297134399e-01
500 7.27539062500000e-01 5.29313087463379e-01
501 7.11425781250000e-01 5.06126642227173e-01
502 6.87500000000000e-01 4.72656250000000e-01
503 7.25585937500000e-01 5.26474952697754e-01
504 7.24609375000000e-01 5.25058746337891e-01
505 6.34277343750000e-01 4.02307748794556e-01
506 6.39648437500000e-01 4.09150123596191e-01
507 6.45019531250000e-01 4.16050195693970e-01
508 6.28906250000000e-01 3.95523071289062e-01
509 6.37695312500000e-01 4.06655311584473e-01
510 7.27050781250000e-01 5.28602838516235e-01
511 6.67968750000000e-01 4.46182250976562e-01
512 6.71875000000000e-01 4.51416015625000e-01
513 6.65527343750000e-01 4.42926645278931e-01
514 6.38183593750000e-01 4.07278299331665e-01
515 6.24023437500000e-01 3.89405250549316e-01
516 6.32812500000000e-01 4.00451660156250e-01
517 6.06933593750000e-01 3.68368387222290e-01
518 6.14257812500000e-01 3.77312660217285e-01
519 6.48437500000000e-01 4.20471191406250e-01
520 6.87500000000000e-01 4.72656250000000e-01
521 6.66992187500000e-01 4.44878578186035e-01
522 6.91406250000000e-01 4.78042602539062e-01
523 6.73339843750000e-01 4.53386545181274e-01
524 7.44628906250000e-01 5.54472208023071e-01
525 6.91406250000000e-01 4.78042602539062e-01
526 6.79687500000000e-01 4.61975097656250e-01
527 6.71875000000000e-01 4.51416015625000e-01
528 6.48437500000000e-01 4.20471191406250e-01
529 6.03027343750000e-01 3.63641977310181e-01
530 5.88378906250000e-01 3.46189737319946e-01
531 6.47949218750000e-01 4.19838190078735e-01
532 6.64550781250000e-01 4.41627740859985e-01
533 7.33886718750000e-01 5.38589715957642e-01
534 6.97265625000000e-01 4.86179351806641e-01
535 7.02148437500000e-01 4.93012428283691e-01
536 7.08984375000000e-01 5.02658843994141e-01
537 7.25097656250000e-01 5.25766611099243e-01
538 6.47949218750000e-01 4.19838190078735e-01
539 6.66992187500000e-01 4.44878578186035e-01
540 7.31933593750000e-01 5.35726785659790e-01
541 7.47558593750000e-01 5.58843851089478e-01
542 7.93457031250000e-01 6.29574060440063e-01
543 7.78808593750000e-01 6.06542825698853e-01
544 7.69531250000000e-01 5.92178344726562e-01
545 7.42675781250000e-01 5.51567316055298e-01
546 7.91503906250000e-01 6.26478433609009e-01
547 7.43164062500000e-01 5.52292823791504e-01
548 7.36816406250000e-01 5.42898416519165e-01
549 7.03125000000000e-01 4.94384765625000e-01
550 7.79296875000000e-01 6.07303619384766e-01
551 7.64160156250000e-01 5.83940744400024e-01
552 7.01660156250000e-01 4.92326974868774e-01
553 6.76269531250000e-01 4.57340478897095e-01
554 6.84570312500000e-01 4.68636512756348e-01
555 7.19238281250000e-01 5.17303705215454e-01
556 6.75292968750000e-01 4.56020593643188e-01
557 6.92871093750000e-01 4.80070352554321e-01
558 7.17285156250000e-01 5.14497995376587e-01
559 7.11914062500000e-01 5.06821632385254e-01
560 6.54785156250000e-01 4.28743600845337e-01
561 6.28417968750000e-01 3.94909143447876e-01
562 6.57226562500000e-01 4.31946754455566e-01
563 6.54296875000000e-01 4.28104400634766e-01
564 6.52343750000000e-01 4.25552368164062e-01
565 6.66992187500000e-01 4.44878578186035e-01
566 6.77734375000000e-01 4.59323883056641e-01
567 7.07519531250000e-01 5.00583887100220e-01
568 6.65039062500000e-01 4.42276954650879e-01
569 6.91894531250000e-01 4.78718042373657e-01
570 6.44531250000000e-01 4.15420532226562e-01
571 6.31347656250000e-01 3.98599863052368e-01
572 6.14746093750000e-01 3.77912759780884e-01
573 6.16210937500000e-01 3.79715919494629e-01
574 6.77734375000000e-01 4.59323883056641e-01
575 6.89453125000000e-01 4.75345611572266e-01
576 6.50390625000000e-01 4.23007965087891e-01
577 6.41113281250000e-01 4.11026239395142e-01
578 6.02539062500000e-01 3.63053321838379e-01
579 6.01074218750000e-01 3.61290216445923e-01
580 5.66406250000000e-01 3.20816040039062e-01
581 5.62988281250000e-01 3.16955804824829e-01
582 5.51269531250000e-01 3.03898096084595e-01
583 6.13281250000000e-01 3.76113891601562e-01
584 6.50390625000000e-01 4.23007965087891e-01
585 6.68945312500000e-01 4.47487831115723e-01
586 6.42089843750000e-01 4.12279367446899e-01
587 6.05468750000000e-01 3.66592407226562e-01
588 5.90332031250000e-01 3.48491907119751e-01
589 5.90820312500000e-01 3.49068641662598e-01
590 5.61035156250000e-01 3.14760446548462e-01
591 5.69824218750000e-01 3.24699640274048e-01
592 6.37207031250000e-01 4.06032800674438e-01
593 6.15234375000000e-01 3.78513336181641e-01
594 5.99609375000000e-01 3.59531402587891e-01
595 6.52832031250000e-01 4.26189661026001e-01
596 6.28906250000000e-01 3.95523071289062e-01
597 6.16699218750000e-01 3.80317926406860e-01
598 6.33789062500000e-01 4.01688575744629e-01
599 6.85546875000000e-01 4.69974517822266e-01
600 6.14746093750000e-01 3.77912759780884e-01
601 6.32324218750000e-01 3.99833917617798e-01
602 6.55273437500000e-01 4.29383277893066e-01
603 6.62597656250000e-01 4.39035654067993e-01
604 6.34765625000000e-01 4.02927398681641e-01
605 6.85058593750000e-01 4.69305276870728e-01
606 6.35253906250000e-01 4.03547525405884e-01
607 6.68457031250000e-01 4.46834802627563e-01
608 7.07031250000000e-01 4.99893188476562e-01
609 7.49511718750000e-01 5.61767816543579e-01
610 7.51953125000000e-01 5.65433502197266e-01
611 7.37792968750000e-01 5.44338464736938e-01
612 6.52343750000000e-01 4.25552368164062e-01
613 6.43066406250000e-01 4.13534402847290e-01
614 6.44042968750000e-01 4.14791345596313e-01
615 6.30371093750000e-01 3.97367715835571e-01
616 6.26464843750000e-01 3.92458200454712e-01
617 6.44531250000000e-01 4.15420532226562e-01
618 6.55761718750000e-01 4.30023431777954e-01
619 6.57226562500000e-01 4.31946754455566e-01
620 6.51367187500000e-01 4.24279212951660e-01
621 6.55761718750000e-01 4.30023431777954e-01
622 6.01074218750000e-01 3.61290216445923e-01
623 5.48828125000000e-01 3.01212310791016e-01
624 5.73242187500000e-01 3.28606605529785e-01
625 6.03515625000000e-01 3.64231109619141e-01
626 5.95703125000000e-01 3.54862213134766e-01
627 5.90820312500000e-01 3.49068641662598e-01
628 6.14746093750000e-01 3.77912759780884e-01
629 5.69335937500000e-01 3.24143409729004e-01
630 5.24414062500000e-01 2.75010108947754e-01
631 5.85449218750000e-01 3.42750787734985e-01
632 5.48828125000000e-01 3.01212310791016e-01
633 5.47851562500000e-01 3.00141334533691e-01
634 5.04882812500000e-01 2.54906654357910e-01
635 6.03027343750000e-01 3.63641977310181e-01
636 5.33691406250000e-01 2.84826517105103e-01
637 4.97070312500000e-01 2.47078895568848e-01
638 5.53222656250000e-01 3.06055307388306e-01
639 5.77636718750000e-01 3.33664178848267e-01
640 5.85937500000000e-01 3.43322753906250e-01
641 5.80078125000000e-01 3.36490631103516e-01
642 6.01074218750000e-01 3.61290216445923e-01
643 6.13769531250000e-01 3.76713037490845e-01
644 6.01562500000000e-01 3.61877441406250e-01
645 6.10351562500000e-01 3.72529029846191e-01
646 6.38671875000000e-01 4.07901763916016e-01
647 6.81640625000000e-01 4.64633941650391e-01
648 6.66503906250000e-01 4.44227457046509e-01
649 6.54785156250000e-01 4.28743600845337e-01
650 6.83105468750000e-01 4.66633081436157e-01
651 6.86523437500000e-01 4.71314430236816e-01
652 7.08984375000000e-01 5.02658843994141e-01
653 6.52343750000000e-01 4.25552368164062e-01
654 5.77148437500000e-01 3.33100318908691e-01
655 6.36230468750000e-01 4.04789209365845e-01
656 6.15722656250000e-01 3.79114389419556e-01
657 5.75195312500000e-01 3.30849647521973e-01
658 5.59570312500000e-01 3.13118934631348e-01
659 6.28906250000000e-01 3.95523071289062e-01
660 6.70898437500000e-01 4.50104713439941e-01
661 6.23535156250000e-01 3.88796091079712e-01
662 6.09863281250000e-01 3.71933221817017e-01
663 5.36132812500000e-01 2.87438392639160e-01
664 5.17089843750000e-01 2.67381906509399e-01
665 4.57519531250000e-01 2.09324121475220e-01
666 4.68750000000000e-01 2.19726562500000e-01
667 4.85839843750000e-01 2.36040353775024e-01
668 5.80078125000000e-01 3.36490631103516e-01
669 4.99023437500000e-01 2.49024391174316e-01
670 4.81445312500000e-01 2.31789588928223e-01
671 4.39453125000000e-01 1.93119049072266e-01
672 4.46777343750000e-01 1.99609994888306e-01
673 5.18066406250000e-01 2.68392801284790e-01
674 4.62402343750000e-01 2.13815927505493e-01
675 4.19921875000000e-01 1.76334381103516e-01
676 5.54199218750000e-01 3.07136774063110e-01
677 5.20507812500000e-01 2.70928382873535e-01
678 5.47363281250000e-01 2.99606561660767e-01
679 5.78613281250000e-01 3.34793329238892e-01
680 6.76757812500000e-01 4.58001136779785e-01
681 6.29882812500000e-01 3.96752357482910e-01
682 6.36718750000000e-01 4.05410766601562e-01
683 6.87988281250000e-01 4.73327875137329e-01
684 6.84082031250000e-01 4.67968225479126e-01
685 6.76757812500000e-01 4.58001136779785e-01
686 6.62109375000000e-01 4.38388824462891e-01
687 6.92382812500000e-01 4.79393959045410e-01
688 7.01171875000000e-01 4.91641998291016e-01
689 7.14355468750000e-01 5.10303735733032e-01
690 7.37792968750000e-01 5.44338464736938e-01
691 6.74316406250000e-01 4.54702615737915e-01
692 7.13378906250000e-01 5.08909463882446e-01
693 6.96777343750000e-01 4.85498666763306e-01
694 6.53320312500000e-01 4.26827430725098e-01
695 6.61132812500000e-01 4.37096595764160e-01
696 6.17675781250000e-01 3.81523370742798e-01
697 6.43554687500000e-01 4.14162635803223e-01
698 6.13769531250000e-01 3.76713037490845e-01
699 6.73339843750000e-01 4.53386545181274e-01
700 6.55761718750000e-01 4.30023431777954e-01
701 7.01171875000000e-01 4.91641998291016e-01
702 7.10937500000000e-01 5.05432128906250e-01
703 7.03125000000000e-01 4.94384765625000e-01
704 6.74804687500000e-01 4.55361366271973e-01
705 6.86523437500000e-01 4.71314430236816e-01
706 6.86035156250000e-01 4.70644235610962e-01
707 6.20605468750000e-01 3.85151147842407e-01
708 6.49902343750000e-01 4.22373056411743e-01
709 6.50390625000000e-01 4.23007965087891e-01
710 6.99218750000000e-01 4.88906860351562e-01
711 6.86523437500000e-01 4.71314430236816e-01
712 6.85546875000000e-01 4.69974517822266e-01
713 6.24023437500000e-01 3.89405250549316e-01
714 6.81640625000000e-01 4.64633941650391e-01
715 7.40722656250000e-01 5.48670053482056e-01
716 7.21679687500000e-01 5.20821571350098e-01
717 6.89941406250000e-01 4.76019144058228e-01
718 7.05566406250000e-01 4.97823953628540e-01
719 6.66015625000000e-01 4.43576812744141e-01
720 6.50390625000000e-01 4.23007965087891e-01
721 7.24609375000000e-01 5.25058746337891e-01
722 6.74804687500000e-01 4.55361366271973e-01
723 7.08496093750000e-01 5.01966714859009e-01
724 6.74804687500000e-01 4.55361366271973e-01
725 6.75781250000000e-01 4.56680297851562e-01
726 6.45019531250000e-01 4.16050195693970e-01
727 7.13867187500000e-01 5.09606361389160e-01
728 6.48437500000000e-01 4.20471191406250e-01
729 6.95312500000000e-01 4.83459472656250e-01
730 7.09472656250000e-01 5.03351449966431e-01
731 7.00683593750000e-01 4.90957498550415e-01
732 7.63671875000000e-01 5.83194732666016e-01
733 7.59277343750000e-01 5.76502084732056e-01
734 7.92480468750000e-01 6.28025293350220e-01
735 8.27636718750000e-01 6.84982538223267e-01
736 7.75878906250000e-01 6.01988077163696e-01
737 7.37304687500000e-01 5.43618202209473e-01
738 7.21191406250000e-01 5.20117044448853e-01
739 6.52343750000000e-01 4.25552368164062e-01
740 6.78222656250000e-01 4.59985971450806e-01
741 6.61621093750000e-01 4.37742471694946e-01
742 6.01562500000000e-01 3.61877441406250e-01
743 6.15234375000000e-01 3.78513336181641e-01
744 6.54785156250000e-01 4.28743600845337e-01
745 6.43066406250000e-01 4.13534402847290e-01
746 6.30859375000000e-01 3.97983551025391e-01
747 6.53808593750000e-01 4.27465677261353e-01
748 5.87890625000000e-01 3.45615386962891e-01
749 6.35742187500000e-01 4.04168128967285e-01
750 5.93750000000000e-01 3.52539062500000e-01
751 6.37695312500000e-01 4.06655311584473e-01
752 5.94238281250000e-01 3.53119134902954e-01
753 6.01562500000000e-01 3.61877441406250e-01
754 5.83007812500000e-01 3.39898109436035e-01
755 5.99609375000000e-01 3.59531402587891e-01
756 5.63964843750000e-01 3.18056344985962e-01
757 4.85839843750000e-01 2.36040353775024e-01
758 4.95605468750000e-01 2.45624780654907e-01
759 5.14648437500000e-01 2.64863014221191e-01
760 5.41992187500000e-01 2.93755531311035e-01
761 5.51757812500000e-01 3.04436683654785e-01
762 5.74218750000000e-01 3.29727172851562e-01
763 5.03417968750000e-01 2.53429651260376e-01
764 5.61523437500000e-01 3.15308570861816e-01
765 5.74707031250000e-01 3.30288171768188e-01
766 4.87304687500000e-01 2.37465858459473e-01
767 4.87304687500000e-01 2.37465858459473e-01
768 4.36523437500000e-01 1.90552711486816e-01
769 4.26269531250000e-01 1.81705713272095e-01
770 3.86718750000000e-01 1.49551391601562e-01
771 4.90722656250000e-01 2.40808725357056e-01
772 4.84375000000000e-01 2.34619140625000e-01
773 5.18554687500000e-01 2.68898963928223e-01
774 5.25390625000000e-01 2.76035308837891e-01
775 6.49414062500000e-01 4.21738624572754e-01
776 6.21582031250000e-01 3.86364221572876e-01
777 6.22558593750000e-01 3.87579202651978e-01
778 5.51269531250000e-01 3.03898096084595e-01
779 5.36132812500000e-01 2.87438392639160e-01
780 4.93652343750000e-01 2.43692636489868e-01
781 5.49316406250000e-01 3.01748514175415e-01
782 5.63476562500000e-01 3.17505836486816e-01
783 5.39062500000000e-01 2.90588378906250e-01
784 5.10253906250000e-01 2.60359048843384e-01
785 5.48828125000000e-01 3.01212310791016e-01
786 5.83007812500000e-01 3.39898109436035e-01
787 5.78125000000000e-01 3.34228515625000e-01
788 5.10253906250000e-01 2.60359048843384e-01
789 4.91699218750000e-01 2.41768121719360e-01
790 4.76562500000000e-01 2.27111816406250e-01
791 4.72167968750000e-01 2.22942590713501e-01
792 4.42871093750000e-01 1.96134805679321e-01
793 4.48242187500000e-01 2.00921058654785e-01
794 4.55078125000000e-01 2.07096099853516e-01
795 4.58007812500000e-01 2.09771156311035e-01
796 4.41894531250000e-01 1.95270776748657e-01
797 4.25292968750000e-01 1.80874109268188e-01
798 4.48730468750000e-01 2.01359033584595e-01
799 4.78027343750000e-01 2.28510141372681e-01
800 4.91699218750000e-01 2.41768121719360e-01
801 5.05371093750000e-01 2.55399942398071e-01
802 5.17578125000000e-01 2.67887115478516e-01
803 5.05371093750000e-01 2.55399942398071e-01
804 4.89746093750000e-01 2.39851236343384e-01
805 5.31738281250000e-01 2.82745599746704e-01
806 4.82910156250000e-01 2.33202219009399e-01
807 4.58984375000000e-01 2.10666656494141e-01
808 4.38964843750000e-01 1.92690134048462e-01
809 5.13183593750000e-01 2.63357400894165e-01
810 4.83886718750000e-01 2.34146356582642e-01
811 4.83398437500000e-01 2.33674049377441e-01
812 5.27832031250000e-01 2.78606653213501e-01
813 5.39062500000000e-01 2.90588378906250e-01
814 4.95605468750000e-01 2.45624780654907e-01
815 4.85351562500000e-01 2.35566139221191e-01
816 4.88281250000000e-01 2.38418579101562e-01
817 4.64843750000000e-01 2.16079711914062e-01
818 5.18066406250000e-01 2.68392801284790e-01
819 5.25390625000000e-01 2.76035308837891e-01
820 4.47753906250000e-01 2.00483560562134e-01
821 4.54101562500000e-01 2.06208229064941e-01
822 4.63378906250000e-01 2.14720010757446e-01
823 4.66308593750000e-01 2.17443704605103e-01
824 4.36035156250000e-01 1.90126657485962e-01
825 4.41894531250000e-01 1.95270776748657e-01
826 4.93652343750000e-01 2.43692636489868e-01
827 5.61523437500000e-01 3.15308570861816e-01
828 5.95214843750000e-01 3.54280710220337e-01
829 5.90820312500000e-01 3.49068641662598e-01
830 6.34765625000000e-01 4.02927398681641e-01
831 5.97656250000000e-01 3.57192993164062e-01
832 6.31835937500000e-01 3.99216651916504e-01
833 5.79101562500000e-01 3.35358619689941e-01
834 5.86914062500000e-01 3.44468116760254e-01
835 6.00585937500000e-01 3.60703468322754e-01
836 6.20605468750000e-01 3.85151147842407e-01
837 6.34277343750000e-01 4.02307748794556e-01
838 5.67871093750000e-01 3.22477579116821e-01
839 5.71777343750000e-01 3.26929330825806e-01
840 5.63964843750000e-01 3.18056344985962e-01
841 6.22558593750000e-01 3.87579202651978e-01
842 6.33789062500000e-01 4.01688575744629e-01
843 6.27929687500000e-01 3.94295692443848e-01
844 6.29394531250000e-01 3.96137475967407e-01
845 5.83007812500000e-01 3.39898109436035e-01
846 5.77636718750000e-01 3.33664178848267e-01
847 5.99609375000000e-01 3.59531402587891e-01
848 5.65429687500000e-01 3.19710731506348e-01
849 5.22949218750000e-01 2.73475885391235e-01
850 5.12695312500000e-01 2.62856483459473e-01
851 5.29296875000000e-01 2.80155181884766e-01
852 5.64453125000000e-01 3.18607330322266e-01
853 5.17578125000000e-01 2.67887115478516e-01
854 4.70703125000000e-01 2.21561431884766e-01
855 5.02441406250000e-01 2.52447366714478e-01
856 4.64843750000000e-01 2.16079711914062e-01
857 4.59472656250000e-01 2.11115121841431e-01
858 4.46777343750000e-01 1.99609994888306e-01
859 4.61914062500000e-01 2.13364601135254e-01
860 4.84863281250000e-01 2.35092401504517e-01
861 5.30273437500000e-01 2.81189918518066e-01
862 5.11718750000000e-01 2.61856079101562e-01
863 5.62500000000000e-01 3.16406250000000e-01
864 5.15136718750000e-01 2.65365839004517e-01
865 5.49804687500000e-01 3.02285194396973e-01
866 5.28320312500000e-01 2.79122352600098e-01
867 5.56152343750000e-01 3.09305429458618e-01
868 5.68359375000000e-01 3.23032379150391e-01
869 6.05468750000000e-01 3.66592407226562e-01
870 5.72265625000000e-01 3.27487945556641e-01
871 6.36230468750000e-01 4.04789209365845e-01
872 6.27929687500000e-01 3.94295692443848e-01
873 6.07421875000000e-01 3.68961334228516e-01
874 5.85937500000000e-01 3.43322753906250e-01
875 5.26855468750000e-01 2.77576684951782e-01
876 5.09277343750000e-01 2.59363412857056e-01
877 5.04882812500000e-01 2.54906654357910e-01
878 6.11328125000000e-01 3.73722076416016e-01
879 5.77148437500000e-01 3.33100318908691e-01
880 5.55175781250000e-01 3.08220148086548e-01
881 5.98144531250000e-01 3.57776880264282e-01
882 6.97753906250000e-01 4.86860513687134e-01
883 7.43652343750000e-01 5.53018808364868e-01
884 7.09472656250000e-01 5.03351449966431e-01
885 7.27539062500000e-01 5.29313087463379e-01
886 7.30468750000000e-01 5.33584594726562e-01
887 7.46093750000000e-01 5.56655883789062e-01
888 7.00683593750000e-01 4.90957498550415e-01
889 6.87988281250000e-01 4.73327875137329e-01
890 6.81640625000000e-01 4.64633941650391e-01
891 6.64062500000000e-01 4.40979003906250e-01
892 5.94238281250000e-01 3.53119134902954e-01
893 5.61035156250000e-01 3.14760446548462e-01
894 6.06445312500000e-01 3.67775917053223e-01
895 6.47460937500000e-01 4.19205665588379e-01
896 6.16210937500000e-01 3.79715919494629e-01
897 6.16699218750000e-01 3.80317926406860e-01
898 6.61621093750000e-01 4.37742471694946e-01
899 6.53320312500000e-01 4.26827430725098e-01
900 6.93847656250000e-01 4.81424570083618e-01
901 7.18261718750000e-01 5.15899896621704e-01
902 6.65527343750000e-01 4.42926645278931e-01
903 6.61132812500000e-01 4.37096595764160e-01
904 6.58691406250000e-01 4.33874368667603e-01
905 6.32324218750000e-01 3.99833917617798e-01
906 6.56250000000000e-01 4.30664062500000e-01
907 6.91406250000000e-01 4.78042602539062e-01
908 6.60156250000000e-01 4.35806274414062e-01
909 7.12890625000000e-01 5.08213043212891e-01
910 7.54882812500000e-01 5.69848060607910e-01
911 7.67089843750000e-01 5.88426828384399e-01
912 7.36328125000000e-01 5.42179107666016e-01
913 6.41601562500000e-01 4.11652565002441e-01
914 5.78125000000000e-01 3.34228515625000e-01
915 5.95703125000000e-01 3.54862213134766e-01
916 6.30371093750000e-01 3.97367715835571e-01
917 6.43554687500000e-01 4.14162635803223e-01
918 6.28417968750000e-01 3.94909143447876e-01
919 6.82617187500000e-01 4.65966224670410e-01
920 6.75781250000000e-01 4.56680297851562e-01
921 6.96777343750000e-01 4.85498666763306e-01
922 6.27929687500000e-01 3.94295692443848e-01
923 6.35253906250000e-01 4.03547525405884e-01
924 5.68359375000000e-01 3.23032379150391e-01
925 6.12304687500000e-01 3.74917030334473e-01
926 6.23535156250000e-01 3.88796091079712e-01
927 5.58593750000000e-01 3.12026977539062e-01
928 5.79101562500000e-01 3.35358619689941e-01
929 6.19140625000000e-01 3.83335113525391e-01
930 6.28906250000000e-01 3.95523071289062e-01
931 6.04492187500000e-01 3.65410804748535e-01
932 5.63964843750000e-01 3.18056344985962e-01
933 6.01074218750000e-01 3.61290216445923e-01
934 5.90820312500000e-01 3.49068641662598e-01
935 6.08398437500000e-01 3.70148658752441e-01
936 6.82617187500000e-01 4.65966224670410e-01
937 7.31445312500000e-01 5.35012245178223e-01
938 7.22656250000000e-01 5.22232055664062e-01
939 6.95312500000000e-01 4.83459472656250e-01
940 6.95800781250000e-01 4.84138727188110e-01
941 6.78222656250000e-01 4.59985971450806e-01
942 5.99609375000000e-01 3.59531402587891e-01
943 5.97167968750000e-01 3.56609582901001e-01
944 5.98632812500000e-01 3.58361244201660e-01
945 5.75195312500000e-01 3.30849647521973e-01
946 5.77636718750000e-01 3.33664178848267e-01
947 5.72265625000000e-01 3.27487945556641e-01
948 4.80957031250000e-01 2.31319665908813e-01
949 5.03906250000000e-01 2.53921508789062e-01
950 5.65917968750000e-01 3.20263147354126e-01
951 5.60546875000000e-01 3.14212799072266e-01
952 5.15136718750000e-01 2.65365839004517e-01
953 5.33203125000000e-01 2.84305572509766e-01
954 5.13183593750000e-01 2.63357400894165e-01
955 4.82421875000000e-01 2.32730865478516e-01
956 4.94628906250000e-01 2.44657754898071e-01
957 4.91699218750000e-01 2.41768121719360e-01
958 4.11621093750000e-01 1.69431924819946e-01
959 4.09179687500000e-01 1.67428016662598e-01
960 4.85351562500000e-01 2.35566139221191e-01
961 4.59960937500000e-01 2.11564064025879e-01
962 4.25781250000000e-01 1.81289672851562e-01
963 4.42382812500000e-01 1.95702552795410e-01
964 4.70703125000000e-01 2.21561431884766e-01
965 4.72656250000000e-01 2.23403930664062e-01
966 4.46289062500000e-01 1.99173927307129e-01
967 4.97070312500000e-01 2.47078895568848e-01
968 4.58007812500000e-01 2.09771156311035e-01
969 4.24804687500000e-01 1.80459022521973e-01
970 4.55078125000000e-01 2.07096099853516e-01
971 4.47753906250000e-01 2.00483560562134e-01
972 4.13574218750000e-01 1.71043634414673e-01
973 4.07226562500000e-01 1.65833473205566e-01
974 3.58398437500000e-01 1.28449440002441e-01
975 3.21289062500000e-01 1.03226661682129e-01
976 2.98339843750000e-01 8.90066623687744e-02
977 3.23730468750000e-01 1.04801416397095e-01
978 3.02246093750000e-01 9.13527011871338e-02
979 3.46191406250000e-01 1.19848489761353e-01
980 3.12500000000000e-01 9.76562500000000e-02
981 4.04785156250000e-01 1.63851022720337e-01
982 4.08203125000000e-01 1.66629791259766e-01
983 4.04785156250000e-01 1.63851022720337e-01
984 3.61816406250000e-01 1.30911111831665e-01
985 3.87695312500000e-01 1.50307655334473e-01
986 3.39843750000000e-01 1.15493774414062e-01
987 3.01269531250000e-01 9.07633304595947e-02
988 3.80371093750000e-01 1.44682168960571e-01
989 3.89648437500000e-01 1.51825904846191e-01
990 4.00878906250000e-01 1.60703897476196e-01
991 3.60839843750000e-01 1.30205392837524e-01
992 3.97460937500000e-01 1.57975196838379e-01
993 3.91113281250000e-01 1.52969598770142e-01
994 3.72070312500000e-01 1.38436317443848e-01
995 3.52539062500000e-01 1.24283790588379e-01
996 3.99414062500000e-01 1.59531593322754e-01
997 4.60449218750000e-01 2.12013483047485e-01
998 5.17578125000000e-01 2.67887115478516e-01
999 5.03417968750000e-01 2.53429651260376e-01
