0 5.50292968750000e-01 3.02822351455688e-01
1 5.23437500000000e-01 2.73986816406250e-01
2 5.19042968750000e-01 2.69405603408813e-01
3 5.22949218750000e-01 2.73475885391235e-01
4 5.15625000000000e-01 2.65869140625000e-01
5 5.61035156250000e-01 3.14760446548462e-01
6 5.68847656250000e-01 3.23587656021118e-01
7 7.08984375000000e-01 5.02658843994141e-01
8 6.59667968750000e-01 4.35161828994751e-01
9 5.98144531250000e-01 3.57776880264282e-01
10 6.15722656250000e-01 3.79114389419556e-01
11 6.19628906250000e-01 3.83939981460571e-01
12 5.90820312500000e-01 3.49068641662598e-01
13 6.75781250000000e-01 4.56680297851562e-01
14 6.84082031250000e-01 4.67968225479126e-01
15 7.02636718750000e-01 4.93698358535767e-01
16 7.01171875000000e-01 4.91641998291016e-01
17 7.14843750000000e-01 5.11001586914062e-01
18 7.70019531250000e-01 5.92930078506470e-01
19 7.69531250000000e-01 5.92178344726562e-01
20 7.55371093750000e-01 5.70585489273071e-01
21 7.18750000000000e-01 5.16601562500000e-01
22 7.03125000000000e-01 4.94384765625000e-01
23 7.20214843750000e-01 5.18709421157837e-01
24 7.09960937500000e-01 5.04044532775879e-01
25 6.99218750000000e-01 4.88906860351562e-01
26 7.06542968750000e-01 4.99202966690063e-01
27 7.02636718750000e-01 4.93698358535767e-01
28 7.03125000000000e-01 4.94384765625000e-01
29 6.51367187500000e-01 4.24279212951660e-01
30 6.31347656250000e-01 3.98599863052368e-01
31 6.19140625000000e-01 3.83335113525391e-01
32 6.61132812500000e-01 4.37096595764160e-01
33 6.55273437500000e-01 4.29383277893066e-01
34 7.08984375000000e-01 5.02658843994141e-01
35 7.07519531250000e-01 5.00583887100220e-01
36 6.91894531250000e-01 4.78718042373657e-01
37 7.47070312500000e-01 5.58114051818848e-01
38 7.38769531250000e-01 5.45780420303345e-01
39 7.08496093750000e-01 5.01966714859009e-01
40 7.17773437500000e-01 5.15198707580566e-01
41 6.70410156250000e-01 4.49449777603149e-01
42 6.53320312500000e-01 4.26827430725098e-01
43 6.35742187500000e-01 4.04168128967285e-01
44 6.31835937500000e-01 3.99216651916504e-01
45 6.51367187500000e-01 4.24279212951660e-01
46 5.92285156250000e-01 3.50801706314087e-01
47 5.48828125000000e-01 3.01212310791016e-01
48 5.62988281250000e-01 3.16955804824829e-01
49 5.02929687500000e-01 2.52938270568848e-01
50 5.26855468750000e-01 2.77576684951782e-01
51 5.66406250000000e-01 3.20816040039062e-01
52 5.76660156250000e-01 3.32536935806274e-01
53 6.10839843750000e-01 3.73125314712524e-01
54 6.28417968750000e-01 3.94909143447876e-01
55 6.37207031250000e-01 4.06032800674438e-01
56 6.52343750000000e-01 4.25552368164062e-01
57 6.36230468750000e-01 4.04789209365845e-01
58 6.45996093750000e-01 4.17310953140259e-01
59 5.31738281250000e-01 2.82745599746704e-01
60 6.24023437500000e-01 3.89405250549316e-01
61 5.78125000000000e-01 3.34228515625000e-01
62 5.89355468750000e-01 3.47339868545532e-01
63 5.68359375000000e-01 3.23032379150391e-01
64 5.81054687500000e-01 3.37624549865723e-01
65 5.62011718750000e-01 3.15857172012329e-01
66 5.15136718750000e-01 2.65365839004517e-01
67 4.93164062500000e-01 2.43210792541504e-01
68 4.96093750000000e-01 2.46109008789062e-01
69 4.91699218750000e-01 2.41768121719360e-01
70 5.08789062500000e-01 2.58866310119629e-01
71 5.72265625000000e-01 3.27487945556641e-01
72 6.31835937500000e-01 3.99216651916504e-01
73 6.26464843750000e-01 3.92458200454712e-01
74 6.19140625000000e-01 3.83335113525391e-01
75 6.13281250000000e-01 3.76113891601562e-01
76 6.13281250000000e-01 3.76113891601562e-01
77 6.03027343750000e-01 3.63641977310181e-01
78 5.90820312500000e-01 3.49068641662598e-01
79 6.52343750000000e-01 4.25552368164062e-01
80 6.67968750000000e-01 4.46182250976562e-01
81 6.91894531250000e-01 4.78718042373657e-01
82 6.88964843750000e-01 4.74672555923462e-01
83 7.17285156250000e-01 5.14497995376587e-01
84 6.90917968750000e-01 4.77367639541626e-01
85 7.51953125000000e-01 5.65433502197266e-01
86 6.97265625000000e-01 4.86179351806641e-01
87 7.15332031250000e-01 5.11699914932251e-01
88 6.96777343750000e-01 4.85498666763306e-01
89 7.00195312500000e-01 4.90273475646973e-01
90 7.23144531250000e-01 5.22938013076782e-01
91 7.19238281250000e-01 5.17303705215454e-01
92 7.06542968750000e-01 4.99202966690063e-01
93 6.87988281250000e-01 4.73327875137329e-01
94 6.20117187500000e-01 3.84545326232910e-01
95 5.90820312500000e-01 3.49068641662598e-01
96 6.11328125000000e-01 3.73722076416016e-01
97 6.00097656250000e-01 3.60117197036743e-01
98 6.30371093750000e-01 3.97367715835571e-01
99 6.31835937500000e-01 3.99216651916504e-01
100 5.97167968750000e-01 3.56609582901001e-01
101 5.94726562500000e-01 3.53699684143066e-01
102 5.49804687500000e-01 3.02285194396973e-01
103 5.45898437500000e-01 2.98005104064941e-01
104 5.26855468750000e-01 2.77576684951782e-01
105 4.90722656250000e-01 2.40808725357056e-01
106 5.10742187500000e-01 2.60857582092285e-01
107 4.94140625000000e-01 2.44174957275391e-01
108 4.45312500000000e-01 1.98303222656250e-01
109 4.59960937500000e-01 2.11564064025879e-01
110 4.83886718750000e-01 2.34146356582642e-01
111 4.63378906250000e-01 2.14720010757446e-01
112 4.60449218750000e-01 2.12013483047485e-01
113 5.01953125000000e-01 2.51956939697266e-01
114 4.54101562500000e-01 2.06208229064941e-01
115 4.55566406250000e-01 2.07540750503540e-01
116 4.28222656250000e-01 1.83374643325806e-01
117 4.57031250000000e-01 2.08877563476562e-01
118 4.92187500000000e-01 2.42248535156250e-01
119 5.09765625000000e-01 2.59860992431641e-01
120 4.88281250000000e-01 2.38418579101562e-01
121 5.56640625000000e-01 3.09848785400391e-01
122 5.34667968750000e-01 2.85869836807251e-01
123 5.36621093750000e-01 2.87962198257446e-01
124 5.75195312500000e-01 3.30849647521973e-01
125 5.17578125000000e-01 2.67887115478516e-01
126 5.02929687500000e-01 2.52938270568848e-01
127 5.22460937500000e-01 2.72965431213379e-01
128 5.89843750000000e-01 3.47915649414062e-01
129 5.71289062500000e-01 3.26371192932129e-01
130 5.27832031250000e-01 2.78606653213501e-01
131 5.30273437500000e-01 2.81189918518066e-01
132 5.02929687500000e-01 2.52938270568848e-01
133 5.87890625000000e-01 3.45615386962891e-01
134 6.39160156250000e-01 4.08525705337524e-01
135 5.82031250000000e-01 3.38760375976562e-01
136 5.72753906250000e-01 3.28047037124634e-01
137 5.50781250000000e-01 3.03359985351562e-01
138 5.01953125000000e-01 2.51956939697266e-01
139 5.78125000000000e-01 3.34228515625000e-01
140 5.96191406250000e-01 3.55444192886353e-01
141 5.88867187500000e-01 3.46764564514160e-01
142 6.18164062500000e-01 3.82126808166504e-01
143 5.60546875000000e-01 3.14212799072266e-01
144 4.75097656250000e-01 2.25717782974243e-01
145 4.60937500000000e-01 2.12463378906250e-01
146 3.72070312500000e-01 1.38436317443848e-01
147 3.58398437500000e-01 1.28449440002441e-01
148 3.61328125000000e-01 1.30558013916016e-01
149 3.62792968750000e-01 1.31618738174438e-01
150 3.04199218750000e-01 9.25371646881104e-02
151 3.31054687500000e-01 1.09597206115723e-01
152 3.34472656250000e-01 1.11871957778931e-01
153 2.88085937500000e-01 8.29935073852539e-02
154 3.35449218750000e-01 1.12526178359985e-01
155 2.62207031250000e-01 6.87525272369385e-02
156 2.06542968750000e-01 4.26599979400635e-02
157 1.38183593750000e-01 1.90947055816650e-02
158 1.13769531250000e-01 1.29435062408447e-02
159 1.53320312500000e-01 2.35071182250977e-02
160 1.72363281250000e-01 2.97091007232666e-02
161 1.94335937500000e-01 3.77664566040039e-02
162 1.97265625000000e-01 3.89137268066406e-02
163 1.82617187500000e-01 3.33490371704102e-02
164 1.63085937500000e-01 2.65970230102539e-02
165 1.88964843750000e-01 3.57077121734619e-02
166 1.05957031250000e-01 1.12268924713135e-02
167 1.26464843750000e-01 1.59933567047119e-02
168 7.86132812500000e-02 6.18004798889160e-03
169 1.18652343750000e-01 1.40783786773682e-02
170 4.73632812500000e-02 2.24328041076660e-03
171 6.54296875000000e-02 4.28104400634766e-03
172 7.32421875000000e-03 5.36441802978516e-05
173 1.14257812500000e-01 1.30548477172852e-02
174 7.76367187500000e-02 6.02746009826660e-03
175 1.06933593750000e-01 1.14347934722900e-02
176 1.34765625000000e-01 1.81617736816406e-02
177 1.52832031250000e-01 2.33576297760010e-02
178 1.83105468750000e-01 3.35276126861572e-02
179 1.29882812500000e-01 1.68695449829102e-02
180 2.20703125000000e-01 4.87098693847656e-02
181 1.76757812500000e-01 3.12433242797852e-02
182 1.86523437500000e-01 3.47909927368164e-02
183 2.06054687500000e-01 4.24585342407227e-02
184 2.30468750000000e-01 5.31158447265625e-02
185 2.87597656250000e-01 8.27124118804932e-02
186 2.39746093750000e-01 5.74781894683838e-02
187 2.61230468750000e-01 6.82413578033447e-02
188 2.18750000000000e-01 4.78515625000000e-02
189 1.57226562500000e-01 2.47201919555664e-02
190 1.11816406250000e-01 1.25029087066650e-02
191 9.61914062500000e-02 9.25278663635254e-03
192 2.49023437500000e-02 6.20126724243164e-04
193 5.32226562500000e-02 2.83265113830566e-03
194 4.00390625000000e-02 1.60312652587891e-03
195 5.76171875000000e-02 3.31974029541016e-03
196 1.01562500000000e-01 1.03149414062500e-02
197 1.04980468750000e-01 1.10208988189697e-02
198 1.58203125000000e-01 2.50282287597656e-02
199 8.10546875000000e-02 6.56986236572266e-03
200 1.01562500000000e-01 1.03149414062500e-02
201 6.68945312500000e-02 4.47487831115723e-03
202 1.33789062500000e-01 1.78995132446289e-02
203 1.53808593750000e-01 2.36570835113525e-02
204 9.96093750000000e-02 9.92202758789062e-03
205 1.09863281250000e-01 1.20699405670166e-02
206 7.42187500000000e-02 5.50842285156250e-03
207 1.23535156250000e-01 1.52609348297119e-02
208 1.47949218750000e-01 2.18889713287354e-02
209 1.68457031250000e-01 2.83777713775635e-02
210 1.93847656250000e-01 3.75769138336182e-02
211 1.87988281250000e-01 3.53395938873291e-02
212 2.85644531250000e-01 8.15927982330322e-02
213 3.04687500000000e-01 9.28344726562500e-02
214 2.59277343750000e-01 6.72247409820557e-02
215 2.14843750000000e-01 4.61578369140625e-02
216 2.50488281250000e-01 6.27443790435791e-02
217 1.85546875000000e-01 3.44276428222656e-02
218 1.75292968750000e-01 3.07276248931885e-02
219 1.73828125000000e-01 3.02162170410156e-02
220 1.96289062500000e-01 3.85293960571289e-02
221 1.73828125000000e-01 3.02162170410156e-02
222 1.22558593750000e-01 1.50206089019775e-02
223 1.93847656250000e-01 3.75769138336182e-02
224 1.60156250000000e-01 2.56500244140625e-02
225 2.04589843750000e-01 4.18570041656494e-02
226 1.31835937500000e-01 1.73807144165039e-02
227 1.49902343750000e-01 2.24707126617432e-02
228 1.34765625000000e-01 1.81617736816406e-02
229 2.12890625000000e-01 4.53224182128906e-02
230 2.21191406250000e-01 4.89256381988525e-02
231 2.82714843750000e-01 7.99276828765869e-02
232 3.01269531250000e-01 9.07633304595947e-02
233 3.95019531250000e-01 1.56040430068970e-01
234 3.82324218750000e-01 1.46171808242798e-01
235 3.15429687500000e-01 9.94958877563477e-02
236 3.77929687500000e-01 1.42830848693848e-01
237 3.15429687500000e-01 9.94958877563477e-02
238 2.74902343750000e-01 7.55712985992432e-02
239 3.21289062500000e-01 1.03226661682129e-01
240 2.93945312500000e-01 8.64038467407227e-02
241 2.69042968750000e-01 7.23841190338135e-02
242 3.05175781250000e-01 9.31322574615479e-02
243 3.19335937500000e-01 1.01975440979004e-01
244 3.68652343750000e-01 1.35904550552368e-01
245 3.07617187500000e-01 9.46283340454102e-02
246 2.60742187500000e-01 6.79864883422852e-02
247 3.72558593750000e-01 1.38799905776978e-01
248 4.84863281250000e-01 2.35092401504517e-01
249 4.91210937500000e-01 2.41288185119629e-01
250 4.98046875000000e-01 2.48050689697266e-01
251 4.84375000000000e-01 2.34619140625000e-01
252 5.31738281250000e-01 2.82745599746704e-01
253 5.20507812500000e-01 2.70928382873535e-01
254 5.11718750000000e-01 2.61856079101562e-01
255 5.10742187500000e-01 2.60857582092285e-01
256 4.50195312500000e-01 2.02675819396973e-01
257 4.80957031250000e-01 2.31319665908813e-01
258 4.70703125000000e-01 2.21561431884766e-01
259 4.95117187500000e-01 2.45141029357910e-01
260 5.14160156250000e-01 2.64360666275024e-01
261 5.38574218750000e-01 2.90062189102173e-01
262 6.26953125000000e-01 3.93070220947266e-01
263 6.00585937500000e-01 3.60703468322754e-01
264 4.98535156250000e-01 2.48537302017212e-01
265 4.49707031250000e-01 2.02236413955688e-01
266 4.01855468750000e-01 1.61487817764282e-01
267 3.22753906250000e-01 1.04170083999634e-01
268 3.27148437500000e-01 1.07026100158691e-01
269 3.76464843750000e-01 1.41725778579712e-01
270 4.06250000000000e-01 1.65039062500000e-01
271 4.47265625000000e-01 2.00046539306641e-01
272 5.03906250000000e-01 2.53921508789062e-01
273 4.50195312500000e-01 2.02675819396973e-01
274 4.67285156250000e-01 2.18355417251587e-01
275 4.66308593750000e-01 2.17443704605103e-01
276 5.21484375000000e-01 2.71945953369141e-01
277 5.12695312500000e-01 2.62856483459473e-01
278 4.82421875000000e-01 2.32730865478516e-01
279 4.15039062500000e-01 1.72257423400879e-01
280 4.23828125000000e-01 1.79630279541016e-01
281 4.55566406250000e-01 2.07540750503540e-01
282 3.80371093750000e-01 1.44682168960571e-01
283 3.09082031250000e-01 9.55317020416260e-02
284 3.24707031250000e-01 1.05434656143188e-01
285 3.06640625000000e-01 9.40284729003906e-02
286 3.19824218750000e-01 1.02287530899048e-01
287 3.32519531250000e-01 1.10569238662720e-01
288 3.62304687500000e-01 1.31264686584473e-01
289 3.20800781250000e-01 1.02913141250610e-01
290 3.07128906250000e-01 9.43281650543213e-02
291 3.09570312500000e-01 9.58337783813477e-02
292 2.63183593750000e-01 6.92656040191650e-02
293 2.85156250000000e-01 8.13140869140625e-02
294 2.91015625000000e-01 8.46900939941406e-02
295 3.59375000000000e-01 1.29150390625000e-01
296 2.77343750000000e-01 7.69195556640625e-02
297 3.86718750000000e-01 1.49551391601562e-01
298 3.85742187500000e-01 1.48797035217285e-01
299 2.91015625000000e-01 8.46900939941406e-02
300 3.36914062500000e-01 1.13511085510254e-01
301 3.53515625000000e-01 1.24973297119141e-01
302 2.94433593750000e-01 8.66911411285400e-02
303 2.49023437500000e-01 6.20126724243164e-02
304 2.26074218750000e-01 5.11095523834229e-02
305 1.96777343750000e-01 3.87213230133057e-02
306 2.01660156250000e-01 4.06668186187744e-02
307 1.92382812500000e-01 3.70111465454102e-02
308 2.06542968750000e-01 4.26599979400635e-02
309 2.34375000000000e-01 5.49316406250000e-02
310 2.02636718750000e-01 4.10616397857666e-02
311 2.29492187500000e-01 5.26666641235352e-02
312 2.14355468750000e-01 4.59482669830322e-02
313 1.97265625000000e-01 3.89137268066406e-02
314 1.28417968750000e-01 1.64911746978760e-02
315 1.07421875000000e-01 1.15394592285156e-02
316 1.53808593750000e-01 2.36570835113525e-02
317 1.34765625000000e-01 1.81617736816406e-02
318 1.75781250000000e-01 3.08990478515625e-02
319 2.09960937500000e-01 4.40835952758789e-02
320 2.55371093750000e-01 6.52143955230713e-02
321 1.87988281250000e-01 3.53395938873291e-02
322 1.70410156250000e-01 2.90396213531494e-02
323 1.65039062500000e-01 2.72378921508789e-02
324 1.75781250000000e-01 3.08990478515625e-02
325 1.78710937500000e-01 3.19375991821289e-02
326 1.42578125000000e-01 2.03285217285156e-02
327 1.16210937500000e-01 1.35049819946289e-02
328 1.49414062500000e-01 2.23245620727539e-02
329 1.23046875000000e-01 1.51405334472656e-02
330 1.02050781250000e-01 1.04143619537354e-02
331 1.65527343750000e-01 2.73993015289307e-02
332 1.67968750000000e-01 2.82135009765625e-02
333 2.98339843750000e-01 8.90066623687744e-02
334 2.78320312500000e-01 7.74621963500977e-02
335 2.78808593750000e-01 7.77342319488525e-02
336 3.10058593750000e-01 9.61363315582275e-02
337 3.80859375000000e-01 1.45053863525391e-01
338 3.12011718750000e-01 9.73513126373291e-02
339 3.18359375000000e-01 1.01352691650391e-01
340 3.69140625000000e-01 1.36264801025391e-01
341 3.96484375000000e-01 1.57199859619141e-01
342 3.80371093750000e-01 1.44682168960571e-01
343 4.61425781250000e-01 2.12913751602173e-01
344 4.80957031250000e-01 2.31319665908813e-01
345 5.42968750000000e-01 2.94815063476562e-01
346 5.95214843750000e-01 3.54280710220337e-01
347 5.84472656250000e-01 3.41608285903931e-01
348 5.49316406250000e-01 3.01748514175415e-01
349 6.02539062500000e-01 3.63053321838379e-01
350 6.07910156250000e-01 3.69554758071899e-01
351 6.30859375000000e-01 3.97983551025391e-01
352 6.09375000000000e-01 3.71337890625000e-01
353 5.58593750000000e-01 3.12026977539062e-01
354 6.17675781250000e-01 3.81523370742798e-01
355 5.28808593750000e-01 2.79638528823853e-01
356 5.90332031250000e-01 3.48491907119751e-01
357 6.37695312500000e-01 4.06655311584473e-01
358 6.12792968750000e-01 3.75515222549438e-01
359 6.23046875000000e-01 3.88187408447266e-01
360 5.98144531250000e-01 3.57776880264282e-01
361 6.45019531250000e-01 4.16050195693970e-01
362 6.09863281250000e-01 3.71933221817017e-01
363 5.64453125000000e-01 3.18607330322266e-01
364 5.70312500000000e-01 3.25256347656250e-01
365 5.83984375000000e-01 3.41037750244141e-01
366 6.04492187500000e-01 3.65410804748535e-01
367 6.03027343750000e-01 3.63641977310181e-01
368 6.46972656250000e-01 4.18573617935181e-01
369 6.24023437500000e-01 3.89405250549316e-01
370 6.67480468750000e-01 4.45530176162720e-01
371 6.67480468750000e-01 4.45530176162720e-01
372 6.65039062500000e-01 4.42276954650879e-01
373 7.01171875000000e-01 4.91641998291016e-01
374 5.94238281250000e-01 3.53119134902954e-01
375 6.16210937500000e-01 3.79715919494629e-01
376 6.18164062500000e-01 3.82126808166504e-01
377 5.97656250000000e-01 3.57192993164062e-01
378 5.56640625000000e-01 3.09848785400391e-01
379 5.37109375000000e-01 2.88486480712891e-01
380 5.47851562500000e-01 3.00141334533691e-01
381 5.37597656250000e-01 2.89011240005493e-01
382 5.79589843750000e-01 3.35924386978149e-01
383 5.34179687500000e-01 2.85347938537598e-01
384 5.06835937500000e-01 2.56882667541504e-01
385 4.95117187500000e-01 2.45141029357910e-01
386 5.56152343750000e-01 3.09305429458618e-01
387 5.29785156250000e-01 2.80672311782837e-01
388 5.76171875000000e-01 3.31974029541016e-01
389 5.87402343750000e-01 3.45041513442993e-01
390 5.86914062500000e-01 3.44468116760254e-01
391 6.04003906250000e-01 3.64820718765259e-01
392 5.49804687500000e-01 3.02285194396973e-01
393 5.14648437500000e-01 2.64863014221191e-01
394 5.39062500000000e-01 2.90588378906250e-01
395 6.09375000000000e-01 3.71337890625000e-01
396 5.94726562500000e-01 3.53699684143066e-01
397 5.32714843750000e-01 2.83785104751587e-01
398 5.73730468750000e-01 3.29166650772095e-01
399 5.23925781250000e-01 2.74498224258423e-01
400 5.22460937500000e-01 2.72965431213379e-01
401 5.64941406250000e-01 3.19158792495728e-01
402 6.09375000000000e-01 3.71337890625000e-01
403 5.46875000000000e-01 2.99072265625000e-01
404 5.90820312500000e-01 3.49068641662598e-01
405 6.12304687500000e-01 3.74917030334473e-01
406 6.77734375000000e-01 4.59323883056641e-01
407 6.46484375000000e-01 4.17942047119141e-01
408 6.44531250000000e-01 4.15420532226562e-01
409 6.47949218750000e-01 4.19838190078735e-01
410 6.48437500000000e-01 4.20471191406250e-01
411 6.62109375000000e-01 4.38388824462891e-01
412 6.43554687500000e-01 4.14162635803223e-01
413 6.39648437500000e-01 4.09150123596191e-01
414 6.40625000000000e-01 4.10400390625000e-01
415 5.73730468750000e-01 3.29166650772095e-01
416 5.44433593750000e-01 2.96407938003540e-01
417 5.54199218750000e-01 3.07136774063110e-01
418 6.07421875000000e-01 3.68961334228516e-01
419 6.17187500000000e-01 3.80920410156250e-01
420 6.03515625000000e-01 3.64231109619141e-01
421 5.71777343750000e-01 3.26929330825806e-01
422 5.76660156250000e-01 3.32536935806274e-01
423 5.88867187500000e-01 3.46764564514160e-01
424 5.98144531250000e-01 3.57776880264282e-01
425 5.56640625000000e-01 3.09848785400391e-01
426 5.32714843750000e-01 2.83785104751587e-01
427 5.22949218750000e-01 2.73475885391235e-01
428 6.01562500000000e-01 3.61877441406250e-01
429 6.02050781250000e-01 3.62465143203735e-01
430 6.42578125000000e-01 4.12906646728516e-01
431 6.58691406250000e-01 4.33874368667603e-01
432 6.60644531250000e-01 4.36451196670532e-01
433 6.15722656250000e-01 3.79114389419556e-01
434 6.37207031250000e-01 4.06032800674438e-01
435 6.65527343750000e-01 4.42926645278931e-01
436 6.71875000000000e-01 4.51416015625000e-01
437 6.94824218750000e-01 4.82780694961548e-01
438 7.33398437500000e-01 5.37873268127441e-01
439 6.80664062500000e-01 4.63303565979004e-01
440 6.80175781250000e-01 4.62639093399048e-01
441 6.95800781250000e-01 4.84138727188110e-01
442 6.85058593750000e-01 4.69305276870728e-01
443 7.41699218750000e-01 5.50117731094360e-01
444 7.20214843750000e-01 5.18709421157837e-01
445 6.95800781250000e-01 4.84138727188110e-01
446 6.79199218750000e-01 4.61311578750610e-01
447 6.37207031250000e-01 4.06032800674438e-01
448 6.60644531250000e-01 4.36451196670532e-01
449 6.06445312500000e-01 3.67775917053223e-01
450 6.35742187500000e-01 4.04168128967285e-01
451 6.27441406250000e-01 3.93682718276978e-01
452 5.67382812500000e-01 3.21923255920410e-01
453 5.17089843750000e-01 2.67381906509399e-01
454 5.15136718750000e-01 2.65365839004517e-01
455 5.53222656250000e-01 3.06055307388306e-01
456 5.16601562500000e-01 2.66877174377441e-01
457 5.22949218750000e-01 2.73475885391235e-01
458 5.34179687500000e-01 2.85347938537598e-01
459 5.93261718750000e-01 3.51959466934204e-01
460 5.84960937500000e-01 3.42179298400879e-01
461 5.57128906250000e-01 3.10392618179321e-01
462 5.42480468750000e-01 2.94285058975220e-01
463 5.12207031250000e-01 2.62356042861938e-01
464 4.74121093750000e-01 2.24790811538696e-01
465 4.54101562500000e-01 2.06208229064941e-01
466 4.70703125000000e-01 2.21561431884766e-01
467 3.93554687500000e-01 1.54885292053223e-01
468 4.82421875000000e-01 2.32730865478516e-01
469 5.22949218750000e-01 2.73475885391235e-01
470 5.02929687500000e-01 2.52938270568848e-01
471 5.38574218750000e-01 2.90062189102173e-01
472 5.83007812500000e-01 3.39898109436035e-01
473 5.72753906250000e-01 3.28047037124634e-01
474 5.85937500000000e-01 3.43322753906250e-01
475 5.71777343750000e-01 3.26929330825806e-01
476 5.67871093750000e-01 3.22477579116821e-01
477 4.79492187500000e-01 2.29912757873535e-01
478 5.40527343750000e-01 2.92169809341431e-01
479 5.41992187500000e-01 2.93755531311035e-01
480 5.36132812500000e-01 2.87438392639160e-01
481 4.87792968750000e-01 2.37941980361938e-01
482 5.15625000000000e-01 2.65869140625000e-01
483 5.51757812500000e-01 3.04436683654785e-01
484 4.71191406250000e-01 2.22021341323853e-01
485 4.08691406250000e-01 1.67028665542603e-01
486 4.27734375000000e-01 1.82956695556641e-01
487 4.71191406250000e-01 2.22021341323853e-01
488 3.65722656250000e-01 1.33753061294556e-01
489 3.48632812500000e-01 1.21544837951660e-01
490 3.73046875000000e-01 1.39163970947266e-01
491 3.96972656250000e-01 1.57587289810181e-01
492 3.75000000000000e-01 1.40625000000000e-01
493 4.24316406250000e-01 1.80044412612915e-01
494 4.40429687500000e-01 1.93978309631348e-01
495 4.45312500000000e-01 1.98303222656250e-01
496 4.41894531250000e-01 1.95270776748657e-01
497 3.70117187500000e-01 1.36986732482910e-01
498 4.06738281250000e-01 1.65436029434204e-01
499 4.64355468750000e-01 2.15626001358032e-01
500 4.43847656250000e-01 1.97000741958618e-01
501 4.66796875000000e-01 2.17899322509766e-01
502 5.13671875000000e-01 2.63858795166016e-01
503 5.02441406250000e-01 2.52447366714478e-01
504 4.76562500000000e-01 2.27111816406250e-01
505 4.83398437500000e-01 2.33674049377441e-01
506 5.12207031250000e-01 2.62356042861938e-01
507 4.77050781250000e-01 2.27577447891235e-01
508 5.20996093750000e-01 2.71436929702759e-01
509 4.85351562500000e-01 2.35566139221191e-01
510 4.09179687500000e-01 1.67428016662598e-01
511 3.76953125000000e-01 1.42093658447266e-01
512 3.60839843750000e-01 1.30205392837524e-01
513 3.78417968750000e-01 1.43200159072876e-01
514 3.03222656250000e-01 9.19439792633057e-02
515 3.20312500000000e-01 1.02600097656250e-01
516 3.08105468750000e-01 9.49289798736572e-02
517 3.29101562500000e-01 1.08307838439941e-01
518 4.21386718750000e-01 1.77566766738892e-01
519 4.62890625000000e-01 2.14267730712891e-01
520 3.95996093750000e-01 1.56812906265259e-01
521 3.68652343750000e-01 1.35904550552368e-01
522 3.22753906250000e-01 1.04170083999634e-01
523 3.58886718750000e-01 1.28799676895142e-01
524 3.49121093750000e-01 1.21885538101196e-01
525 4.40917968750000e-01 1.94408655166626e-01
526 3.88671875000000e-01 1.51065826416016e-01
527 3.72558593750000e-01 1.38799905776978e-01
528 3.26660156250000e-01 1.06706857681274e-01
529 3.11035156250000e-01 9.67428684234619e-02
530 2.94433593750000e-01 8.66911411285400e-02
531 2.40234375000000e-01 5.77125549316406e-02
532 2.61230468750000e-01 6.82413578033447e-02
533 2.66113281250000e-01 7.08162784576416e-02
534 2.96386718750000e-01 8.78450870513916e-02
535 3.42285156250000e-01 1.17159128189087e-01
536 4.22363281250000e-01 1.78390741348267e-01
537 4.89257812500000e-01 2.39373207092285e-01
538 4.82421875000000e-01 2.32730865478516e-01
539 4.59960937500000e-01 2.11564064025879e-01
540 3.50097656250000e-01 1.22568368911743e-01
541 3.07128906250000e-01 9.43281650543213e-02
542 3.17382812500000e-01 1.00731849670410e-01
543 2.58789062500000e-01 6.69717788696289e-02
544 1.94335937500000e-01 3.77664566040039e-02
545 1.45507812500000e-01 2.11725234985352e-02
546 6.34765625000000e-02 4.02927398681641e-03
547 1.11328125000000e-01 1.23939514160156e-02
548 7.81250000000000e-02 6.10351562500000e-03
549 9.17968750000000e-02 8.42666625976562e-03
550 9.08203125000000e-02 8.24832916259766e-03
551 1.41113281250000e-01 1.99129581451416e-02
552 1.10351562500000e-01 1.21774673461914e-02
553 1.20605468750000e-01 1.45456790924072e-02
554 1.08886718750000e-01 1.18563175201416e-02
555 5.07812500000000e-02 2.57873535156250e-03
556 7.81250000000000e-02 6.10351562500000e-03
557 6.98242187500000e-02 4.87542152404785e-03
558 4.29687500000000e-02 1.84631347656250e-03
559 2.92968750000000e-02 8.58306884765625e-04
560 1.04003906250000e-01 1.08168125152588e-02
561 1.51367187500000e-01 2.29120254516602e-02
562 1.17187500000000e-01 1.37329101562500e-02
563 8.44726562500000e-02 7.13562965393066e-03
564 1.06933593750000e-01 1.14347934722900e-02
565 4.34570312500000e-02 1.88851356506348e-03
566 3.41796875000000e-02 1.16825103759766e-03
567 2.19726562500000e-02 4.82797622680664e-04
568 2.44140625000000e-03 5.96046447753906e-06
569 3.41796875000000e-03 1.16825103759766e-05
570 1.51367187500000e-02 2.29120254516602e-04
571 8.39843750000000e-02 7.05337524414062e-03
572 9.27734375000000e-03 8.60691070556641e-05
573 4.34570312500000e-02 1.88851356506348e-03
574 2.63671875000000e-02 6.95228576660156e-04
575 1.75781250000000e-02 3.08990478515625e-04
576 2.14843750000000e-02 4.61578369140625e-04
577 5.02929687500000e-02 2.52938270568848e-03
578 1.51367187500000e-02 2.29120254516602e-04
579 3.75976562500000e-02 1.41358375549316e-03
580 1.12304687500000e-02 1.26123428344727e-04
581 2.29492187500000e-02 5.26666641235352e-04
582 1.03027343750000e-01 1.06146335601807e-02
583 9.52148437500000e-02 9.06586647033691e-03
584 8.98437500000000e-02 8.07189941406250e-03
585 8.44726562500000e-02 7.13562965393066e-03
586 1.10351562500000e-01 1.21774673461914e-02
587 5.71289062500000e-02 3.26371192932129e-03
588 8.78906250000000e-03 7.72476196289062e-05
589 2.34375000000000e-02 5.49316406250000e-04
590 8.20312500000000e-02 6.72912597656250e-03
591 1.66015625000000e-01 2.75611877441406e-02
592 1.84082031250000e-01 3.38861942291260e-02
593 1.91894531250000e-01 3.68235111236572e-02
594 2.08984375000000e-01 4.36744689941406e-02
595 3.08593750000000e-01 9.52301025390625e-02
596 3.51074218750000e-01 1.23253107070923e-01
597 3.32519531250000e-01 1.10569238662720e-01
598 3.17382812500000e-01 1.00731849670410e-01
599 2.67578125000000e-01 7.15980529785156e-02
600 2.97851562500000e-01 8.87155532836914e-02
601 4.01855468750000e-01 1.61487817764282e-01
602 4.28222656250000e-01 1.83374643325806e-01
603 3.94531250000000e-01 1.55654907226562e-01
604 3.38867187500000e-01 1.14830970764160e-01
605 3.96972656250000e-01 1.57587289810181e-01
606 4.64355468750000e-01 2.15626001358032e-01
607 5.08300781250000e-01 2.58369684219360e-01
608 4.99511718750000e-01 2.49511957168579e-01
609 5.38574218750000e-01 2.90062189102173e-01
610 5.87402343750000e-01 3.45041513442993e-01
611 5.44433593750000e-01 2.96407938003540e-01
612 5.28808593750000e-01 2.79638528823853e-01
613 4.88281250000000e-01 2.38418579101562e-01
614 4.76074218750000e-01 2.26646661758423e-01
615 5.86914062500000e-01 3.44468116760254e-01
616 6.09375000000000e-01 3.71337890625000e-01
617 6.27441406250000e-01 3.93682718276978e-01
618 6.52832031250000e-01 4.26189661026001e-01
619 6.14257812500000e-01 3.77312660217285e-01
620 5.99609375000000e-01 3.59531402587891e-01
621 6.09863281250000e-01 3.71933221817017e-01
622 5.83007812500000e-01 3.39898109436035e-01
623 5.85449218750000e-01 3.42750787734985e-01
624 6.21582031250000e-01 3.86364221572876e-01
625 6.56738281250000e-01 4.31305170059204e-01
626 7.09960937500000e-01 5.04044532775879e-01
627 6.61132812500000e-01 4.37096595764160e-01
628 6.14257812500000e-01 3.77312660217285e-01
629 6.16210937500000e-01 3.79715919494629e-01
630 5.97656250000000e-01 3.57192993164062e-01
631 5.60058593750000e-01 3.13665628433228e-01
632 5.93261718750000e-01 3.51959466934204e-01
633 6.00097656250000e-01 3.60117197036743e-01
634 6.23046875000000e-01 3.88187408447266e-01
635 5.99609375000000e-01 3.59531402587891e-01
636 5.91308593750000e-01 3.49645853042603e-01
637 5.55664062500000e-01 3.08762550354004e-01
638 5.99609375000000e-01 3.59531402587891e-01
639 5.56152343750000e-01 3.09305429458618e-01
640 5.79101562500000e-01 3.35358619689941e-01
641 5.27343750000000e-01 2.78091430664062e-01
642 5.48339843750000e-01 3.00676584243774e-01
643 5.77148437500000e-01 3.33100318908691e-01
644 5.54199218750000e-01 3.07136774063110e-01
645 5.25390625000000e-01 2.76035308837891e-01
646 5.94238281250000e-01 3.53119134902954e-01
647 5.58105468750000e-01 3.11481714248657e-01
648 5.71777343750000e-01 3.26929330825806e-01
649 5.56152343750000e-01 3.09305429458618e-01
650 5.77148437500000e-01 3.33100318908691e-01
651 6.36230468750000e-01 4.04789209365845e-01
652 6.61621093750000e-01 4.37742471694946e-01
653 6.00097656250000e-01 3.60117197036743e-01
654 6.26464843750000e-01 3.92458200454712e-01
655 6.15722656250000e-01 3.79114389419556e-01
656 6.53320312500000e-01 4.26827430725098e-01
657 6.69921875000000e-01 4.48795318603516e-01
658 6.86035156250000e-01 4.70644235610962e-01
659 6.37207031250000e-01 4.06032800674438e-01
660 6.14746093750000e-01 3.77912759780884e-01
661 6.15722656250000e-01 3.79114389419556e-01
662 6.64062500000000e-01 4.40979003906250e-01
663 6.45996093750000e-01 4.17310953140259e-01
664 6.16699218750000e-01 3.80317926406860e-01
665 5.78613281250000e-01 3.34793329238892e-01
666 6.26953125000000e-01 3.93070220947266e-01
667 6.16210937500000e-01 3.79715919494629e-01
668 6.10839843750000e-01 3.73125314712524e-01
669 6.32324218750000e-01 3.99833917617798e-01
670 6.20605468750000e-01 3.85151147842407e-01
671 6.87011718750000e-01 4.71985101699829e-01
672 6.36718750000000e-01 4.05410766601562e-01
673 6.61621093750000e-01 4.37742471694946e-01
674 6.60156250000000e-01 4.35806274414062e-01
675 6.46484375000000e-01 4.17942047119141e-01
676 6.95312500000000e-01 4.83459472656250e-01
677 7.20703125000000e-01 5.19412994384766e-01
678 6.29394531250000e-01 3.96137475967407e-01
679 6.24511718750000e-01 3.90014886856079e-01
680 6.71386718750000e-01 4.50760126113892e-01
681 6.42578125000000e-01 4.12906646728516e-01
682 6.05957031250000e-01 3.67183923721313e-01
683 5.31250000000000e-01 2.82226562500000e-01
684 5.67871093750000e-01 3.22477579116821e-01
685 6.15234375000000e-01 3.78513336181641e-01
686 6.22070312500000e-01 3.86971473693848e-01
687 5.66894531250000e-01 3.21369409561157e-01
688 6.07421875000000e-01 3.68961334228516e-01
689 5.53710937500000e-01 3.06595802307129e-01
690 5.41992187500000e-01 2.93755531311035e-01
691 5.76171875000000e-01 3.31974029541016e-01
692 5.72753906250000e-01 3.28047037124634e-01
693 6.02050781250000e-01 3.62465143203735e-01
694 5.93261718750000e-01 3.51959466934204e-01
695 5.98632812500000e-01 3.58361244201660e-01
696 6.58691406250000e-01 4.33874368667603e-01
697 6.13281250000000e-01 3.76113891601562e-01
698 5.67871093750000e-01 3.22477579116821e-01
699 5.85937500000000e-01 3.43322753906250e-01
700 6.41113281250000e-01 4.11026239395142e-01
701 6.31347656250000e-01 3.98599863052368e-01
702 6.22070312500000e-01 3.86971473693848e-01
703 6.07910156250000e-01 3.69554758071899e-01
704 5.99121093750000e-01 3.58946084976196e-01
705 6.29882812500000e-01 3.96752357482910e-01
706 5.66894531250000e-01 3.21369409561157e-01
707 5.91796875000000e-01 3.50223541259766e-01
708 5.62011718750000e-01 3.15857172012329e-01
709 6.73339843750000e-01 4.53386545181274e-01
710 6.86035156250000e-01 4.70644235610962e-01
711 7.21191406250000e-01 5.20117044448853e-01
712 7.25097656250000e-01 5.25766611099243e-01
713 6.27929687500000e-01 3.94295692443848e-01
714 6.32324218750000e-01 3.99833917617798e-01
715 5.65917968750000e-01 3.20263147354126e-01
716 5.93261718750000e-01 3.51959466934204e-01
717 6.20605468750000e-01 3.85151147842407e-01
718 6.50878906250000e-01 4.23643350601196e-01
719 5.89843750000000e-01 3.47915649414062e-01
720 5.08300781250000e-01 2.58369684219360e-01
721 5.34667968750000e-01 2.85869836807251e-01
722 4.38476562500000e-01 1.92261695861816e-01
723 4.21875000000000e-01 1.77978515625000e-01
724 4.16503906250000e-01 1.73475503921509e-01
725 3.80859375000000e-01 1.45053863525391e-01
726 3.61816406250000e-01 1.30911111831665e-01
727 4.05273437500000e-01 1.64246559143066e-01
728 4.19921875000000e-01 1.76334381103516e-01
729 4.48730468750000e-01 2.01359033584595e-01
730 4.65332031250000e-01 2.16533899307251e-01
731 4.65820312500000e-01 2.16988563537598e-01
732 4.30175781250000e-01 1.85051202774048e-01
733 4.79492187500000e-01 2.29912757873535e-01
734 4.86816406250000e-01 2.36990213394165e-01
735 5.30273437500000e-01 2.81189918518066e-01
736 5.24902343750000e-01 2.75522470474243e-01
737 5.32226562500000e-01 2.83265113830566e-01
738 4.88281250000000e-01 2.38418579101562e-01
739 4.60449218750000e-01 2.12013483047485e-01
740 4.77539062500000e-01 2.28043556213379e-01
741 5.26855468750000e-01 2.77576684951782e-01
742 5.55664062500000e-01 3.08762550354004e-01
743 5.41015625000000e-01 2.92697906494141e-01
744 5.42968750000000e-01 2.94815063476562e-01
745 4.61425781250000e-01 2.12913751602173e-01
746 4.69726562500000e-01 2.20643043518066e-01
747 4.59960937500000e-01 2.11564064025879e-01
748 4.48730468750000e-01 2.01359033584595e-01
749 4.63867187500000e-01 2.15172767639160e-01
750 5.22460937500000e-01 2.72965431213379e-01
751 5.79589843750000e-01 3.35924386978149e-01
752 4.91699218750000e-01 2.41768121719360e-01
753 4.84375000000000e-01 2.34619140625000e-01
754 5.00488281250000e-01 2.50488519668579e-01
755 4.05273437500000e-01 1.64246559143066e-01
756 4.48242187500000e-01 2.00921058654785e-01
757 4.72656250000000e-01 2.23403930664062e-01
758 5.29785156250000e-01 2.80672311782837e-01
759 4.94628906250000e-01 2.44657754898071e-01
760 5.05371093750000e-01 2.55399942398071e-01
761 4.49218750000000e-01 2.01797485351562e-01
762 4.21875000000000e-01 1.77978515625000e-01
763 4.53613281250000e-01 2.05765008926392e-01
764 4.72167968750000e-01 2.22942590713501e-01
765 5.26367187500000e-01 2.77062416076660e-01
766 5.76171875000000e-01 3.31974029541016e-01
767 5.98144531250000e-01 3.57776880264282e-01
768 5.92773437500000e-01 3.51380348205566e-01
769 5.77636718750000e-01 3.33664178848267e-01
770 6.03027343750000e-01 3.63641977310181e-01
771 6.28906250000000e-01 3.95523071289062e-01
772 6.67968750000000e-01 4.46182250976562e-01
773 6.10839843750000e-01 3.73125314712524e-01
774 5.93750000000000e-01 3.52539062500000e-01
775 6.08886718750000e-01 3.70743036270142e-01
776 5.27343750000000e-01 2.78091430664062e-01
777 5.04394531250000e-01 2.54413843154907e-01
778 5.00000000000000e-01 2.50000000000000e-01
779 4.97558593750000e-01 2.47564554214478e-01
780 5.06347656250000e-01 2.56387948989868e-01
781 5.44433593750000e-01 2.96407938003540e-01
782 5.07812500000000e-01 2.57873535156250e-01
783 4.78027343750000e-01 2.28510141372681e-01
784 4.90722656250000e-01 2.40808725357056e-01
785 4.85351562500000e-01 2.35566139221191e-01
786 4.83398437500000e-01 2.33674049377441e-01
787 4.94140625000000e-01 2.44174957275391e-01
788 5.48828125000000e-01 3.01212310791016e-01
789 6.03515625000000e-01 3.64231109619141e-01
790 6.01562500000000e-01 3.61877441406250e-01
791 6.18652343750000e-01 3.82730722427368e-01
792 5.54687500000000e-01 3.07678222656250e-01
793 5.40039062500000e-01 2.91642189025879e-01
794 5.44921875000000e-01 2.96939849853516e-01
795 5.17578125000000e-01 2.67887115478516e-01
796 4.99023437500000e-01 2.49024391174316e-01
797 5.10253906250000e-01 2.60359048843384e-01
798 5.01953125000000e-01 2.51956939697266e-01
799 4.92675781250000e-01 2.42729425430298e-01
800 4.92675781250000e-01 2.42729425430298e-01
801 3.80371093750000e-01 1.44682168960571e-01
802 3.97460937500000e-01 1.57975196838379e-01
803 4.45800781250000e-01 1.98738336563110e-01
804 4.47753906250000e-01 2.00483560562134e-01
805 4.84863281250000e-01 2.35092401504517e-01
806 4.92675781250000e-01 2.42729425430298e-01
807 4.78515625000000e-01 2.28977203369141e-01
808 5.27832031250000e-01 2.78606653213501e-01
809 5.52734375000000e-01 3.05515289306641e-01
810 5.12207031250000e-01 2.62356042861938e-01
811 5.27832031250000e-01 2.78606653213501e-01
812 5.44433593750000e-01 2.96407938003540e-01
813 4.73632812500000e-01 2.24328041076660e-01
814 4.43359375000000e-01 1.96567535400391e-01
815 4.49218750000000e-01 2.01797485351562e-01
816 4.58496093750000e-01 2.10218667984009e-01
817 4.22851562500000e-01 1.78803443908691e-01
818 4.52636718750000e-01 2.04879999160767e-01
819 4.90722656250000e-01 2.40808725357056e-01
820 4.89746093750000e-01 2.39851236343384e-01
821 4.18457031250000e-01 1.75106287002563e-01
822 4.25781250000000e-01 1.81289672851562e-01
823 3.30566406250000e-01 1.09274148941040e-01
824 3.45703125000000e-01 1.19510650634766e-01
825 3.76953125000000e-01 1.42093658447266e-01
826 3.83300781250000e-01 1.46919488906860e-01
827 3.87207031250000e-01 1.49929285049438e-01
828 3.50097656250000e-01 1.22568368911743e-01
829 3.60839843750000e-01 1.30205392837524e-01
830 3.89160156250000e-01 1.51445627212524e-01
831 3.46679687500000e-01 1.20186805725098e-01
832 3.59863281250000e-01 1.29501581192017e-01
833 4.01367187500000e-01 1.61095619201660e-01
834 3.12500000000000e-01 9.76562500000000e-02
835 3.50097656250000e-01 1.22568368911743e-01
836 3.69628906250000e-01 1.36625528335571e-01
837 3.52539062500000e-01 1.24283790588379e-01
838 2.96875000000000e-01 8.81347656250000e-02
839 3.75488281250000e-01 1.40991449356079e-01
840 3.91601562500000e-01 1.53351783752441e-01
841 4.60449218750000e-01 2.12013483047485e-01
842 4.71191406250000e-01 2.22021341323853e-01
843 4.67773437500000e-01 2.18811988830566e-01
844 4.55078125000000e-01 2.07096099853516e-01
845 4.27246093750000e-01 1.82539224624634e-01
846 3.78417968750000e-01 1.43200159072876e-01
847 3.70605468750000e-01 1.37348413467407e-01
848 3.39355468750000e-01 1.15162134170532e-01
849 3.17871093750000e-01 1.01042032241821e-01
850 3.72558593750000e-01 1.38799905776978e-01
851 3.72070312500000e-01 1.38436317443848e-01
852 2.95898437500000e-01 8.75558853149414e-02
853 3.27636718750000e-01 1.07345819473267e-01
854 3.42285156250000e-01 1.17159128189087e-01
855 3.88671875000000e-01 1.51065826416016e-01
856 3.79394531250000e-01 1.43940210342407e-01
857 4.30175781250000e-01 1.85051202774048e-01
858 3.85253906250000e-01 1.48420572280884e-01
859 3.96484375000000e-01 1.57199859619141e-01
860 3.23242187500000e-01 1.04485511779785e-01
861 3.47656250000000e-01 1.20864868164062e-01
862 3.50097656250000e-01 1.22568368911743e-01
863 3.61328125000000e-01 1.30558013916016e-01
864 4.10644531250000e-01 1.68628931045532e-01
865 3.79394531250000e-01 1.43940210342407e-01
866 3.92578125000000e-01 1.54117584228516e-01
867 4.29199218750000e-01 1.84211969375610e-01
868 3.93554687500000e-01 1.54885292053223e-01
869 3.69140625000000e-01 1.36264801025391e-01
870 3.05664062500000e-01 9.34305191040039e-02
871 2.65625000000000e-01 7.05566406250000e-02
872 2.60742187500000e-01 6.79864883422852e-02
873 2.59765625000000e-01 6.74781799316406e-02
874 2.29492187500000e-01 5.26666641235352e-02
875 2.96386718750000e-01 8.78450870513916e-02
876 2.65136718750000e-01 7.02974796295166e-02
877 2.66113281250000e-01 7.08162784576416e-02
878 2.05078125000000e-01 4.20570373535156e-02
879 1.96777343750000e-01 3.87213230133057e-02
880 2.32910156250000e-01 5.42471408843994e-02
881 2.55859375000000e-01 6.54640197753906e-02
882 3.65234375000000e-01 1.33396148681641e-01
883 4.21875000000000e-01 1.77978515625000e-01
884 4.31640625000000e-01 1.86313629150391e-01
885 4.85351562500000e-01 2.35566139221191e-01
886 5.08789062500000e-01 2.58866310119629e-01
887 5.30761718750000e-01 2.81708002090454e-01
888 5.01953125000000e-01 2.51956939697266e-01
889 4.70214843750000e-01 2.21101999282837e-01
890 5.03906250000000e-01 2.53921508789062e-01
891 5.47363281250000e-01 2.99606561660767e-01
892 5.42968750000000e-01 2.94815063476562e-01
893 5.20507812500000e-01 2.70928382873535e-01
894 4.75585937500000e-01 2.26181983947754e-01
895 4.45800781250000e-01 1.98738336563110e-01
896 4.10644531250000e-01 1.68628931045532e-01
897 4.44335937500000e-01 1.97434425354004e-01
898 4.66308593750000e-01 2.17443704605103e-01
899 4.91699218750000e-01 2.41768121719360e-01
900 5.61523437500000e-01 3.15308570861816e-01
901 5.44433593750000e-01 2.96407938003540e-01
902 5.49316406250000e-01 3.01748514175415e-01
903 5.48339843750000e-01 3.00676584243774e-01
904 5.96679687500000e-01 3.56026649475098e-01
905 6.31347656250000e-01 3.98599863052368e-01
906 6.08886718750000e-01 3.70743036270142e-01
907 6.64062500000000e-01 4.40979003906250e-01
908 6.51855468750000e-01 4.24915552139282e-01
909 6.45019531250000e-01 4.16050195693970e-01
910 6.64550781250000e-01 4.41627740859985e-01
911 6.93359375000000e-01 4.80747222900391e-01
912 6.47949218750000e-01 4.19838190078735e-01
913 6.54296875000000e-01 4.28104400634766e-01
914 6.76757812500000e-01 4.58001136779785e-01
915 6.27441406250000e-01 3.93682718276978e-01
916 6.62597656250000e-01 4.39035654067993e-01
917 6.34277343750000e-01 4.02307748794556e-01
918 5.99609375000000e-01 3.59531402587891e-01
919 6.42089843750000e-01 4.12279367446899e-01
920 7.31445312500000e-01 5.35012245178223e-01
921 7.10449218750000e-01 5.04738092422485e-01
922 7.19238281250000e-01 5.17303705215454e-01
923 7.50488281250000e-01 5.63232660293579e-01
924 7.09960937500000e-01 5.04044532775879e-01
925 6.56250000000000e-01 4.30664062500000e-01
926 7.04589843750000e-01 4.96446847915649e-01
927 6.68945312500000e-01 4.47487831115723e-01
928 6.82617187500000e-01 4.65966224670410e-01
929 6.66015625000000e-01 4.43576812744141e-01
930 6.47949218750000e-01 4.19838190078735e-01
931 6.66015625000000e-01 4.43576812744141e-01
932 6.38183593750000e-01 4.07278299331665e-01
933 5.77636718750000e-01 3.33664178848267e-01
934 6.67480468750000e-01 4.45530176162720e-01
935 5.91796875000000e-01 3.50223541259766e-01
936 6.21093750000000e-01 3.85757446289062e-01
937 6.68457031250000e-01 4.46834802627563e-01
938 6.22558593750000e-01 3.87579202651978e-01
939 6.46972656250000e-01 4.18573617935181e-01
940 6.49414062500000e-01 4.21738624572754e-01
941 5.48828125000000e-01 3.01212310791016e-01
942 5.12207031250000e-01 2.62356042861938e-01
943 5.75683593750000e-01 3.31411600112915e-01
944 5.68847656250000e-01 3.23587656021118e-01
945 5.64453125000000e-01 3.18607330322266e-01
946 5.40527343750000e-01 2.92169809341431e-01
947 5.43457031250000e-01 2.95345544815063e-01
948 5.18554687500000e-01 2.68898963928223e-01
949 5.49804687500000e-01 3.02285194396973e-01
950 5.65917968750000e-01 3.20263147354126e-01
951 5.25390625000000e-01 2.76035308837891e-01
952 5.50781250000000e-01 3.03359985351562e-01
953 6.32324218750000e-01 3.99833917617798e-01
954 5.90332031250000e-01 3.48491907119751e-01
955 6.21582031250000e-01 3.86364221572876e-01
956 6.69433593750000e-01 4.48141336441040e-01
957 6.65527343750000e-01 4.42926645278931e-01
958 7.31933593750000e-01 5.35726785659790e-01
959 7.08984375000000e-01 5.02658843994141e-01
960 7.46093750000000e-01 5.56655883789062e-01
961 7.88574218750000e-01 6.21849298477173e-01
962 7.52929687500000e-01 5.66903114318848e-01
963 7.45605468750000e-01 5.55927515029907e-01
964 7.67089843750000e-01 5.88426828384399e-01
965 7.28027343750000e-01 5.30023813247681e-01
966 7.31445312500000e-01 5.35012245178223e-01
967 7.60742187500000e-01 5.78728675842285e-01
968 8.03222656250000e-01 6.45166635513306e-01
969 7.51953125000000e-01 5.65433502197266e-01
970 7.27539062500000e-01 5.29313087463379e-01
971 7.43652343750000e-01 5.53018808364868e-01
972 7.22656250000000e-01 5.22232055664062e-01
973 6.87500000000000e-01 4.72656250000000e-01
974 6.87011718750000e-01 4.71985101699829e-01
975 6.73828125000000e-01 4.54044342041016e-01
976 6.74316406250000e-01 4.54702615737915e-01
977 7.08496093750000e-01 5.01966714859009e-01
978 7.03125000000000e-01 4.94384765625000e-01
979 6.54785156250000e-01 4.28743600845337e-01
980 6.38671875000000e-01 4.07901763916016e-01
981 6.52343750000000e-01 4.25552368164062e-01
982 6.14257812500000e-01 3.77312660217285e-01
983 6.12792968750000e-01 3.75515222549438e-01
984 6.42089843750000e-01 4.12279367446899e-01
985 5.51269531250000e-01 3.03898096084595e-01
986 5.05371093750000e-01 2.55399942398071e-01
987 5.27343750000000e-01 2.78091430664062e-01
988 5.42480468750000e-01 2.94285058975220e-01
989 5.28808593750000e-01 2.79638528823853e-01
990 5.07812500000000e-01 2.57873535156250e-01
991 5.88867187500000e-01 3.46764564514160e-01
992 5.86425781250000e-01 3.43895196914673e-01
993 5.79589843750000e-01 3.35924386978149e-01
994 6.18652343750000e-01 3.82730722427368e-01
995 6.37207031250000e-01 4.06032800674438e-01
996 6.12792968750000e-01 3.75515222549438e-01
997 6.21093750000000e-01 3.85757446289062e-01
998 6.23046875000000e-01 3.88187408447266e-01
999 6.44042968750000e-01 4.14791345596313e-01
