0 6.30371093750000e-01 3.97367715835571e-01
1 6.84570312500000e-01 4.68636512756348e-01
2 6.46484375000000e-01 4.17942047119141e-01
3 6.81152343750000e-01 4.63968515396118e-01
4 6.47460937500000e-01 4.19205665588379e-01
5 7.08496093750000e-01 5.01966714859009e-01
6 7.84179687500000e-01 6.14937782287598e-01
7 6.89453125000000e-01 4.75345611572266e-01
8 6.63574218750000e-01 4.40330743789673e-01
9 6.76757812500000e-01 4.58001136779785e-01
10 7.09960937500000e-01 5.04044532775879e-01
11 7.90527343750000e-01 6.24933481216431e-01
12 7.82226562500000e-01 6.11878395080566e-01
13 7.13867187500000e-01 5.09606361389160e-01
14 6.97753906250000e-01 4.86860513687134e-01
15 7.54394531250000e-01 5.69111108779907e-01
16 7.20703125000000e-01 5.19412994384766e-01
17 7.25097656250000e-01 5.25766611099243e-01
18 6.90429687500000e-01 4.76693153381348e-01
19 6.90429687500000e-01 4.76693153381348e-01
20 6.53320312500000e-01 4.26827430725098e-01
21 6.42578125000000e-01 4.12906646728516e-01
22 6.30859375000000e-01 3.97983551025391e-01
23 6.34277343750000e-01 4.02307748794556e-01
24 6.67968750000000e-01 4.46182250976562e-01
25 6.08398437500000e-01 3.70148658752441e-01
26 6.32812500000000e-01 4.00451660156250e-01
27 6.32324218750000e-01 3.99833917617798e-01
28 6.31835937500000e-01 3.99216651916504e-01
29 6.54785156250000e-01 4.28743600845337e-01
30 6.13281250000000e-01 3.76113891601562e-01
31 5.82031250000000e-01 3.38760375976562e-01
32 5.12207031250000e-01 2.62356042861938e-01
33 5.12695312500000e-01 2.62856483459473e-01
34 4.43847656250000e-01 1.97000741958618e-01
35 4.51171875000000e-01 2.03556060791016e-01
36 4.01367187500000e-01 1.61095619201660e-01
37 3.39355468750000e-01 1.15162134170532e-01
38 3.12988281250000e-01 9.79616641998291e-02
39 3.32031250000000e-01 1.10244750976562e-01
40 3.59863281250000e-01 1.29501581192017e-01
41 3.54003906250000e-01 1.25318765640259e-01
42 4.19921875000000e-01 1.76334381103516e-01
43 3.56445312500000e-01 1.27053260803223e-01
44 3.33984375000000e-01 1.11545562744141e-01
45 3.76953125000000e-01 1.42093658447266e-01
46 4.07226562500000e-01 1.65833473205566e-01
47 3.59863281250000e-01 1.29501581192017e-01
48 2.74902343750000e-01 7.55712985992432e-02
49 2.60253906250000e-01 6.77320957183838e-02
50 2.16308593750000e-01 4.67894077301025e-02
51 1.94824218750000e-01 3.79564762115479e-02
52 1.94824218750000e-01 3.79564762115479e-02
53 1.57226562500000e-01 2.47201919555664e-02
54 1.67480468750000e-01 2.80497074127197e-02
55 1.36230468750000e-01 1.85587406158447e-02
56 1.65039062500000e-01 2.72378921508789e-02
57 2.50000000000000e-01 6.25000000000000e-02
58 2.48535156250000e-01 6.17697238922119e-02
59 2.22167968750000e-01 4.93586063385010e-02
60 2.22167968750000e-01 4.93586063385010e-02
61 1.98242187500000e-01 3.92999649047852e-02
62 2.27050781250000e-01 5.15520572662354e-02
63 2.01171875000000e-01 4.04701232910156e-02
64 1.63574218750000e-01 2.67565250396729e-02
65 8.93554687500000e-02 7.98439979553223e-03
66 1.29394531250000e-01 1.67429447174072e-02
67 1.76757812500000e-01 3.12433242797852e-02
68 2.15820312500000e-01 4.65784072875977e-02
69 1.62597656250000e-01 2.64379978179932e-02
70 1.85058593750000e-01 3.42466831207275e-02
71 1.51855468750000e-01 2.30600833892822e-02
72 1.02539062500000e-01 1.05142593383789e-02
73 1.22070312500000e-01 1.49011611938477e-02
74 5.95703125000000e-02 3.54862213134766e-03
75 9.96093750000000e-02 9.92202758789062e-03
76 1.66992187500000e-01 2.78863906860352e-02
77 1.66992187500000e-01 2.78863906860352e-02
78 1.40136718750000e-01 1.96382999420166e-02
79 1.79199218750000e-01 3.21123600006104e-02
80 2.10937500000000e-01 4.44946289062500e-02
81 1.50390625000000e-01 2.26173400878906e-02
82 1.35253906250000e-01 1.82936191558838e-02
83 1.09863281250000e-01 1.20699405670166e-02
84 1.66992187500000e-01 2.78863906860352e-02
85 8.05664062500000e-02 6.49094581604004e-03
86 1.99707031250000e-01 3.98828983306885e-02
87 1.79199218750000e-01 3.21123600006104e-02
88 1.54296875000000e-01 2.38075256347656e-02
89 1.67480468750000e-01 2.80497074127197e-02
90 1.47949218750000e-01 2.18889713287354e-02
91 8.54492187500000e-02 7.30156898498535e-03
92 1.16699218750000e-01 1.36187076568604e-02
93 7.76367187500000e-02 6.02746009826660e-03
94 1.15722656250000e-01 1.33917331695557e-02
95 9.66796875000000e-02 9.34696197509766e-03
96 1.05468750000000e-01 1.11236572265625e-02
97 7.27539062500000e-02 5.29313087463379e-03
98 1.43066406250000e-01 2.04679965972900e-02
99 1.09375000000000e-01 1.19628906250000e-02
100 1.36718750000000e-01 1.86920166015625e-02
101 1.37695312500000e-01 1.89599990844727e-02
102 1.12304687500000e-01 1.26123428344727e-02
103 1.63085937500000e-01 2.65970230102539e-02
104 1.10839843750000e-01 1.22854709625244e-02
105 1.26464843750000e-01 1.59933567047119e-02
106 2.04101562500000e-01 4.16574478149414e-02
107 1.95800781250000e-01 3.83379459381104e-02
108 1.61621093750000e-01 2.61213779449463e-02
109 2.09472656250000e-01 4.38787937164307e-02
110 2.17285156250000e-01 4.72128391265869e-02
111 2.43164062500000e-01 5.91287612915039e-02
112 2.62207031250000e-01 6.87525272369385e-02
113 2.72460937500000e-01 7.42349624633789e-02
114 3.41796875000000e-01 1.16825103759766e-01
115 3.60351562500000e-01 1.29853248596191e-01
116 3.68652343750000e-01 1.35904550552368e-01
117 3.52539062500000e-01 1.24283790588379e-01
118 3.60839843750000e-01 1.30205392837524e-01
119 3.73535156250000e-01 1.39528512954712e-01
120 4.06250000000000e-01 1.65039062500000e-01
121 4.29687500000000e-01 1.84631347656250e-01
122 4.71191406250000e-01 2.22021341323853e-01
123 4.30664062500000e-01 1.85471534729004e-01
124 4.41894531250000e-01 1.95270776748657e-01
125 4.18945312500000e-01 1.75515174865723e-01
126 4.11621093750000e-01 1.69431924819946e-01
127 4.01367187500000e-01 1.61095619201660e-01
128 4.14062500000000e-01 1.71447753906250e-01
129 3.97460937500000e-01 1.57975196838379e-01
130 3.68652343750000e-01 1.35904550552368e-01
131 3.84765625000000e-01 1.48044586181641e-01
132 4.17480468750000e-01 1.74289941787720e-01
133 4.42871093750000e-01 1.96134805679321e-01
134 4.36035156250000e-01 1.90126657485962e-01
135 4.13574218750000e-01 1.71043634414673e-01
136 4.26757812500000e-01 1.82122230529785e-01
137 4.16015625000000e-01 1.73069000244141e-01
138 3.43261718750000e-01 1.17828607559204e-01
139 3.78417968750000e-01 1.43200159072876e-01
140 3.67675781250000e-01 1.35185480117798e-01
141 4.40429687500000e-01 1.93978309631348e-01
142 4.43359375000000e-01 1.96567535400391e-01
143 4.81445312500000e-01 2.31789588928223e-01
144 5.06835937500000e-01 2.56882667541504e-01
145 5.29785156250000e-01 2.80672311782837e-01
146 5.46386718750000e-01 2.98538446426392e-01
147 5.65917968750000e-01 3.20263147354126e-01
148 5.23437500000000e-01 2.73986816406250e-01
149 5.31250000000000e-01 2.82226562500000e-01
150 5.68847656250000e-01 3.23587656021118e-01
151 6.18164062500000e-01 3.82126808166504e-01
152 5.48828125000000e-01 3.01212310791016e-01
153 5.74218750000000e-01 3.29727172851562e-01
154 5.53710937500000e-01 3.06595802307129e-01
155 4.97558593750000e-01 2.47564554214478e-01
156 5.28320312500000e-01 2.79122352600098e-01
157 5.17089843750000e-01 2.67381906509399e-01
158 5.76171875000000e-01 3.31974029541016e-01
159 6.12304687500000e-01 3.74917030334473e-01
160 6.32812500000000e-01 4.00451660156250e-01
161 6.29394531250000e-01 3.96137475967407e-01
162 6.33789062500000e-01 4.01688575744629e-01
163 6.56250000000000e-01 4.30664062500000e-01
164 6.90429687500000e-01 4.76693153381348e-01
165 6.42089843750000e-01 4.12279367446899e-01
166 6.27441406250000e-01 3.93682718276978e-01
167 6.92871093750000e-01 4.80070352554321e-01
168 6.65039062500000e-01 4.42276954650879e-01
169 6.63574218750000e-01 4.40330743789673e-01
170 6.61621093750000e-01 4.37742471694946e-01
171 6.87500000000000e-01 4.72656250000000e-01
172 6.82128906250000e-01 4.65299844741821e-01
173 7.08496093750000e-01 5.01966714859009e-01
174 7.25585937500000e-01 5.26474952697754e-01
175 7.06054687500000e-01 4.98513221740723e-01
176 7.29003906250000e-01 5.31446695327759e-01
177 6.90429687500000e-01 4.76693153381348e-01
178 7.45117187500000e-01 5.55199623107910e-01
179 7.01171875000000e-01 4.91641998291016e-01
180 6.89941406250000e-01 4.76019144058228e-01
181 6.25000000000000e-01 3.90625000000000e-01
182 6.83105468750000e-01 4.66633081436157e-01
183 6.64062500000000e-01 4.40979003906250e-01
184 6.58203125000000e-01 4.33231353759766e-01
185 5.78613281250000e-01 3.34793329238892e-01
186 6.32812500000000e-01 4.00451660156250e-01
187 6.30859375000000e-01 3.97983551025391e-01
188 7.40234375000000e-01 5.47946929931641e-01
189 6.88476562500000e-01 4.73999977111816e-01
190 6.33789062500000e-01 4.01688575744629e-01
191 5.82519531250000e-01 3.39329004287720e-01
192 6.23046875000000e-01 3.88187408447266e-01
193 5.81054687500000e-01 3.37624549865723e-01
194 6.66992187500000e-01 4.44878578186035e-01
195 6.69921875000000e-01 4.48795318603516e-01
196 6.76269531250000e-01 4.57340478897095e-01
197 6.13769531250000e-01 3.76713037490845e-01
198 5.92285156250000e-01 3.50801706314087e-01
199 6.13769531250000e-01 3.76713037490845e-01
200 6.00097656250000e-01 3.60117197036743e-01
201 6.34765625000000e-01 4.02927398681641e-01
202 5.96191406250000e-01 3.55444192886353e-01
203 5.85449218750000e-01 3.42750787734985e-01
204 6.11816406250000e-01 3.74319314956665e-01
205 5.80566406250000e-01 3.37057352066040e-01
206 6.01562500000000e-01 3.61877441406250e-01
207 5.69335937500000e-01 3.24143409729004e-01
208 6.48437500000000e-01 4.20471191406250e-01
209 5.93261718750000e-01 3.51959466934204e-01
210 5.96191406250000e-01 3.55444192886353e-01
211 6.09375000000000e-01 3.71337890625000e-01
212 5.29785156250000e-01 2.80672311782837e-01
213 5.74707031250000e-01 3.30288171768188e-01
214 5.92773437500000e-01 3.51380348205566e-01
215 6.35742187500000e-01 4.04168128967285e-01
216 5.48828125000000e-01 3.01212310791016e-01
217 5.04394531250000e-01 2.54413843154907e-01
218 4.41406250000000e-01 1.94839477539062e-01
219 4.31152343750000e-01 1.85892343521118e-01
220 4.41406250000000e-01 1.94839477539062e-01
221 4.11621093750000e-01 1.69431924819946e-01
222 4.02343750000000e-01 1.61880493164062e-01
223 3.82812500000000e-01 1.46545410156250e-01
224 3.71582031250000e-01 1.38073205947876e-01
225 3.03222656250000e-01 9.19439792633057e-02
226 3.49609375000000e-01 1.22226715087891e-01
227 4.02343750000000e-01 1.61880493164062e-01
228 3.70605468750000e-01 1.37348413467407e-01
229 3.52539062500000e-01 1.24283790588379e-01
230 3.51074218750000e-01 1.23253107070923e-01
231 4.37011718750000e-01 1.90979242324829e-01
232 4.56542968750000e-01 2.08431482315063e-01
233 4.48242187500000e-01 2.00921058654785e-01
234 3.73046875000000e-01 1.39163970947266e-01
235 4.21386718750000e-01 1.77566766738892e-01
236 4.56054687500000e-01 2.07985877990723e-01
237 4.41894531250000e-01 1.95270776748657e-01
238 4.45800781250000e-01 1.98738336563110e-01
239 5.19531250000000e-01 2.69912719726562e-01
240 4.64843750000000e-01 2.16079711914062e-01
241 4.41406250000000e-01 1.94839477539062e-01
242 5.06347656250000e-01 2.56387948989868e-01
243 4.54101562500000e-01 2.06208229064941e-01
244 3.93066406250000e-01 1.54501199722290e-01
245 4.46777343750000e-01 1.99609994888306e-01
246 4.56542968750000e-01 2.08431482315063e-01
247 4.40917968750000e-01 1.94408655166626e-01
248 3.95996093750000e-01 1.56812906265259e-01
249 4.41406250000000e-01 1.94839477539062e-01
250 4.70214843750000e-01 2.21101999282837e-01
251 4.72656250000000e-01 2.23403930664062e-01
252 3.95996093750000e-01 1.56812906265259e-01
253 3.42285156250000e-01 1.17159128189087e-01
254 2.17285156250000e-01 4.72128391265869e-02
255 2.29492187500000e-01 5.26666641235352e-02
256 2.08984375000000e-01 4.36744689941406e-02
257 2.89550781250000e-01 8.38396549224854e-02
258 2.54882812500000e-01 6.49652481079102e-02
259 2.69042968750000e-01 7.23841190338135e-02
260 2.46093750000000e-01 6.05621337890625e-02
261 2.26074218750000e-01 5.11095523834229e-02
262 2.28515625000000e-01 5.22193908691406e-02
263 2.40234375000000e-01 5.77125549316406e-02
264 2.76367187500000e-01 7.63788223266602e-02
265 1.90917968750000e-01 3.64496707916260e-02
266 2.27539062500000e-01 5.17740249633789e-02
267 1.26464843750000e-01 1.59933567047119e-02
268 1.13769531250000e-01 1.29435062408447e-02
269 1.22070312500000e-01 1.49011611938477e-02
270 1.75292968750000e-01 3.07276248931885e-02
271 1.47949218750000e-01 2.18889713287354e-02
272 1.98242187500000e-01 3.92999649047852e-02
273 2.40722656250000e-01 5.79473972320557e-02
274 2.63183593750000e-01 6.92656040191650e-02
275 2.39746093750000e-01 5.74781894683838e-02
276 1.30859375000000e-01 1.71241760253906e-02
277 7.51953125000000e-02 5.65433502197266e-03
278 9.76562500000000e-02 9.53674316406250e-03
279 1.24023437500000e-01 1.53818130493164e-02
280 8.88671875000000e-02 7.89737701416016e-03
281 1.12304687500000e-01 1.26123428344727e-02
282 8.54492187500000e-02 7.30156898498535e-03
283 8.59375000000000e-02 7.38525390625000e-03
284 1.35742187500000e-01 1.84259414672852e-02
285 6.93359375000000e-02 4.80747222900391e-03
286 3.27148437500000e-02 1.07026100158691e-03
287 1.23046875000000e-01 1.51405334472656e-02
288 9.57031250000000e-02 9.15908813476562e-03
289 1.15722656250000e-01 1.33917331695557e-02
290 1.20605468750000e-01 1.45456790924072e-02
291 1.73828125000000e-01 3.02162170410156e-02
292 1.11328125000000e-01 1.23939514160156e-02
293 1.61621093750000e-01 2.61213779449463e-02
294 1.69921875000000e-01 2.88734436035156e-02
295 2.19238281250000e-01 4.80654239654541e-02
296 2.28027343750000e-01 5.19964694976807e-02
297 2.83691406250000e-01 8.04808139801025e-02
298 2.79785156250000e-01 7.82797336578369e-02
299 2.82226562500000e-01 7.96518325805664e-02
300 2.48535156250000e-01 6.17697238922119e-02
301 2.45117187500000e-01 6.00824356079102e-02
302 2.25097656250000e-01 5.06689548492432e-02
303 2.11914062500000e-01 4.49075698852539e-02
304 1.87011718750000e-01 3.49733829498291e-02
305 5.56640625000000e-02 3.09848785400391e-03
306 1.61132812500000e-01 2.59637832641602e-02
307 1.07421875000000e-01 1.15394592285156e-02
308 1.57714843750000e-01 2.48739719390869e-02
309 1.17187500000000e-01 1.37329101562500e-02
310 1.29394531250000e-01 1.67429447174072e-02
311 1.74804687500000e-01 3.05566787719727e-02
312 8.64257812500000e-02 7.46941566467285e-03
313 9.81445312500000e-02 9.63234901428223e-03
314 1.18164062500000e-01 1.39627456665039e-02
315 1.15234375000000e-01 1.32789611816406e-02
316 3.32031250000000e-02 1.10244750976562e-03
317 1.05957031250000e-01 1.12268924713135e-02
318 3.61328125000000e-02 1.30558013916016e-03
319 1.22070312500000e-02 1.49011611938477e-04
320 5.76171875000000e-02 3.31974029541016e-03
321 9.22851562500000e-02 8.51655006408691e-03
322 1.26953125000000e-01 1.61170959472656e-02
323 1.63574218750000e-01 2.67565250396729e-02
324 1.91894531250000e-01 3.68235111236572e-02
325 1.89453125000000e-01 3.58924865722656e-02
326 1.05468750000000e-01 1.11236572265625e-02
327 9.57031250000000e-02 9.15908813476562e-03
328 1.02539062500000e-01 1.05142593383789e-02
329 1.23535156250000e-01 1.52609348297119e-02
330 1.68945312500000e-01 2.85425186157227e-02
331 2.95410156250000e-01 8.72671604156494e-02
332 3.42773437500000e-01 1.17493629455566e-01
333 3.84277343750000e-01 1.47669076919556e-01
334 3.39843750000000e-01 1.15493774414062e-01
335 4.14062500000000e-01 1.71447753906250e-01
336 4.29199218750000e-01 1.84211969375610e-01
337 4.23828125000000e-01 1.79630279541016e-01
338 4.32617187500000e-01 1.87157630920410e-01
339 4.44335937500000e-01 1.97434425354004e-01
340 3.93066406250000e-01 1.54501199722290e-01
341 4.45800781250000e-01 1.98738336563110e-01
342 4.32617187500000e-01 1.87157630920410e-01
343 3.71093750000000e-01 1.37710571289062e-01
344 3.65722656250000e-01 1.33753061294556e-01
345 3.63769531250000e-01 1.32328271865845e-01
346 3.98925781250000e-01 1.59141778945923e-01
347 3.95507812500000e-01 1.56426429748535e-01
348 4.33593750000000e-01 1.88003540039062e-01
349 3.84277343750000e-01 1.47669076919556e-01
350 3.80371093750000e-01 1.44682168960571e-01
351 3.72070312500000e-01 1.38436317443848e-01
352 4.22363281250000e-01 1.78390741348267e-01
353 3.76953125000000e-01 1.42093658447266e-01
354 3.96484375000000e-01 1.57199859619141e-01
355 4.01855468750000e-01 1.61487817764282e-01
356 3.83300781250000e-01 1.46919488906860e-01
357 3.95996093750000e-01 1.56812906265259e-01
358 3.61816406250000e-01 1.30911111831665e-01
359 4.18945312500000e-01 1.75515174865723e-01
360 4.35058593750000e-01 1.89275979995728e-01
361 4.35058593750000e-01 1.89275979995728e-01
362 4.76562500000000e-01 2.27111816406250e-01
363 4.76074218750000e-01 2.26646661758423e-01
364 4.72167968750000e-01 2.22942590713501e-01
365 5.37597656250000e-01 2.89011240005493e-01
366 5.25390625000000e-01 2.76035308837891e-01
367 5.24414062500000e-01 2.75010108947754e-01
368 4.85839843750000e-01 2.36040353775024e-01
369 4.54589843750000e-01 2.06651926040649e-01
370 4.79003906250000e-01 2.29444742202759e-01
371 5.16601562500000e-01 2.66877174377441e-01
372 5.05859375000000e-01 2.55893707275391e-01
373 5.20019531250000e-01 2.70420312881470e-01
374 4.81933593750000e-01 2.32259988784790e-01
375 4.80957031250000e-01 2.31319665908813e-01
376 4.11132812500000e-01 1.69030189514160e-01
377 3.91601562500000e-01 1.53351783752441e-01
378 4.16015625000000e-01 1.73069000244141e-01
379 4.04785156250000e-01 1.63851022720337e-01
380 4.89746093750000e-01 2.39851236343384e-01
381 4.91210937500000e-01 2.41288185119629e-01
382 5.24902343750000e-01 2.75522470474243e-01
383 5.48339843750000e-01 3.00676584243774e-01
384 4.95117187500000e-01 2.45141029357910e-01
385 5.52734375000000e-01 3.05515289306641e-01
386 5.97656250000000e-01 3.57192993164062e-01
387 6.42089843750000e-01 4.12279367446899e-01
388 7.41210937500000e-01 5.49393653869629e-01
389 7.45117187500000e-01 5.55199623107910e-01
390 7.66601562500000e-01 5.87677955627441e-01
391 7.57812500000000e-01 5.74279785156250e-01
392 7.91992187500000e-01 6.27251625061035e-01
393 7.24609375000000e-01 5.25058746337891e-01
394 7.11425781250000e-01 5.06126642227173e-01
395 7.01171875000000e-01 4.91641998291016e-01
396 7.05078125000000e-01 4.97135162353516e-01
397 6.92871093750000e-01 4.80070352554321e-01
398 6.34765625000000e-01 4.02927398681641e-01
399 6.09863281250000e-01 3.71933221817017e-01
400 5.99609375000000e-01 3.59531402587891e-01
401 6.32812500000000e-01 4.00451660156250e-01
402 6.25976562500000e-01 3.91846656799316e-01
403 6.24511718750000e-01 3.90014886856079e-01
404 6.11328125000000e-01 3.73722076416016e-01
405 6.03027343750000e-01 3.63641977310181e-01
406 6.39160156250000e-01 4.08525705337524e-01
407 6.35742187500000e-01 4.04168128967285e-01
408 6.13281250000000e-01 3.76113891601562e-01
409 6.40625000000000e-01 4.10400390625000e-01
410 6.17675781250000e-01 3.81523370742798e-01
411 5.88867187500000e-01 3.46764564514160e-01
412 6.02050781250000e-01 3.62465143203735e-01
413 5.28808593750000e-01 2.79638528823853e-01
414 5.06835937500000e-01 2.56882667541504e-01
415 5.71777343750000e-01 3.26929330825806e-01
416 6.23046875000000e-01 3.88187408447266e-01
417 6.76269531250000e-01 4.57340478897095e-01
418 6.82128906250000e-01 4.65299844741821e-01
419 6.57226562500000e-01 4.31946754455566e-01
420 7.06542968750000e-01 4.99202966690063e-01
421 7.25097656250000e-01 5.25766611099243e-01
422 7.45117187500000e-01 5.55199623107910e-01
423 7.30468750000000e-01 5.33584594726562e-01
424 7.16796875000000e-01 5.13797760009766e-01
425 6.87011718750000e-01 4.71985101699829e-01
426 6.82128906250000e-01 4.65299844741821e-01
427 6.67968750000000e-01 4.46182250976562e-01
428 7.34375000000000e-01 5.39306640625000e-01
429 7.32421875000000e-01 5.36441802978516e-01
430 6.99218750000000e-01 4.88906860351562e-01
431 7.09472656250000e-01 5.03351449966431e-01
432 7.03613281250000e-01 4.95071649551392e-01
433 6.79199218750000e-01 4.61311578750610e-01
434 6.17187500000000e-01 3.80920410156250e-01
435 5.68847656250000e-01 3.23587656021118e-01
436 5.59082031250000e-01 3.12572717666626e-01
437 4.73632812500000e-01 2.24328041076660e-01
438 4.72656250000000e-01 2.23403930664062e-01
439 5.23437500000000e-01 2.73986816406250e-01
440 5.55664062500000e-01 3.08762550354004e-01
441 5.77636718750000e-01 3.33664178848267e-01
442 5.62011718750000e-01 3.15857172012329e-01
443 5.96679687500000e-01 3.56026649475098e-01
444 5.81542968750000e-01 3.38192224502563e-01
445 5.98144531250000e-01 3.57776880264282e-01
446 5.97656250000000e-01 3.57192993164062e-01
447 5.64941406250000e-01 3.19158792495728e-01
448 6.06933593750000e-01 3.68368387222290e-01
449 5.75195312500000e-01 3.30849647521973e-01
450 5.89355468750000e-01 3.47339868545532e-01
451 6.51367187500000e-01 4.24279212951660e-01
452 5.68847656250000e-01 3.23587656021118e-01
453 5.74707031250000e-01 3.30288171768188e-01
454 6.30371093750000e-01 3.97367715835571e-01
455 6.33300781250000e-01 4.01069879531860e-01
456 6.29882812500000e-01 3.96752357482910e-01
457 6.44531250000000e-01 4.15420532226562e-01
458 6.66992187500000e-01 4.44878578186035e-01
459 6.28417968750000e-01 3.94909143447876e-01
460 6.61621093750000e-01 4.37742471694946e-01
461 7.29980468750000e-01 5.32871484756470e-01
462 6.69433593750000e-01 4.48141336441040e-01
463 6.33789062500000e-01 4.01688575744629e-01
464 5.73242187500000e-01 3.28606605529785e-01
465 5.61523437500000e-01 3.15308570861816e-01
466 5.44921875000000e-01 2.96939849853516e-01
467 5.27343750000000e-01 2.78091430664062e-01
468 5.86914062500000e-01 3.44468116760254e-01
469 5.32226562500000e-01 2.83265113830566e-01
470 5.01953125000000e-01 2.51956939697266e-01
471 4.88281250000000e-01 2.38418579101562e-01
472 5.20996093750000e-01 2.71436929702759e-01
473 5.35156250000000e-01 2.86392211914062e-01
474 5.22460937500000e-01 2.72965431213379e-01
475 4.87304687500000e-01 2.37465858459473e-01
476 4.62890625000000e-01 2.14267730712891e-01
477 4.86328125000000e-01 2.36515045166016e-01
478 5.30273437500000e-01 2.81189918518066e-01
479 5.57617187500000e-01 3.10936927795410e-01
480 5.64453125000000e-01 3.18607330322266e-01
481 6.69433593750000e-01 4.48141336441040e-01
482 7.12402343750000e-01 5.07517099380493e-01
483 6.83105468750000e-01 4.66633081436157e-01
484 6.23535156250000e-01 3.88796091079712e-01
485 6.00585937500000e-01 3.60703468322754e-01
486 5.35156250000000e-01 2.86392211914062e-01
487 5.17089843750000e-01 2.67381906509399e-01
488 5.40039062500000e-01 2.91642189025879e-01
489 5.22949218750000e-01 2.73475885391235e-01
490 5.58105468750000e-01 3.11481714248657e-01
491 5.74707031250000e-01 3.30288171768188e-01
492 5.84960937500000e-01 3.42179298400879e-01
493 5.95703125000000e-01 3.54862213134766e-01
494 6.23535156250000e-01 3.88796091079712e-01
495 5.88867187500000e-01 3.46764564514160e-01
496 5.85449218750000e-01 3.42750787734985e-01
497 5.68359375000000e-01 3.23032379150391e-01
498 5.54687500000000e-01 3.07678222656250e-01
499 5.92773437500000e-01 3.51380348205566e-01
500 5.62988281250000e-01 3.16955804824829e-01
501 5.66406250000000e-01 3.20816040039062e-01
502 6.00585937500000e-01 3.60703468322754e-01
503 6.03515625000000e-01 3.64231109619141e-01
504 5.53222656250000e-01 3.06055307388306e-01
505 5.70312500000000e-01 3.25256347656250e-01
506 5.91308593750000e-01 3.49645853042603e-01
507 6.37207031250000e-01 4.06032800674438e-01
508 5.59570312500000e-01 3.13118934631348e-01
509 4.56542968750000e-01 2.08431482315063e-01
510 4.79492187500000e-01 2.29912757873535e-01
511 4.90234375000000e-01 2.40329742431641e-01
512 5.46386718750000e-01 2.98538446426392e-01
513 5.90820312500000e-01 3.49068641662598e-01
514 6.23535156250000e-01 3.88796091079712e-01
515 6.00585937500000e-01 3.60703468322754e-01
516 5.53222656250000e-01 3.06055307388306e-01
517 6.07421875000000e-01 3.68961334228516e-01
518 6.05957031250000e-01 3.67183923721313e-01
519 6.18164062500000e-01 3.82126808166504e-01
520 5.95703125000000e-01 3.54862213134766e-01
521 5.90332031250000e-01 3.48491907119751e-01
522 5.54687500000000e-01 3.07678222656250e-01
523 6.17675781250000e-01 3.81523370742798e-01
524 5.75195312500000e-01 3.30849647521973e-01
525 6.02050781250000e-01 3.62465143203735e-01
526 4.85351562500000e-01 2.35566139221191e-01
527 5.02441406250000e-01 2.52447366714478e-01
528 5.00488281250000e-01 2.50488519668579e-01
529 5.31250000000000e-01 2.82226562500000e-01
530 5.36621093750000e-01 2.87962198257446e-01
531 5.12207031250000e-01 2.62356042861938e-01
532 5.12695312500000e-01 2.62856483459473e-01
533 4.86816406250000e-01 2.36990213394165e-01
534 5.15136718750000e-01 2.65365839004517e-01
535 5.88867187500000e-01 3.46764564514160e-01
536 5.34179687500000e-01 2.85347938537598e-01
537 5.53222656250000e-01 3.06055307388306e-01
538 5.58105468750000e-01 3.11481714248657e-01
539 5.82519531250000e-01 3.39329004287720e-01
540 6.14746093750000e-01 3.77912759780884e-01
541 6.63085937500000e-01 4.39682960510254e-01
542 6.77246093750000e-01 4.58662271499634e-01
543 6.57226562500000e-01 4.31946754455566e-01
544 6.71875000000000e-01 4.51416015625000e-01
545 6.93359375000000e-01 4.80747222900391e-01
546 6.70898437500000e-01 4.50104713439941e-01
547 7.13867187500000e-01 5.09606361389160e-01
548 6.91894531250000e-01 4.78718042373657e-01
549 6.88476562500000e-01 4.73999977111816e-01
550 6.60644531250000e-01 4.36451196670532e-01
551 6.34277343750000e-01 4.02307748794556e-01
552 5.83984375000000e-01 3.41037750244141e-01
553 6.25976562500000e-01 3.91846656799316e-01
554 6.50878906250000e-01 4.23643350601196e-01
555 6.53808593750000e-01 4.27465677261353e-01
556 6.10351562500000e-01 3.72529029846191e-01
557 6.74804687500000e-01 4.55361366271973e-01
558 6.41601562500000e-01 4.11652565002441e-01
559 6.40136718750000e-01 4.09775018692017e-01
560 6.80175781250000e-01 4.62639093399048e-01
561 7.07519531250000e-01 5.00583887100220e-01
562 6.84570312500000e-01 4.68636512756348e-01
563 7.11425781250000e-01 5.06126642227173e-01
564 7.19238281250000e-01 5.17303705215454e-01
565 7.17285156250000e-01 5.14497995376587e-01
566 7.08984375000000e-01 5.02658843994141e-01
567 6.38183593750000e-01 4.07278299331665e-01
568 6.46972656250000e-01 4.18573617935181e-01
569 6.88964843750000e-01 4.74672555923462e-01
570 6.58691406250000e-01 4.33874368667603e-01
571 6.55761718750000e-01 4.30023431777954e-01
572 6.04003906250000e-01 3.64820718765259e-01
573 6.33300781250000e-01 4.01069879531860e-01
574 6.09863281250000e-01 3.71933221817017e-01
575 5.83007812500000e-01 3.39898109436035e-01
576 6.51855468750000e-01 4.24915552139282e-01
577 6.47460937500000e-01 4.19205665588379e-01
578 5.90332031250000e-01 3.48491907119751e-01
579 6.51367187500000e-01 4.24279212951660e-01
580 7.22167968750000e-01 5.21526575088501e-01
581 7.58789062500000e-01 5.75760841369629e-01
582 7.23144531250000e-01 5.22938013076782e-01
583 7.22167968750000e-01 5.21526575088501e-01
584 6.76269531250000e-01 4.57340478897095e-01
585 7.00195312500000e-01 4.90273475646973e-01
586 6.45996093750000e-01 4.17310953140259e-01
587 6.18652343750000e-01 3.82730722427368e-01
588 5.83007812500000e-01 3.39898109436035e-01
589 6.25000000000000e-01 3.90625000000000e-01
590 5.89843750000000e-01 3.47915649414062e-01
591 6.37695312500000e-01 4.06655311584473e-01
592 6.45019531250000e-01 4.16050195693970e-01
593 5.87890625000000e-01 3.45615386962891e-01
594 5.04882812500000e-01 2.54906654357910e-01
595 5.14160156250000e-01 2.64360666275024e-01
596 5.25390625000000e-01 2.76035308837891e-01
597 5.23925781250000e-01 2.74498224258423e-01
598 5.71777343750000e-01 3.26929330825806e-01
599 5.72265625000000e-01 3.27487945556641e-01
600 5.60058593750000e-01 3.13665628433228e-01
601 5.86914062500000e-01 3.44468116760254e-01
602 6.15234375000000e-01 3.78513336181641e-01
603 6.66015625000000e-01 4.43576812744141e-01
604 6.54785156250000e-01 4.28743600845337e-01
605 6.82617187500000e-01 4.65966224670410e-01
606 6.87011718750000e-01 4.71985101699829e-01
607 6.87500000000000e-01 4.72656250000000e-01
608 6.60156250000000e-01 4.35806274414062e-01
609 7.02148437500000e-01 4.93012428283691e-01
610 7.22656250000000e-01 5.22232055664062e-01
611 7.69531250000000e-01 5.92178344726562e-01
612 7.19238281250000e-01 5.17303705215454e-01
613 7.10937500000000e-01 5.05432128906250e-01
614 7.29980468750000e-01 5.32871484756470e-01
615 7.18261718750000e-01 5.15899896621704e-01
616 7.02636718750000e-01 4.93698358535767e-01
617 7.16796875000000e-01 5.13797760009766e-01
618 7.15820312500000e-01 5.12398719787598e-01
619 7.40234375000000e-01 5.47946929931641e-01
620 7.07031250000000e-01 4.99893188476562e-01
621 7.29492187500000e-01 5.32158851623535e-01
622 7.19726562500000e-01 5.18006324768066e-01
623 7.15332031250000e-01 5.11699914932251e-01
624 7.26562500000000e-01 5.27893066406250e-01
625 7.26074218750000e-01 5.27183771133423e-01
626 7.25585937500000e-01 5.26474952697754e-01
627 7.35351562500000e-01 5.40741920471191e-01
628 6.90429687500000e-01 4.76693153381348e-01
629 6.81640625000000e-01 4.64633941650391e-01
630 6.64062500000000e-01 4.40979003906250e-01
631 6.90917968750000e-01 4.77367639541626e-01
632 6.88964843750000e-01 4.74672555923462e-01
633 6.64550781250000e-01 4.41627740859985e-01
634 6.83105468750000e-01 4.66633081436157e-01
635 6.67968750000000e-01 4.46182250976562e-01
636 6.25488281250000e-01 3.91235589981079e-01
637 6.42089843750000e-01 4.12279367446899e-01
638 6.24023437500000e-01 3.89405250549316e-01
639 6.09863281250000e-01 3.71933221817017e-01
640 6.47949218750000e-01 4.19838190078735e-01
641 6.45507812500000e-01 4.16680335998535e-01
642 6.29394531250000e-01 3.96137475967407e-01
643 6.65527343750000e-01 4.42926645278931e-01
644 6.64550781250000e-01 4.41627740859985e-01
645 5.96679687500000e-01 3.56026649475098e-01
646 6.58691406250000e-01 4.33874368667603e-01
647 6.48925781250000e-01 4.21104669570923e-01
648 6.59179687500000e-01 4.34517860412598e-01
649 6.63574218750000e-01 4.40330743789673e-01
650 6.37695312500000e-01 4.06655311584473e-01
651 6.00585937500000e-01 3.60703468322754e-01
652 5.93261718750000e-01 3.51959466934204e-01
653 5.72265625000000e-01 3.27487945556641e-01
654 6.61621093750000e-01 4.37742471694946e-01
655 6.49902343750000e-01 4.22373056411743e-01
656 6.39160156250000e-01 4.08525705337524e-01
657 6.62597656250000e-01 4.39035654067993e-01
658 5.76660156250000e-01 3.32536935806274e-01
659 5.62011718750000e-01 3.15857172012329e-01
660 6.15234375000000e-01 3.78513336181641e-01
661 5.46875000000000e-01 2.99072265625000e-01
662 5.99121093750000e-01 3.58946084976196e-01
663 6.59667968750000e-01 4.35161828994751e-01
664 6.20605468750000e-01 3.85151147842407e-01
665 6.20605468750000e-01 3.85151147842407e-01
666 6.49414062500000e-01 4.21738624572754e-01
667 6.31835937500000e-01 3.99216651916504e-01
668 6.04980468750000e-01 3.66001367568970e-01
669 6.22070312500000e-01 3.86971473693848e-01
670 6.65039062500000e-01 4.42276954650879e-01
671 6.55761718750000e-01 4.30023431777954e-01
672 7.04101562500000e-01 4.95759010314941e-01
673 6.68945312500000e-01 4.47487831115723e-01
674 6.65039062500000e-01 4.42276954650879e-01
675 7.02148437500000e-01 4.93012428283691e-01
676 6.98730468750000e-01 4.88224267959595e-01
677 6.61621093750000e-01 4.37742471694946e-01
678 5.75683593750000e-01 3.31411600112915e-01
679 6.59179687500000e-01 4.34517860412598e-01
680 6.44531250000000e-01 4.15420532226562e-01
681 6.24023437500000e-01 3.89405250549316e-01
682 5.87890625000000e-01 3.45615386962891e-01
683 5.95214843750000e-01 3.54280710220337e-01
684 5.62988281250000e-01 3.16955804824829e-01
685 5.70312500000000e-01 3.25256347656250e-01
686 5.57617187500000e-01 3.10936927795410e-01
687 5.37597656250000e-01 2.89011240005493e-01
688 5.69335937500000e-01 3.24143409729004e-01
689 6.29394531250000e-01 3.96137475967407e-01
690 6.19628906250000e-01 3.83939981460571e-01
691 6.01074218750000e-01 3.61290216445923e-01
692 6.04980468750000e-01 3.66001367568970e-01
693 5.75683593750000e-01 3.31411600112915e-01
694 5.43945312500000e-01 2.95876502990723e-01
695 5.78613281250000e-01 3.34793329238892e-01
696 6.21582031250000e-01 3.86364221572876e-01
697 6.14257812500000e-01 3.77312660217285e-01
698 6.59667968750000e-01 4.35161828994751e-01
699 6.62597656250000e-01 4.39035654067993e-01
700 6.57226562500000e-01 4.31946754455566e-01
701 6.54296875000000e-01 4.28104400634766e-01
702 7.06542968750000e-01 4.99202966690063e-01
703 6.29882812500000e-01 3.96752357482910e-01
704 6.04980468750000e-01 3.66001367568970e-01
705 5.85937500000000e-01 3.43322753906250e-01
706 5.63964843750000e-01 3.18056344985962e-01
707 4.98535156250000e-01 2.48537302017212e-01
708 5.22460937500000e-01 2.72965431213379e-01
709 5.55664062500000e-01 3.08762550354004e-01
710 5.39550781250000e-01 2.91115045547485e-01
711 5.94238281250000e-01 3.53119134902954e-01
712 5.69335937500000e-01 3.24143409729004e-01
713 5.73242187500000e-01 3.28606605529785e-01
714 5.51269531250000e-01 3.03898096084595e-01
715 5.98632812500000e-01 3.58361244201660e-01
716 5.92285156250000e-01 3.50801706314087e-01
717 5.32226562500000e-01 2.83265113830566e-01
718 5.28320312500000e-01 2.79122352600098e-01
719 4.37500000000000e-01 1.91406250000000e-01
720 4.04296875000000e-01 1.63455963134766e-01
721 3.83300781250000e-01 1.46919488906860e-01
722 3.18847656250000e-01 1.01663827896118e-01
723 2.91503906250000e-01 8.49745273590088e-02
724 2.20214843750000e-01 4.84945774078369e-02
725 2.43652343750000e-01 5.93664646148682e-02
726 2.33398437500000e-01 5.44748306274414e-02
727 2.08984375000000e-01 4.36744689941406e-02
728 1.37695312500000e-01 1.89599990844727e-02
729 1.28417968750000e-01 1.64911746978760e-02
730 1.47949218750000e-01 2.18889713287354e-02
731 1.16210937500000e-01 1.35049819946289e-02
732 9.81445312500000e-02 9.63234901428223e-03
733 7.66601562500000e-02 5.87677955627441e-03
734 5.41992187500000e-02 2.93755531311035e-03
735 1.05468750000000e-01 1.11236572265625e-02
736 9.76562500000000e-02 9.53674316406250e-03
737 7.27539062500000e-02 5.29313087463379e-03
738 1.05957031250000e-01 1.12268924713135e-02
739 9.71679687500000e-02 9.44161415100098e-03
740 5.12695312500000e-02 2.62856483459473e-03
741 6.05468750000000e-02 3.66592407226562e-03
742 9.76562500000000e-04 9.53674316406250e-07
743 2.92968750000000e-03 8.58306884765625e-06
744 1.46484375000000e-02 2.14576721191406e-04
745 1.12304687500000e-02 1.26123428344727e-04
746 2.34375000000000e-02 5.49316406250000e-04
747 8.30078125000000e-03 6.89029693603516e-05
748 3.75976562500000e-02 1.41358375549316e-03
749 8.78906250000000e-02 7.72476196289062e-03
750 7.47070312500000e-02 5.58114051818848e-03
751 1.42089843750000e-01 2.01895236968994e-02
752 2.27050781250000e-01 5.15520572662354e-02
753 2.83203125000000e-01 8.02040100097656e-02
754 2.09960937500000e-01 4.40835952758789e-02
755 2.22167968750000e-01 4.93586063385010e-02
756 2.42187500000000e-01 5.86547851562500e-02
757 1.65039062500000e-01 2.72378921508789e-02
758 1.49414062500000e-01 2.23245620727539e-02
759 2.00683593750000e-01 4.02739048004150e-02
760 1.66015625000000e-01 2.75611877441406e-02
761 1.64062500000000e-01 2.69165039062500e-02
762 7.22656250000000e-02 5.22232055664062e-03
763 1.03515625000000e-01 1.07154846191406e-02
764 3.12500000000000e-02 9.76562500000000e-04
765 3.46679687500000e-02 1.20186805725098e-03
766 3.46679687500000e-02 1.20186805725098e-03
767 2.63671875000000e-02 6.95228576660156e-04
768 9.76562500000000e-02 9.53674316406250e-03
769 1.18164062500000e-01 1.39627456665039e-02
770 1.80175781250000e-01 3.24633121490479e-02
771 1.43554687500000e-01 2.06079483032227e-02
772 1.41113281250000e-01 1.99129581451416e-02
773 1.15234375000000e-01 1.32789611816406e-02
774 4.73632812500000e-02 2.24328041076660e-03
775 6.39648437500000e-02 4.09150123596191e-03
776 1.35253906250000e-01 1.82936191558838e-02
777 1.11816406250000e-01 1.25029087066650e-02
778 6.34765625000000e-02 4.02927398681641e-03
779 1.02050781250000e-01 1.04143619537354e-02
780 1.26953125000000e-01 1.61170959472656e-02
781 9.57031250000000e-02 9.15908813476562e-03
782 1.34765625000000e-01 1.81617736816406e-02
783 1.83593750000000e-01 3.37066650390625e-02
784 2.46093750000000e-01 6.05621337890625e-02
785 2.51464843750000e-01 6.32345676422119e-02
786 2.91015625000000e-01 8.46900939941406e-02
787 2.75878906250000e-01 7.61091709136963e-02
788 2.63183593750000e-01 6.92656040191650e-02
789 3.23730468750000e-01 1.04801416397095e-01
790 3.07617187500000e-01 9.46283340454102e-02
791 3.12011718750000e-01 9.73513126373291e-02
792 3.09082031250000e-01 9.55317020416260e-02
793 2.75878906250000e-01 7.61091709136963e-02
794 3.08593750000000e-01 9.52301025390625e-02
795 3.88671875000000e-01 1.51065826416016e-01
796 4.64355468750000e-01 2.15626001358032e-01
797 4.42871093750000e-01 1.96134805679321e-01
798 4.53613281250000e-01 2.05765008926392e-01
799 4.75097656250000e-01 2.25717782974243e-01
800 4.32128906250000e-01 1.86735391616821e-01
801 4.89257812500000e-01 2.39373207092285e-01
802 4.76562500000000e-01 2.27111816406250e-01
803 5.26855468750000e-01 2.77576684951782e-01
804 5.61523437500000e-01 3.15308570861816e-01
805 5.94726562500000e-01 3.53699684143066e-01
806 6.19140625000000e-01 3.83335113525391e-01
807 6.15234375000000e-01 3.78513336181641e-01
808 6.55273437500000e-01 4.29383277893066e-01
809 6.26953125000000e-01 3.93070220947266e-01
810 6.05468750000000e-01 3.66592407226562e-01
811 6.30859375000000e-01 3.97983551025391e-01
812 6.92871093750000e-01 4.80070352554321e-01
813 6.76757812500000e-01 4.58001136779785e-01
814 6.70410156250000e-01 4.49449777603149e-01
815 6.30371093750000e-01 3.97367715835571e-01
816 6.33300781250000e-01 4.01069879531860e-01
817 6.54296875000000e-01 4.28104400634766e-01
818 6.08886718750000e-01 3.70743036270142e-01
819 5.56152343750000e-01 3.09305429458618e-01
820 5.18554687500000e-01 2.68898963928223e-01
821 5.54687500000000e-01 3.07678222656250e-01
822 5.41015625000000e-01 2.92697906494141e-01
823 5.27343750000000e-01 2.78091430664062e-01
824 5.78613281250000e-01 3.34793329238892e-01
825 5.96679687500000e-01 3.56026649475098e-01
826 6.05957031250000e-01 3.67183923721313e-01
827 5.88378906250000e-01 3.46189737319946e-01
828 6.31835937500000e-01 3.99216651916504e-01
829 5.89843750000000e-01 3.47915649414062e-01
830 5.06835937500000e-01 2.56882667541504e-01
831 6.10351562500000e-01 3.72529029846191e-01
832 6.10351562500000e-01 3.72529029846191e-01
833 6.42578125000000e-01 4.12906646728516e-01
834 6.26953125000000e-01 3.93070220947266e-01
835 6.64062500000000e-01 4.40979003906250e-01
836 6.55273437500000e-01 4.29383277893066e-01
837 6.44042968750000e-01 4.14791345596313e-01
838 6.16699218750000e-01 3.80317926406860e-01
839 6.36230468750000e-01 4.04789209365845e-01
840 6.40625000000000e-01 4.10400390625000e-01
841 6.37695312500000e-01 4.06655311584473e-01
842 6.42089843750000e-01 4.12279367446899e-01
843 6.84082031250000e-01 4.67968225479126e-01
844 7.00195312500000e-01 4.90273475646973e-01
845 7.08496093750000e-01 5.01966714859009e-01
846 7.54394531250000e-01 5.69111108779907e-01
847 7.55859375000000e-01 5.71323394775391e-01
848 6.86523437500000e-01 4.71314430236816e-01
849 6.66015625000000e-01 4.43576812744141e-01
850 7.38769531250000e-01 5.45780420303345e-01
851 7.54394531250000e-01 5.69111108779907e-01
852 6.86523437500000e-01 4.71314430236816e-01
853 6.96777343750000e-01 4.85498666763306e-01
854 7.08496093750000e-01 5.01966714859009e-01
855 6.78222656250000e-01 4.59985971450806e-01
856 6.34765625000000e-01 4.02927398681641e-01
857 6.66015625000000e-01 4.43576812744141e-01
858 6.42578125000000e-01 4.12906646728516e-01
859 6.45996093750000e-01 4.17310953140259e-01
860 6.40625000000000e-01 4.10400390625000e-01
861 5.95703125000000e-01 3.54862213134766e-01
862 5.91796875000000e-01 3.50223541259766e-01
863 5.78613281250000e-01 3.34793329238892e-01
864 5.60546875000000e-01 3.14212799072266e-01
865 5.68359375000000e-01 3.23032379150391e-01
866 5.49804687500000e-01 3.02285194396973e-01
867 5.12695312500000e-01 2.62856483459473e-01
868 5.21972656250000e-01 2.72455453872681e-01
869 5.03906250000000e-01 2.53921508789062e-01
870 4.40429687500000e-01 1.93978309631348e-01
871 4.43359375000000e-01 1.96567535400391e-01
872 4.14062500000000e-01 1.71447753906250e-01
873 4.98046875000000e-01 2.48050689697266e-01
874 4.48242187500000e-01 2.00921058654785e-01
875 4.58007812500000e-01 2.09771156311035e-01
876 4.44824218750000e-01 1.97868585586548e-01
877 4.52148437500000e-01 2.04438209533691e-01
878 4.42382812500000e-01 1.95702552795410e-01
879 4.22851562500000e-01 1.78803443908691e-01
880 4.41894531250000e-01 1.95270776748657e-01
881 4.01367187500000e-01 1.61095619201660e-01
882 4.87304687500000e-01 2.37465858459473e-01
883 5.14160156250000e-01 2.64360666275024e-01
884 5.23437500000000e-01 2.73986816406250e-01
885 4.83398437500000e-01 2.33674049377441e-01
886 3.76953125000000e-01 1.42093658447266e-01
887 4.02832031250000e-01 1.62273645401001e-01
888 3.79394531250000e-01 1.43940210342407e-01
889 4.37988281250000e-01 1.91833734512329e-01
890 4.25781250000000e-01 1.81289672851562e-01
891 4.48242187500000e-01 2.00921058654785e-01
892 4.79003906250000e-01 2.29444742202759e-01
893 5.47363281250000e-01 2.99606561660767e-01
894 5.82031250000000e-01 3.38760375976562e-01
895 5.60546875000000e-01 3.14212799072266e-01
896 5.22460937500000e-01 2.72965431213379e-01
897 5.23925781250000e-01 2.74498224258423e-01
898 5.49316406250000e-01 3.01748514175415e-01
899 5.24414062500000e-01 2.75010108947754e-01
900 5.44921875000000e-01 2.96939849853516e-01
901 6.22070312500000e-01 3.86971473693848e-01
902 6.26464843750000e-01 3.92458200454712e-01
903 6.03027343750000e-01 3.63641977310181e-01
904 5.53222656250000e-01 3.06055307388306e-01
905 5.83007812500000e-01 3.39898109436035e-01
906 6.03027343750000e-01 3.63641977310181e-01
907 6.02539062500000e-01 3.63053321838379e-01
908 6.47460937500000e-01 4.19205665588379e-01
909 6.09863281250000e-01 3.71933221817017e-01
910 6.11328125000000e-01 3.73722076416016e-01
911 5.73242187500000e-01 3.28606605529785e-01
912 5.60546875000000e-01 3.14212799072266e-01
913 5.40039062500000e-01 2.91642189025879e-01
914 6.39648437500000e-01 4.09150123596191e-01
915 6.48437500000000e-01 4.20471191406250e-01
916 6.42089843750000e-01 4.12279367446899e-01
917 6.45996093750000e-01 4.17310953140259e-01
918 6.35742187500000e-01 4.04168128967285e-01
919 5.94238281250000e-01 3.53119134902954e-01
920 6.34277343750000e-01 4.02307748794556e-01
921 6.43554687500000e-01 4.14162635803223e-01
922 6.36230468750000e-01 4.04789209365845e-01
923 6.26464843750000e-01 3.92458200454712e-01
924 5.99609375000000e-01 3.59531402587891e-01
925 6.12792968750000e-01 3.75515222549438e-01
926 6.85058593750000e-01 4.69305276870728e-01
927 6.73828125000000e-01 4.54044342041016e-01
928 6.21093750000000e-01 3.85757446289062e-01
929 6.33789062500000e-01 4.01688575744629e-01
930 6.91894531250000e-01 4.78718042373657e-01
931 6.80664062500000e-01 4.63303565979004e-01
932 6.70410156250000e-01 4.49449777603149e-01
933 6.47949218750000e-01 4.19838190078735e-01
934 6.78710937500000e-01 4.60648536682129e-01
935 6.73828125000000e-01 4.54044342041016e-01
936 7.04101562500000e-01 4.95759010314941e-01
937 7.10449218750000e-01 5.04738092422485e-01
938 6.66015625000000e-01 4.43576812744141e-01
939 7.24609375000000e-01 5.25058746337891e-01
940 6.72851562500000e-01 4.52729225158691e-01
941 7.09960937500000e-01 5.04044532775879e-01
942 6.92871093750000e-01 4.80070352554321e-01
943 6.04492187500000e-01 3.65410804748535e-01
944 6.16210937500000e-01 3.79715919494629e-01
945 6.42089843750000e-01 4.12279367446899e-01
946 6.75292968750000e-01 4.56020593643188e-01
947 6.78710937500000e-01 4.60648536682129e-01
948 6.72851562500000e-01 4.52729225158691e-01
949 6.57226562500000e-01 4.31946754455566e-01
950 6.20605468750000e-01 3.85151147842407e-01
951 6.47949218750000e-01 4.19838190078735e-01
952 6.40136718750000e-01 4.09775018692017e-01
953 7.04101562500000e-01 4.95759010314941e-01
954 6.40625000000000e-01 4.10400390625000e-01
955 6.20605468750000e-01 3.85151147842407e-01
956 6.22070312500000e-01 3.86971473693848e-01
957 5.92285156250000e-01 3.50801706314087e-01
958 6.21582031250000e-01 3.86364221572876e-01
959 5.68847656250000e-01 3.23587656021118e-01
960 5.65429687500000e-01 3.19710731506348e-01
961 4.75585937500000e-01 2.26181983947754e-01
962 4.77050781250000e-01 2.27577447891235e-01
963 4.43847656250000e-01 1.97000741958618e-01
964 5.02441406250000e-01 2.52447366714478e-01
965 4.81933593750000e-01 2.32259988784790e-01
966 4.69726562500000e-01 2.20643043518066e-01
967 4.52148437500000e-01 2.04438209533691e-01
968 5.31738281250000e-01 2.82745599746704e-01
969 4.78515625000000e-01 2.28977203369141e-01
970 4.28710937500000e-01 1.83793067932129e-01
971 4.21386718750000e-01 1.77566766738892e-01
972 5.17089843750000e-01 2.67381906509399e-01
973 5.20019531250000e-01 2.70420312881470e-01
974 5.40527343750000e-01 2.92169809341431e-01
975 5.00488281250000e-01 2.50488519668579e-01
976 5.33691406250000e-01 2.84826517105103e-01
977 5.11230468750000e-01 2.61356592178345e-01
978 4.75097656250000e-01 2.25717782974243e-01
979 5.27832031250000e-01 2.78606653213501e-01
980 4.90234375000000e-01 2.40329742431641e-01
981 4.71191406250000e-01 2.22021341323853e-01
982 4.92187500000000e-01 2.42248535156250e-01
983 5.21484375000000e-01 2.71945953369141e-01
984 5.26855468750000e-01 2.77576684951782e-01
985 5.73730468750000e-01 3.29166650772095e-01
986 6.42578125000000e-01 4.12906646728516e-01
987 6.12792968750000e-01 3.75515222549438e-01
988 6.56250000000000e-01 4.30664062500000e-01
989 6.50878906250000e-01 4.23643350601196e-01
990 6.20605468750000e-01 3.85151147842407e-01
991 5.83007812500000e-01 3.39898109436035e-01
992 5.33203125000000e-01 2.84305572509766e-01
993 5.56152343750000e-01 3.09305429458618e-01
994 5.62500000000000e-01 3.16406250000000e-01
995 5.91308593750000e-01 3.49645853042603e-01
996 5.78125000000000e-01 3.34228515625000e-01
997 5.86914062500000e-01 3.44468116760254e-01
998 5.82519531250000e-01 3.39329004287720e-01
999 5.79101562500000e-01 3.35358619689941e-01
