0 7.18750000000000e-01 5.16601562500000e-01
1 6.76269531250000e-01 4.57340478897095e-01
2 7.06054687500000e-01 4.98513221740723e-01
3 6.87500000000000e-01 4.72656250000000e-01
4 6.72851562500000e-01 4.52729225158691e-01
5 6.59179687500000e-01 4.34517860412598e-01
6 6.95800781250000e-01 4.84138727188110e-01
7 6.95800781250000e-01 4.84138727188110e-01
8 7.50000000000000e-01 5.62500000000000e-01
9 7.16796875000000e-01 5.13797760009766e-01
10 6.67480468750000e-01 4.45530176162720e-01
11 6.58691406250000e-01 4.33874368667603e-01
12 6.27441406250000e-01 3.93682718276978e-01
13 6.03515625000000e-01 3.64231109619141e-01
14 6.59179687500000e-01 4.34517860412598e-01
15 6.19140625000000e-01 3.83335113525391e-01
16 5.59570312500000e-01 3.13118934631348e-01
17 5.03417968750000e-01 2.53429651260376e-01
18 4.51171875000000e-01 2.03556060791016e-01
19 4.66796875000000e-01 2.17899322509766e-01
20 4.71191406250000e-01 2.22021341323853e-01
21 4.21386718750000e-01 1.77566766738892e-01
22 4.80957031250000e-01 2.31319665908813e-01
23 4.46289062500000e-01 1.99173927307129e-01
24 4.57519531250000e-01 2.09324121475220e-01
25 4.58007812500000e-01 2.09771156311035e-01
26 4.58496093750000e-01 2.10218667984009e-01
27 4.04785156250000e-01 1.63851022720337e-01
28 4.34570312500000e-01 1.88851356506348e-01
29 3.92578125000000e-01 1.54117584228516e-01
30 3.84277343750000e-01 1.47669076919556e-01
31 4.11621093750000e-01 1.69431924819946e-01
32 3.73046875000000e-01 1.39163970947266e-01
33 3.47167968750000e-01 1.20525598526001e-01
34 3.97949218750000e-01 1.58363580703735e-01
35 3.66210937500000e-01 1.34110450744629e-01
36 3.73535156250000e-01 1.39528512954712e-01
37 4.09179687500000e-01 1.67428016662598e-01
38 4.49707031250000e-01 2.02236413955688e-01
39 5.03417968750000e-01 2.53429651260376e-01
40 5.36621093750000e-01 2.87962198257446e-01
41 5.54687500000000e-01 3.07678222656250e-01
42 6.31835937500000e-01 3.99216651916504e-01
43 6.20117187500000e-01 3.84545326232910e-01
44 6.44042968750000e-01 4.14791345596313e-01
45 6.24023437500000e-01 3.89405250549316e-01
46 6.66015625000000e-01 4.43576812744141e-01
47 6.52832031250000e-01 4.26189661026001e-01
48 6.51855468750000e-01 4.24915552139282e-01
49 6.64062500000000e-01 4.40979003906250e-01
50 7.03613281250000e-01 4.95071649551392e-01
51 6.87988281250000e-01 4.73327875137329e-01
52 7.19238281250000e-01 5.17303705215454e-01
53 6.54296875000000e-01 4.28104400634766e-01
54 6.93847656250000e-01 4.81424570083618e-01
55 6.45507812500000e-01 4.16680335998535e-01
56 6.65039062500000e-01 4.42276954650879e-01
57 6.75292968750000e-01 4.56020593643188e-01
58 6.74804687500000e-01 4.55361366271973e-01
59 7.32421875000000e-01 5.36441802978516e-01
60 6.94335937500000e-01 4.82102394104004e-01
61 6.92871093750000e-01 4.80070352554321e-01
62 6.65039062500000e-01 4.42276954650879e-01
63 6.73339843750000e-01 4.53386545181274e-01
64 6.09863281250000e-01 3.71933221817017e-01
65 6.39648437500000e-01 4.09150123596191e-01
66 6.44042968750000e-01 4.14791345596313e-01
67 6.86035156250000e-01 4.70644235610962e-01
68 7.25585937500000e-01 5.26474952697754e-01
69 7.08984375000000e-01 5.02658843994141e-01
70 7.14843750000000e-01 5.11001586914062e-01
71 7.10937500000000e-01 5.05432128906250e-01
72 6.75292968750000e-01 4.56020593643188e-01
73 7.03613281250000e-01 4.95071649551392e-01
74 6.90917968750000e-01 4.77367639541626e-01
75 6.74316406250000e-01 4.54702615737915e-01
76 6.50878906250000e-01 4.23643350601196e-01
77 7.52929687500000e-01 5.66903114318848e-01
78 7.42187500000000e-01 5.50842285156250e-01
79 7.71484375000000e-01 5.95188140869141e-01
80 7.98339843750000e-01 6.37346506118774e-01
81 7.50488281250000e-01 5.63232660293579e-01
82 6.88964843750000e-01 4.74672555923462e-01
83 6.75781250000000e-01 4.56680297851562e-01
84 6.79199218750000e-01 4.61311578750610e-01
85 6.65527343750000e-01 4.42926645278931e-01
86 6.93847656250000e-01 4.81424570083618e-01
87 6.85546875000000e-01 4.69974517822266e-01
88 5.46875000000000e-01 2.99072265625000e-01
89 5.62500000000000e-01 3.16406250000000e-01
90 6.16210937500000e-01 3.79715919494629e-01
91 6.20605468750000e-01 3.85151147842407e-01
92 6.08886718750000e-01 3.70743036270142e-01
93 6.52343750000000e-01 4.25552368164062e-01
94 6.94824218750000e-01 4.82780694961548e-01
95 6.66992187500000e-01 4.44878578186035e-01
96 6.53808593750000e-01 4.27465677261353e-01
97 6.78710937500000e-01 4.60648536682129e-01
98 6.43066406250000e-01 4.13534402847290e-01
99 6.21582031250000e-01 3.86364221572876e-01
100 6.58203125000000e-01 4.33231353759766e-01
101 6.37695312500000e-01 4.06655311584473e-01
102 5.95214843750000e-01 3.54280710220337e-01
103 6.85058593750000e-01 4.69305276870728e-01
104 6.92871093750000e-01 4.80070352554321e-01
105 6.82128906250000e-01 4.65299844741821e-01
106 6.80175781250000e-01 4.62639093399048e-01
107 6.51367187500000e-01 4.24279212951660e-01
108 6.56250000000000e-01 4.30664062500000e-01
109 6.57714843750000e-01 4.32588815689087e-01
110 6.03515625000000e-01 3.64231109619141e-01
111 6.02050781250000e-01 3.62465143203735e-01
112 6.29882812500000e-01 3.96752357482910e-01
113 6.72851562500000e-01 4.52729225158691e-01
114 6.32324218750000e-01 3.99833917617798e-01
115 5.94726562500000e-01 3.53699684143066e-01
116 4.97558593750000e-01 2.47564554214478e-01
117 5.18066406250000e-01 2.68392801284790e-01
118 5.12695312500000e-01 2.62856483459473e-01
119 5.78125000000000e-01 3.34228515625000e-01
120 5.85937500000000e-01 3.43322753906250e-01
121 5.71289062500000e-01 3.26371192932129e-01
122 5.56640625000000e-01 3.09848785400391e-01
123 5.62988281250000e-01 3.16955804824829e-01
124 5.77636718750000e-01 3.33664178848267e-01
125 6.03027343750000e-01 3.63641977310181e-01
126 6.58203125000000e-01 4.33231353759766e-01
127 6.35742187500000e-01 4.04168128967285e-01
128 5.69335937500000e-01 3.24143409729004e-01
129 5.66406250000000e-01 3.20816040039062e-01
130 5.77636718750000e-01 3.33664178848267e-01
131 6.26464843750000e-01 3.92458200454712e-01
132 7.12890625000000e-01 5.08213043212891e-01
133 6.41601562500000e-01 4.11652565002441e-01
134 6.68945312500000e-01 4.47487831115723e-01
135 6.78710937500000e-01 4.60648536682129e-01
136 6.44531250000000e-01 4.15420532226562e-01
137 6.32812500000000e-01 4.00451660156250e-01
138 6.24511718750000e-01 3.90014886856079e-01
139 6.78222656250000e-01 4.59985971450806e-01
140 6.72851562500000e-01 4.52729225158691e-01
141 6.61132812500000e-01 4.37096595764160e-01
142 6.15234375000000e-01 3.78513336181641e-01
143 5.70800781250000e-01 3.25813531875610e-01
144 5.96191406250000e-01 3.55444192886353e-01
145 6.00585937500000e-01 3.60703468322754e-01
146 6.09375000000000e-01 3.71337890625000e-01
147 5.84472656250000e-01 3.41608285903931e-01
148 6.24023437500000e-01 3.89405250549316e-01
149 5.77148437500000e-01 3.33100318908691e-01
150 5.68847656250000e-01 3.23587656021118e-01
151 6.49414062500000e-01 4.21738624572754e-01
152 6.14257812500000e-01 3.77312660217285e-01
153 6.61132812500000e-01 4.37096595764160e-01
154 6.29394531250000e-01 3.96137475967407e-01
155 6.39648437500000e-01 4.09150123596191e-01
156 5.81542968750000e-01 3.38192224502563e-01
157 5.64453125000000e-01 3.18607330322266e-01
158 5.87402343750000e-01 3.45041513442993e-01
159 6.16210937500000e-01 3.79715919494629e-01
160 6.51367187500000e-01 4.24279212951660e-01
161 6.32324218750000e-01 3.99833917617798e-01
162 6.24023437500000e-01 3.89405250549316e-01
163 6.44531250000000e-01 4.15420532226562e-01
164 6.83105468750000e-01 4.66633081436157e-01
165 5.95214843750000e-01 3.54280710220337e-01
166 5.06347656250000e-01 2.56387948989868e-01
167 5.04394531250000e-01 2.54413843154907e-01
168 5.32714843750000e-01 2.83785104751587e-01
169 5.16601562500000e-01 2.66877174377441e-01
170 4.46289062500000e-01 1.99173927307129e-01
171 4.48242187500000e-01 2.00921058654785e-01
172 4.92187500000000e-01 2.42248535156250e-01
173 5.27343750000000e-01 2.78091430664062e-01
174 5.42968750000000e-01 2.94815063476562e-01
175 5.36621093750000e-01 2.87962198257446e-01
176 6.35742187500000e-01 4.04168128967285e-01
177 6.29882812500000e-01 3.96752357482910e-01
178 6.56738281250000e-01 4.31305170059204e-01
179 6.35253906250000e-01 4.03547525405884e-01
180 6.30859375000000e-01 3.97983551025391e-01
181 6.50878906250000e-01 4.23643350601196e-01
182 6.36230468750000e-01 4.04789209365845e-01
183 6.03027343750000e-01 3.63641977310181e-01
184 6.26953125000000e-01 3.93070220947266e-01
185 6.70898437500000e-01 4.50104713439941e-01
186 6.72363281250000e-01 4.52072381973267e-01
187 6.72851562500000e-01 4.52729225158691e-01
188 6.08398437500000e-01 3.70148658752441e-01
189 5.83984375000000e-01 3.41037750244141e-01
190 6.03515625000000e-01 3.64231109619141e-01
191 6.33789062500000e-01 4.01688575744629e-01
192 7.60253906250000e-01 5.77986001968384e-01
193 6.40625000000000e-01 4.10400390625000e-01
194 6.37207031250000e-01 4.06032800674438e-01
195 6.54296875000000e-01 4.28104400634766e-01
196 6.98730468750000e-01 4.88224267959595e-01
197 7.10937500000000e-01 5.05432128906250e-01
198 6.76269531250000e-01 4.57340478897095e-01
199 6.66992187500000e-01 4.44878578186035e-01
200 6.29882812500000e-01 3.96752357482910e-01
201 6.81640625000000e-01 4.64633941650391e-01
202 6.99707031250000e-01 4.89589929580688e-01
203 6.37695312500000e-01 4.06655311584473e-01
204 6.91894531250000e-01 4.78718042373657e-01
205 6.87011718750000e-01 4.71985101699829e-01
206 6.90917968750000e-01 4.77367639541626e-01
207 6.97265625000000e-01 4.86179351806641e-01
208 6.21582031250000e-01 3.86364221572876e-01
209 6.65527343750000e-01 4.42926645278931e-01
210 6.66992187500000e-01 4.44878578186035e-01
211 6.40625000000000e-01 4.10400390625000e-01
212 6.17187500000000e-01 3.80920410156250e-01
213 6.57226562500000e-01 4.31946754455566e-01
214 5.94238281250000e-01 3.53119134902954e-01
215 5.75195312500000e-01 3.30849647521973e-01
216 5.57128906250000e-01 3.10392618179321e-01
217 5.75683593750000e-01 3.31411600112915e-01
218 6.22070312500000e-01 3.86971473693848e-01
219 5.99121093750000e-01 3.58946084976196e-01
220 5.43945312500000e-01 2.95876502990723e-01
221 4.87792968750000e-01 2.37941980361938e-01
222 5.29785156250000e-01 2.80672311782837e-01
223 4.93652343750000e-01 2.43692636489868e-01
224 5.57617187500000e-01 3.10936927795410e-01
225 5.83007812500000e-01 3.39898109436035e-01
226 5.55175781250000e-01 3.08220148086548e-01
227 6.20117187500000e-01 3.84545326232910e-01
228 6.21582031250000e-01 3.86364221572876e-01
229 6.80175781250000e-01 4.62639093399048e-01
230 7.09472656250000e-01 5.03351449966431e-01
231 6.89941406250000e-01 4.76019144058228e-01
232 6.28906250000000e-01 3.95523071289062e-01
233 6.51855468750000e-01 4.24915552139282e-01
234 6.49902343750000e-01 4.22373056411743e-01
235 6.60156250000000e-01 4.35806274414062e-01
236 6.35253906250000e-01 4.03547525405884e-01
237 6.59667968750000e-01 4.35161828994751e-01
238 6.71875000000000e-01 4.51416015625000e-01
239 6.71386718750000e-01 4.50760126113892e-01
240 6.21093750000000e-01 3.85757446289062e-01
241 6.08398437500000e-01 3.70148658752441e-01
242 5.90332031250000e-01 3.48491907119751e-01
243 5.47851562500000e-01 3.00141334533691e-01
244 5.56152343750000e-01 3.09305429458618e-01
245 5.61035156250000e-01 3.14760446548462e-01
246 5.73730468750000e-01 3.29166650772095e-01
247 6.09375000000000e-01 3.71337890625000e-01
248 6.11328125000000e-01 3.73722076416016e-01
249 6.35742187500000e-01 4.04168128967285e-01
250 5.78613281250000e-01 3.34793329238892e-01
251 5.46386718750000e-01 2.98538446426392e-01
252 5.70312500000000e-01 3.25256347656250e-01
253 5.26855468750000e-01 2.77576684951782e-01
254 5.26855468750000e-01 2.77576684951782e-01
255 5.64453125000000e-01 3.18607330322266e-01
256 6.07421875000000e-01 3.68961334228516e-01
257 5.79589843750000e-01 3.35924386978149e-01
258 5.81542968750000e-01 3.38192224502563e-01
259 5.39550781250000e-01 2.91115045547485e-01
260 5.22949218750000e-01 2.73475885391235e-01
261 5.91308593750000e-01 3.49645853042603e-01
262 5.64941406250000e-01 3.19158792495728e-01
263 5.53710937500000e-01 3.06595802307129e-01
264 5.97656250000000e-01 3.57192993164062e-01
265 6.20117187500000e-01 3.84545326232910e-01
266 6.51367187500000e-01 4.24279212951660e-01
267 6.95800781250000e-01 4.84138727188110e-01
268 6.67968750000000e-01 4.46182250976562e-01
269 6.27441406250000e-01 3.93682718276978e-01
270 6.15234375000000e-01 3.78513336181641e-01
271 6.49902343750000e-01 4.22373056411743e-01
272 6.20117187500000e-01 3.84545326232910e-01
273 5.44921875000000e-01 2.96939849853516e-01
274 5.48828125000000e-01 3.01212310791016e-01
275 5.20019531250000e-01 2.70420312881470e-01
276 5.10253906250000e-01 2.60359048843384e-01
277 5.05371093750000e-01 2.55399942398071e-01
278 5.36621093750000e-01 2.87962198257446e-01
279 5.36132812500000e-01 2.87438392639160e-01
280 6.06933593750000e-01 3.68368387222290e-01
281 5.94726562500000e-01 3.53699684143066e-01
282 5.74218750000000e-01 3.29727172851562e-01
283 5.94238281250000e-01 3.53119134902954e-01
284 6.71386718750000e-01 4.50760126113892e-01
285 6.17675781250000e-01 3.81523370742798e-01
286 5.46875000000000e-01 2.99072265625000e-01
287 5.78125000000000e-01 3.34228515625000e-01
288 5.86425781250000e-01 3.43895196914673e-01
289 5.82031250000000e-01 3.38760375976562e-01
290 5.92285156250000e-01 3.50801706314087e-01
291 5.97167968750000e-01 3.56609582901001e-01
292 5.98144531250000e-01 3.57776880264282e-01
293 6.51855468750000e-01 4.24915552139282e-01
294 6.58691406250000e-01 4.33874368667603e-01
295 6.73339843750000e-01 4.53386545181274e-01
296 7.05078125000000e-01 4.97135162353516e-01
297 6.74316406250000e-01 4.54702615737915e-01
298 6.74804687500000e-01 4.55361366271973e-01
299 7.07031250000000e-01 4.99893188476562e-01
300 6.79687500000000e-01 4.61975097656250e-01
301 6.63085937500000e-01 4.39682960510254e-01
302 6.22558593750000e-01 3.87579202651978e-01
303 6.53808593750000e-01 4.27465677261353e-01
304 6.06445312500000e-01 3.67775917053223e-01
305 6.98730468750000e-01 4.88224267959595e-01
306 7.49023437500000e-01 5.61036109924316e-01
307 7.57324218750000e-01 5.73539972305298e-01
308 7.51953125000000e-01 5.65433502197266e-01
309 7.11425781250000e-01 5.06126642227173e-01
310 7.39746093750000e-01 5.47224283218384e-01
311 6.89941406250000e-01 4.76019144058228e-01
312 7.25097656250000e-01 5.25766611099243e-01
313 7.30957031250000e-01 5.34298181533813e-01
314 7.16796875000000e-01 5.13797760009766e-01
315 7.62695312500000e-01 5.81704139709473e-01
316 6.86523437500000e-01 4.71314430236816e-01
317 7.02636718750000e-01 4.93698358535767e-01
318 6.92382812500000e-01 4.79393959045410e-01
319 7.11914062500000e-01 5.06821632385254e-01
320 7.16796875000000e-01 5.13797760009766e-01
321 6.90429687500000e-01 4.76693153381348e-01
322 7.22167968750000e-01 5.21526575088501e-01
323 7.23632812500000e-01 5.23644447326660e-01
324 6.59179687500000e-01 4.34517860412598e-01
325 6.63085937500000e-01 4.39682960510254e-01
326 6.58203125000000e-01 4.33231353759766e-01
327 6.50390625000000e-01 4.23007965087891e-01
328 6.88964843750000e-01 4.74672555923462e-01
329 6.61132812500000e-01 4.37096595764160e-01
330 6.52832031250000e-01 4.26189661026001e-01
331 5.99609375000000e-01 3.59531402587891e-01
332 6.01074218750000e-01 3.61290216445923e-01
333 5.57617187500000e-01 3.10936927795410e-01
334 5.73242187500000e-01 3.28606605529785e-01
335 6.26953125000000e-01 3.93070220947266e-01
336 6.52832031250000e-01 4.26189661026001e-01
337 6.05957031250000e-01 3.67183923721313e-01
338 5.39062500000000e-01 2.90588378906250e-01
339 5.41503906250000e-01 2.93226480484009e-01
340 5.91796875000000e-01 3.50223541259766e-01
341 6.42089843750000e-01 4.12279367446899e-01
342 6.89941406250000e-01 4.76019144058228e-01
343 6.33300781250000e-01 4.01069879531860e-01
344 6.35253906250000e-01 4.03547525405884e-01
345 5.74218750000000e-01 3.29727172851562e-01
346 6.43066406250000e-01 4.13534402847290e-01
347 6.82128906250000e-01 4.65299844741821e-01
348 6.24511718750000e-01 3.90014886856079e-01
349 6.32812500000000e-01 4.00451660156250e-01
350 6.41113281250000e-01 4.11026239395142e-01
351 6.27441406250000e-01 3.93682718276978e-01
352 6.21582031250000e-01 3.86364221572876e-01
353 5.88867187500000e-01 3.46764564514160e-01
354 5.86914062500000e-01 3.44468116760254e-01
355 6.08886718750000e-01 3.70743036270142e-01
356 6.23046875000000e-01 3.88187408447266e-01
357 5.96191406250000e-01 3.55444192886353e-01
358 5.97167968750000e-01 3.56609582901001e-01
359 6.23046875000000e-01 3.88187408447266e-01
360 6.26953125000000e-01 3.93070220947266e-01
361 6.28417968750000e-01 3.94909143447876e-01
362 6.00585937500000e-01 3.60703468322754e-01
363 6.56250000000000e-01 4.30664062500000e-01
364 6.53808593750000e-01 4.27465677261353e-01
365 6.30371093750000e-01 3.97367715835571e-01
366 6.95312500000000e-01 4.83459472656250e-01
367 6.98730468750000e-01 4.88224267959595e-01
368 6.55761718750000e-01 4.30023431777954e-01
369 6.65039062500000e-01 4.42276954650879e-01
370 5.50781250000000e-01 3.03359985351562e-01
371 5.24902343750000e-01 2.75522470474243e-01
372 3.68652343750000e-01 1.35904550552368e-01
373 4.31640625000000e-01 1.86313629150391e-01
374 4.72656250000000e-01 2.23403930664062e-01
375 4.59960937500000e-01 2.11564064025879e-01
376 3.77441406250000e-01 1.42462015151978e-01
377 3.91601562500000e-01 1.53351783752441e-01
378 4.35058593750000e-01 1.89275979995728e-01
379 4.00878906250000e-01 1.60703897476196e-01
380 3.55957031250000e-01 1.26705408096313e-01
381 3.63281250000000e-01 1.31973266601562e-01
382 4.53613281250000e-01 2.05765008926392e-01
383 4.16992187500000e-01 1.73882484436035e-01
384 4.41894531250000e-01 1.95270776748657e-01
385 4.21386718750000e-01 1.77566766738892e-01
386 4.33593750000000e-01 1.88003540039062e-01
387 3.92578125000000e-01 1.54117584228516e-01
388 4.60937500000000e-01 2.12463378906250e-01
389 4.45800781250000e-01 1.98738336563110e-01
390 4.57031250000000e-01 2.08877563476562e-01
391 4.84375000000000e-01 2.34619140625000e-01
392 4.80468750000000e-01 2.30850219726562e-01
393 4.59472656250000e-01 2.11115121841431e-01
394 4.30664062500000e-01 1.85471534729004e-01
395 4.37988281250000e-01 1.91833734512329e-01
396 4.49707031250000e-01 2.02236413955688e-01
397 4.59960937500000e-01 2.11564064025879e-01
398 4.91699218750000e-01 2.41768121719360e-01
399 4.99511718750000e-01 2.49511957168579e-01
400 5.32714843750000e-01 2.83785104751587e-01
401 5.49804687500000e-01 3.02285194396973e-01
402 5.46875000000000e-01 2.99072265625000e-01
403 5.55664062500000e-01 3.08762550354004e-01
404 4.68750000000000e-01 2.19726562500000e-01
405 4.91699218750000e-01 2.41768121719360e-01
406 5.17578125000000e-01 2.67887115478516e-01
407 5.81054687500000e-01 3.37624549865723e-01
408 5.97656250000000e-01 3.57192993164062e-01
409 6.30859375000000e-01 3.97983551025391e-01
410 6.33789062500000e-01 4.01688575744629e-01
411 6.38183593750000e-01 4.07278299331665e-01
412 6.63085937500000e-01 4.39682960510254e-01
413 6.68457031250000e-01 4.46834802627563e-01
414 6.62109375000000e-01 4.38388824462891e-01
415 6.75292968750000e-01 4.56020593643188e-01
416 6.92871093750000e-01 4.80070352554321e-01
417 6.56250000000000e-01 4.30664062500000e-01
418 6.59667968750000e-01 4.35161828994751e-01
419 6.72851562500000e-01 4.52729225158691e-01
420 6.77734375000000e-01 4.59323883056641e-01
421 6.18652343750000e-01 3.82730722427368e-01
422 6.20605468750000e-01 3.85151147842407e-01
423 6.52832031250000e-01 4.26189661026001e-01
424 6.37207031250000e-01 4.06032800674438e-01
425 5.64453125000000e-01 3.18607330322266e-01
426 5.22949218750000e-01 2.73475885391235e-01
427 5.11718750000000e-01 2.61856079101562e-01
428 4.77050781250000e-01 2.27577447891235e-01
429 5.14160156250000e-01 2.64360666275024e-01
430 5.45898437500000e-01 2.98005104064941e-01
431 5.35644531250000e-01 2.86915063858032e-01
432 5.64453125000000e-01 3.18607330322266e-01
433 5.21484375000000e-01 2.71945953369141e-01
434 4.86816406250000e-01 2.36990213394165e-01
435 4.67285156250000e-01 2.18355417251587e-01
436 4.64355468750000e-01 2.15626001358032e-01
437 4.79003906250000e-01 2.29444742202759e-01
438 5.06835937500000e-01 2.56882667541504e-01
439 4.72656250000000e-01 2.23403930664062e-01
440 4.83398437500000e-01 2.33674049377441e-01
441 4.74609375000000e-01 2.25254058837891e-01
442 4.25292968750000e-01 1.80874109268188e-01
443 4.13574218750000e-01 1.71043634414673e-01
444 4.11132812500000e-01 1.69030189514160e-01
445 4.02832031250000e-01 1.62273645401001e-01
446 4.83886718750000e-01 2.34146356582642e-01
447 5.82519531250000e-01 3.39329004287720e-01
448 5.35644531250000e-01 2.86915063858032e-01
449 4.58007812500000e-01 2.09771156311035e-01
450 4.65332031250000e-01 2.16533899307251e-01
451 4.68750000000000e-01 2.19726562500000e-01
452 5.47363281250000e-01 2.99606561660767e-01
453 5.20507812500000e-01 2.70928382873535e-01
454 5.31738281250000e-01 2.82745599746704e-01
455 5.62988281250000e-01 3.16955804824829e-01
456 5.34667968750000e-01 2.85869836807251e-01
457 5.56152343750000e-01 3.09305429458618e-01
458 6.01074218750000e-01 3.61290216445923e-01
459 5.91308593750000e-01 3.49645853042603e-01
460 6.21582031250000e-01 3.86364221572876e-01
461 6.01562500000000e-01 3.61877441406250e-01
462 6.31835937500000e-01 3.99216651916504e-01
463 6.74316406250000e-01 4.54702615737915e-01
464 6.34277343750000e-01 4.02307748794556e-01
465 6.88476562500000e-01 4.73999977111816e-01
466 7.07031250000000e-01 4.99893188476562e-01
467 7.19726562500000e-01 5.18006324768066e-01
468 7.26074218750000e-01 5.27183771133423e-01
469 7.40722656250000e-01 5.48670053482056e-01
470 6.87988281250000e-01 4.73327875137329e-01
471 7.14843750000000e-01 5.11001586914062e-01
472 7.19726562500000e-01 5.18006324768066e-01
473 7.21191406250000e-01 5.20117044448853e-01
474 6.84082031250000e-01 4.67968225479126e-01
475 6.97265625000000e-01 4.86179351806641e-01
476 7.17285156250000e-01 5.14497995376587e-01
477 7.30468750000000e-01 5.33584594726562e-01
478 6.84082031250000e-01 4.67968225479126e-01
479 6.86035156250000e-01 4.70644235610962e-01
480 7.52441406250000e-01 5.66168069839478e-01
481 7.53906250000000e-01 5.68374633789062e-01
482 7.19238281250000e-01 5.17303705215454e-01
483 7.13867187500000e-01 5.09606361389160e-01
484 6.71875000000000e-01 4.51416015625000e-01
485 5.83984375000000e-01 3.41037750244141e-01
486 6.38671875000000e-01 4.07901763916016e-01
487 6.26464843750000e-01 3.92458200454712e-01
488 5.65429687500000e-01 3.19710731506348e-01
489 5.52734375000000e-01 3.05515289306641e-01
490 5.15136718750000e-01 2.65365839004517e-01
491 5.03906250000000e-01 2.53921508789062e-01
492 5.28320312500000e-01 2.79122352600098e-01
493 5.44433593750000e-01 2.96407938003540e-01
494 6.41601562500000e-01 4.11652565002441e-01
495 5.89843750000000e-01 3.47915649414062e-01
496 5.63964843750000e-01 3.18056344985962e-01
497 5.62988281250000e-01 3.16955804824829e-01
498 5.68847656250000e-01 3.23587656021118e-01
499 5.26855468750000e-01 2.77576684951782e-01
500 5.36132812500000e-01 2.87438392639160e-01
501 5.14160156250000e-01 2.64360666275024e-01
502 5.35156250000000e-01 2.86392211914062e-01
503 5.31250000000000e-01 2.82226562500000e-01
504 4.94140625000000e-01 2.44174957275391e-01
505 4.57519531250000e-01 2.09324121475220e-01
506 5.23925781250000e-01 2.74498224258423e-01
507 5.13183593750000e-01 2.63357400894165e-01
508 5.46386718750000e-01 2.98538446426392e-01
509 4.72167968750000e-01 2.22942590713501e-01
510 4.45312500000000e-01 1.98303222656250e-01
511 4.87792968750000e-01 2.37941980361938e-01
512 4.66308593750000e-01 2.17443704605103e-01
513 4.98535156250000e-01 2.48537302017212e-01
514 5.11230468750000e-01 2.61356592178345e-01
515 4.99511718750000e-01 2.49511957168579e-01
516 5.17089843750000e-01 2.67381906509399e-01
517 4.81445312500000e-01 2.31789588928223e-01
518 4.48730468750000e-01 2.01359033584595e-01
519 4.66796875000000e-01 2.17899322509766e-01
520 4.73144531250000e-01 2.23865747451782e-01
521 4.91210937500000e-01 2.41288185119629e-01
522 4.53613281250000e-01 2.05765008926392e-01
523 4.14062500000000e-01 1.71447753906250e-01
524 4.88281250000000e-01 2.38418579101562e-01
525 5.08789062500000e-01 2.58866310119629e-01
526 4.91210937500000e-01 2.41288185119629e-01
527 4.59472656250000e-01 2.11115121841431e-01
528 4.82421875000000e-01 2.32730865478516e-01
529 4.79003906250000e-01 2.29444742202759e-01
530 5.19042968750000e-01 2.69405603408813e-01
531 5.67871093750000e-01 3.22477579116821e-01
532 5.67382812500000e-01 3.21923255920410e-01
533 5.71777343750000e-01 3.26929330825806e-01
534 4.95605468750000e-01 2.45624780654907e-01
535 4.48242187500000e-01 2.00921058654785e-01
536 4.36035156250000e-01 1.90126657485962e-01
537 4.39941406250000e-01 1.93548440933228e-01
538 4.54589843750000e-01 2.06651926040649e-01
539 4.84863281250000e-01 2.35092401504517e-01
540 4.46777343750000e-01 1.99609994888306e-01
541 3.71093750000000e-01 1.37710571289062e-01
542 3.72558593750000e-01 1.38799905776978e-01
543 3.92089843750000e-01 1.53734445571899e-01
544 3.46679687500000e-01 1.20186805725098e-01
545 3.79394531250000e-01 1.43940210342407e-01
546 4.01855468750000e-01 1.61487817764282e-01
547 5.14160156250000e-01 2.64360666275024e-01
548 4.78515625000000e-01 2.28977203369141e-01
549 4.74609375000000e-01 2.25254058837891e-01
550 4.59960937500000e-01 2.11564064025879e-01
551 5.17578125000000e-01 2.67887115478516e-01
552 5.09765625000000e-01 2.59860992431641e-01
553 5.55175781250000e-01 3.08220148086548e-01
554 5.22460937500000e-01 2.72965431213379e-01
555 5.24902343750000e-01 2.75522470474243e-01
556 5.53222656250000e-01 3.06055307388306e-01
557 5.23925781250000e-01 2.74498224258423e-01
558 5.03417968750000e-01 2.53429651260376e-01
559 5.12207031250000e-01 2.62356042861938e-01
560 5.30273437500000e-01 2.81189918518066e-01
561 4.91699218750000e-01 2.41768121719360e-01
562 5.03906250000000e-01 2.53921508789062e-01
563 5.55175781250000e-01 3.08220148086548e-01
564 4.79003906250000e-01 2.29444742202759e-01
565 4.98535156250000e-01 2.48537302017212e-01
566 5.05859375000000e-01 2.55893707275391e-01
567 4.53125000000000e-01 2.05322265625000e-01
568 4.53125000000000e-01 2.05322265625000e-01
569 4.83398437500000e-01 2.33674049377441e-01
570 4.56542968750000e-01 2.08431482315063e-01
571 4.75097656250000e-01 2.25717782974243e-01
572 4.73632812500000e-01 2.24328041076660e-01
573 5.18066406250000e-01 2.68392801284790e-01
574 5.76660156250000e-01 3.32536935806274e-01
575 5.90332031250000e-01 3.48491907119751e-01
576 5.94726562500000e-01 3.53699684143066e-01
577 5.81542968750000e-01 3.38192224502563e-01
578 5.33691406250000e-01 2.84826517105103e-01
579 5.37597656250000e-01 2.89011240005493e-01
580 5.52246093750000e-01 3.04975748062134e-01
581 5.49804687500000e-01 3.02285194396973e-01
582 4.85351562500000e-01 2.35566139221191e-01
583 5.04394531250000e-01 2.54413843154907e-01
584 4.70703125000000e-01 2.21561431884766e-01
585 3.95507812500000e-01 1.56426429748535e-01
586 4.37988281250000e-01 1.91833734512329e-01
587 4.64355468750000e-01 2.15626001358032e-01
588 4.70703125000000e-01 2.21561431884766e-01
589 4.62890625000000e-01 2.14267730712891e-01
590 4.45800781250000e-01 1.98738336563110e-01
591 5.02929687500000e-01 2.52938270568848e-01
592 5.70312500000000e-01 3.25256347656250e-01
593 5.49316406250000e-01 3.01748514175415e-01
594 6.02050781250000e-01 3.62465143203735e-01
595 6.32812500000000e-01 4.00451660156250e-01
596 6.36230468750000e-01 4.04789209365845e-01
597 5.93261718750000e-01 3.51959466934204e-01
598 6.29882812500000e-01 3.96752357482910e-01
599 6.20605468750000e-01 3.85151147842407e-01
600 6.39160156250000e-01 4.08525705337524e-01
601 6.39160156250000e-01 4.08525705337524e-01
602 5.81054687500000e-01 3.37624549865723e-01
603 5.85937500000000e-01 3.43322753906250e-01
604 6.46484375000000e-01 4.17942047119141e-01
605 7.02148437500000e-01 4.93012428283691e-01
606 7.20703125000000e-01 5.19412994384766e-01
607 7.13867187500000e-01 5.09606361389160e-01
608 6.70898437500000e-01 4.50104713439941e-01
609 6.18652343750000e-01 3.82730722427368e-01
610 6.16210937500000e-01 3.79715919494629e-01
611 6.37207031250000e-01 4.06032800674438e-01
612 5.95703125000000e-01 3.54862213134766e-01
613 6.25488281250000e-01 3.91235589981079e-01
614 6.48437500000000e-01 4.20471191406250e-01
615 6.45507812500000e-01 4.16680335998535e-01
616 6.33300781250000e-01 4.01069879531860e-01
617 6.23535156250000e-01 3.88796091079712e-01
618 5.98632812500000e-01 3.58361244201660e-01
619 5.82031250000000e-01 3.38760375976562e-01
620 6.22558593750000e-01 3.87579202651978e-01
621 5.82519531250000e-01 3.39329004287720e-01
622 5.73242187500000e-01 3.28606605529785e-01
623 6.24023437500000e-01 3.89405250549316e-01
624 6.24023437500000e-01 3.89405250549316e-01
625 5.49804687500000e-01 3.02285194396973e-01
626 5.43457031250000e-01 2.95345544815063e-01
627 5.35644531250000e-01 2.86915063858032e-01
628 5.43457031250000e-01 2.95345544815063e-01
629 5.20996093750000e-01 2.71436929702759e-01
630 4.81445312500000e-01 2.31789588928223e-01
631 4.18457031250000e-01 1.75106287002563e-01
632 4.62890625000000e-01 2.14267730712891e-01
633 5.03906250000000e-01 2.53921508789062e-01
634 4.94140625000000e-01 2.44174957275391e-01
635 4.93652343750000e-01 2.43692636489868e-01
636 5.25878906250000e-01 2.76548624038696e-01
637 4.79980468750000e-01 2.30381250381470e-01
638 5.13183593750000e-01 2.63357400894165e-01
639 5.40527343750000e-01 2.92169809341431e-01
640 5.62988281250000e-01 3.16955804824829e-01
641 5.89355468750000e-01 3.47339868545532e-01
642 4.88769531250000e-01 2.38895654678345e-01
643 5.07324218750000e-01 2.57377862930298e-01
644 5.39062500000000e-01 2.90588378906250e-01
645 4.74609375000000e-01 2.25254058837891e-01
646 4.34570312500000e-01 1.88851356506348e-01
647 4.27246093750000e-01 1.82539224624634e-01
648 3.39355468750000e-01 1.15162134170532e-01
649 3.86230468750000e-01 1.49173974990845e-01
650 4.54101562500000e-01 2.06208229064941e-01
651 4.62890625000000e-01 2.14267730712891e-01
652 4.66796875000000e-01 2.17899322509766e-01
653 4.35546875000000e-01 1.89701080322266e-01
654 3.60351562500000e-01 1.29853248596191e-01
655 3.33984375000000e-01 1.11545562744141e-01
656 3.60839843750000e-01 1.30205392837524e-01
657 2.96875000000000e-01 8.81347656250000e-02
658 2.86132812500000e-01 8.18719863891602e-02
659 2.99804687500000e-01 8.98828506469727e-02
660 2.89550781250000e-01 8.38396549224854e-02
661 3.27148437500000e-01 1.07026100158691e-01
662 3.26660156250000e-01 1.06706857681274e-01
663 2.73925781250000e-01 7.50353336334229e-02
664 2.90527343750000e-01 8.44061374664307e-02
665 2.55859375000000e-01 6.54640197753906e-02
666 2.95410156250000e-01 8.72671604156494e-02
667 3.34960937500000e-01 1.12198829650879e-01
668 3.32519531250000e-01 1.10569238662720e-01
669 3.38867187500000e-01 1.14830970764160e-01
670 3.12988281250000e-01 9.79616641998291e-02
671 3.17382812500000e-01 1.00731849670410e-01
672 3.89160156250000e-01 1.51445627212524e-01
673 3.64257812500000e-01 1.32683753967285e-01
674 3.01757812500000e-01 9.10577774047852e-02
675 3.52539062500000e-01 1.24283790588379e-01
676 3.26171875000000e-01 1.06388092041016e-01
677 3.96972656250000e-01 1.57587289810181e-01
678 3.77929687500000e-01 1.42830848693848e-01
679 3.59375000000000e-01 1.29150390625000e-01
680 3.84277343750000e-01 1.47669076919556e-01
681 3.65234375000000e-01 1.33396148681641e-01
682 3.70605468750000e-01 1.37348413467407e-01
683 3.08593750000000e-01 9.52301025390625e-02
684 3.36425781250000e-01 1.13182306289673e-01
685 3.20800781250000e-01 1.02913141250610e-01
686 4.02832031250000e-01 1.62273645401001e-01
687 4.22363281250000e-01 1.78390741348267e-01
688 4.70703125000000e-01 2.21561431884766e-01
689 5.18066406250000e-01 2.68392801284790e-01
690 4.71679687500000e-01 2.22481727600098e-01
691 4.83398437500000e-01 2.33674049377441e-01
692 4.79980468750000e-01 2.30381250381470e-01
693 5.08300781250000e-01 2.58369684219360e-01
694 4.30175781250000e-01 1.85051202774048e-01
695 4.14550781250000e-01 1.71852350234985e-01
696 3.99414062500000e-01 1.59531593322754e-01
697 4.61425781250000e-01 2.12913751602173e-01
698 4.92187500000000e-01 2.42248535156250e-01
699 4.72656250000000e-01 2.23403930664062e-01
700 4.62402343750000e-01 2.13815927505493e-01
701 5.11230468750000e-01 2.61356592178345e-01
702 5.01464843750000e-01 2.51466989517212e-01
703 5.40527343750000e-01 2.92169809341431e-01
704 4.83886718750000e-01 2.34146356582642e-01
705 4.05273437500000e-01 1.64246559143066e-01
706 4.79003906250000e-01 2.29444742202759e-01
707 4.76074218750000e-01 2.26646661758423e-01
708 5.25390625000000e-01 2.76035308837891e-01
709 5.42968750000000e-01 2.94815063476562e-01
710 5.22949218750000e-01 2.73475885391235e-01
711 5.35156250000000e-01 2.86392211914062e-01
712 5.18554687500000e-01 2.68898963928223e-01
713 5.13671875000000e-01 2.63858795166016e-01
714 5.43945312500000e-01 2.95876502990723e-01
715 5.81054687500000e-01 3.37624549865723e-01
716 6.13281250000000e-01 3.76113891601562e-01
717 6.20117187500000e-01 3.84545326232910e-01
718 6.40136718750000e-01 4.09775018692017e-01
719 5.76171875000000e-01 3.31974029541016e-01
720 6.09863281250000e-01 3.71933221817017e-01
721 6.16210937500000e-01 3.79715919494629e-01
722 6.44042968750000e-01 4.14791345596313e-01
723 6.20605468750000e-01 3.85151147842407e-01
724 5.97656250000000e-01 3.57192993164062e-01
725 6.11328125000000e-01 3.73722076416016e-01
726 5.80566406250000e-01 3.37057352066040e-01
727 6.32812500000000e-01 4.00451660156250e-01
728 7.03613281250000e-01 4.95071649551392e-01
729 7.05078125000000e-01 4.97135162353516e-01
730 7.01171875000000e-01 4.91641998291016e-01
731 7.01660156250000e-01 4.92326974868774e-01
732 6.44042968750000e-01 4.14791345596313e-01
733 6.33300781250000e-01 4.01069879531860e-01
734 6.25488281250000e-01 3.91235589981079e-01
735 6.14257812500000e-01 3.77312660217285e-01
736 6.75292968750000e-01 4.56020593643188e-01
737 6.38671875000000e-01 4.07901763916016e-01
738 6.80664062500000e-01 4.63303565979004e-01
739 6.32812500000000e-01 4.00451660156250e-01
740 6.59667968750000e-01 4.35161828994751e-01
741 6.57226562500000e-01 4.31946754455566e-01
742 6.72851562500000e-01 4.52729225158691e-01
743 7.02636718750000e-01 4.93698358535767e-01
744 6.81640625000000e-01 4.64633941650391e-01
745 6.83105468750000e-01 4.66633081436157e-01
746 6.74316406250000e-01 4.54702615737915e-01
747 6.87500000000000e-01 4.72656250000000e-01
748 7.42187500000000e-01 5.50842285156250e-01
749 6.98242187500000e-01 4.87542152404785e-01
750 7.10449218750000e-01 5.04738092422485e-01
751 7.21679687500000e-01 5.20821571350098e-01
752 7.48046875000000e-01 5.59574127197266e-01
753 7.09472656250000e-01 5.03351449966431e-01
754 7.02636718750000e-01 4.93698358535767e-01
755 6.55761718750000e-01 4.30023431777954e-01
756 6.76269531250000e-01 4.57340478897095e-01
757 6.59179687500000e-01 4.34517860412598e-01
758 6.80175781250000e-01 4.62639093399048e-01
759 7.41699218750000e-01 5.50117731094360e-01
760 7.26074218750000e-01 5.27183771133423e-01
761 7.30957031250000e-01 5.34298181533813e-01
762 7.43652343750000e-01 5.53018808364868e-01
763 6.99707031250000e-01 4.89589929580688e-01
764 6.78222656250000e-01 4.59985971450806e-01
765 6.44042968750000e-01 4.14791345596313e-01
766 6.57714843750000e-01 4.32588815689087e-01
767 6.63085937500000e-01 4.39682960510254e-01
768 6.87988281250000e-01 4.73327875137329e-01
769 6.92871093750000e-01 4.80070352554321e-01
770 7.17285156250000e-01 5.14497995376587e-01
771 6.97265625000000e-01 4.86179351806641e-01
772 7.12402343750000e-01 5.07517099380493e-01
773 7.01171875000000e-01 4.91641998291016e-01
774 7.19238281250000e-01 5.17303705215454e-01
775 7.20214843750000e-01 5.18709421157837e-01
776 6.12304687500000e-01 3.74917030334473e-01
777 5.64453125000000e-01 3.18607330322266e-01
778 6.43066406250000e-01 4.13534402847290e-01
779 6.25000000000000e-01 3.90625000000000e-01
780 6.41113281250000e-01 4.11026239395142e-01
781 6.31347656250000e-01 3.98599863052368e-01
782 6.28906250000000e-01 3.95523071289062e-01
783 6.22070312500000e-01 3.86971473693848e-01
784 6.10839843750000e-01 3.73125314712524e-01
785 6.04980468750000e-01 3.66001367568970e-01
786 5.63476562500000e-01 3.17505836486816e-01
787 5.49804687500000e-01 3.02285194396973e-01
788 5.35156250000000e-01 2.86392211914062e-01
789 5.52246093750000e-01 3.04975748062134e-01
790 5.88378906250000e-01 3.46189737319946e-01
791 5.92285156250000e-01 3.50801706314087e-01
792 5.95703125000000e-01 3.54862213134766e-01
793 5.58105468750000e-01 3.11481714248657e-01
794 5.72753906250000e-01 3.28047037124634e-01
795 6.12792968750000e-01 3.75515222549438e-01
796 6.12792968750000e-01 3.75515222549438e-01
797 6.00585937500000e-01 3.60703468322754e-01
798 5.89355468750000e-01 3.47339868545532e-01
799 5.83984375000000e-01 3.41037750244141e-01
800 5.85449218750000e-01 3.42750787734985e-01
801 6.05468750000000e-01 3.66592407226562e-01
802 6.66503906250000e-01 4.44227457046509e-01
803 6.55761718750000e-01 4.30023431777954e-01
804 6.78222656250000e-01 4.59985971450806e-01
805 6.17675781250000e-01 3.81523370742798e-01
806 5.97167968750000e-01 3.56609582901001e-01
807 6.04980468750000e-01 3.66001367568970e-01
808 6.16210937500000e-01 3.79715919494629e-01
809 5.56152343750000e-01 3.09305429458618e-01
810 5.93750000000000e-01 3.52539062500000e-01
811 6.04980468750000e-01 3.66001367568970e-01
812 5.35644531250000e-01 2.86915063858032e-01
813 5.42968750000000e-01 2.94815063476562e-01
814 5.75683593750000e-01 3.31411600112915e-01
815 6.05468750000000e-01 3.66592407226562e-01
816 5.81054687500000e-01 3.37624549865723e-01
817 6.07421875000000e-01 3.68961334228516e-01
818 6.47949218750000e-01 4.19838190078735e-01
819 5.95703125000000e-01 3.54862213134766e-01
820 6.25976562500000e-01 3.91846656799316e-01
821 6.66015625000000e-01 4.43576812744141e-01
822 5.91308593750000e-01 3.49645853042603e-01
823 5.90332031250000e-01 3.48491907119751e-01
824 5.72265625000000e-01 3.27487945556641e-01
825 6.34277343750000e-01 4.02307748794556e-01
826 6.12792968750000e-01 3.75515222549438e-01
827 6.95800781250000e-01 4.84138727188110e-01
828 6.71386718750000e-01 4.50760126113892e-01
829 6.11816406250000e-01 3.74319314956665e-01
830 5.71777343750000e-01 3.26929330825806e-01
831 5.48339843750000e-01 3.00676584243774e-01
832 5.80078125000000e-01 3.36490631103516e-01
833 5.83496093750000e-01 3.40467691421509e-01
834 5.99609375000000e-01 3.59531402587891e-01
835 5.94238281250000e-01 3.53119134902954e-01
836 6.15234375000000e-01 3.78513336181641e-01
837 6.19628906250000e-01 3.83939981460571e-01
838 6.19628906250000e-01 3.83939981460571e-01
839 6.63574218750000e-01 4.40330743789673e-01
840 6.70898437500000e-01 4.50104713439941e-01
841 7.12402343750000e-01 5.07517099380493e-01
842 6.44042968750000e-01 4.14791345596313e-01
843 6.48437500000000e-01 4.20471191406250e-01
844 6.66992187500000e-01 4.44878578186035e-01
845 6.72851562500000e-01 4.52729225158691e-01
846 6.96777343750000e-01 4.85498666763306e-01
847 6.91406250000000e-01 4.78042602539062e-01
848 6.35742187500000e-01 4.04168128967285e-01
849 6.45019531250000e-01 4.16050195693970e-01
850 6.73339843750000e-01 4.53386545181274e-01
851 6.46484375000000e-01 4.17942047119141e-01
852 7.08496093750000e-01 5.01966714859009e-01
853 6.80175781250000e-01 4.62639093399048e-01
854 6.38183593750000e-01 4.07278299331665e-01
855 7.03613281250000e-01 4.95071649551392e-01
856 6.35742187500000e-01 4.04168128967285e-01
857 5.98144531250000e-01 3.57776880264282e-01
858 5.96191406250000e-01 3.55444192886353e-01
859 6.13281250000000e-01 3.76113891601562e-01
860 6.52343750000000e-01 4.25552368164062e-01
861 6.36718750000000e-01 4.05410766601562e-01
862 5.74707031250000e-01 3.30288171768188e-01
863 5.19531250000000e-01 2.69912719726562e-01
864 5.89355468750000e-01 3.47339868545532e-01
865 5.41992187500000e-01 2.93755531311035e-01
866 5.64941406250000e-01 3.19158792495728e-01
867 5.85937500000000e-01 3.43322753906250e-01
868 6.05957031250000e-01 3.67183923721313e-01
869 5.72753906250000e-01 3.28047037124634e-01
870 5.37597656250000e-01 2.89011240005493e-01
871 5.05371093750000e-01 2.55399942398071e-01
872 4.89746093750000e-01 2.39851236343384e-01
873 5.41015625000000e-01 2.92697906494141e-01
874 5.48828125000000e-01 3.01212310791016e-01
875 5.23437500000000e-01 2.73986816406250e-01
876 6.22558593750000e-01 3.87579202651978e-01
877 7.10449218750000e-01 5.04738092422485e-01
878 6.62597656250000e-01 4.39035654067993e-01
879 6.77246093750000e-01 4.58662271499634e-01
880 6.87011718750000e-01 4.71985101699829e-01
881 6.35253906250000e-01 4.03547525405884e-01
882 6.30371093750000e-01 3.97367715835571e-01
883 6.33300781250000e-01 4.01069879531860e-01
884 6.55761718750000e-01 4.30023431777954e-01
885 6.58691406250000e-01 4.33874368667603e-01
886 7.08984375000000e-01 5.02658843994141e-01
887 6.80664062500000e-01 4.63303565979004e-01
888 6.88476562500000e-01 4.73999977111816e-01
889 7.32910156250000e-01 5.37157297134399e-01
890 7.22167968750000e-01 5.21526575088501e-01
891 7.08984375000000e-01 5.02658843994141e-01
892 6.54296875000000e-01 4.28104400634766e-01
893 6.64062500000000e-01 4.40979003906250e-01
894 6.36718750000000e-01 4.05410766601562e-01
895 6.78222656250000e-01 4.59985971450806e-01
896 6.34277343750000e-01 4.02307748794556e-01
897 6.06933593750000e-01 3.68368387222290e-01
898 6.19140625000000e-01 3.83335113525391e-01
899 5.49316406250000e-01 3.01748514175415e-01
900 5.80566406250000e-01 3.37057352066040e-01
901 5.51757812500000e-01 3.04436683654785e-01
902 6.43554687500000e-01 4.14162635803223e-01
903 6.20117187500000e-01 3.84545326232910e-01
904 6.47460937500000e-01 4.19205665588379e-01
905 5.83496093750000e-01 3.40467691421509e-01
906 6.29882812500000e-01 3.96752357482910e-01
907 6.42578125000000e-01 4.12906646728516e-01
908 5.69335937500000e-01 3.24143409729004e-01
909 6.04003906250000e-01 3.64820718765259e-01
910 6.00097656250000e-01 3.60117197036743e-01
911 6.42578125000000e-01 4.12906646728516e-01
912 6.58203125000000e-01 4.33231353759766e-01
913 6.04492187500000e-01 3.65410804748535e-01
914 6.28906250000000e-01 3.95523071289062e-01
915 5.90332031250000e-01 3.48491907119751e-01
916 5.62011718750000e-01 3.15857172012329e-01
917 4.93652343750000e-01 2.43692636489868e-01
918 5.03906250000000e-01 2.53921508789062e-01
919 4.58007812500000e-01 2.09771156311035e-01
920 4.70214843750000e-01 2.21101999282837e-01
921 4.21386718750000e-01 1.77566766738892e-01
922 4.37500000000000e-01 1.91406250000000e-01
923 4.31152343750000e-01 1.85892343521118e-01
924 4.69726562500000e-01 2.20643043518066e-01
925 5.10742187500000e-01 2.60857582092285e-01
926 5.57128906250000e-01 3.10392618179321e-01
927 5.57617187500000e-01 3.10936927795410e-01
928 5.00488281250000e-01 2.50488519668579e-01
929 4.88281250000000e-01 2.38418579101562e-01
930 4.79003906250000e-01 2.29444742202759e-01
931 5.28320312500000e-01 2.79122352600098e-01
932 6.31835937500000e-01 3.99216651916504e-01
933 6.53808593750000e-01 4.27465677261353e-01
934 6.94335937500000e-01 4.82102394104004e-01
935 7.01171875000000e-01 4.91641998291016e-01
936 6.95312500000000e-01 4.83459472656250e-01
937 6.93847656250000e-01 4.81424570083618e-01
938 6.48925781250000e-01 4.21104669570923e-01
939 6.47460937500000e-01 4.19205665588379e-01
940 6.53320312500000e-01 4.26827430725098e-01
941 6.88964843750000e-01 4.74672555923462e-01
942 6.73828125000000e-01 4.54044342041016e-01
943 6.25488281250000e-01 3.91235589981079e-01
944 6.70410156250000e-01 4.49449777603149e-01
945 6.70410156250000e-01 4.49449777603149e-01
946 6.66015625000000e-01 4.43576812744141e-01
947 6.53320312500000e-01 4.26827430725098e-01
948 6.40136718750000e-01 4.09775018692017e-01
949 6.32324218750000e-01 3.99833917617798e-01
950 6.55761718750000e-01 4.30023431777954e-01
951 6.45019531250000e-01 4.16050195693970e-01
952 6.63085937500000e-01 4.39682960510254e-01
953 5.92773437500000e-01 3.51380348205566e-01
954 6.58691406250000e-01 4.33874368667603e-01
955 6.15722656250000e-01 3.79114389419556e-01
956 5.57617187500000e-01 3.10936927795410e-01
957 5.46386718750000e-01 2.98538446426392e-01
958 5.31738281250000e-01 2.82745599746704e-01
959 5.21484375000000e-01 2.71945953369141e-01
960 5.04882812500000e-01 2.54906654357910e-01
961 4.93164062500000e-01 2.43210792541504e-01
962 4.95605468750000e-01 2.45624780654907e-01
963 4.48730468750000e-01 2.01359033584595e-01
964 5.12207031250000e-01 2.62356042861938e-01
965 5.42480468750000e-01 2.94285058975220e-01
966 5.49316406250000e-01 3.01748514175415e-01
967 4.67285156250000e-01 2.18355417251587e-01
968 4.64355468750000e-01 2.15626001358032e-01
969 5.03906250000000e-01 2.53921508789062e-01
970 5.50292968750000e-01 3.02822351455688e-01
971 5.41992187500000e-01 2.93755531311035e-01
972 5.20507812500000e-01 2.70928382873535e-01
973 5.02929687500000e-01 2.52938270568848e-01
974 4.96093750000000e-01 2.46109008789062e-01
975 4.60449218750000e-01 2.12013483047485e-01
976 5.19042968750000e-01 2.69405603408813e-01
977 4.52636718750000e-01 2.04879999160767e-01
978 4.46289062500000e-01 1.99173927307129e-01
979 4.60449218750000e-01 2.12013483047485e-01
980 4.37011718750000e-01 1.90979242324829e-01
981 4.51171875000000e-01 2.03556060791016e-01
982 4.23339843750000e-01 1.79216623306274e-01
983 3.99902343750000e-01 1.59921884536743e-01
984 4.27246093750000e-01 1.82539224624634e-01
985 4.81933593750000e-01 2.32259988784790e-01
986 5.47851562500000e-01 3.00141334533691e-01
987 4.99023437500000e-01 2.49024391174316e-01
988 5.20996093750000e-01 2.71436929702759e-01
989 4.78515625000000e-01 2.28977203369141e-01
990 4.45800781250000e-01 1.98738336563110e-01
991 4.31152343750000e-01 1.85892343521118e-01
992 3.78906250000000e-01 1.43569946289062e-01
993 4.19433593750000e-01 1.75924539566040e-01
994 3.88183593750000e-01 1.50686502456665e-01
995 3.19335937500000e-01 1.01975440979004e-01
996 2.50488281250000e-01 6.27443790435791e-02
997 1.84082031250000e-01 3.38861942291260e-02
998 1.61621093750000e-01 2.61213779449463e-02
999 1.07421875000000e-01 1.15394592285156e-02
