0 6.79199218750000e-01 4.61311578750610e-01
1 6.59667968750000e-01 4.35161828994751e-01
2 6.25976562500000e-01 3.91846656799316e-01
3 6.61621093750000e-01 4.37742471694946e-01
4 6.24023437500000e-01 3.89405250549316e-01
5 5.89843750000000e-01 3.47915649414062e-01
6 4.57031250000000e-01 2.08877563476562e-01
7 5.00976562500000e-01 2.50977516174316e-01
8 5.60546875000000e-01 3.14212799072266e-01
9 5.22949218750000e-01 2.73475885391235e-01
10 5.18066406250000e-01 2.68392801284790e-01
11 5.66894531250000e-01 3.21369409561157e-01
12 6.08398437500000e-01 3.70148658752441e-01
13 5.92773437500000e-01 3.51380348205566e-01
14 6.48437500000000e-01 4.20471191406250e-01
15 5.90820312500000e-01 3.49068641662598e-01
16 5.03906250000000e-01 2.53921508789062e-01
17 5.71289062500000e-01 3.26371192932129e-01
18 5.48339843750000e-01 3.00676584243774e-01
19 5.75195312500000e-01 3.30849647521973e-01
20 5.65429687500000e-01 3.19710731506348e-01
21 5.31738281250000e-01 2.82745599746704e-01
22 5.25878906250000e-01 2.76548624038696e-01
23 5.25878906250000e-01 2.76548624038696e-01
24 5.87890625000000e-01 3.45615386962891e-01
25 5.89843750000000e-01 3.47915649414062e-01
26 6.73828125000000e-01 4.54044342041016e-01
27 6.91406250000000e-01 4.78042602539062e-01
28 7.02148437500000e-01 4.93012428283691e-01
29 7.02636718750000e-01 4.93698358535767e-01
30 6.70410156250000e-01 4.49449777603149e-01
31 6.43066406250000e-01 4.13534402847290e-01
32 6.13769531250000e-01 3.76713037490845e-01
33 5.62988281250000e-01 3.16955804824829e-01
34 5.25878906250000e-01 2.76548624038696e-01
35 5.65917968750000e-01 3.20263147354126e-01
36 5.06835937500000e-01 2.56882667541504e-01
37 3.89160156250000e-01 1.51445627212524e-01
38 3.90136718750000e-01 1.52206659317017e-01
39 4.80468750000000e-01 2.30850219726562e-01
40 4.95605468750000e-01 2.45624780654907e-01
41 5.85937500000000e-01 3.43322753906250e-01
42 5.92285156250000e-01 3.50801706314087e-01
43 6.27929687500000e-01 3.94295692443848e-01
44 6.74316406250000e-01 4.54702615737915e-01
45 6.84570312500000e-01 4.68636512756348e-01
46 6.76269531250000e-01 4.57340478897095e-01
47 6.97753906250000e-01 4.86860513687134e-01
48 6.62597656250000e-01 4.39035654067993e-01
49 6.64550781250000e-01 4.41627740859985e-01
50 6.86035156250000e-01 4.70644235610962e-01
51 6.75292968750000e-01 4.56020593643188e-01
52 6.75292968750000e-01 4.56020593643188e-01
53 7.09472656250000e-01 5.03351449966431e-01
54 6.51855468750000e-01 4.24915552139282e-01
55 6.54785156250000e-01 4.28743600845337e-01
56 7.11425781250000e-01 5.06126642227173e-01
57 6.37695312500000e-01 4.06655311584473e-01
58 6.61621093750000e-01 4.37742471694946e-01
59 6.66992187500000e-01 4.44878578186035e-01
60 6.81152343750000e-01 4.63968515396118e-01
61 7.23144531250000e-01 5.22938013076782e-01
62 7.16308593750000e-01 5.13098001480103e-01
63 7.35351562500000e-01 5.40741920471191e-01
64 7.52929687500000e-01 5.66903114318848e-01
65 7.02148437500000e-01 4.93012428283691e-01
66 6.87011718750000e-01 4.71985101699829e-01
67 6.63085937500000e-01 4.39682960510254e-01
68 7.33398437500000e-01 5.37873268127441e-01
69 7.34375000000000e-01 5.39306640625000e-01
70 6.72851562500000e-01 4.52729225158691e-01
71 6.81152343750000e-01 4.63968515396118e-01
72 6.42578125000000e-01 4.12906646728516e-01
73 6.80175781250000e-01 4.62639093399048e-01
74 6.49414062500000e-01 4.21738624572754e-01
75 6.07421875000000e-01 3.68961334228516e-01
76 5.89355468750000e-01 3.47339868545532e-01
77 5.76171875000000e-01 3.31974029541016e-01
78 6.26464843750000e-01 3.92458200454712e-01
79 5.91796875000000e-01 3.50223541259766e-01
80 5.65917968750000e-01 3.20263147354126e-01
81 5.91796875000000e-01 3.50223541259766e-01
82 5.92773437500000e-01 3.51380348205566e-01
83 6.04492187500000e-01 3.65410804748535e-01
84 6.44042968750000e-01 4.14791345596313e-01
85 6.48437500000000e-01 4.20471191406250e-01
86 6.81640625000000e-01 4.64633941650391e-01
87 6.40136718750000e-01 4.09775018692017e-01
88 6.31347656250000e-01 3.98599863052368e-01
89 6.15234375000000e-01 3.78513336181641e-01
90 5.91796875000000e-01 3.50223541259766e-01
91 5.94238281250000e-01 3.53119134902954e-01
92 6.37207031250000e-01 4.06032800674438e-01
93 5.98144531250000e-01 3.57776880264282e-01
94 6.53808593750000e-01 4.27465677261353e-01
95 6.36718750000000e-01 4.05410766601562e-01
96 6.79199218750000e-01 4.61311578750610e-01
97 7.00195312500000e-01 4.90273475646973e-01
98 7.22656250000000e-01 5.22232055664062e-01
99 6.98730468750000e-01 4.88224267959595e-01
100 6.18652343750000e-01 3.82730722427368e-01
101 6.80175781250000e-01 4.62639093399048e-01
102 6.35742187500000e-01 4.04168128967285e-01
103 6.58203125000000e-01 4.33231353759766e-01
104 6.12304687500000e-01 3.74917030334473e-01
105 6.20117187500000e-01 3.84545326232910e-01
106 5.75195312500000e-01 3.30849647521973e-01
107 5.94238281250000e-01 3.53119134902954e-01
108 6.11328125000000e-01 3.73722076416016e-01
109 5.77148437500000e-01 3.33100318908691e-01
110 6.54296875000000e-01 4.28104400634766e-01
111 6.69921875000000e-01 4.48795318603516e-01
112 6.09863281250000e-01 3.71933221817017e-01
113 5.79101562500000e-01 3.35358619689941e-01
114 5.99121093750000e-01 3.58946084976196e-01
115 6.06933593750000e-01 3.68368387222290e-01
116 5.84472656250000e-01 3.41608285903931e-01
117 5.64453125000000e-01 3.18607330322266e-01
118 5.20996093750000e-01 2.71436929702759e-01
119 5.68847656250000e-01 3.23587656021118e-01
120 5.94238281250000e-01 3.53119134902954e-01
121 5.48339843750000e-01 3.00676584243774e-01
122 5.56152343750000e-01 3.09305429458618e-01
123 4.96093750000000e-01 2.46109008789062e-01
124 5.00000000000000e-01 2.50000000000000e-01
125 4.91699218750000e-01 2.41768121719360e-01
126 5.26855468750000e-01 2.77576684951782e-01
127 5.70312500000000e-01 3.25256347656250e-01
128 6.30859375000000e-01 3.97983551025391e-01
129 6.12304687500000e-01 3.74917030334473e-01
130 6.36230468750000e-01 4.04789209365845e-01
131 6.83105468750000e-01 4.66633081436157e-01
132 7.61718750000000e-01 5.80215454101562e-01
133 7.34863281250000e-01 5.40024042129517e-01
134 7.50488281250000e-01 5.63232660293579e-01
135 7.05566406250000e-01 4.97823953628540e-01
136 7.03613281250000e-01 4.95071649551392e-01
137 6.66992187500000e-01 4.44878578186035e-01
138 6.76757812500000e-01 4.58001136779785e-01
139 6.89941406250000e-01 4.76019144058228e-01
140 6.80175781250000e-01 4.62639093399048e-01
141 6.41113281250000e-01 4.11026239395142e-01
142 6.50878906250000e-01 4.23643350601196e-01
143 6.40625000000000e-01 4.10400390625000e-01
144 7.11914062500000e-01 5.06821632385254e-01
145 7.14843750000000e-01 5.11001586914062e-01
146 6.76757812500000e-01 4.58001136779785e-01
147 7.44628906250000e-01 5.54472208023071e-01
148 7.11425781250000e-01 5.06126642227173e-01
149 7.16308593750000e-01 5.13098001480103e-01
150 7.09472656250000e-01 5.03351449966431e-01
151 7.32421875000000e-01 5.36441802978516e-01
152 6.99218750000000e-01 4.88906860351562e-01
153 6.46972656250000e-01 4.18573617935181e-01
154 6.52832031250000e-01 4.26189661026001e-01
155 6.00097656250000e-01 3.60117197036743e-01
156 6.48925781250000e-01 4.21104669570923e-01
157 6.70898437500000e-01 4.50104713439941e-01
158 6.16699218750000e-01 3.80317926406860e-01
159 6.22070312500000e-01 3.86971473693848e-01
160 6.40625000000000e-01 4.10400390625000e-01
161 7.04101562500000e-01 4.95759010314941e-01
162 7.33398437500000e-01 5.37873268127441e-01
163 6.76269531250000e-01 4.57340478897095e-01
164 6.46484375000000e-01 4.17942047119141e-01
165 6.42578125000000e-01 4.12906646728516e-01
166 6.44042968750000e-01 4.14791345596313e-01
167 6.90917968750000e-01 4.77367639541626e-01
168 7.00683593750000e-01 4.90957498550415e-01
169 6.44042968750000e-01 4.14791345596313e-01
170 6.00585937500000e-01 3.60703468322754e-01
171 6.05468750000000e-01 3.66592407226562e-01
172 6.31835937500000e-01 3.99216651916504e-01
173 6.14257812500000e-01 3.77312660217285e-01
174 6.33789062500000e-01 4.01688575744629e-01
175 6.22070312500000e-01 3.86971473693848e-01
176 6.07910156250000e-01 3.69554758071899e-01
177 5.83007812500000e-01 3.39898109436035e-01
178 5.99609375000000e-01 3.59531402587891e-01
179 5.80566406250000e-01 3.37057352066040e-01
180 5.95703125000000e-01 3.54862213134766e-01
181 6.11328125000000e-01 3.73722076416016e-01
182 5.34667968750000e-01 2.85869836807251e-01
183 4.87304687500000e-01 2.37465858459473e-01
184 4.59960937500000e-01 2.11564064025879e-01
185 4.37500000000000e-01 1.91406250000000e-01
186 4.68750000000000e-01 2.19726562500000e-01
187 4.91699218750000e-01 2.41768121719360e-01
188 4.79492187500000e-01 2.29912757873535e-01
189 4.20410156250000e-01 1.76744699478149e-01
190 4.23828125000000e-01 1.79630279541016e-01
191 3.48632812500000e-01 1.21544837951660e-01
192 4.27246093750000e-01 1.82539224624634e-01
193 4.61425781250000e-01 2.12913751602173e-01
194 4.49707031250000e-01 2.02236413955688e-01
195 4.11621093750000e-01 1.69431924819946e-01
196 4.28710937500000e-01 1.83793067932129e-01
197 4.15527343750000e-01 1.72662973403931e-01
198 4.50683593750000e-01 2.03115701675415e-01
199 4.28710937500000e-01 1.83793067932129e-01
200 4.88281250000000e-01 2.38418579101562e-01
201 4.02343750000000e-01 1.61880493164062e-01
202 4.61914062500000e-01 2.13364601135254e-01
203 5.34179687500000e-01 2.85347938537598e-01
204 5.78613281250000e-01 3.34793329238892e-01
205 5.10742187500000e-01 2.60857582092285e-01
206 4.48242187500000e-01 2.00921058654785e-01
207 3.51562500000000e-01 1.23596191406250e-01
208 2.91503906250000e-01 8.49745273590088e-02
209 2.96386718750000e-01 8.78450870513916e-02
210 3.15917968750000e-01 9.98041629791260e-02
211 3.08593750000000e-01 9.52301025390625e-02
212 3.03710937500000e-01 9.22403335571289e-02
213 2.57324218750000e-01 6.62157535552979e-02
214 3.22753906250000e-01 1.04170083999634e-01
215 3.83789062500000e-01 1.47294044494629e-01
216 4.16015625000000e-01 1.73069000244141e-01
217 4.14062500000000e-01 1.71447753906250e-01
218 4.89746093750000e-01 2.39851236343384e-01
219 4.45800781250000e-01 1.98738336563110e-01
220 4.39453125000000e-01 1.93119049072266e-01
221 4.74609375000000e-01 2.25254058837891e-01
222 5.17578125000000e-01 2.67887115478516e-01
223 4.28222656250000e-01 1.83374643325806e-01
224 4.25781250000000e-01 1.81289672851562e-01
225 4.57031250000000e-01 2.08877563476562e-01
226 4.71191406250000e-01 2.22021341323853e-01
227 4.66308593750000e-01 2.17443704605103e-01
228 4.28710937500000e-01 1.83793067932129e-01
229 4.31640625000000e-01 1.86313629150391e-01
230 4.73144531250000e-01 2.23865747451782e-01
231 4.46777343750000e-01 1.99609994888306e-01
232 4.43359375000000e-01 1.96567535400391e-01
233 3.83789062500000e-01 1.47294044494629e-01
234 3.47167968750000e-01 1.20525598526001e-01
235 4.30175781250000e-01 1.85051202774048e-01
236 4.28710937500000e-01 1.83793067932129e-01
237 4.25781250000000e-01 1.81289672851562e-01
238 4.53613281250000e-01 2.05765008926392e-01
239 4.68261718750000e-01 2.19269037246704e-01
240 4.63378906250000e-01 2.14720010757446e-01
241 4.87304687500000e-01 2.37465858459473e-01
242 4.59960937500000e-01 2.11564064025879e-01
243 5.16113281250000e-01 2.66372919082642e-01
244 5.75195312500000e-01 3.30849647521973e-01
245 5.94238281250000e-01 3.53119134902954e-01
246 5.80078125000000e-01 3.36490631103516e-01
247 6.10351562500000e-01 3.72529029846191e-01
248 5.93261718750000e-01 3.51959466934204e-01
249 6.44042968750000e-01 4.14791345596313e-01
250 6.54785156250000e-01 4.28743600845337e-01
251 6.31347656250000e-01 3.98599863052368e-01
252 5.69824218750000e-01 3.24699640274048e-01
253 5.71289062500000e-01 3.26371192932129e-01
254 5.88867187500000e-01 3.46764564514160e-01
255 5.44433593750000e-01 2.96407938003540e-01
256 5.22460937500000e-01 2.72965431213379e-01
257 5.33691406250000e-01 2.84826517105103e-01
258 5.42480468750000e-01 2.94285058975220e-01
259 5.70800781250000e-01 3.25813531875610e-01
260 5.73730468750000e-01 3.29166650772095e-01
261 5.43457031250000e-01 2.95345544815063e-01
262 5.19042968750000e-01 2.69405603408813e-01
263 5.86425781250000e-01 3.43895196914673e-01
264 5.74218750000000e-01 3.29727172851562e-01
265 4.87304687500000e-01 2.37465858459473e-01
266 4.79980468750000e-01 2.30381250381470e-01
267 4.52148437500000e-01 2.04438209533691e-01
268 4.89257812500000e-01 2.39373207092285e-01
269 4.70703125000000e-01 2.21561431884766e-01
270 5.32714843750000e-01 2.83785104751587e-01
271 5.86914062500000e-01 3.44468116760254e-01
272 5.80078125000000e-01 3.36490631103516e-01
273 6.06445312500000e-01 3.67775917053223e-01
274 5.58105468750000e-01 3.11481714248657e-01
275 5.67871093750000e-01 3.22477579116821e-01
276 5.81054687500000e-01 3.37624549865723e-01
277 5.41015625000000e-01 2.92697906494141e-01
278 4.85351562500000e-01 2.35566139221191e-01
279 5.15625000000000e-01 2.65869140625000e-01
280 4.16015625000000e-01 1.73069000244141e-01
281 4.51660156250000e-01 2.03996896743774e-01
282 4.77050781250000e-01 2.27577447891235e-01
283 3.99902343750000e-01 1.59921884536743e-01
284 4.51660156250000e-01 2.03996896743774e-01
285 3.94531250000000e-01 1.55654907226562e-01
286 3.52539062500000e-01 1.24283790588379e-01
287 3.29589843750000e-01 1.08629465103149e-01
288 3.44726562500000e-01 1.18836402893066e-01
289 3.04199218750000e-01 9.25371646881104e-02
290 3.57910156250000e-01 1.28099679946899e-01
291 4.02343750000000e-01 1.61880493164062e-01
292 3.59863281250000e-01 1.29501581192017e-01
293 3.44238281250000e-01 1.18499994277954e-01
294 3.61328125000000e-01 1.30558013916016e-01
295 3.48144531250000e-01 1.21204614639282e-01
296 3.36914062500000e-01 1.13511085510254e-01
297 3.17871093750000e-01 1.01042032241821e-01
298 3.86718750000000e-01 1.49551391601562e-01
299 4.23339843750000e-01 1.79216623306274e-01
300 4.52636718750000e-01 2.04879999160767e-01
301 4.02832031250000e-01 1.62273645401001e-01
302 3.88671875000000e-01 1.51065826416016e-01
303 3.66210937500000e-01 1.34110450744629e-01
304 2.78808593750000e-01 7.77342319488525e-02
305 3.11035156250000e-01 9.67428684234619e-02
306 3.01757812500000e-01 9.10577774047852e-02
307 4.11621093750000e-01 1.69431924819946e-01
308 4.78515625000000e-01 2.28977203369141e-01
309 5.62988281250000e-01 3.16955804824829e-01
310 6.79687500000000e-01 4.61975097656250e-01
311 6.92382812500000e-01 4.79393959045410e-01
312 7.38281250000000e-01 5.45059204101562e-01
313 6.66503906250000e-01 4.44227457046509e-01
314 7.31933593750000e-01 5.35726785659790e-01
315 6.74804687500000e-01 4.55361366271973e-01
316 7.01660156250000e-01 4.92326974868774e-01
317 7.35351562500000e-01 5.40741920471191e-01
318 7.75390625000000e-01 6.01230621337891e-01
319 7.28515625000000e-01 5.30735015869141e-01
320 7.11425781250000e-01 5.06126642227173e-01
321 7.22167968750000e-01 5.21526575088501e-01
322 7.00195312500000e-01 4.90273475646973e-01
323 6.60644531250000e-01 4.36451196670532e-01
324 6.96777343750000e-01 4.85498666763306e-01
325 6.62109375000000e-01 4.38388824462891e-01
326 6.18652343750000e-01 3.82730722427368e-01
327 6.32812500000000e-01 4.00451660156250e-01
328 5.75683593750000e-01 3.31411600112915e-01
329 5.97167968750000e-01 3.56609582901001e-01
330 5.98632812500000e-01 3.58361244201660e-01
331 5.86425781250000e-01 3.43895196914673e-01
332 6.05468750000000e-01 3.66592407226562e-01
333 6.77734375000000e-01 4.59323883056641e-01
334 6.99707031250000e-01 4.89589929580688e-01
335 7.35351562500000e-01 5.40741920471191e-01
336 7.92968750000000e-01 6.28799438476562e-01
337 7.33886718750000e-01 5.38589715957642e-01
338 7.31933593750000e-01 5.35726785659790e-01
339 6.98730468750000e-01 4.88224267959595e-01
340 7.22167968750000e-01 5.21526575088501e-01
341 7.49023437500000e-01 5.61036109924316e-01
342 7.17773437500000e-01 5.15198707580566e-01
343 7.65136718750000e-01 5.85434198379517e-01
344 7.82226562500000e-01 6.11878395080566e-01
345 7.32421875000000e-01 5.36441802978516e-01
346 7.07519531250000e-01 5.00583887100220e-01
347 7.40234375000000e-01 5.47946929931641e-01
348 7.37792968750000e-01 5.44338464736938e-01
349 6.91894531250000e-01 4.78718042373657e-01
350 5.94238281250000e-01 3.53119134902954e-01
351 5.71289062500000e-01 3.26371192932129e-01
352 5.99121093750000e-01 3.58946084976196e-01
353 6.44042968750000e-01 4.14791345596313e-01
354 6.28906250000000e-01 3.95523071289062e-01
355 6.27441406250000e-01 3.93682718276978e-01
356 5.90332031250000e-01 3.48491907119751e-01
357 5.86914062500000e-01 3.44468116760254e-01
358 5.66894531250000e-01 3.21369409561157e-01
359 5.27832031250000e-01 2.78606653213501e-01
360 5.14648437500000e-01 2.64863014221191e-01
361 5.14160156250000e-01 2.64360666275024e-01
362 4.66796875000000e-01 2.17899322509766e-01
363 4.61914062500000e-01 2.13364601135254e-01
364 4.08203125000000e-01 1.66629791259766e-01
365 4.16503906250000e-01 1.73475503921509e-01
366 4.37988281250000e-01 1.91833734512329e-01
367 4.89257812500000e-01 2.39373207092285e-01
368 4.50683593750000e-01 2.03115701675415e-01
369 4.12109375000000e-01 1.69834136962891e-01
370 3.51074218750000e-01 1.23253107070923e-01
371 3.61328125000000e-01 1.30558013916016e-01
372 3.95507812500000e-01 1.56426429748535e-01
373 3.22753906250000e-01 1.04170083999634e-01
374 3.11035156250000e-01 9.67428684234619e-02
375 3.57421875000000e-01 1.27750396728516e-01
376 3.39355468750000e-01 1.15162134170532e-01
377 3.85253906250000e-01 1.48420572280884e-01
378 3.45703125000000e-01 1.19510650634766e-01
379 3.21777343750000e-01 1.03540658950806e-01
380 3.69140625000000e-01 1.36264801025391e-01
381 3.77929687500000e-01 1.42830848693848e-01
382 4.09667968750000e-01 1.67827844619751e-01
383 4.81445312500000e-01 2.31789588928223e-01
384 4.53613281250000e-01 2.05765008926392e-01
385 4.81933593750000e-01 2.32259988784790e-01
386 4.50195312500000e-01 2.02675819396973e-01
387 4.77050781250000e-01 2.27577447891235e-01
388 4.36035156250000e-01 1.90126657485962e-01
389 4.19433593750000e-01 1.75924539566040e-01
390 3.62304687500000e-01 1.31264686584473e-01
391 3.97949218750000e-01 1.58363580703735e-01
392 3.06640625000000e-01 9.40284729003906e-02
393 3.84765625000000e-01 1.48044586181641e-01
394 4.02832031250000e-01 1.62273645401001e-01
395 4.32617187500000e-01 1.87157630920410e-01
396 3.94042968750000e-01 1.55269861221313e-01
397 3.23730468750000e-01 1.04801416397095e-01
398 3.44238281250000e-01 1.18499994277954e-01
399 2.83203125000000e-01 8.02040100097656e-02
400 2.22167968750000e-01 4.93586063385010e-02
401 1.83593750000000e-01 3.37066650390625e-02
402 1.40136718750000e-01 1.96382999420166e-02
403 1.30859375000000e-01 1.71241760253906e-02
404 8.93554687500000e-02 7.98439979553223e-03
405 7.22656250000000e-02 5.22232055664062e-03
406 1.12304687500000e-02 1.26123428344727e-04
407 1.26953125000000e-02 1.61170959472656e-04
408 6.83593750000000e-03 4.67300415039062e-05
409 1.70898437500000e-02 2.92062759399414e-04
410 5.95703125000000e-02 3.54862213134766e-03
411 4.73632812500000e-02 2.24328041076660e-03
412 4.39453125000000e-03 1.93119049072266e-05
413 5.37109375000000e-02 2.88486480712891e-03
414 4.88281250000000e-03 2.38418579101562e-05
415 1.85546875000000e-02 3.44276428222656e-04
416 1.95312500000000e-03 3.81469726562500e-06
417 1.41601562500000e-02 2.00510025024414e-04
418 4.63867187500000e-02 2.15172767639160e-03
419 2.83203125000000e-02 8.02040100097656e-04
420 7.51953125000000e-02 5.65433502197266e-03
421 3.17382812500000e-02 1.00731849670410e-03
422 3.41796875000000e-02 1.16825103759766e-03
423 1.46484375000000e-02 2.14576721191406e-04
424 6.49414062500000e-02 4.21738624572754e-03
425 6.49414062500000e-02 4.21738624572754e-03
426 8.59375000000000e-02 7.38525390625000e-03
427 6.54296875000000e-02 4.28104400634766e-03
428 1.37695312500000e-01 1.89599990844727e-02
429 1.63574218750000e-01 2.67565250396729e-02
430 1.73828125000000e-01 3.02162170410156e-02
431 2.29492187500000e-01 5.26666641235352e-02
432 2.29003906250000e-01 5.24427890777588e-02
433 2.46582031250000e-01 6.08026981353760e-02
434 2.24609375000000e-01 5.04493713378906e-02
435 2.00195312500000e-01 4.00781631469727e-02
436 2.42187500000000e-01 5.86547851562500e-02
437 2.27050781250000e-01 5.15520572662354e-02
438 2.26562500000000e-01 5.13305664062500e-02
439 2.63183593750000e-01 6.92656040191650e-02
440 2.70996093750000e-01 7.34388828277588e-02
441 3.56445312500000e-01 1.27053260803223e-01
442 4.16015625000000e-01 1.73069000244141e-01
443 4.49218750000000e-01 2.01797485351562e-01
444 3.66210937500000e-01 1.34110450744629e-01
445 3.91601562500000e-01 1.53351783752441e-01
446 3.92089843750000e-01 1.53734445571899e-01
447 4.41406250000000e-01 1.94839477539062e-01
448 4.26757812500000e-01 1.82122230529785e-01
449 4.79003906250000e-01 2.29444742202759e-01
450 4.80468750000000e-01 2.30850219726562e-01
451 4.32128906250000e-01 1.86735391616821e-01
452 4.56054687500000e-01 2.07985877990723e-01
453 4.25292968750000e-01 1.80874109268188e-01
454 3.99414062500000e-01 1.59531593322754e-01
455 5.13183593750000e-01 2.63357400894165e-01
456 5.34667968750000e-01 2.85869836807251e-01
457 5.38574218750000e-01 2.90062189102173e-01
458 5.65429687500000e-01 3.19710731506348e-01
459 5.71289062500000e-01 3.26371192932129e-01
460 5.85937500000000e-01 3.43322753906250e-01
461 5.77636718750000e-01 3.33664178848267e-01
462 5.70800781250000e-01 3.25813531875610e-01
463 5.37597656250000e-01 2.89011240005493e-01
464 5.16113281250000e-01 2.66372919082642e-01
465 4.62890625000000e-01 2.14267730712891e-01
466 4.12597656250000e-01 1.70236825942993e-01
467 5.20019531250000e-01 2.70420312881470e-01
468 5.23925781250000e-01 2.74498224258423e-01
469 5.08300781250000e-01 2.58369684219360e-01
470 4.20410156250000e-01 1.76744699478149e-01
471 4.46777343750000e-01 1.99609994888306e-01
472 4.43359375000000e-01 1.96567535400391e-01
473 4.59960937500000e-01 2.11564064025879e-01
474 4.67773437500000e-01 2.18811988830566e-01
475 4.59960937500000e-01 2.11564064025879e-01
476 5.58105468750000e-01 3.11481714248657e-01
477 6.19140625000000e-01 3.83335113525391e-01
478 6.50878906250000e-01 4.23643350601196e-01
479 5.68359375000000e-01 3.23032379150391e-01
480 6.11816406250000e-01 3.74319314956665e-01
481 6.55761718750000e-01 4.30023431777954e-01
482 6.63574218750000e-01 4.40330743789673e-01
483 6.76757812500000e-01 4.58001136779785e-01
484 7.07031250000000e-01 4.99893188476562e-01
485 7.14843750000000e-01 5.11001586914062e-01
486 6.59667968750000e-01 4.35161828994751e-01
487 6.73828125000000e-01 4.54044342041016e-01
488 7.15820312500000e-01 5.12398719787598e-01
489 6.88964843750000e-01 4.74672555923462e-01
490 6.59667968750000e-01 4.35161828994751e-01
491 7.40722656250000e-01 5.48670053482056e-01
492 6.90429687500000e-01 4.76693153381348e-01
493 7.04101562500000e-01 4.95759010314941e-01
494 6.98242187500000e-01 4.87542152404785e-01
495 7.24121093750000e-01 5.24351358413696e-01
496 7.04101562500000e-01 4.95759010314941e-01
497 7.36328125000000e-01 5.42179107666016e-01
498 6.78710937500000e-01 4.60648536682129e-01
499 6.77734375000000e-01 4.59323883056641e-01
500 6.49902343750000e-01 4.22373056411743e-01
501 7.22656250000000e-01 5.22232055664062e-01
502 7.15820312500000e-01 5.12398719787598e-01
503 6.72851562500000e-01 4.52729225158691e-01
504 6.77734375000000e-01 4.59323883056641e-01
505 6.13281250000000e-01 3.76113891601562e-01
506 5.41015625000000e-01 2.92697906494141e-01
507 5.69335937500000e-01 3.24143409729004e-01
508 5.30273437500000e-01 2.81189918518066e-01
509 5.78125000000000e-01 3.34228515625000e-01
510 6.33300781250000e-01 4.01069879531860e-01
511 6.10351562500000e-01 3.72529029846191e-01
512 6.54785156250000e-01 4.28743600845337e-01
513 6.92382812500000e-01 4.79393959045410e-01
514 6.45019531250000e-01 4.16050195693970e-01
515 6.93847656250000e-01 4.81424570083618e-01
516 6.78222656250000e-01 4.59985971450806e-01
517 7.24609375000000e-01 5.25058746337891e-01
518 6.89453125000000e-01 4.75345611572266e-01
519 6.77246093750000e-01 4.58662271499634e-01
520 6.53808593750000e-01 4.27465677261353e-01
521 6.52832031250000e-01 4.26189661026001e-01
522 5.82031250000000e-01 3.38760375976562e-01
523 5.72265625000000e-01 3.27487945556641e-01
524 6.38671875000000e-01 4.07901763916016e-01
525 5.97656250000000e-01 3.57192993164062e-01
526 5.69335937500000e-01 3.24143409729004e-01
527 5.53710937500000e-01 3.06595802307129e-01
528 5.26367187500000e-01 2.77062416076660e-01
529 5.67871093750000e-01 3.22477579116821e-01
530 5.78613281250000e-01 3.34793329238892e-01
531 5.32226562500000e-01 2.83265113830566e-01
532 6.14257812500000e-01 3.77312660217285e-01
533 6.11816406250000e-01 3.74319314956665e-01
534 6.17187500000000e-01 3.80920410156250e-01
535 6.62597656250000e-01 4.39035654067993e-01
536 6.04492187500000e-01 3.65410804748535e-01
537 6.17675781250000e-01 3.81523370742798e-01
538 6.00097656250000e-01 3.60117197036743e-01
539 5.94726562500000e-01 3.53699684143066e-01
540 5.35644531250000e-01 2.86915063858032e-01
541 5.75195312500000e-01 3.30849647521973e-01
542 6.40625000000000e-01 4.10400390625000e-01
543 6.04980468750000e-01 3.66001367568970e-01
544 5.96191406250000e-01 3.55444192886353e-01
545 5.79589843750000e-01 3.35924386978149e-01
546 5.84960937500000e-01 3.42179298400879e-01
547 6.68457031250000e-01 4.46834802627563e-01
548 6.34277343750000e-01 4.02307748794556e-01
549 6.16210937500000e-01 3.79715919494629e-01
550 5.88867187500000e-01 3.46764564514160e-01
551 6.04492187500000e-01 3.65410804748535e-01
552 5.77636718750000e-01 3.33664178848267e-01
553 5.03417968750000e-01 2.53429651260376e-01
554 4.43359375000000e-01 1.96567535400391e-01
555 4.21386718750000e-01 1.77566766738892e-01
556 4.14062500000000e-01 1.71447753906250e-01
557 3.96972656250000e-01 1.57587289810181e-01
558 3.62792968750000e-01 1.31618738174438e-01
559 3.07128906250000e-01 9.43281650543213e-02
560 3.21777343750000e-01 1.03540658950806e-01
561 2.77343750000000e-01 7.69195556640625e-02
562 3.71093750000000e-01 1.37710571289062e-01
563 3.30566406250000e-01 1.09274148941040e-01
564 2.89550781250000e-01 8.38396549224854e-02
565 3.37402343750000e-01 1.13840341567993e-01
566 2.97851562500000e-01 8.87155532836914e-02
567 3.41308593750000e-01 1.16491556167603e-01
568 3.66699218750000e-01 1.34468317031860e-01
569 3.69140625000000e-01 1.36264801025391e-01
570 3.28125000000000e-01 1.07666015625000e-01
571 3.43261718750000e-01 1.17828607559204e-01
572 4.04785156250000e-01 1.63851022720337e-01
573 3.92578125000000e-01 1.54117584228516e-01
574 4.01367187500000e-01 1.61095619201660e-01
575 4.20410156250000e-01 1.76744699478149e-01
576 4.34082031250000e-01 1.88427209854126e-01
577 4.80468750000000e-01 2.30850219726562e-01
578 5.36132812500000e-01 2.87438392639160e-01
579 4.51171875000000e-01 2.03556060791016e-01
580 4.20410156250000e-01 1.76744699478149e-01
581 4.60449218750000e-01 2.12013483047485e-01
582 4.89257812500000e-01 2.39373207092285e-01
583 4.91210937500000e-01 2.41288185119629e-01
584 5.34667968750000e-01 2.85869836807251e-01
585 5.00976562500000e-01 2.50977516174316e-01
586 5.18554687500000e-01 2.68898963928223e-01
587 4.96582031250000e-01 2.46593713760376e-01
588 4.83398437500000e-01 2.33674049377441e-01
589 4.78515625000000e-01 2.28977203369141e-01
590 5.42480468750000e-01 2.94285058975220e-01
591 5.73242187500000e-01 3.28606605529785e-01
592 5.30761718750000e-01 2.81708002090454e-01
593 5.28808593750000e-01 2.79638528823853e-01
594 5.70312500000000e-01 3.25256347656250e-01
595 6.23046875000000e-01 3.88187408447266e-01
596 6.06933593750000e-01 3.68368387222290e-01
597 6.15722656250000e-01 3.79114389419556e-01
598 6.10839843750000e-01 3.73125314712524e-01
599 6.14257812500000e-01 3.77312660217285e-01
600 5.69335937500000e-01 3.24143409729004e-01
601 6.25488281250000e-01 3.91235589981079e-01
602 5.68359375000000e-01 3.23032379150391e-01
603 5.31250000000000e-01 2.82226562500000e-01
604 6.26953125000000e-01 3.93070220947266e-01
605 6.10839843750000e-01 3.73125314712524e-01
606 6.27929687500000e-01 3.94295692443848e-01
607 6.77246093750000e-01 4.58662271499634e-01
608 6.22070312500000e-01 3.86971473693848e-01
609 6.28417968750000e-01 3.94909143447876e-01
610 6.45507812500000e-01 4.16680335998535e-01
611 6.26953125000000e-01 3.93070220947266e-01
612 6.87500000000000e-01 4.72656250000000e-01
613 6.92871093750000e-01 4.80070352554321e-01
614 6.28906250000000e-01 3.95523071289062e-01
615 6.23046875000000e-01 3.88187408447266e-01
616 6.39160156250000e-01 4.08525705337524e-01
617 6.08886718750000e-01 3.70743036270142e-01
618 5.99121093750000e-01 3.58946084976196e-01
619 6.17187500000000e-01 3.80920410156250e-01
620 6.85058593750000e-01 4.69305276870728e-01
621 6.77734375000000e-01 4.59323883056641e-01
622 6.81152343750000e-01 4.63968515396118e-01
623 7.44140625000000e-01 5.53745269775391e-01
624 6.18164062500000e-01 3.82126808166504e-01
625 5.74218750000000e-01 3.29727172851562e-01
626 6.04980468750000e-01 3.66001367568970e-01
627 5.77148437500000e-01 3.33100318908691e-01
628 5.96679687500000e-01 3.56026649475098e-01
629 5.83496093750000e-01 3.40467691421509e-01
630 6.45507812500000e-01 4.16680335998535e-01
631 6.08398437500000e-01 3.70148658752441e-01
632 6.60644531250000e-01 4.36451196670532e-01
633 6.36230468750000e-01 4.04789209365845e-01
634 6.30371093750000e-01 3.97367715835571e-01
635 6.78710937500000e-01 4.60648536682129e-01
636 6.58203125000000e-01 4.33231353759766e-01
637 6.51855468750000e-01 4.24915552139282e-01
638 6.63085937500000e-01 4.39682960510254e-01
639 6.73828125000000e-01 4.54044342041016e-01
640 6.08398437500000e-01 3.70148658752441e-01
641 6.81640625000000e-01 4.64633941650391e-01
642 6.16210937500000e-01 3.79715919494629e-01
643 6.13281250000000e-01 3.76113891601562e-01
644 6.55761718750000e-01 4.30023431777954e-01
645 6.26464843750000e-01 3.92458200454712e-01
646 5.74218750000000e-01 3.29727172851562e-01
647 5.51757812500000e-01 3.04436683654785e-01
648 5.92773437500000e-01 3.51380348205566e-01
649 5.39550781250000e-01 2.91115045547485e-01
650 5.06835937500000e-01 2.56882667541504e-01
651 5.62500000000000e-01 3.16406250000000e-01
652 5.58105468750000e-01 3.11481714248657e-01
653 5.79101562500000e-01 3.35358619689941e-01
654 5.78613281250000e-01 3.34793329238892e-01
655 5.15136718750000e-01 2.65365839004517e-01
656 5.58105468750000e-01 3.11481714248657e-01
657 5.12695312500000e-01 2.62856483459473e-01
658 5.37597656250000e-01 2.89011240005493e-01
659 4.68261718750000e-01 2.19269037246704e-01
660 4.82910156250000e-01 2.33202219009399e-01
661 5.47363281250000e-01 2.99606561660767e-01
662 5.46386718750000e-01 2.98538446426392e-01
663 5.88378906250000e-01 3.46189737319946e-01
664 6.42578125000000e-01 4.12906646728516e-01
665 6.05957031250000e-01 3.67183923721313e-01
666 5.76660156250000e-01 3.32536935806274e-01
667 5.64941406250000e-01 3.19158792495728e-01
668 5.18554687500000e-01 2.68898963928223e-01
669 5.40527343750000e-01 2.92169809341431e-01
670 5.23925781250000e-01 2.74498224258423e-01
671 5.26367187500000e-01 2.77062416076660e-01
672 5.12695312500000e-01 2.62856483459473e-01
673 5.70800781250000e-01 3.25813531875610e-01
674 4.82421875000000e-01 2.32730865478516e-01
675 4.78515625000000e-01 2.28977203369141e-01
676 4.17480468750000e-01 1.74289941787720e-01
677 4.56054687500000e-01 2.07985877990723e-01
678 4.83886718750000e-01 2.34146356582642e-01
679 5.29296875000000e-01 2.80155181884766e-01
680 5.70312500000000e-01 3.25256347656250e-01
681 5.58593750000000e-01 3.12026977539062e-01
682 5.59082031250000e-01 3.12572717666626e-01
683 5.86914062500000e-01 3.44468116760254e-01
684 5.82031250000000e-01 3.38760375976562e-01
685 5.46875000000000e-01 2.99072265625000e-01
686 5.38574218750000e-01 2.90062189102173e-01
687 6.04492187500000e-01 3.65410804748535e-01
688 6.19140625000000e-01 3.83335113525391e-01
689 6.47949218750000e-01 4.19838190078735e-01
690 6.22070312500000e-01 3.86971473693848e-01
691 6.31835937500000e-01 3.99216651916504e-01
692 5.74707031250000e-01 3.30288171768188e-01
693 5.72265625000000e-01 3.27487945556641e-01
694 5.98632812500000e-01 3.58361244201660e-01
695 6.23046875000000e-01 3.88187408447266e-01
696 6.08398437500000e-01 3.70148658752441e-01
697 6.73339843750000e-01 4.53386545181274e-01
698 6.32812500000000e-01 4.00451660156250e-01
699 6.00097656250000e-01 3.60117197036743e-01
700 5.96191406250000e-01 3.55444192886353e-01
701 5.05859375000000e-01 2.55893707275391e-01
702 4.97558593750000e-01 2.47564554214478e-01
703 5.09765625000000e-01 2.59860992431641e-01
704 5.94238281250000e-01 3.53119134902954e-01
705 6.17675781250000e-01 3.81523370742798e-01
706 6.33300781250000e-01 4.01069879531860e-01
707 6.88476562500000e-01 4.73999977111816e-01
708 7.10937500000000e-01 5.05432128906250e-01
709 6.64550781250000e-01 4.41627740859985e-01
710 7.25097656250000e-01 5.25766611099243e-01
711 6.75292968750000e-01 4.56020593643188e-01
712 6.44531250000000e-01 4.15420532226562e-01
713 6.47460937500000e-01 4.19205665588379e-01
714 5.89843750000000e-01 3.47915649414062e-01
715 6.21582031250000e-01 3.86364221572876e-01
716 6.22558593750000e-01 3.87579202651978e-01
717 6.61132812500000e-01 4.37096595764160e-01
718 6.51367187500000e-01 4.24279212951660e-01
719 6.65039062500000e-01 4.42276954650879e-01
720 5.93261718750000e-01 3.51959466934204e-01
721 6.07910156250000e-01 3.69554758071899e-01
722 6.03027343750000e-01 3.63641977310181e-01
723 5.99121093750000e-01 3.58946084976196e-01
724 6.04980468750000e-01 3.66001367568970e-01
725 5.61035156250000e-01 3.14760446548462e-01
726 4.92675781250000e-01 2.42729425430298e-01
727 5.72265625000000e-01 3.27487945556641e-01
728 6.02539062500000e-01 3.63053321838379e-01
729 6.54785156250000e-01 4.28743600845337e-01
730 6.61132812500000e-01 4.37096595764160e-01
731 5.80566406250000e-01 3.37057352066040e-01
732 5.12695312500000e-01 2.62856483459473e-01
733 5.19531250000000e-01 2.69912719726562e-01
734 5.00976562500000e-01 2.50977516174316e-01
735 5.28808593750000e-01 2.79638528823853e-01
736 5.44433593750000e-01 2.96407938003540e-01
737 5.57617187500000e-01 3.10936927795410e-01
738 5.12207031250000e-01 2.62356042861938e-01
739 5.14648437500000e-01 2.64863014221191e-01
740 5.03906250000000e-01 2.53921508789062e-01
741 5.37109375000000e-01 2.88486480712891e-01
742 5.21484375000000e-01 2.71945953369141e-01
743 5.55175781250000e-01 3.08220148086548e-01
744 5.80566406250000e-01 3.37057352066040e-01
745 5.30761718750000e-01 2.81708002090454e-01
746 5.43945312500000e-01 2.95876502990723e-01
747 6.10839843750000e-01 3.73125314712524e-01
748 6.59179687500000e-01 4.34517860412598e-01
749 6.25976562500000e-01 3.91846656799316e-01
750 5.65917968750000e-01 3.20263147354126e-01
751 5.15625000000000e-01 2.65869140625000e-01
752 4.68750000000000e-01 2.19726562500000e-01
753 4.58984375000000e-01 2.10666656494141e-01
754 4.12109375000000e-01 1.69834136962891e-01
755 4.35546875000000e-01 1.89701080322266e-01
756 4.22851562500000e-01 1.78803443908691e-01
757 4.43359375000000e-01 1.96567535400391e-01
758 4.37500000000000e-01 1.91406250000000e-01
759 4.10644531250000e-01 1.68628931045532e-01
760 3.75000000000000e-01 1.40625000000000e-01
761 3.30078125000000e-01 1.08951568603516e-01
762 2.81250000000000e-01 7.91015625000000e-02
763 2.47558593750000e-01 6.12852573394775e-02
764 1.88476562500000e-01 3.55234146118164e-02
765 2.07031250000000e-01 4.28619384765625e-02
766 2.53906250000000e-01 6.44683837890625e-02
767 2.54394531250000e-01 6.47165775299072e-02
768 3.33007812500000e-01 1.10894203186035e-01
769 3.79882812500000e-01 1.44310951232910e-01
770 4.24316406250000e-01 1.80044412612915e-01
771 4.27246093750000e-01 1.82539224624634e-01
772 4.23828125000000e-01 1.79630279541016e-01
773 4.70703125000000e-01 2.21561431884766e-01
774 4.24804687500000e-01 1.80459022521973e-01
775 4.23828125000000e-01 1.79630279541016e-01
776 4.60937500000000e-01 2.12463378906250e-01
777 5.88378906250000e-01 3.46189737319946e-01
778 5.46875000000000e-01 2.99072265625000e-01
779 5.86425781250000e-01 3.43895196914673e-01
780 5.96679687500000e-01 3.56026649475098e-01
781 5.49316406250000e-01 3.01748514175415e-01
782 5.40039062500000e-01 2.91642189025879e-01
783 4.78027343750000e-01 2.28510141372681e-01
784 5.15625000000000e-01 2.65869140625000e-01
785 4.96582031250000e-01 2.46593713760376e-01
786 5.54687500000000e-01 3.07678222656250e-01
787 5.21972656250000e-01 2.72455453872681e-01
788 4.96093750000000e-01 2.46109008789062e-01
789 4.50195312500000e-01 2.02675819396973e-01
790 4.76562500000000e-01 2.27111816406250e-01
791 5.25390625000000e-01 2.76035308837891e-01
792 5.24902343750000e-01 2.75522470474243e-01
793 5.20507812500000e-01 2.70928382873535e-01
794 5.09765625000000e-01 2.59860992431641e-01
795 5.17578125000000e-01 2.67887115478516e-01
796 5.13671875000000e-01 2.63858795166016e-01
797 5.17089843750000e-01 2.67381906509399e-01
798 4.46777343750000e-01 1.99609994888306e-01
799 4.81933593750000e-01 2.32259988784790e-01
800 4.75097656250000e-01 2.25717782974243e-01
801 5.45898437500000e-01 2.98005104064941e-01
802 4.81445312500000e-01 2.31789588928223e-01
803 4.48730468750000e-01 2.01359033584595e-01
804 4.39941406250000e-01 1.93548440933228e-01
805 4.43847656250000e-01 1.97000741958618e-01
806 4.24316406250000e-01 1.80044412612915e-01
807 4.33105468750000e-01 1.87580347061157e-01
808 4.58496093750000e-01 2.10218667984009e-01
809 4.04296875000000e-01 1.63455963134766e-01
810 4.23828125000000e-01 1.79630279541016e-01
811 4.17480468750000e-01 1.74289941787720e-01
812 3.90136718750000e-01 1.52206659317017e-01
813 4.27246093750000e-01 1.82539224624634e-01
814 4.35058593750000e-01 1.89275979995728e-01
815 3.77929687500000e-01 1.42830848693848e-01
816 4.05761718750000e-01 1.64642572402954e-01
817 4.13574218750000e-01 1.71043634414673e-01
818 4.67285156250000e-01 2.18355417251587e-01
819 4.74609375000000e-01 2.25254058837891e-01
820 4.80957031250000e-01 2.31319665908813e-01
821 4.91210937500000e-01 2.41288185119629e-01
822 4.96582031250000e-01 2.46593713760376e-01
823 4.61425781250000e-01 2.12913751602173e-01
824 5.13671875000000e-01 2.63858795166016e-01
825 5.06835937500000e-01 2.56882667541504e-01
826 5.02441406250000e-01 2.52447366714478e-01
827 5.62500000000000e-01 3.16406250000000e-01
828 5.67871093750000e-01 3.22477579116821e-01
829 5.52246093750000e-01 3.04975748062134e-01
830 6.04492187500000e-01 3.65410804748535e-01
831 6.34765625000000e-01 4.02927398681641e-01
832 6.31347656250000e-01 3.98599863052368e-01
833 6.60644531250000e-01 4.36451196670532e-01
834 6.31835937500000e-01 3.99216651916504e-01
835 5.69335937500000e-01 3.24143409729004e-01
836 5.76171875000000e-01 3.31974029541016e-01
837 6.00097656250000e-01 3.60117197036743e-01
838 5.64941406250000e-01 3.19158792495728e-01
839 6.18652343750000e-01 3.82730722427368e-01
840 6.40136718750000e-01 4.09775018692017e-01
841 5.68847656250000e-01 3.23587656021118e-01
842 5.62011718750000e-01 3.15857172012329e-01
843 5.60546875000000e-01 3.14212799072266e-01
844 5.84960937500000e-01 3.42179298400879e-01
845 5.47851562500000e-01 3.00141334533691e-01
846 6.10839843750000e-01 3.73125314712524e-01
847 5.77636718750000e-01 3.33664178848267e-01
848 5.50781250000000e-01 3.03359985351562e-01
849 5.72753906250000e-01 3.28047037124634e-01
850 6.20605468750000e-01 3.85151147842407e-01
851 6.03515625000000e-01 3.64231109619141e-01
852 6.09863281250000e-01 3.71933221817017e-01
853 6.72851562500000e-01 4.52729225158691e-01
854 6.59179687500000e-01 4.34517860412598e-01
855 6.13769531250000e-01 3.76713037490845e-01
856 6.45019531250000e-01 4.16050195693970e-01
857 6.17675781250000e-01 3.81523370742798e-01
858 6.41601562500000e-01 4.11652565002441e-01
859 6.18164062500000e-01 3.82126808166504e-01
860 6.19140625000000e-01 3.83335113525391e-01
861 5.70800781250000e-01 3.25813531875610e-01
862 5.95703125000000e-01 3.54862213134766e-01
863 5.99121093750000e-01 3.58946084976196e-01
864 6.11328125000000e-01 3.73722076416016e-01
865 6.34277343750000e-01 4.02307748794556e-01
866 6.35253906250000e-01 4.03547525405884e-01
867 6.09863281250000e-01 3.71933221817017e-01
868 6.14746093750000e-01 3.77912759780884e-01
869 5.34667968750000e-01 2.85869836807251e-01
870 5.12207031250000e-01 2.62356042861938e-01
871 5.09765625000000e-01 2.59860992431641e-01
872 5.22949218750000e-01 2.73475885391235e-01
873 5.27832031250000e-01 2.78606653213501e-01
874 4.66308593750000e-01 2.17443704605103e-01
875 4.58007812500000e-01 2.09771156311035e-01
876 4.13574218750000e-01 1.71043634414673e-01
877 3.77441406250000e-01 1.42462015151978e-01
878 4.04785156250000e-01 1.63851022720337e-01
879 4.25781250000000e-01 1.81289672851562e-01
880 5.39062500000000e-01 2.90588378906250e-01
881 5.05859375000000e-01 2.55893707275391e-01
882 5.13183593750000e-01 2.63357400894165e-01
883 4.98535156250000e-01 2.48537302017212e-01
884 5.51757812500000e-01 3.04436683654785e-01
885 5.76660156250000e-01 3.32536935806274e-01
886 5.67382812500000e-01 3.21923255920410e-01
887 5.65429687500000e-01 3.19710731506348e-01
888 5.40527343750000e-01 2.92169809341431e-01
889 5.37109375000000e-01 2.88486480712891e-01
890 6.08886718750000e-01 3.70743036270142e-01
891 6.81152343750000e-01 4.63968515396118e-01
892 6.92382812500000e-01 4.79393959045410e-01
893 6.60156250000000e-01 4.35806274414062e-01
894 6.10839843750000e-01 3.73125314712524e-01
895 5.93261718750000e-01 3.51959466934204e-01
896 6.36718750000000e-01 4.05410766601562e-01
897 7.26562500000000e-01 5.27893066406250e-01
898 7.31933593750000e-01 5.35726785659790e-01
899 6.75781250000000e-01 4.56680297851562e-01
900 6.54296875000000e-01 4.28104400634766e-01
901 6.73339843750000e-01 4.53386545181274e-01
902 6.65527343750000e-01 4.42926645278931e-01
903 6.88476562500000e-01 4.73999977111816e-01
904 6.16699218750000e-01 3.80317926406860e-01
905 5.68847656250000e-01 3.23587656021118e-01
906 5.00976562500000e-01 2.50977516174316e-01
907 5.82519531250000e-01 3.39329004287720e-01
908 5.37109375000000e-01 2.88486480712891e-01
909 5.52246093750000e-01 3.04975748062134e-01
910 5.71289062500000e-01 3.26371192932129e-01
911 5.59082031250000e-01 3.12572717666626e-01
912 5.18554687500000e-01 2.68898963928223e-01
913 4.58984375000000e-01 2.10666656494141e-01
914 3.75000000000000e-01 1.40625000000000e-01
915 4.58496093750000e-01 2.10218667984009e-01
916 4.85351562500000e-01 2.35566139221191e-01
917 4.68261718750000e-01 2.19269037246704e-01
918 4.85351562500000e-01 2.35566139221191e-01
919 4.52148437500000e-01 2.04438209533691e-01
920 4.36035156250000e-01 1.90126657485962e-01
921 4.50195312500000e-01 2.02675819396973e-01
922 4.33105468750000e-01 1.87580347061157e-01
923 4.66308593750000e-01 2.17443704605103e-01
924 4.12597656250000e-01 1.70236825942993e-01
925 3.54003906250000e-01 1.25318765640259e-01
926 3.86230468750000e-01 1.49173974990845e-01
927 3.74023437500000e-01 1.39893531799316e-01
928 3.95996093750000e-01 1.56812906265259e-01
929 3.74023437500000e-01 1.39893531799316e-01
930 4.15039062500000e-01 1.72257423400879e-01
931 4.95117187500000e-01 2.45141029357910e-01
932 5.30273437500000e-01 2.81189918518066e-01
933 4.94628906250000e-01 2.44657754898071e-01
934 5.00976562500000e-01 2.50977516174316e-01
935 5.13183593750000e-01 2.63357400894165e-01
936 4.55566406250000e-01 2.07540750503540e-01
937 4.74121093750000e-01 2.24790811538696e-01
938 4.56542968750000e-01 2.08431482315063e-01
939 4.20410156250000e-01 1.76744699478149e-01
940 4.28710937500000e-01 1.83793067932129e-01
941 4.90234375000000e-01 2.40329742431641e-01
942 4.59960937500000e-01 2.11564064025879e-01
943 4.33593750000000e-01 1.88003540039062e-01
944 5.64453125000000e-01 3.18607330322266e-01
945 5.71289062500000e-01 3.26371192932129e-01
946 5.58593750000000e-01 3.12026977539062e-01
947 5.62011718750000e-01 3.15857172012329e-01
948 5.85937500000000e-01 3.43322753906250e-01
949 5.97656250000000e-01 3.57192993164062e-01
950 5.32714843750000e-01 2.83785104751587e-01
951 5.74218750000000e-01 3.29727172851562e-01
952 5.87890625000000e-01 3.45615386962891e-01
953 6.11816406250000e-01 3.74319314956665e-01
954 6.19140625000000e-01 3.83335113525391e-01
955 6.16699218750000e-01 3.80317926406860e-01
956 6.98242187500000e-01 4.87542152404785e-01
957 7.03125000000000e-01 4.94384765625000e-01
958 6.93359375000000e-01 4.80747222900391e-01
959 6.59179687500000e-01 4.34517860412598e-01
960 7.45605468750000e-01 5.55927515029907e-01
961 7.57324218750000e-01 5.73539972305298e-01
962 7.14355468750000e-01 5.10303735733032e-01
963 7.25585937500000e-01 5.26474952697754e-01
964 7.79785156250000e-01 6.08064889907837e-01
965 7.89550781250000e-01 6.23390436172485e-01
966 7.44628906250000e-01 5.54472208023071e-01
967 7.14355468750000e-01 5.10303735733032e-01
968 6.46972656250000e-01 4.18573617935181e-01
969 6.45019531250000e-01 4.16050195693970e-01
970 6.30859375000000e-01 3.97983551025391e-01
971 6.44042968750000e-01 4.14791345596313e-01
972 6.39648437500000e-01 4.09150123596191e-01
973 6.35742187500000e-01 4.04168128967285e-01
974 6.58691406250000e-01 4.33874368667603e-01
975 5.81054687500000e-01 3.37624549865723e-01
976 4.93164062500000e-01 2.43210792541504e-01
977 5.80078125000000e-01 3.36490631103516e-01
978 5.99609375000000e-01 3.59531402587891e-01
979 6.40136718750000e-01 4.09775018692017e-01
980 6.59667968750000e-01 4.35161828994751e-01
981 6.56738281250000e-01 4.31305170059204e-01
982 6.14257812500000e-01 3.77312660217285e-01
983 6.26464843750000e-01 3.92458200454712e-01
984 7.09472656250000e-01 5.03351449966431e-01
985 6.86035156250000e-01 4.70644235610962e-01
986 7.17285156250000e-01 5.14497995376587e-01
987 7.40722656250000e-01 5.48670053482056e-01
988 6.93847656250000e-01 4.81424570083618e-01
989 6.77734375000000e-01 4.59323883056641e-01
990 6.11328125000000e-01 3.73722076416016e-01
991 6.18164062500000e-01 3.82126808166504e-01
992 6.38671875000000e-01 4.07901763916016e-01
993 6.65527343750000e-01 4.42926645278931e-01
994 6.34277343750000e-01 4.02307748794556e-01
995 7.25585937500000e-01 5.26474952697754e-01
996 6.50878906250000e-01 4.23643350601196e-01
997 6.27929687500000e-01 3.94295692443848e-01
998 6.10351562500000e-01 3.72529029846191e-01
999 6.70898437500000e-01 4.50104713439941e-01
