0 6.94824218750000e-01 4.82780694961548e-01
1 6.62597656250000e-01 4.39035654067993e-01
2 5.34179687500000e-01 2.85347938537598e-01
3 5.54687500000000e-01 3.07678222656250e-01
4 5.45410156250000e-01 2.97472238540649e-01
5 5.56152343750000e-01 3.09305429458618e-01
6 5.69824218750000e-01 3.24699640274048e-01
7 5.57128906250000e-01 3.10392618179321e-01
8 5.55664062500000e-01 3.08762550354004e-01
9 5.93750000000000e-01 3.52539062500000e-01
10 5.31250000000000e-01 2.82226562500000e-01
11 4.76074218750000e-01 2.26646661758423e-01
12 4.22363281250000e-01 1.78390741348267e-01
13 4.71679687500000e-01 2.22481727600098e-01
14 4.38476562500000e-01 1.92261695861816e-01
15 3.82324218750000e-01 1.46171808242798e-01
16 3.90136718750000e-01 1.52206659317017e-01
17 4.27246093750000e-01 1.82539224624634e-01
18 4.17480468750000e-01 1.74289941787720e-01
19 4.41894531250000e-01 1.95270776748657e-01
20 3.38867187500000e-01 1.14830970764160e-01
21 3.54492187500000e-01 1.25664710998535e-01
22 3.09082031250000e-01 9.55317020416260e-02
23 3.22753906250000e-01 1.04170083999634e-01
24 2.84667968750000e-01 8.10358524322510e-02
25 2.91992187500000e-01 8.52594375610352e-02
26 3.21777343750000e-01 1.03540658950806e-01
27 4.53613281250000e-01 2.05765008926392e-01
28 3.93066406250000e-01 1.54501199722290e-01
29 2.97851562500000e-01 8.87155532836914e-02
30 3.24707031250000e-01 1.05434656143188e-01
31 2.81250000000000e-01 7.91015625000000e-02
32 2.47070312500000e-01 6.10437393188477e-02
33 2.51464843750000e-01 6.32345676422119e-02
34 1.89453125000000e-01 3.58924865722656e-02
35 2.95898437500000e-01 8.75558853149414e-02
36 2.49511718750000e-01 6.22560977935791e-02
37 2.59765625000000e-01 6.74781799316406e-02
38 2.55371093750000e-01 6.52143955230713e-02
39 2.60742187500000e-01 6.79864883422852e-02
40 2.41210937500000e-01 5.81827163696289e-02
41 2.88574218750000e-01 8.32750797271729e-02
42 3.40332031250000e-01 1.15825891494751e-01
43 3.56445312500000e-01 1.27053260803223e-01
44 4.53613281250000e-01 2.05765008926392e-01
45 4.40917968750000e-01 1.94408655166626e-01
46 5.20019531250000e-01 2.70420312881470e-01
47 5.25390625000000e-01 2.76035308837891e-01
48 4.91210937500000e-01 2.41288185119629e-01
49 5.32226562500000e-01 2.83265113830566e-01
50 5.95703125000000e-01 3.54862213134766e-01
51 5.38085937500000e-01 2.89536476135254e-01
52 5.20507812500000e-01 2.70928382873535e-01
53 5.06835937500000e-01 2.56882667541504e-01
54 5.79589843750000e-01 3.35924386978149e-01
55 5.55175781250000e-01 3.08220148086548e-01
56 5.46875000000000e-01 2.99072265625000e-01
57 5.63964843750000e-01 3.18056344985962e-01
58 5.22949218750000e-01 2.73475885391235e-01
59 4.49218750000000e-01 2.01797485351562e-01
60 5.00000000000000e-01 2.50000000000000e-01
61 4.83398437500000e-01 2.33674049377441e-01
62 4.73632812500000e-01 2.24328041076660e-01
63 5.02441406250000e-01 2.52447366714478e-01
64 5.00000000000000e-01 2.50000000000000e-01
65 5.07324218750000e-01 2.57377862930298e-01
66 5.92773437500000e-01 3.51380348205566e-01
67 5.58593750000000e-01 3.12026977539062e-01
68 5.52734375000000e-01 3.05515289306641e-01
69 5.70800781250000e-01 3.25813531875610e-01
70 5.71289062500000e-01 3.26371192932129e-01
71 5.67382812500000e-01 3.21923255920410e-01
72 5.47851562500000e-01 3.00141334533691e-01
73 6.02539062500000e-01 3.63053321838379e-01
74 5.76171875000000e-01 3.31974029541016e-01
75 6.13769531250000e-01 3.76713037490845e-01
76 5.84960937500000e-01 3.42179298400879e-01
77 5.40527343750000e-01 2.92169809341431e-01
78 5.41503906250000e-01 2.93226480484009e-01
79 5.83496093750000e-01 3.40467691421509e-01
80 5.48339843750000e-01 3.00676584243774e-01
81 4.83886718750000e-01 2.34146356582642e-01
82 4.74121093750000e-01 2.24790811538696e-01
83 4.59472656250000e-01 2.11115121841431e-01
84 3.53027343750000e-01 1.24628305435181e-01
85 4.09667968750000e-01 1.67827844619751e-01
86 4.49218750000000e-01 2.01797485351562e-01
87 4.62402343750000e-01 2.13815927505493e-01
88 5.32714843750000e-01 2.83785104751587e-01
89 4.79003906250000e-01 2.29444742202759e-01
90 4.81445312500000e-01 2.31789588928223e-01
91 4.45800781250000e-01 1.98738336563110e-01
92 5.06835937500000e-01 2.56882667541504e-01
93 5.55175781250000e-01 3.08220148086548e-01
94 5.22460937500000e-01 2.72965431213379e-01
95 5.50781250000000e-01 3.03359985351562e-01
96 5.42968750000000e-01 2.94815063476562e-01
97 5.05859375000000e-01 2.55893707275391e-01
98 5.52246093750000e-01 3.04975748062134e-01
99 5.22949218750000e-01 2.73475885391235e-01
100 5.52246093750000e-01 3.04975748062134e-01
101 4.91210937500000e-01 2.41288185119629e-01
102 5.15625000000000e-01 2.65869140625000e-01
103 5.24414062500000e-01 2.75010108947754e-01
104 5.00976562500000e-01 2.50977516174316e-01
105 5.56640625000000e-01 3.09848785400391e-01
106 5.02929687500000e-01 2.52938270568848e-01
107 5.27343750000000e-01 2.78091430664062e-01
108 5.59570312500000e-01 3.13118934631348e-01
109 5.21484375000000e-01 2.71945953369141e-01
110 5.48339843750000e-01 3.00676584243774e-01
111 5.15136718750000e-01 2.65365839004517e-01
112 5.27832031250000e-01 2.78606653213501e-01
113 5.84960937500000e-01 3.42179298400879e-01
114 6.10351562500000e-01 3.72529029846191e-01
115 5.69335937500000e-01 3.24143409729004e-01
116 5.02929687500000e-01 2.52938270568848e-01
117 5.17089843750000e-01 2.67381906509399e-01
118 5.46386718750000e-01 2.98538446426392e-01
119 5.41503906250000e-01 2.93226480484009e-01
120 5.79101562500000e-01 3.35358619689941e-01
121 5.09277343750000e-01 2.59363412857056e-01
122 4.79980468750000e-01 2.30381250381470e-01
123 5.21972656250000e-01 2.72455453872681e-01
124 5.24414062500000e-01 2.75010108947754e-01
125 5.74218750000000e-01 3.29727172851562e-01
126 5.38085937500000e-01 2.89536476135254e-01
127 5.31738281250000e-01 2.82745599746704e-01
128 4.86816406250000e-01 2.36990213394165e-01
129 4.62890625000000e-01 2.14267730712891e-01
130 4.30175781250000e-01 1.85051202774048e-01
131 4.23828125000000e-01 1.79630279541016e-01
132 4.88769531250000e-01 2.38895654678345e-01
133 4.35546875000000e-01 1.89701080322266e-01
134 4.22363281250000e-01 1.78390741348267e-01
135 3.46679687500000e-01 1.20186805725098e-01
136 3.27636718750000e-01 1.07345819473267e-01
137 3.79394531250000e-01 1.43940210342407e-01
138 4.41406250000000e-01 1.94839477539062e-01
139 4.66308593750000e-01 2.17443704605103e-01
140 4.59472656250000e-01 2.11115121841431e-01
141 5.28320312500000e-01 2.79122352600098e-01
142 5.13183593750000e-01 2.63357400894165e-01
143 5.99121093750000e-01 3.58946084976196e-01
144 6.41601562500000e-01 4.11652565002441e-01
145 6.08398437500000e-01 3.70148658752441e-01
146 6.70410156250000e-01 4.49449777603149e-01
147 7.03125000000000e-01 4.94384765625000e-01
148 7.51953125000000e-01 5.65433502197266e-01
149 7.33886718750000e-01 5.38589715957642e-01
150 7.09472656250000e-01 5.03351449966431e-01
151 7.00195312500000e-01 4.90273475646973e-01
152 7.48046875000000e-01 5.59574127197266e-01
153 7.89062500000000e-01 6.22619628906250e-01
154 8.03710937500000e-01 6.45951271057129e-01
155 7.67089843750000e-01 5.88426828384399e-01
156 7.50000000000000e-01 5.62500000000000e-01
157 7.24121093750000e-01 5.24351358413696e-01
158 6.99707031250000e-01 4.89589929580688e-01
159 6.37207031250000e-01 4.06032800674438e-01
160 6.14257812500000e-01 3.77312660217285e-01
161 6.11328125000000e-01 3.73722076416016e-01
162 6.17675781250000e-01 3.81523370742798e-01
163 6.22070312500000e-01 3.86971473693848e-01
164 6.21093750000000e-01 3.85757446289062e-01
165 6.29394531250000e-01 3.96137475967407e-01
166 6.19628906250000e-01 3.83939981460571e-01
167 5.69824218750000e-01 3.24699640274048e-01
168 4.98535156250000e-01 2.48537302017212e-01
169 4.53125000000000e-01 2.05322265625000e-01
170 4.65820312500000e-01 2.16988563537598e-01
171 4.99023437500000e-01 2.49024391174316e-01
172 3.82324218750000e-01 1.46171808242798e-01
173 3.61816406250000e-01 1.30911111831665e-01
174 3.04687500000000e-01 9.28344726562500e-02
175 3.77441406250000e-01 1.42462015151978e-01
176 3.50097656250000e-01 1.22568368911743e-01
177 3.28125000000000e-01 1.07666015625000e-01
178 4.35058593750000e-01 1.89275979995728e-01
179 4.54101562500000e-01 2.06208229064941e-01
180 4.47753906250000e-01 2.00483560562134e-01
181 4.64355468750000e-01 2.15626001358032e-01
182 5.11230468750000e-01 2.61356592178345e-01
183 5.40527343750000e-01 2.92169809341431e-01
184 5.44433593750000e-01 2.96407938003540e-01
185 5.16601562500000e-01 2.66877174377441e-01
186 6.07421875000000e-01 3.68961334228516e-01
187 6.61132812500000e-01 4.37096595764160e-01
188 6.82617187500000e-01 4.65966224670410e-01
189 6.99707031250000e-01 4.89589929580688e-01
190 6.48437500000000e-01 4.20471191406250e-01
191 6.30371093750000e-01 3.97367715835571e-01
192 6.32812500000000e-01 4.00451660156250e-01
193 6.74804687500000e-01 4.55361366271973e-01
194 6.79687500000000e-01 4.61975097656250e-01
195 6.91894531250000e-01 4.78718042373657e-01
196 7.63183593750000e-01 5.82449197769165e-01
197 7.30468750000000e-01 5.33584594726562e-01
198 7.41210937500000e-01 5.49393653869629e-01
199 7.36816406250000e-01 5.42898416519165e-01
200 6.99218750000000e-01 4.88906860351562e-01
201 7.49511718750000e-01 5.61767816543579e-01
202 7.09472656250000e-01 5.03351449966431e-01
203 7.44628906250000e-01 5.54472208023071e-01
204 7.72460937500000e-01 5.96695899963379e-01
205 7.30468750000000e-01 5.33584594726562e-01
206 6.48925781250000e-01 4.21104669570923e-01
207 6.55273437500000e-01 4.29383277893066e-01
208 6.16699218750000e-01 3.80317926406860e-01
209 5.89843750000000e-01 3.47915649414062e-01
210 6.76757812500000e-01 4.58001136779785e-01
211 6.82128906250000e-01 4.65299844741821e-01
212 6.94824218750000e-01 4.82780694961548e-01
213 7.07519531250000e-01 5.00583887100220e-01
214 7.61718750000000e-01 5.80215454101562e-01
215 7.65625000000000e-01 5.86181640625000e-01
216 7.52929687500000e-01 5.66903114318848e-01
217 7.49023437500000e-01 5.61036109924316e-01
218 6.80664062500000e-01 4.63303565979004e-01
219 6.36230468750000e-01 4.04789209365845e-01
220 6.21582031250000e-01 3.86364221572876e-01
221 6.80664062500000e-01 4.63303565979004e-01
222 6.52343750000000e-01 4.25552368164062e-01
223 6.45507812500000e-01 4.16680335998535e-01
224 6.18164062500000e-01 3.82126808166504e-01
225 6.57714843750000e-01 4.32588815689087e-01
226 6.79199218750000e-01 4.61311578750610e-01
227 5.93261718750000e-01 3.51959466934204e-01
228 5.40039062500000e-01 2.91642189025879e-01
229 5.65917968750000e-01 3.20263147354126e-01
230 6.16210937500000e-01 3.79715919494629e-01
231 5.56152343750000e-01 3.09305429458618e-01
232 5.88378906250000e-01 3.46189737319946e-01
233 6.01074218750000e-01 3.61290216445923e-01
234 5.90332031250000e-01 3.48491907119751e-01
235 5.91308593750000e-01 3.49645853042603e-01
236 6.25000000000000e-01 3.90625000000000e-01
237 6.15722656250000e-01 3.79114389419556e-01
238 5.70800781250000e-01 3.25813531875610e-01
239 5.14648437500000e-01 2.64863014221191e-01
240 5.48339843750000e-01 3.00676584243774e-01
241 6.06445312500000e-01 3.67775917053223e-01
242 6.62597656250000e-01 4.39035654067993e-01
243 6.04492187500000e-01 3.65410804748535e-01
244 6.27441406250000e-01 3.93682718276978e-01
245 6.76757812500000e-01 4.58001136779785e-01
246 6.97753906250000e-01 4.86860513687134e-01
247 7.21679687500000e-01 5.20821571350098e-01
248 7.00195312500000e-01 4.90273475646973e-01
249 6.76269531250000e-01 4.57340478897095e-01
250 6.93359375000000e-01 4.80747222900391e-01
251 7.20703125000000e-01 5.19412994384766e-01
252 6.70410156250000e-01 4.49449777603149e-01
253 6.88964843750000e-01 4.74672555923462e-01
254 7.11425781250000e-01 5.06126642227173e-01
255 6.83105468750000e-01 4.66633081436157e-01
256 6.56738281250000e-01 4.31305170059204e-01
257 6.56250000000000e-01 4.30664062500000e-01
258 7.37304687500000e-01 5.43618202209473e-01
259 6.82617187500000e-01 4.65966224670410e-01
260 6.76757812500000e-01 4.58001136779785e-01
261 6.34277343750000e-01 4.02307748794556e-01
262 6.17675781250000e-01 3.81523370742798e-01
263 5.70312500000000e-01 3.25256347656250e-01
264 6.19628906250000e-01 3.83939981460571e-01
265 5.83007812500000e-01 3.39898109436035e-01
266 6.41601562500000e-01 4.11652565002441e-01
267 6.17675781250000e-01 3.81523370742798e-01
268 6.04492187500000e-01 3.65410804748535e-01
269 6.06933593750000e-01 3.68368387222290e-01
270 6.31347656250000e-01 3.98599863052368e-01
271 6.18652343750000e-01 3.82730722427368e-01
272 6.23535156250000e-01 3.88796091079712e-01
273 6.33789062500000e-01 4.01688575744629e-01
274 6.70410156250000e-01 4.49449777603149e-01
275 6.58203125000000e-01 4.33231353759766e-01
276 6.67968750000000e-01 4.46182250976562e-01
277 6.65039062500000e-01 4.42276954650879e-01
278 6.51855468750000e-01 4.24915552139282e-01
279 6.02050781250000e-01 3.62465143203735e-01
280 6.62597656250000e-01 4.39035654067993e-01
281 7.00195312500000e-01 4.90273475646973e-01
282 6.45996093750000e-01 4.17310953140259e-01
283 6.87500000000000e-01 4.72656250000000e-01
284 6.63085937500000e-01 4.39682960510254e-01
285 6.20117187500000e-01 3.84545326232910e-01
286 5.80078125000000e-01 3.36490631103516e-01
287 5.64941406250000e-01 3.19158792495728e-01
288 5.87402343750000e-01 3.45041513442993e-01
289 5.29296875000000e-01 2.80155181884766e-01
290 5.54687500000000e-01 3.07678222656250e-01
291 5.43945312500000e-01 2.95876502990723e-01
292 5.65917968750000e-01 3.20263147354126e-01
293 5.84960937500000e-01 3.42179298400879e-01
294 5.24414062500000e-01 2.75010108947754e-01
295 5.95214843750000e-01 3.54280710220337e-01
296 5.74707031250000e-01 3.30288171768188e-01
297 5.96679687500000e-01 3.56026649475098e-01
298 6.23046875000000e-01 3.88187408447266e-01
299 6.28906250000000e-01 3.95523071289062e-01
300 6.75781250000000e-01 4.56680297851562e-01
301 7.12890625000000e-01 5.08213043212891e-01
302 7.34863281250000e-01 5.40024042129517e-01
303 7.53906250000000e-01 5.68374633789062e-01
304 7.36328125000000e-01 5.42179107666016e-01
305 7.21191406250000e-01 5.20117044448853e-01
306 7.68554687500000e-01 5.90676307678223e-01
307 7.33886718750000e-01 5.38589715957642e-01
308 6.77246093750000e-01 4.58662271499634e-01
309 7.21191406250000e-01 5.20117044448853e-01
310 6.76757812500000e-01 4.58001136779785e-01
311 6.25976562500000e-01 3.91846656799316e-01
312 6.63574218750000e-01 4.40330743789673e-01
313 6.79687500000000e-01 4.61975097656250e-01
314 6.89453125000000e-01 4.75345611572266e-01
315 6.93359375000000e-01 4.80747222900391e-01
316 6.41113281250000e-01 4.11026239395142e-01
317 6.39648437500000e-01 4.09150123596191e-01
318 6.23046875000000e-01 3.88187408447266e-01
319 6.65527343750000e-01 4.42926645278931e-01
320 6.83593750000000e-01 4.67300415039062e-01
321 7.00683593750000e-01 4.90957498550415e-01
322 6.41601562500000e-01 4.11652565002441e-01
323 6.76757812500000e-01 4.58001136779785e-01
324 7.19238281250000e-01 5.17303705215454e-01
325 6.83593750000000e-01 4.67300415039062e-01
326 6.68457031250000e-01 4.46834802627563e-01
327 6.79687500000000e-01 4.61975097656250e-01
328 6.88964843750000e-01 4.74672555923462e-01
329 7.07519531250000e-01 5.00583887100220e-01
330 6.70410156250000e-01 4.49449777603149e-01
331 6.50878906250000e-01 4.23643350601196e-01
332 6.66503906250000e-01 4.44227457046509e-01
333 5.95214843750000e-01 3.54280710220337e-01
334 6.09863281250000e-01 3.71933221817017e-01
335 6.01074218750000e-01 3.61290216445923e-01
336 5.51757812500000e-01 3.04436683654785e-01
337 5.42968750000000e-01 2.94815063476562e-01
338 5.53710937500000e-01 3.06595802307129e-01
339 5.23925781250000e-01 2.74498224258423e-01
340 5.57128906250000e-01 3.10392618179321e-01
341 5.94726562500000e-01 3.53699684143066e-01
342 6.62597656250000e-01 4.39035654067993e-01
343 6.30859375000000e-01 3.97983551025391e-01
344 5.92773437500000e-01 3.51380348205566e-01
345 5.70312500000000e-01 3.25256347656250e-01
346 5.32714843750000e-01 2.83785104751587e-01
347 5.52246093750000e-01 3.04975748062134e-01
348 5.12695312500000e-01 2.62856483459473e-01
349 5.54199218750000e-01 3.07136774063110e-01
350 5.30761718750000e-01 2.81708002090454e-01
351 5.57128906250000e-01 3.10392618179321e-01
352 5.65917968750000e-01 3.20263147354126e-01
353 5.88378906250000e-01 3.46189737319946e-01
354 5.72265625000000e-01 3.27487945556641e-01
355 5.59082031250000e-01 3.12572717666626e-01
356 5.23437500000000e-01 2.73986816406250e-01
357 5.60058593750000e-01 3.13665628433228e-01
358 6.08398437500000e-01 3.70148658752441e-01
359 5.91796875000000e-01 3.50223541259766e-01
360 5.61035156250000e-01 3.14760446548462e-01
361 5.94238281250000e-01 3.53119134902954e-01
362 6.52343750000000e-01 4.25552368164062e-01
363 6.52343750000000e-01 4.25552368164062e-01
364 6.02539062500000e-01 3.63053321838379e-01
365 6.35742187500000e-01 4.04168128967285e-01
366 6.39648437500000e-01 4.09150123596191e-01
367 6.48437500000000e-01 4.20471191406250e-01
368 6.04980468750000e-01 3.66001367568970e-01
369 5.95703125000000e-01 3.54862213134766e-01
370 6.29882812500000e-01 3.96752357482910e-01
371 6.21093750000000e-01 3.85757446289062e-01
372 6.53320312500000e-01 4.26827430725098e-01
373 5.91308593750000e-01 3.49645853042603e-01
374 5.91308593750000e-01 3.49645853042603e-01
375 5.16601562500000e-01 2.66877174377441e-01
376 5.27832031250000e-01 2.78606653213501e-01
377 5.12207031250000e-01 2.62356042861938e-01
378 5.09765625000000e-01 2.59860992431641e-01
379 5.04394531250000e-01 2.54413843154907e-01
380 5.17578125000000e-01 2.67887115478516e-01
381 5.12695312500000e-01 2.62856483459473e-01
382 5.47363281250000e-01 2.99606561660767e-01
383 5.22949218750000e-01 2.73475885391235e-01
384 5.41503906250000e-01 2.93226480484009e-01
385 4.93652343750000e-01 2.43692636489868e-01
386 5.16113281250000e-01 2.66372919082642e-01
387 5.14160156250000e-01 2.64360666275024e-01
388 5.23925781250000e-01 2.74498224258423e-01
389 5.67382812500000e-01 3.21923255920410e-01
390 6.11328125000000e-01 3.73722076416016e-01
391 6.14257812500000e-01 3.77312660217285e-01
392 6.48437500000000e-01 4.20471191406250e-01
393 6.92871093750000e-01 4.80070352554321e-01
394 6.72851562500000e-01 4.52729225158691e-01
395 7.02148437500000e-01 4.93012428283691e-01
396 6.80664062500000e-01 4.63303565979004e-01
397 7.09472656250000e-01 5.03351449966431e-01
398 7.25585937500000e-01 5.26474952697754e-01
399 6.63085937500000e-01 4.39682960510254e-01
400 7.02636718750000e-01 4.93698358535767e-01
401 6.61132812500000e-01 4.37096595764160e-01
402 6.51367187500000e-01 4.24279212951660e-01
403 6.13281250000000e-01 3.76113891601562e-01
404 6.14257812500000e-01 3.77312660217285e-01
405 6.03027343750000e-01 3.63641977310181e-01
406 5.60546875000000e-01 3.14212799072266e-01
407 5.10253906250000e-01 2.60359048843384e-01
408 5.44921875000000e-01 2.96939849853516e-01
409 6.25976562500000e-01 3.91846656799316e-01
410 6.34277343750000e-01 4.02307748794556e-01
411 5.46875000000000e-01 2.99072265625000e-01
412 5.33203125000000e-01 2.84305572509766e-01
413 5.26367187500000e-01 2.77062416076660e-01
414 5.24902343750000e-01 2.75522470474243e-01
415 5.10742187500000e-01 2.60857582092285e-01
416 5.32714843750000e-01 2.83785104751587e-01
417 4.86328125000000e-01 2.36515045166016e-01
418 4.71191406250000e-01 2.22021341323853e-01
419 4.95117187500000e-01 2.45141029357910e-01
420 4.72656250000000e-01 2.23403930664062e-01
421 4.62890625000000e-01 2.14267730712891e-01
422 4.64843750000000e-01 2.16079711914062e-01
423 4.63867187500000e-01 2.15172767639160e-01
424 4.48730468750000e-01 2.01359033584595e-01
425 4.77050781250000e-01 2.27577447891235e-01
426 4.46777343750000e-01 1.99609994888306e-01
427 4.32128906250000e-01 1.86735391616821e-01
428 4.11132812500000e-01 1.69030189514160e-01
429 3.85253906250000e-01 1.48420572280884e-01
430 3.55957031250000e-01 1.26705408096313e-01
431 3.38867187500000e-01 1.14830970764160e-01
432 2.78320312500000e-01 7.74621963500977e-02
433 3.54980468750000e-01 1.26011133193970e-01
434 4.00390625000000e-01 1.60312652587891e-01
435 3.67675781250000e-01 1.35185480117798e-01
436 4.11132812500000e-01 1.69030189514160e-01
437 3.70117187500000e-01 1.36986732482910e-01
438 3.53027343750000e-01 1.24628305435181e-01
439 3.75000000000000e-01 1.40625000000000e-01
440 3.73535156250000e-01 1.39528512954712e-01
441 3.75976562500000e-01 1.41358375549316e-01
442 3.57421875000000e-01 1.27750396728516e-01
443 3.79394531250000e-01 1.43940210342407e-01
444 3.68652343750000e-01 1.35904550552368e-01
445 4.66796875000000e-01 2.17899322509766e-01
446 4.22851562500000e-01 1.78803443908691e-01
447 4.58007812500000e-01 2.09771156311035e-01
448 4.63867187500000e-01 2.15172767639160e-01
449 4.76562500000000e-01 2.27111816406250e-01
450 5.34667968750000e-01 2.85869836807251e-01
451 5.17089843750000e-01 2.67381906509399e-01
452 4.63378906250000e-01 2.14720010757446e-01
453 4.73144531250000e-01 2.23865747451782e-01
454 5.15136718750000e-01 2.65365839004517e-01
455 5.15625000000000e-01 2.65869140625000e-01
456 5.02929687500000e-01 2.52938270568848e-01
457 4.85839843750000e-01 2.36040353775024e-01
458 4.54589843750000e-01 2.06651926040649e-01
459 4.97558593750000e-01 2.47564554214478e-01
460 4.05273437500000e-01 1.64246559143066e-01
461 3.88671875000000e-01 1.51065826416016e-01
462 3.66699218750000e-01 1.34468317031860e-01
463 3.68652343750000e-01 1.35904550552368e-01
464 3.64746093750000e-01 1.33039712905884e-01
465 3.34960937500000e-01 1.12198829650879e-01
466 3.15917968750000e-01 9.98041629791260e-02
467 2.82226562500000e-01 7.96518325805664e-02
468 2.44140625000000e-01 5.96046447753906e-02
469 2.30957031250000e-01 5.33411502838135e-02
470 2.41699218750000e-01 5.84185123443604e-02
471 2.59765625000000e-01 6.74781799316406e-02
472 2.32910156250000e-01 5.42471408843994e-02
473 2.71972656250000e-01 7.39691257476807e-02
474 2.85644531250000e-01 8.15927982330322e-02
475 3.05175781250000e-01 9.31322574615479e-02
476 3.66699218750000e-01 1.34468317031860e-01
477 4.14062500000000e-01 1.71447753906250e-01
478 3.89160156250000e-01 1.51445627212524e-01
479 4.05761718750000e-01 1.64642572402954e-01
480 4.15527343750000e-01 1.72662973403931e-01
481 3.67675781250000e-01 1.35185480117798e-01
482 3.17871093750000e-01 1.01042032241821e-01
483 2.76367187500000e-01 7.63788223266602e-02
484 3.41308593750000e-01 1.16491556167603e-01
485 4.20410156250000e-01 1.76744699478149e-01
486 3.93554687500000e-01 1.54885292053223e-01
487 4.49707031250000e-01 2.02236413955688e-01
488 4.58984375000000e-01 2.10666656494141e-01
489 4.62402343750000e-01 2.13815927505493e-01
490 4.64843750000000e-01 2.16079711914062e-01
491 5.30273437500000e-01 2.81189918518066e-01
492 5.68359375000000e-01 3.23032379150391e-01
493 5.87402343750000e-01 3.45041513442993e-01
494 5.97656250000000e-01 3.57192993164062e-01
495 6.26953125000000e-01 3.93070220947266e-01
496 5.85449218750000e-01 3.42750787734985e-01
497 5.78613281250000e-01 3.34793329238892e-01
498 5.82519531250000e-01 3.39329004287720e-01
499 6.10351562500000e-01 3.72529029846191e-01
500 6.50390625000000e-01 4.23007965087891e-01
501 5.98144531250000e-01 3.57776880264282e-01
502 6.17187500000000e-01 3.80920410156250e-01
503 6.74316406250000e-01 4.54702615737915e-01
504 6.77734375000000e-01 4.59323883056641e-01
505 6.39160156250000e-01 4.08525705337524e-01
506 6.96289062500000e-01 4.84818458557129e-01
507 7.29003906250000e-01 5.31446695327759e-01
508 7.12890625000000e-01 5.08213043212891e-01
509 6.45996093750000e-01 4.17310953140259e-01
510 5.97656250000000e-01 3.57192993164062e-01
511 5.66894531250000e-01 3.21369409561157e-01
512 5.43457031250000e-01 2.95345544815063e-01
513 5.39062500000000e-01 2.90588378906250e-01
514 5.09765625000000e-01 2.59860992431641e-01
515 5.87890625000000e-01 3.45615386962891e-01
516 6.48437500000000e-01 4.20471191406250e-01
517 6.70410156250000e-01 4.49449777603149e-01
518 6.12792968750000e-01 3.75515222549438e-01
519 5.93750000000000e-01 3.52539062500000e-01
520 6.26464843750000e-01 3.92458200454712e-01
521 5.73730468750000e-01 3.29166650772095e-01
522 5.50781250000000e-01 3.03359985351562e-01
523 5.42480468750000e-01 2.94285058975220e-01
524 4.90722656250000e-01 2.40808725357056e-01
525 4.27734375000000e-01 1.82956695556641e-01
526 4.24316406250000e-01 1.80044412612915e-01
527 4.69238281250000e-01 2.20184564590454e-01
528 4.90234375000000e-01 2.40329742431641e-01
529 4.84863281250000e-01 2.35092401504517e-01
530 5.06835937500000e-01 2.56882667541504e-01
531 5.27343750000000e-01 2.78091430664062e-01
532 5.47851562500000e-01 3.00141334533691e-01
533 5.49804687500000e-01 3.02285194396973e-01
534 5.68847656250000e-01 3.23587656021118e-01
535 5.35156250000000e-01 2.86392211914062e-01
536 5.27832031250000e-01 2.78606653213501e-01
537 5.71289062500000e-01 3.26371192932129e-01
538 5.70312500000000e-01 3.25256347656250e-01
539 6.18652343750000e-01 3.82730722427368e-01
540 6.27441406250000e-01 3.93682718276978e-01
541 6.23046875000000e-01 3.88187408447266e-01
542 6.20117187500000e-01 3.84545326232910e-01
543 6.00585937500000e-01 3.60703468322754e-01
544 5.60546875000000e-01 3.14212799072266e-01
545 5.52734375000000e-01 3.05515289306641e-01
546 5.36132812500000e-01 2.87438392639160e-01
547 5.61523437500000e-01 3.15308570861816e-01
548 5.18554687500000e-01 2.68898963928223e-01
549 4.63378906250000e-01 2.14720010757446e-01
550 4.52636718750000e-01 2.04879999160767e-01
551 4.16503906250000e-01 1.73475503921509e-01
552 4.41894531250000e-01 1.95270776748657e-01
553 4.07226562500000e-01 1.65833473205566e-01
554 4.23339843750000e-01 1.79216623306274e-01
555 4.19921875000000e-01 1.76334381103516e-01
556 3.71582031250000e-01 1.38073205947876e-01
557 4.06250000000000e-01 1.65039062500000e-01
558 4.12597656250000e-01 1.70236825942993e-01
559 4.57519531250000e-01 2.09324121475220e-01
560 4.88281250000000e-01 2.38418579101562e-01
561 5.31250000000000e-01 2.82226562500000e-01
562 5.04882812500000e-01 2.54906654357910e-01
563 4.23339843750000e-01 1.79216623306274e-01
564 4.08691406250000e-01 1.67028665542603e-01
565 4.17480468750000e-01 1.74289941787720e-01
566 3.40332031250000e-01 1.15825891494751e-01
567 3.59863281250000e-01 1.29501581192017e-01
568 3.75488281250000e-01 1.40991449356079e-01
569 3.43750000000000e-01 1.18164062500000e-01
570 3.86718750000000e-01 1.49551391601562e-01
571 4.15527343750000e-01 1.72662973403931e-01
572 3.96484375000000e-01 1.57199859619141e-01
573 3.92089843750000e-01 1.53734445571899e-01
574 4.25292968750000e-01 1.80874109268188e-01
575 4.79003906250000e-01 2.29444742202759e-01
576 4.41406250000000e-01 1.94839477539062e-01
577 4.85351562500000e-01 2.35566139221191e-01
578 5.15625000000000e-01 2.65869140625000e-01
579 5.39550781250000e-01 2.91115045547485e-01
580 5.07324218750000e-01 2.57377862930298e-01
581 5.33691406250000e-01 2.84826517105103e-01
582 5.87402343750000e-01 3.45041513442993e-01
583 5.55175781250000e-01 3.08220148086548e-01
584 5.31250000000000e-01 2.82226562500000e-01
585 5.09765625000000e-01 2.59860992431641e-01
586 5.07812500000000e-01 2.57873535156250e-01
587 4.81933593750000e-01 2.32259988784790e-01
588 4.29199218750000e-01 1.84211969375610e-01
589 3.64746093750000e-01 1.33039712905884e-01
590 3.67187500000000e-01 1.34826660156250e-01
591 3.65234375000000e-01 1.33396148681641e-01
592 3.83789062500000e-01 1.47294044494629e-01
593 4.63867187500000e-01 2.15172767639160e-01
594 4.39453125000000e-01 1.93119049072266e-01
595 4.64843750000000e-01 2.16079711914062e-01
596 4.21875000000000e-01 1.77978515625000e-01
597 4.46777343750000e-01 1.99609994888306e-01
598 4.71679687500000e-01 2.22481727600098e-01
599 4.80468750000000e-01 2.30850219726562e-01
600 4.42382812500000e-01 1.95702552795410e-01
601 5.09765625000000e-01 2.59860992431641e-01
602 5.42480468750000e-01 2.94285058975220e-01
603 5.95214843750000e-01 3.54280710220337e-01
604 5.88867187500000e-01 3.46764564514160e-01
605 5.80566406250000e-01 3.37057352066040e-01
606 5.46386718750000e-01 2.98538446426392e-01
607 5.66894531250000e-01 3.21369409561157e-01
608 5.46386718750000e-01 2.98538446426392e-01
609 6.07421875000000e-01 3.68961334228516e-01
610 6.26464843750000e-01 3.92458200454712e-01
611 7.02636718750000e-01 4.93698358535767e-01
612 6.75292968750000e-01 4.56020593643188e-01
613 6.36230468750000e-01 4.04789209365845e-01
614 6.70410156250000e-01 4.49449777603149e-01
615 6.75292968750000e-01 4.56020593643188e-01
616 6.42578125000000e-01 4.12906646728516e-01
617 7.06054687500000e-01 4.98513221740723e-01
618 6.96289062500000e-01 4.84818458557129e-01
619 6.77246093750000e-01 4.58662271499634e-01
620 6.93847656250000e-01 4.81424570083618e-01
621 6.49902343750000e-01 4.22373056411743e-01
622 6.79199218750000e-01 4.61311578750610e-01
623 6.80175781250000e-01 4.62639093399048e-01
624 7.30468750000000e-01 5.33584594726562e-01
625 7.06054687500000e-01 4.98513221740723e-01
626 6.84082031250000e-01 4.67968225479126e-01
627 6.67968750000000e-01 4.46182250976562e-01
628 5.97167968750000e-01 3.56609582901001e-01
629 5.72265625000000e-01 3.27487945556641e-01
630 5.26855468750000e-01 2.77576684951782e-01
631 5.24902343750000e-01 2.75522470474243e-01
632 5.47851562500000e-01 3.00141334533691e-01
633 5.82519531250000e-01 3.39329004287720e-01
634 5.82031250000000e-01 3.38760375976562e-01
635 6.16210937500000e-01 3.79715919494629e-01
636 6.31835937500000e-01 3.99216651916504e-01
637 6.44042968750000e-01 4.14791345596313e-01
638 5.87402343750000e-01 3.45041513442993e-01
639 6.64550781250000e-01 4.41627740859985e-01
640 6.87500000000000e-01 4.72656250000000e-01
641 6.55761718750000e-01 4.30023431777954e-01
642 6.49414062500000e-01 4.21738624572754e-01
643 6.24511718750000e-01 3.90014886856079e-01
644 5.57128906250000e-01 3.10392618179321e-01
645 5.96191406250000e-01 3.55444192886353e-01
646 6.34765625000000e-01 4.02927398681641e-01
647 5.97656250000000e-01 3.57192993164062e-01
648 6.05957031250000e-01 3.67183923721313e-01
649 6.06933593750000e-01 3.68368387222290e-01
650 5.97167968750000e-01 3.56609582901001e-01
651 5.91308593750000e-01 3.49645853042603e-01
652 6.22558593750000e-01 3.87579202651978e-01
653 6.31347656250000e-01 3.98599863052368e-01
654 5.82519531250000e-01 3.39329004287720e-01
655 6.18164062500000e-01 3.82126808166504e-01
656 6.29882812500000e-01 3.96752357482910e-01
657 5.96191406250000e-01 3.55444192886353e-01
658 5.73242187500000e-01 3.28606605529785e-01
659 5.81054687500000e-01 3.37624549865723e-01
660 5.63964843750000e-01 3.18056344985962e-01
661 4.69238281250000e-01 2.20184564590454e-01
662 5.03417968750000e-01 2.53429651260376e-01
663 5.54687500000000e-01 3.07678222656250e-01
664 5.59082031250000e-01 3.12572717666626e-01
665 5.87890625000000e-01 3.45615386962891e-01
666 5.92285156250000e-01 3.50801706314087e-01
667 6.17187500000000e-01 3.80920410156250e-01
668 6.16699218750000e-01 3.80317926406860e-01
669 6.04492187500000e-01 3.65410804748535e-01
670 6.27441406250000e-01 3.93682718276978e-01
671 5.82519531250000e-01 3.39329004287720e-01
672 5.35644531250000e-01 2.86915063858032e-01
673 4.93164062500000e-01 2.43210792541504e-01
674 5.23437500000000e-01 2.73986816406250e-01
675 5.34179687500000e-01 2.85347938537598e-01
676 4.87304687500000e-01 2.37465858459473e-01
677 5.17578125000000e-01 2.67887115478516e-01
678 4.75097656250000e-01 2.25717782974243e-01
679 5.03906250000000e-01 2.53921508789062e-01
680 4.30175781250000e-01 1.85051202774048e-01
681 4.52148437500000e-01 2.04438209533691e-01
682 4.66796875000000e-01 2.17899322509766e-01
683 5.10742187500000e-01 2.60857582092285e-01
684 4.35058593750000e-01 1.89275979995728e-01
685 3.90136718750000e-01 1.52206659317017e-01
686 4.09179687500000e-01 1.67428016662598e-01
687 3.39355468750000e-01 1.15162134170532e-01
688 2.56347656250000e-01 6.57141208648682e-02
689 1.99707031250000e-01 3.98828983306885e-02
690 1.13281250000000e-01 1.28326416015625e-02
691 3.41796875000000e-03 1.16825103759766e-05
692 5.85937500000000e-03 3.43322753906250e-05
693 4.98046875000000e-02 2.48050689697266e-03
694 1.90429687500000e-02 3.62634658813477e-04
695 7.17773437500000e-02 5.15198707580566e-03
696 2.97851562500000e-02 8.87155532836914e-04
697 4.68750000000000e-02 2.19726562500000e-03
698 8.88671875000000e-02 7.89737701416016e-03
699 7.56835937500000e-02 5.72800636291504e-03
700 6.98242187500000e-02 4.87542152404785e-03
701 1.13769531250000e-01 1.29435062408447e-02
702 1.23046875000000e-01 1.51405334472656e-02
703 1.87988281250000e-01 3.53395938873291e-02
704 1.35253906250000e-01 1.82936191558838e-02
705 1.77734375000000e-01 3.15895080566406e-02
706 2.14843750000000e-01 4.61578369140625e-02
707 3.32031250000000e-01 1.10244750976562e-01
708 3.79394531250000e-01 1.43940210342407e-01
709 4.28222656250000e-01 1.83374643325806e-01
710 4.25292968750000e-01 1.80874109268188e-01
711 3.99902343750000e-01 1.59921884536743e-01
712 3.73046875000000e-01 1.39163970947266e-01
713 4.16992187500000e-01 1.73882484436035e-01
714 4.16992187500000e-01 1.73882484436035e-01
715 4.24316406250000e-01 1.80044412612915e-01
716 3.94531250000000e-01 1.55654907226562e-01
717 3.28613281250000e-01 1.07986688613892e-01
718 3.43750000000000e-01 1.18164062500000e-01
719 3.71582031250000e-01 1.38073205947876e-01
720 3.84277343750000e-01 1.47669076919556e-01
721 4.19921875000000e-01 1.76334381103516e-01
722 4.12597656250000e-01 1.70236825942993e-01
723 3.97949218750000e-01 1.58363580703735e-01
724 3.86230468750000e-01 1.49173974990845e-01
725 3.62792968750000e-01 1.31618738174438e-01
726 3.36425781250000e-01 1.13182306289673e-01
727 3.87695312500000e-01 1.50307655334473e-01
728 3.74023437500000e-01 1.39893531799316e-01
729 3.10058593750000e-01 9.61363315582275e-02
730 2.74414062500000e-01 7.53030776977539e-02
731 2.95410156250000e-01 8.72671604156494e-02
732 3.38867187500000e-01 1.14830970764160e-01
733 3.05664062500000e-01 9.34305191040039e-02
734 3.35449218750000e-01 1.12526178359985e-01
735 3.52050781250000e-01 1.23939752578735e-01
736 3.18847656250000e-01 1.01663827896118e-01
737 3.14941406250000e-01 9.91880893707275e-02
738 2.71484375000000e-01 7.37037658691406e-02
739 2.95410156250000e-01 8.72671604156494e-02
740 3.59863281250000e-01 1.29501581192017e-01
741 2.65136718750000e-01 7.02974796295166e-02
742 2.41210937500000e-01 5.81827163696289e-02
743 2.57324218750000e-01 6.62157535552979e-02
744 3.48144531250000e-01 1.21204614639282e-01
745 2.92480468750000e-01 8.55448246002197e-02
746 3.24707031250000e-01 1.05434656143188e-01
747 2.47070312500000e-01 6.10437393188477e-02
748 2.66113281250000e-01 7.08162784576416e-02
749 2.32421875000000e-01 5.40199279785156e-02
750 2.39257812500000e-01 5.72443008422852e-02
751 3.12988281250000e-01 9.79616641998291e-02
752 2.94433593750000e-01 8.66911411285400e-02
753 3.77441406250000e-01 1.42462015151978e-01
754 4.55078125000000e-01 2.07096099853516e-01
755 4.70214843750000e-01 2.21101999282837e-01
756 4.72656250000000e-01 2.23403930664062e-01
757 4.03808593750000e-01 1.63061380386353e-01
758 4.90234375000000e-01 2.40329742431641e-01
759 5.01464843750000e-01 2.51466989517212e-01
760 5.27832031250000e-01 2.78606653213501e-01
761 4.96582031250000e-01 2.46593713760376e-01
762 3.69140625000000e-01 1.36264801025391e-01
763 3.81347656250000e-01 1.45426034927368e-01
764 3.61328125000000e-01 1.30558013916016e-01
765 3.13964843750000e-01 9.85739231109619e-02
766 3.99414062500000e-01 1.59531593322754e-01
767 3.95019531250000e-01 1.56040430068970e-01
768 4.32617187500000e-01 1.87157630920410e-01
769 4.50683593750000e-01 2.03115701675415e-01
770 4.41894531250000e-01 1.95270776748657e-01
771 4.82910156250000e-01 2.33202219009399e-01
772 5.41503906250000e-01 2.93226480484009e-01
773 5.32714843750000e-01 2.83785104751587e-01
774 5.04394531250000e-01 2.54413843154907e-01
775 4.99511718750000e-01 2.49511957168579e-01
776 4.83398437500000e-01 2.33674049377441e-01
777 4.18457031250000e-01 1.75106287002563e-01
778 4.15039062500000e-01 1.72257423400879e-01
779 4.37011718750000e-01 1.90979242324829e-01
780 4.75097656250000e-01 2.25717782974243e-01
781 4.93652343750000e-01 2.43692636489868e-01
782 4.82421875000000e-01 2.32730865478516e-01
783 5.11230468750000e-01 2.61356592178345e-01
784 5.53222656250000e-01 3.06055307388306e-01
785 4.91699218750000e-01 2.41768121719360e-01
786 4.42871093750000e-01 1.96134805679321e-01
787 3.73535156250000e-01 1.39528512954712e-01
788 3.99902343750000e-01 1.59921884536743e-01
789 3.79882812500000e-01 1.44310951232910e-01
790 3.57421875000000e-01 1.27750396728516e-01
791 3.54980468750000e-01 1.26011133193970e-01
792 3.81835937500000e-01 1.45798683166504e-01
793 3.68652343750000e-01 1.35904550552368e-01
794 4.32617187500000e-01 1.87157630920410e-01
795 4.33593750000000e-01 1.88003540039062e-01
796 4.57031250000000e-01 2.08877563476562e-01
797 4.62890625000000e-01 2.14267730712891e-01
798 5.23925781250000e-01 2.74498224258423e-01
799 4.86328125000000e-01 2.36515045166016e-01
800 4.11132812500000e-01 1.69030189514160e-01
801 4.18945312500000e-01 1.75515174865723e-01
802 3.73046875000000e-01 1.39163970947266e-01
803 4.33105468750000e-01 1.87580347061157e-01
804 4.02343750000000e-01 1.61880493164062e-01
805 3.66210937500000e-01 1.34110450744629e-01
806 4.23828125000000e-01 1.79630279541016e-01
807 4.24316406250000e-01 1.80044412612915e-01
808 4.22851562500000e-01 1.78803443908691e-01
809 3.87207031250000e-01 1.49929285049438e-01
810 4.12597656250000e-01 1.70236825942993e-01
811 4.06738281250000e-01 1.65436029434204e-01
812 3.71093750000000e-01 1.37710571289062e-01
813 3.56933593750000e-01 1.27401590347290e-01
814 3.36425781250000e-01 1.13182306289673e-01
815 3.24707031250000e-01 1.05434656143188e-01
816 3.25683593750000e-01 1.06069803237915e-01
817 3.35937500000000e-01 1.12854003906250e-01
818 3.17871093750000e-01 1.01042032241821e-01
819 3.92578125000000e-01 1.54117584228516e-01
820 3.98437500000000e-01 1.58752441406250e-01
821 3.94531250000000e-01 1.55654907226562e-01
822 4.39941406250000e-01 1.93548440933228e-01
823 4.24804687500000e-01 1.80459022521973e-01
824 4.25292968750000e-01 1.80874109268188e-01
825 4.23339843750000e-01 1.79216623306274e-01
826 4.22363281250000e-01 1.78390741348267e-01
827 4.90722656250000e-01 2.40808725357056e-01
828 4.81445312500000e-01 2.31789588928223e-01
829 4.68261718750000e-01 2.19269037246704e-01
830 4.91210937500000e-01 2.41288185119629e-01
831 4.67285156250000e-01 2.18355417251587e-01
832 5.30273437500000e-01 2.81189918518066e-01
833 4.74121093750000e-01 2.24790811538696e-01
834 4.75585937500000e-01 2.26181983947754e-01
835 5.46386718750000e-01 2.98538446426392e-01
836 5.75195312500000e-01 3.30849647521973e-01
837 5.74707031250000e-01 3.30288171768188e-01
838 5.67382812500000e-01 3.21923255920410e-01
839 5.89355468750000e-01 3.47339868545532e-01
840 5.73730468750000e-01 3.29166650772095e-01
841 5.44921875000000e-01 2.96939849853516e-01
842 5.48828125000000e-01 3.01212310791016e-01
843 5.16113281250000e-01 2.66372919082642e-01
844 5.88867187500000e-01 3.46764564514160e-01
845 5.60058593750000e-01 3.13665628433228e-01
846 5.84472656250000e-01 3.41608285903931e-01
847 5.72753906250000e-01 3.28047037124634e-01
848 5.71777343750000e-01 3.26929330825806e-01
849 5.82031250000000e-01 3.38760375976562e-01
850 6.21582031250000e-01 3.86364221572876e-01
851 5.77636718750000e-01 3.33664178848267e-01
852 5.70800781250000e-01 3.25813531875610e-01
853 6.14746093750000e-01 3.77912759780884e-01
854 6.32812500000000e-01 4.00451660156250e-01
855 5.89355468750000e-01 3.47339868545532e-01
856 5.61035156250000e-01 3.14760446548462e-01
857 6.66503906250000e-01 4.44227457046509e-01
858 7.13378906250000e-01 5.08909463882446e-01
859 7.05078125000000e-01 4.97135162353516e-01
860 6.95312500000000e-01 4.83459472656250e-01
861 7.18261718750000e-01 5.15899896621704e-01
862 7.47558593750000e-01 5.58843851089478e-01
863 6.73339843750000e-01 4.53386545181274e-01
864 6.48437500000000e-01 4.20471191406250e-01
865 6.94335937500000e-01 4.82102394104004e-01
866 7.00195312500000e-01 4.90273475646973e-01
867 6.52343750000000e-01 4.25552368164062e-01
868 7.36328125000000e-01 5.42179107666016e-01
869 7.07519531250000e-01 5.00583887100220e-01
870 7.14843750000000e-01 5.11001586914062e-01
871 7.28027343750000e-01 5.30023813247681e-01
872 6.73339843750000e-01 4.53386545181274e-01
873 6.85546875000000e-01 4.69974517822266e-01
874 7.03125000000000e-01 4.94384765625000e-01
875 6.25976562500000e-01 3.91846656799316e-01
876 6.19140625000000e-01 3.83335113525391e-01
877 6.10351562500000e-01 3.72529029846191e-01
878 5.11718750000000e-01 2.61856079101562e-01
879 5.57617187500000e-01 3.10936927795410e-01
880 4.90722656250000e-01 2.40808725357056e-01
881 5.00000000000000e-01 2.50000000000000e-01
882 5.27343750000000e-01 2.78091430664062e-01
883 5.33203125000000e-01 2.84305572509766e-01
884 5.38085937500000e-01 2.89536476135254e-01
885 4.89746093750000e-01 2.39851236343384e-01
886 5.95214843750000e-01 3.54280710220337e-01
887 5.90820312500000e-01 3.49068641662598e-01
888 5.50781250000000e-01 3.03359985351562e-01
889 5.46386718750000e-01 2.98538446426392e-01
890 6.09375000000000e-01 3.71337890625000e-01
891 5.83984375000000e-01 3.41037750244141e-01
892 5.60546875000000e-01 3.14212799072266e-01
893 5.25878906250000e-01 2.76548624038696e-01
894 5.52246093750000e-01 3.04975748062134e-01
895 6.00585937500000e-01 3.60703468322754e-01
896 6.33300781250000e-01 4.01069879531860e-01
897 6.35742187500000e-01 4.04168128967285e-01
898 6.26953125000000e-01 3.93070220947266e-01
899 5.93261718750000e-01 3.51959466934204e-01
900 6.45996093750000e-01 4.17310953140259e-01
901 6.07421875000000e-01 3.68961334228516e-01
902 6.55273437500000e-01 4.29383277893066e-01
903 6.41601562500000e-01 4.11652565002441e-01
904 5.75195312500000e-01 3.30849647521973e-01
905 5.28808593750000e-01 2.79638528823853e-01
906 5.62500000000000e-01 3.16406250000000e-01
907 5.74218750000000e-01 3.29727172851562e-01
908 5.81054687500000e-01 3.37624549865723e-01
909 5.39550781250000e-01 2.91115045547485e-01
910 5.08300781250000e-01 2.58369684219360e-01
911 4.90722656250000e-01 2.40808725357056e-01
912 5.63476562500000e-01 3.17505836486816e-01
913 5.48339843750000e-01 3.00676584243774e-01
914 5.02929687500000e-01 2.52938270568848e-01
915 5.62988281250000e-01 3.16955804824829e-01
916 6.04003906250000e-01 3.64820718765259e-01
917 6.13281250000000e-01 3.76113891601562e-01
918 5.99609375000000e-01 3.59531402587891e-01
919 6.07910156250000e-01 3.69554758071899e-01
920 6.40625000000000e-01 4.10400390625000e-01
921 6.82617187500000e-01 4.65966224670410e-01
922 7.07031250000000e-01 4.99893188476562e-01
923 7.37304687500000e-01 5.43618202209473e-01
924 7.42187500000000e-01 5.50842285156250e-01
925 7.19726562500000e-01 5.18006324768066e-01
926 7.27050781250000e-01 5.28602838516235e-01
927 7.06542968750000e-01 4.99202966690063e-01
928 7.16796875000000e-01 5.13797760009766e-01
929 7.29980468750000e-01 5.32871484756470e-01
930 7.29003906250000e-01 5.31446695327759e-01
931 7.02636718750000e-01 4.93698358535767e-01
932 7.12402343750000e-01 5.07517099380493e-01
933 6.89941406250000e-01 4.76019144058228e-01
934 6.44531250000000e-01 4.15420532226562e-01
935 7.23144531250000e-01 5.22938013076782e-01
936 7.16308593750000e-01 5.13098001480103e-01
937 7.45605468750000e-01 5.55927515029907e-01
938 7.06542968750000e-01 4.99202966690063e-01
939 6.44531250000000e-01 4.15420532226562e-01
940 6.45507812500000e-01 4.16680335998535e-01
941 6.62109375000000e-01 4.38388824462891e-01
942 6.09863281250000e-01 3.71933221817017e-01
943 6.27441406250000e-01 3.93682718276978e-01
944 6.17187500000000e-01 3.80920410156250e-01
945 6.45019531250000e-01 4.16050195693970e-01
946 6.42089843750000e-01 4.12279367446899e-01
947 6.07910156250000e-01 3.69554758071899e-01
948 5.54687500000000e-01 3.07678222656250e-01
949 4.66796875000000e-01 2.17899322509766e-01
950 4.23828125000000e-01 1.79630279541016e-01
951 4.08203125000000e-01 1.66629791259766e-01
952 3.93554687500000e-01 1.54885292053223e-01
953 4.05273437500000e-01 1.64246559143066e-01
954 3.70605468750000e-01 1.37348413467407e-01
955 3.71093750000000e-01 1.37710571289062e-01
956 2.69531250000000e-01 7.26470947265625e-02
957 2.72460937500000e-01 7.42349624633789e-02
958 2.83203125000000e-01 8.02040100097656e-02
959 3.41796875000000e-01 1.16825103759766e-01
960 2.91992187500000e-01 8.52594375610352e-02
961 2.60742187500000e-01 6.79864883422852e-02
962 2.89062500000000e-01 8.35571289062500e-02
963 2.57324218750000e-01 6.62157535552979e-02
964 2.57812500000000e-01 6.64672851562500e-02
965 1.87011718750000e-01 3.49733829498291e-02
966 2.55371093750000e-01 6.52143955230713e-02
967 2.28027343750000e-01 5.19964694976807e-02
968 2.64160156250000e-01 6.97805881500244e-02
969 1.81152343750000e-01 3.28161716461182e-02
970 1.90917968750000e-01 3.64496707916260e-02
971 1.25488281250000e-01 1.57473087310791e-02
972 5.90820312500000e-02 3.49068641662598e-03
973 7.91015625000000e-02 6.25705718994141e-03
974 3.56445312500000e-02 1.27053260803223e-03
975 4.24804687500000e-02 1.80459022521973e-03
976 7.81250000000000e-03 6.10351562500000e-05
977 1.36718750000000e-02 1.86920166015625e-04
978 1.75781250000000e-02 3.08990478515625e-04
979 3.71093750000000e-02 1.37710571289062e-03
980 2.44140625000000e-03 5.96046447753906e-06
981 1.12304687500000e-02 1.26123428344727e-04
982 2.14843750000000e-02 4.61578369140625e-04
983 1.01562500000000e-01 1.03149414062500e-02
984 5.95703125000000e-02 3.54862213134766e-03
985 1.05468750000000e-01 1.11236572265625e-02
986 1.19140625000000e-01 1.41944885253906e-02
987 1.40136718750000e-01 1.96382999420166e-02
988 1.23535156250000e-01 1.52609348297119e-02
989 1.84570312500000e-01 3.40662002563477e-02
990 2.07031250000000e-01 4.28619384765625e-02
991 1.57226562500000e-01 2.47201919555664e-02
992 1.17675781250000e-01 1.38475894927979e-02
993 1.17187500000000e-01 1.37329101562500e-02
994 1.28906250000000e-01 1.66168212890625e-02
995 1.60156250000000e-01 2.56500244140625e-02
996 1.44531250000000e-01 2.08892822265625e-02
997 2.38769531250000e-01 5.70108890533447e-02
998 2.68066406250000e-01 7.18595981597900e-02
999 2.14843750000000e-01 4.61578369140625e-02
