0 5.98144531250000e-01 3.57776880264282e-01
1 5.98144531250000e-01 3.57776880264282e-01
2 6.08398437500000e-01 3.70148658752441e-01
3 5.46386718750000e-01 2.98538446426392e-01
4 5.42968750000000e-01 2.94815063476562e-01
5 5.57617187500000e-01 3.10936927795410e-01
6 5.34179687500000e-01 2.85347938537598e-01
7 5.27343750000000e-01 2.78091430664062e-01
8 5.22949218750000e-01 2.73475885391235e-01
9 5.81054687500000e-01 3.37624549865723e-01
10 5.48828125000000e-01 3.01212310791016e-01
11 5.46386718750000e-01 2.98538446426392e-01
12 5.01953125000000e-01 2.51956939697266e-01
13 4.65820312500000e-01 2.16988563537598e-01
14 4.30664062500000e-01 1.85471534729004e-01
15 4.30664062500000e-01 1.85471534729004e-01
16 4.34570312500000e-01 1.88851356506348e-01
17 4.58984375000000e-01 2.10666656494141e-01
18 4.30664062500000e-01 1.85471534729004e-01
19 4.89257812500000e-01 2.39373207092285e-01
20 4.91699218750000e-01 2.41768121719360e-01
21 4.79003906250000e-01 2.29444742202759e-01
22 4.52148437500000e-01 2.04438209533691e-01
23 4.02343750000000e-01 1.61880493164062e-01
24 4.15039062500000e-01 1.72257423400879e-01
25 3.46191406250000e-01 1.19848489761353e-01
26 4.16992187500000e-01 1.73882484436035e-01
27 4.55566406250000e-01 2.07540750503540e-01
28 4.72656250000000e-01 2.23403930664062e-01
29 5.03906250000000e-01 2.53921508789062e-01
30 5.30273437500000e-01 2.81189918518066e-01
31 5.39550781250000e-01 2.91115045547485e-01
32 5.56152343750000e-01 3.09305429458618e-01
33 5.36132812500000e-01 2.87438392639160e-01
34 5.47851562500000e-01 3.00141334533691e-01
35 5.10253906250000e-01 2.60359048843384e-01
36 5.08300781250000e-01 2.58369684219360e-01
37 5.26855468750000e-01 2.77576684951782e-01
38 5.06835937500000e-01 2.56882667541504e-01
39 4.44824218750000e-01 1.97868585586548e-01
40 4.17968750000000e-01 1.74697875976562e-01
41 4.48242187500000e-01 2.00921058654785e-01
42 4.23339843750000e-01 1.79216623306274e-01
43 5.05859375000000e-01 2.55893707275391e-01
44 4.80468750000000e-01 2.30850219726562e-01
45 4.91210937500000e-01 2.41288185119629e-01
46 5.11718750000000e-01 2.61856079101562e-01
47 4.95605468750000e-01 2.45624780654907e-01
48 4.49707031250000e-01 2.02236413955688e-01
49 4.60937500000000e-01 2.12463378906250e-01
50 4.61425781250000e-01 2.12913751602173e-01
51 4.32617187500000e-01 1.87157630920410e-01
52 4.42382812500000e-01 1.95702552795410e-01
53 4.50195312500000e-01 2.02675819396973e-01
54 4.62402343750000e-01 2.13815927505493e-01
55 4.12109375000000e-01 1.69834136962891e-01
56 4.10644531250000e-01 1.68628931045532e-01
57 3.69140625000000e-01 1.36264801025391e-01
58 3.97949218750000e-01 1.58363580703735e-01
59 4.14062500000000e-01 1.71447753906250e-01
60 3.59863281250000e-01 1.29501581192017e-01
61 3.68164062500000e-01 1.35544776916504e-01
62 3.86718750000000e-01 1.49551391601562e-01
63 4.48242187500000e-01 2.00921058654785e-01
64 4.86328125000000e-01 2.36515045166016e-01
65 5.45898437500000e-01 2.98005104064941e-01
66 5.05371093750000e-01 2.55399942398071e-01
67 5.35644531250000e-01 2.86915063858032e-01
68 5.08789062500000e-01 2.58866310119629e-01
69 4.54101562500000e-01 2.06208229064941e-01
70 4.32617187500000e-01 1.87157630920410e-01
71 4.31640625000000e-01 1.86313629150391e-01
72 4.05273437500000e-01 1.64246559143066e-01
73 3.33007812500000e-01 1.10894203186035e-01
74 2.89550781250000e-01 8.38396549224854e-02
75 2.50488281250000e-01 6.27443790435791e-02
76 1.78222656250000e-01 3.17633152008057e-02
77 1.33300781250000e-01 1.77690982818604e-02
78 6.00585937500000e-02 3.60703468322754e-03
79 0.00000000000000e+00 0.00000000000000e+00
80 1.46484375000000e-03 2.14576721191406e-06
81 3.80859375000000e-02 1.45053863525391e-03
82 3.41796875000000e-02 1.16825103759766e-03
83 1.17187500000000e-02 1.37329101562500e-04
84 8.49609375000000e-02 7.21836090087891e-03
85 4.00390625000000e-02 1.60312652587891e-03
86 8.20312500000000e-02 6.72912597656250e-03
87 7.47070312500000e-02 5.58114051818848e-03
88 5.12695312500000e-02 2.62856483459473e-03
89 8.34960937500000e-02 6.97159767150879e-03
90 1.36718750000000e-02 1.86920166015625e-04
91 5.76171875000000e-02 3.31974029541016e-03
92 1.02050781250000e-01 1.04143619537354e-02
93 2.83203125000000e-02 8.02040100097656e-04
94 4.93164062500000e-02 2.43210792541504e-03
95 7.27539062500000e-02 5.29313087463379e-03
96 9.71679687500000e-02 9.44161415100098e-03
97 1.42578125000000e-01 2.03285217285156e-02
98 1.48437500000000e-01 2.20336914062500e-02
99 1.86035156250000e-01 3.46090793609619e-02
100 2.83691406250000e-01 8.04808139801025e-02
101 2.80761718750000e-01 7.88271427154541e-02
102 2.00683593750000e-01 4.02739048004150e-02
103 2.60253906250000e-01 6.77320957183838e-02
104 2.91503906250000e-01 8.49745273590088e-02
105 3.21289062500000e-01 1.03226661682129e-01
106 3.92578125000000e-01 1.54117584228516e-01
107 4.64355468750000e-01 2.15626001358032e-01
108 4.73144531250000e-01 2.23865747451782e-01
109 5.02441406250000e-01 2.52447366714478e-01
110 4.59472656250000e-01 2.11115121841431e-01
111 4.92675781250000e-01 2.42729425430298e-01
112 5.48339843750000e-01 3.00676584243774e-01
113 5.21484375000000e-01 2.71945953369141e-01
114 5.71289062500000e-01 3.26371192932129e-01
115 5.89355468750000e-01 3.47339868545532e-01
116 5.63476562500000e-01 3.17505836486816e-01
117 5.52246093750000e-01 3.04975748062134e-01
118 5.39550781250000e-01 2.91115045547485e-01
119 5.73730468750000e-01 3.29166650772095e-01
120 6.12792968750000e-01 3.75515222549438e-01
121 6.46972656250000e-01 4.18573617935181e-01
122 7.50488281250000e-01 5.63232660293579e-01
123 7.31933593750000e-01 5.35726785659790e-01
124 7.55371093750000e-01 5.70585489273071e-01
125 7.59765625000000e-01 5.77243804931641e-01
126 7.67089843750000e-01 5.88426828384399e-01
127 7.58789062500000e-01 5.75760841369629e-01
128 7.36328125000000e-01 5.42179107666016e-01
129 6.83105468750000e-01 4.66633081436157e-01
130 6.41601562500000e-01 4.11652565002441e-01
131 6.54785156250000e-01 4.28743600845337e-01
132 6.55273437500000e-01 4.29383277893066e-01
133 6.73339843750000e-01 4.53386545181274e-01
134 7.38769531250000e-01 5.45780420303345e-01
135 7.39257812500000e-01 5.46502113342285e-01
136 7.40722656250000e-01 5.48670053482056e-01
137 7.71972656250000e-01 5.95941781997681e-01
138 7.70996093750000e-01 5.94434976577759e-01
139 7.08984375000000e-01 5.02658843994141e-01
140 6.27441406250000e-01 3.93682718276978e-01
141 6.26953125000000e-01 3.93070220947266e-01
142 5.84960937500000e-01 3.42179298400879e-01
143 6.27441406250000e-01 3.93682718276978e-01
144 6.47949218750000e-01 4.19838190078735e-01
145 6.44042968750000e-01 4.14791345596313e-01
146 6.64550781250000e-01 4.41627740859985e-01
147 6.57226562500000e-01 4.31946754455566e-01
148 6.69921875000000e-01 4.48795318603516e-01
149 7.10937500000000e-01 5.05432128906250e-01
150 7.08984375000000e-01 5.02658843994141e-01
151 6.61132812500000e-01 4.37096595764160e-01
152 6.41601562500000e-01 4.11652565002441e-01
153 6.00097656250000e-01 3.60117197036743e-01
154 5.76660156250000e-01 3.32536935806274e-01
155 5.85449218750000e-01 3.42750787734985e-01
156 6.84082031250000e-01 4.67968225479126e-01
157 6.59179687500000e-01 4.34517860412598e-01
158 6.59179687500000e-01 4.34517860412598e-01
159 7.00195312500000e-01 4.90273475646973e-01
160 6.70410156250000e-01 4.49449777603149e-01
161 7.04589843750000e-01 4.96446847915649e-01
162 7.35351562500000e-01 5.40741920471191e-01
163 7.05566406250000e-01 4.97823953628540e-01
164 7.09472656250000e-01 5.03351449966431e-01
165 6.79199218750000e-01 4.61311578750610e-01
166 6.93359375000000e-01 4.80747222900391e-01
167 7.07031250000000e-01 4.99893188476562e-01
168 7.42675781250000e-01 5.51567316055298e-01
169 7.24121093750000e-01 5.24351358413696e-01
170 6.21582031250000e-01 3.86364221572876e-01
171 6.00585937500000e-01 3.60703468322754e-01
172 5.97656250000000e-01 3.57192993164062e-01
173 5.67871093750000e-01 3.22477579116821e-01
174 5.77636718750000e-01 3.33664178848267e-01
175 5.93750000000000e-01 3.52539062500000e-01
176 6.88964843750000e-01 4.74672555923462e-01
177 6.92871093750000e-01 4.80070352554321e-01
178 7.42675781250000e-01 5.51567316055298e-01
179 7.35839843750000e-01 5.41460275650024e-01
180 6.54296875000000e-01 4.28104400634766e-01
181 6.32812500000000e-01 4.00451660156250e-01
182 5.69335937500000e-01 3.24143409729004e-01
183 5.41503906250000e-01 2.93226480484009e-01
184 5.49316406250000e-01 3.01748514175415e-01
185 5.41015625000000e-01 2.92697906494141e-01
186 5.61035156250000e-01 3.14760446548462e-01
187 4.84375000000000e-01 2.34619140625000e-01
188 4.98046875000000e-01 2.48050689697266e-01
189 5.41992187500000e-01 2.93755531311035e-01
190 5.51269531250000e-01 3.03898096084595e-01
191 5.90820312500000e-01 3.49068641662598e-01
192 5.24902343750000e-01 2.75522470474243e-01
193 4.76562500000000e-01 2.27111816406250e-01
194 4.74609375000000e-01 2.25254058837891e-01
195 4.83398437500000e-01 2.33674049377441e-01
196 5.82519531250000e-01 3.39329004287720e-01
197 5.58105468750000e-01 3.11481714248657e-01
198 5.02441406250000e-01 2.52447366714478e-01
199 4.86816406250000e-01 2.36990213394165e-01
200 4.83398437500000e-01 2.33674049377441e-01
201 4.69238281250000e-01 2.20184564590454e-01
202 4.40917968750000e-01 1.94408655166626e-01
203 5.00000000000000e-01 2.50000000000000e-01
204 5.09765625000000e-01 2.59860992431641e-01
205 5.54199218750000e-01 3.07136774063110e-01
206 5.51757812500000e-01 3.04436683654785e-01
207 5.36621093750000e-01 2.87962198257446e-01
208 5.43457031250000e-01 2.95345544815063e-01
209 5.29785156250000e-01 2.80672311782837e-01
210 5.54199218750000e-01 3.07136774063110e-01
211 5.86914062500000e-01 3.44468116760254e-01
212 6.24023437500000e-01 3.89405250549316e-01
213 6.50878906250000e-01 4.23643350601196e-01
214 6.58203125000000e-01 4.33231353759766e-01
215 6.23535156250000e-01 3.88796091079712e-01
216 5.90332031250000e-01 3.48491907119751e-01
217 6.14257812500000e-01 3.77312660217285e-01
218 6.49414062500000e-01 4.21738624572754e-01
219 6.48437500000000e-01 4.20471191406250e-01
220 6.30859375000000e-01 3.97983551025391e-01
221 6.49414062500000e-01 4.21738624572754e-01
222 5.98632812500000e-01 3.58361244201660e-01
223 5.81542968750000e-01 3.38192224502563e-01
224 6.23535156250000e-01 3.88796091079712e-01
225 6.39648437500000e-01 4.09150123596191e-01
226 6.25976562500000e-01 3.91846656799316e-01
227 6.74316406250000e-01 4.54702615737915e-01
228 6.74316406250000e-01 4.54702615737915e-01
229 6.92382812500000e-01 4.79393959045410e-01
230 6.97753906250000e-01 4.86860513687134e-01
231 7.29492187500000e-01 5.32158851623535e-01
232 7.39257812500000e-01 5.46502113342285e-01
233 7.19238281250000e-01 5.17303705215454e-01
234 7.42675781250000e-01 5.51567316055298e-01
235 6.86523437500000e-01 4.71314430236816e-01
236 7.50488281250000e-01 5.63232660293579e-01
237 7.49511718750000e-01 5.61767816543579e-01
238 6.63085937500000e-01 4.39682960510254e-01
239 7.38281250000000e-01 5.45059204101562e-01
240 7.32910156250000e-01 5.37157297134399e-01
241 7.25097656250000e-01 5.25766611099243e-01
242 7.13378906250000e-01 5.08909463882446e-01
243 6.51367187500000e-01 4.24279212951660e-01
244 6.46484375000000e-01 4.17942047119141e-01
245 6.23046875000000e-01 3.88187408447266e-01
246 5.64453125000000e-01 3.18607330322266e-01
247 5.29296875000000e-01 2.80155181884766e-01
248 5.44921875000000e-01 2.96939849853516e-01
249 5.35156250000000e-01 2.86392211914062e-01
250 5.99121093750000e-01 3.58946084976196e-01
251 6.59179687500000e-01 4.34517860412598e-01
252 5.87890625000000e-01 3.45615386962891e-01
253 5.93261718750000e-01 3.51959466934204e-01
254 6.30371093750000e-01 3.97367715835571e-01
255 5.99609375000000e-01 3.59531402587891e-01
256 5.75195312500000e-01 3.30849647521973e-01
257 5.53710937500000e-01 3.06595802307129e-01
258 6.35253906250000e-01 4.03547525405884e-01
259 6.12792968750000e-01 3.75515222549438e-01
260 5.89843750000000e-01 3.47915649414062e-01
261 6.21093750000000e-01 3.85757446289062e-01
262 6.53808593750000e-01 4.27465677261353e-01
263 6.45019531250000e-01 4.16050195693970e-01
264 6.21582031250000e-01 3.86364221572876e-01
265 6.46972656250000e-01 4.18573617935181e-01
266 6.46972656250000e-01 4.18573617935181e-01
267 6.31835937500000e-01 3.99216651916504e-01
268 5.62011718750000e-01 3.15857172012329e-01
269 5.75195312500000e-01 3.30849647521973e-01
270 5.85449218750000e-01 3.42750787734985e-01
271 5.98144531250000e-01 3.57776880264282e-01
272 5.82031250000000e-01 3.38760375976562e-01
273 6.04492187500000e-01 3.65410804748535e-01
274 6.49902343750000e-01 4.22373056411743e-01
275 6.93359375000000e-01 4.80747222900391e-01
276 7.05078125000000e-01 4.97135162353516e-01
277 7.02148437500000e-01 4.93012428283691e-01
278 7.27050781250000e-01 5.28602838516235e-01
279 6.74804687500000e-01 4.55361366271973e-01
280 7.33398437500000e-01 5.37873268127441e-01
281 7.94921875000000e-01 6.31900787353516e-01
282 7.56347656250000e-01 5.72061777114868e-01
283 7.09960937500000e-01 5.04044532775879e-01
284 6.96777343750000e-01 4.85498666763306e-01
285 6.98242187500000e-01 4.87542152404785e-01
286 6.98242187500000e-01 4.87542152404785e-01
287 6.58203125000000e-01 4.33231353759766e-01
288 6.56738281250000e-01 4.31305170059204e-01
289 6.21582031250000e-01 3.86364221572876e-01
290 6.51367187500000e-01 4.24279212951660e-01
291 6.73828125000000e-01 4.54044342041016e-01
292 6.70410156250000e-01 4.49449777603149e-01
293 6.59179687500000e-01 4.34517860412598e-01
294 6.96289062500000e-01 4.84818458557129e-01
295 6.58691406250000e-01 4.33874368667603e-01
296 6.55761718750000e-01 4.30023431777954e-01
297 6.35253906250000e-01 4.03547525405884e-01
298 6.46484375000000e-01 4.17942047119141e-01
299 5.88378906250000e-01 3.46189737319946e-01
300 6.70410156250000e-01 4.49449777603149e-01
301 6.85058593750000e-01 4.69305276870728e-01
302 6.96777343750000e-01 4.85498666763306e-01
303 7.50488281250000e-01 5.63232660293579e-01
304 7.64160156250000e-01 5.83940744400024e-01
305 7.74414062500000e-01 5.99717140197754e-01
306 6.80175781250000e-01 4.62639093399048e-01
307 7.08007812500000e-01 5.01275062561035e-01
308 7.06054687500000e-01 4.98513221740723e-01
309 7.03125000000000e-01 4.94384765625000e-01
310 6.78222656250000e-01 4.59985971450806e-01
311 6.96289062500000e-01 4.84818458557129e-01
312 6.92382812500000e-01 4.79393959045410e-01
313 6.98730468750000e-01 4.88224267959595e-01
314 6.97753906250000e-01 4.86860513687134e-01
315 6.35742187500000e-01 4.04168128967285e-01
316 5.22460937500000e-01 2.72965431213379e-01
317 5.48828125000000e-01 3.01212310791016e-01
318 4.80957031250000e-01 2.31319665908813e-01
319 4.70214843750000e-01 2.21101999282837e-01
320 4.93652343750000e-01 2.43692636489868e-01
321 5.05859375000000e-01 2.55893707275391e-01
322 4.35546875000000e-01 1.89701080322266e-01
323 3.98437500000000e-01 1.58752441406250e-01
324 4.29687500000000e-01 1.84631347656250e-01
325 4.13574218750000e-01 1.71043634414673e-01
326 4.58984375000000e-01 2.10666656494141e-01
327 4.92187500000000e-01 2.42248535156250e-01
328 4.66308593750000e-01 2.17443704605103e-01
329 4.73632812500000e-01 2.24328041076660e-01
330 5.09765625000000e-01 2.59860992431641e-01
331 5.41992187500000e-01 2.93755531311035e-01
332 5.98144531250000e-01 3.57776880264282e-01
333 6.09375000000000e-01 3.71337890625000e-01
334 6.84570312500000e-01 4.68636512756348e-01
335 5.89843750000000e-01 3.47915649414062e-01
336 6.56738281250000e-01 4.31305170059204e-01
337 7.08007812500000e-01 5.01275062561035e-01
338 6.87011718750000e-01 4.71985101699829e-01
339 6.72851562500000e-01 4.52729225158691e-01
340 6.89453125000000e-01 4.75345611572266e-01
341 6.46484375000000e-01 4.17942047119141e-01
342 6.35742187500000e-01 4.04168128967285e-01
343 6.94824218750000e-01 4.82780694961548e-01
344 6.10839843750000e-01 3.73125314712524e-01
345 6.64550781250000e-01 4.41627740859985e-01
346 6.26464843750000e-01 3.92458200454712e-01
347 6.95800781250000e-01 4.84138727188110e-01
348 6.44042968750000e-01 4.14791345596313e-01
349 5.83496093750000e-01 3.40467691421509e-01
350 5.95703125000000e-01 3.54862213134766e-01
351 4.89257812500000e-01 2.39373207092285e-01
352 4.83398437500000e-01 2.33674049377441e-01
353 5.18066406250000e-01 2.68392801284790e-01
354 6.17675781250000e-01 3.81523370742798e-01
355 6.03515625000000e-01 3.64231109619141e-01
356 5.91308593750000e-01 3.49645853042603e-01
357 5.64453125000000e-01 3.18607330322266e-01
358 5.69824218750000e-01 3.24699640274048e-01
359 6.75781250000000e-01 4.56680297851562e-01
360 6.42089843750000e-01 4.12279367446899e-01
361 5.99609375000000e-01 3.59531402587891e-01
362 6.23535156250000e-01 3.88796091079712e-01
363 6.35253906250000e-01 4.03547525405884e-01
364 6.11328125000000e-01 3.73722076416016e-01
365 5.56152343750000e-01 3.09305429458618e-01
366 5.15136718750000e-01 2.65365839004517e-01
367 5.48828125000000e-01 3.01212310791016e-01
368 5.03417968750000e-01 2.53429651260376e-01
369 4.91699218750000e-01 2.41768121719360e-01
370 4.96093750000000e-01 2.46109008789062e-01
371 4.81933593750000e-01 2.32259988784790e-01
372 4.65820312500000e-01 2.16988563537598e-01
373 4.47265625000000e-01 2.00046539306641e-01
374 5.08300781250000e-01 2.58369684219360e-01
375 5.04394531250000e-01 2.54413843154907e-01
376 4.60449218750000e-01 2.12013483047485e-01
377 4.18945312500000e-01 1.75515174865723e-01
378 3.94531250000000e-01 1.55654907226562e-01
379 4.44335937500000e-01 1.97434425354004e-01
380 4.99511718750000e-01 2.49511957168579e-01
381 5.54687500000000e-01 3.07678222656250e-01
382 5.83496093750000e-01 3.40467691421509e-01
383 5.43457031250000e-01 2.95345544815063e-01
384 5.60546875000000e-01 3.14212799072266e-01
385 5.31250000000000e-01 2.82226562500000e-01
386 5.15136718750000e-01 2.65365839004517e-01
387 4.79492187500000e-01 2.29912757873535e-01
388 4.61425781250000e-01 2.12913751602173e-01
389 4.83886718750000e-01 2.34146356582642e-01
390 4.16503906250000e-01 1.73475503921509e-01
391 4.57519531250000e-01 2.09324121475220e-01
392 4.85839843750000e-01 2.36040353775024e-01
393 5.03906250000000e-01 2.53921508789062e-01
394 5.52734375000000e-01 3.05515289306641e-01
395 5.96191406250000e-01 3.55444192886353e-01
396 5.82031250000000e-01 3.38760375976562e-01
397 5.91796875000000e-01 3.50223541259766e-01
398 5.80566406250000e-01 3.37057352066040e-01
399 5.80078125000000e-01 3.36490631103516e-01
400 5.87402343750000e-01 3.45041513442993e-01
401 5.77148437500000e-01 3.33100318908691e-01
402 5.86425781250000e-01 3.43895196914673e-01
403 6.36718750000000e-01 4.05410766601562e-01
404 6.68945312500000e-01 4.47487831115723e-01
405 6.85546875000000e-01 4.69974517822266e-01
406 6.28417968750000e-01 3.94909143447876e-01
407 6.60644531250000e-01 4.36451196670532e-01
408 6.04492187500000e-01 3.65410804748535e-01
409 5.65917968750000e-01 3.20263147354126e-01
410 6.10839843750000e-01 3.73125314712524e-01
411 6.72363281250000e-01 4.52072381973267e-01
412 6.54785156250000e-01 4.28743600845337e-01
413 6.48437500000000e-01 4.20471191406250e-01
414 6.61621093750000e-01 4.37742471694946e-01
415 6.93847656250000e-01 4.81424570083618e-01
416 7.07031250000000e-01 4.99893188476562e-01
417 6.47949218750000e-01 4.19838190078735e-01
418 6.66015625000000e-01 4.43576812744141e-01
419 5.79589843750000e-01 3.35924386978149e-01
420 6.04003906250000e-01 3.64820718765259e-01
421 6.47949218750000e-01 4.19838190078735e-01
422 7.01171875000000e-01 4.91641998291016e-01
423 6.85058593750000e-01 4.69305276870728e-01
424 6.73339843750000e-01 4.53386545181274e-01
425 6.51855468750000e-01 4.24915552139282e-01
426 6.77734375000000e-01 4.59323883056641e-01
427 7.17285156250000e-01 5.14497995376587e-01
428 6.34765625000000e-01 4.02927398681641e-01
429 6.21093750000000e-01 3.85757446289062e-01
430 6.62109375000000e-01 4.38388824462891e-01
431 6.28417968750000e-01 3.94909143447876e-01
432 5.82519531250000e-01 3.39329004287720e-01
433 6.05468750000000e-01 3.66592407226562e-01
434 6.08886718750000e-01 3.70743036270142e-01
435 6.26953125000000e-01 3.93070220947266e-01
436 6.03027343750000e-01 3.63641977310181e-01
437 5.57617187500000e-01 3.10936927795410e-01
438 5.38574218750000e-01 2.90062189102173e-01
439 4.64843750000000e-01 2.16079711914062e-01
440 4.72656250000000e-01 2.23403930664062e-01
441 4.36523437500000e-01 1.90552711486816e-01
442 4.00878906250000e-01 1.60703897476196e-01
443 4.73144531250000e-01 2.23865747451782e-01
444 4.56542968750000e-01 2.08431482315063e-01
445 5.34667968750000e-01 2.85869836807251e-01
446 4.83886718750000e-01 2.34146356582642e-01
447 4.34082031250000e-01 1.88427209854126e-01
448 4.71679687500000e-01 2.22481727600098e-01
449 4.66308593750000e-01 2.17443704605103e-01
450 4.01367187500000e-01 1.61095619201660e-01
451 4.08203125000000e-01 1.66629791259766e-01
452 3.81835937500000e-01 1.45798683166504e-01
453 3.84765625000000e-01 1.48044586181641e-01
454 3.60839843750000e-01 1.30205392837524e-01
455 4.58496093750000e-01 2.10218667984009e-01
456 4.99023437500000e-01 2.49024391174316e-01
457 4.92675781250000e-01 2.42729425430298e-01
458 4.30664062500000e-01 1.85471534729004e-01
459 4.34570312500000e-01 1.88851356506348e-01
460 4.69726562500000e-01 2.20643043518066e-01
461 4.84375000000000e-01 2.34619140625000e-01
462 5.07324218750000e-01 2.57377862930298e-01
463 4.34570312500000e-01 1.88851356506348e-01
464 5.03417968750000e-01 2.53429651260376e-01
465 4.00878906250000e-01 1.60703897476196e-01
466 3.55957031250000e-01 1.26705408096313e-01
467 4.70703125000000e-01 2.21561431884766e-01
468 5.11718750000000e-01 2.61856079101562e-01
469 5.57128906250000e-01 3.10392618179321e-01
470 5.44433593750000e-01 2.96407938003540e-01
471 4.94628906250000e-01 2.44657754898071e-01
472 5.24902343750000e-01 2.75522470474243e-01
473 5.46875000000000e-01 2.99072265625000e-01
474 5.73242187500000e-01 3.28606605529785e-01
475 6.35742187500000e-01 4.04168128967285e-01
476 6.60156250000000e-01 4.35806274414062e-01
477 6.62109375000000e-01 4.38388824462891e-01
478 6.20117187500000e-01 3.84545326232910e-01
479 5.82031250000000e-01 3.38760375976562e-01
480 5.80078125000000e-01 3.36490631103516e-01
481 6.45507812500000e-01 4.16680335998535e-01
482 6.66015625000000e-01 4.43576812744141e-01
483 6.73828125000000e-01 4.54044342041016e-01
484 6.39648437500000e-01 4.09150123596191e-01
485 6.81152343750000e-01 4.63968515396118e-01
486 6.57714843750000e-01 4.32588815689087e-01
487 6.21093750000000e-01 3.85757446289062e-01
488 6.03027343750000e-01 3.63641977310181e-01
489 6.53808593750000e-01 4.27465677261353e-01
490 6.86523437500000e-01 4.71314430236816e-01
491 6.09375000000000e-01 3.71337890625000e-01
492 6.07421875000000e-01 3.68961334228516e-01
493 6.17675781250000e-01 3.81523370742798e-01
494 6.27441406250000e-01 3.93682718276978e-01
495 6.80175781250000e-01 4.62639093399048e-01
496 7.33398437500000e-01 5.37873268127441e-01
497 7.02148437500000e-01 4.93012428283691e-01
498 6.99707031250000e-01 4.89589929580688e-01
499 6.48437500000000e-01 4.20471191406250e-01
500 6.09863281250000e-01 3.71933221817017e-01
501 5.70800781250000e-01 3.25813531875610e-01
502 6.14257812500000e-01 3.77312660217285e-01
503 6.05957031250000e-01 3.67183923721313e-01
504 6.61132812500000e-01 4.37096595764160e-01
505 6.56738281250000e-01 4.31305170059204e-01
506 6.50878906250000e-01 4.23643350601196e-01
507 6.67968750000000e-01 4.46182250976562e-01
508 7.01171875000000e-01 4.91641998291016e-01
509 7.16796875000000e-01 5.13797760009766e-01
510 6.93847656250000e-01 4.81424570083618e-01
511 6.46484375000000e-01 4.17942047119141e-01
512 6.64062500000000e-01 4.40979003906250e-01
513 6.58203125000000e-01 4.33231353759766e-01
514 6.85546875000000e-01 4.69974517822266e-01
515 7.21679687500000e-01 5.20821571350098e-01
516 7.12402343750000e-01 5.07517099380493e-01
517 7.43652343750000e-01 5.53018808364868e-01
518 6.48925781250000e-01 4.21104669570923e-01
519 6.78222656250000e-01 4.59985971450806e-01
520 7.60742187500000e-01 5.78728675842285e-01
521 7.36816406250000e-01 5.42898416519165e-01
522 7.08496093750000e-01 5.01966714859009e-01
523 6.89453125000000e-01 4.75345611572266e-01
524 6.52832031250000e-01 4.26189661026001e-01
525 6.85058593750000e-01 4.69305276870728e-01
526 6.57226562500000e-01 4.31946754455566e-01
527 6.40625000000000e-01 4.10400390625000e-01
528 6.71875000000000e-01 4.51416015625000e-01
529 6.88476562500000e-01 4.73999977111816e-01
530 6.74804687500000e-01 4.55361366271973e-01
531 7.77832031250000e-01 6.05022668838501e-01
532 7.50976562500000e-01 5.63965797424316e-01
533 7.67578125000000e-01 5.89176177978516e-01
534 7.73925781250000e-01 5.98961114883423e-01
535 7.51953125000000e-01 5.65433502197266e-01
536 6.98730468750000e-01 4.88224267959595e-01
537 7.15820312500000e-01 5.12398719787598e-01
538 6.96777343750000e-01 4.85498666763306e-01
539 6.66503906250000e-01 4.44227457046509e-01
540 6.58203125000000e-01 4.33231353759766e-01
541 6.70410156250000e-01 4.49449777603149e-01
542 6.49414062500000e-01 4.21738624572754e-01
543 6.93359375000000e-01 4.80747222900391e-01
544 6.60156250000000e-01 4.35806274414062e-01
545 6.84082031250000e-01 4.67968225479126e-01
546 6.50878906250000e-01 4.23643350601196e-01
547 5.91308593750000e-01 3.49645853042603e-01
548 7.01171875000000e-01 4.91641998291016e-01
549 6.61621093750000e-01 4.37742471694946e-01
550 6.37207031250000e-01 4.06032800674438e-01
551 6.33789062500000e-01 4.01688575744629e-01
552 6.34765625000000e-01 4.02927398681641e-01
553 5.81054687500000e-01 3.37624549865723e-01
554 5.90332031250000e-01 3.48491907119751e-01
555 6.00585937500000e-01 3.60703468322754e-01
556 5.55175781250000e-01 3.08220148086548e-01
557 6.31347656250000e-01 3.98599863052368e-01
558 6.38183593750000e-01 4.07278299331665e-01
559 6.43066406250000e-01 4.13534402847290e-01
560 6.16699218750000e-01 3.80317926406860e-01
561 6.69921875000000e-01 4.48795318603516e-01
562 6.63574218750000e-01 4.40330743789673e-01
563 6.25000000000000e-01 3.90625000000000e-01
564 5.93750000000000e-01 3.52539062500000e-01
565 6.08886718750000e-01 3.70743036270142e-01
566 6.32812500000000e-01 4.00451660156250e-01
567 6.77246093750000e-01 4.58662271499634e-01
568 6.56738281250000e-01 4.31305170059204e-01
569 6.61621093750000e-01 4.37742471694946e-01
570 6.97753906250000e-01 4.86860513687134e-01
571 6.87011718750000e-01 4.71985101699829e-01
572 6.81152343750000e-01 4.63968515396118e-01
573 6.87500000000000e-01 4.72656250000000e-01
574 6.47949218750000e-01 4.19838190078735e-01
575 6.28906250000000e-01 3.95523071289062e-01
576 6.25976562500000e-01 3.91846656799316e-01
577 6.10351562500000e-01 3.72529029846191e-01
578 6.23535156250000e-01 3.88796091079712e-01
579 6.37695312500000e-01 4.06655311584473e-01
580 6.58691406250000e-01 4.33874368667603e-01
581 6.38183593750000e-01 4.07278299331665e-01
582 6.13281250000000e-01 3.76113891601562e-01
583 7.20703125000000e-01 5.19412994384766e-01
584 7.39257812500000e-01 5.46502113342285e-01
585 7.01660156250000e-01 4.92326974868774e-01
586 6.78222656250000e-01 4.59985971450806e-01
587 6.84570312500000e-01 4.68636512756348e-01
588 7.61718750000000e-01 5.80215454101562e-01
589 7.28027343750000e-01 5.30023813247681e-01
590 6.60644531250000e-01 4.36451196670532e-01
591 5.57128906250000e-01 3.10392618179321e-01
592 5.49316406250000e-01 3.01748514175415e-01
593 5.84960937500000e-01 3.42179298400879e-01
594 5.87890625000000e-01 3.45615386962891e-01
595 5.95703125000000e-01 3.54862213134766e-01
596 6.31835937500000e-01 3.99216651916504e-01
597 6.98242187500000e-01 4.87542152404785e-01
598 6.83105468750000e-01 4.66633081436157e-01
599 6.82617187500000e-01 4.65966224670410e-01
600 6.46972656250000e-01 4.18573617935181e-01
601 6.62109375000000e-01 4.38388824462891e-01
602 6.58203125000000e-01 4.33231353759766e-01
603 6.47460937500000e-01 4.19205665588379e-01
604 6.65039062500000e-01 4.42276954650879e-01
605 6.46484375000000e-01 4.17942047119141e-01
606 6.61132812500000e-01 4.37096595764160e-01
607 6.54785156250000e-01 4.28743600845337e-01
608 6.81640625000000e-01 4.64633941650391e-01
609 7.08496093750000e-01 5.01966714859009e-01
610 7.50976562500000e-01 5.63965797424316e-01
611 6.94824218750000e-01 4.82780694961548e-01
612 6.47460937500000e-01 4.19205665588379e-01
613 6.76757812500000e-01 4.58001136779785e-01
614 7.08496093750000e-01 5.01966714859009e-01
615 7.36816406250000e-01 5.42898416519165e-01
616 7.44628906250000e-01 5.54472208023071e-01
617 7.24121093750000e-01 5.24351358413696e-01
618 7.23632812500000e-01 5.23644447326660e-01
619 7.14355468750000e-01 5.10303735733032e-01
620 7.16308593750000e-01 5.13098001480103e-01
621 7.00683593750000e-01 4.90957498550415e-01
622 6.83593750000000e-01 4.67300415039062e-01
623 7.06542968750000e-01 4.99202966690063e-01
624 6.84082031250000e-01 4.67968225479126e-01
625 6.54785156250000e-01 4.28743600845337e-01
626 6.17675781250000e-01 3.81523370742798e-01
627 6.36230468750000e-01 4.04789209365845e-01
628 6.91894531250000e-01 4.78718042373657e-01
629 6.31347656250000e-01 3.98599863052368e-01
630 5.74707031250000e-01 3.30288171768188e-01
631 5.87890625000000e-01 3.45615386962891e-01
632 5.60546875000000e-01 3.14212799072266e-01
633 4.97070312500000e-01 2.47078895568848e-01
634 4.86328125000000e-01 2.36515045166016e-01
635 5.14160156250000e-01 2.64360666275024e-01
636 5.35644531250000e-01 2.86915063858032e-01
637 5.12695312500000e-01 2.62856483459473e-01
638 4.43847656250000e-01 1.97000741958618e-01
639 4.65820312500000e-01 2.16988563537598e-01
640 4.64843750000000e-01 2.16079711914062e-01
641 4.48242187500000e-01 2.00921058654785e-01
642 4.00878906250000e-01 1.60703897476196e-01
643 3.94042968750000e-01 1.55269861221313e-01
644 4.75097656250000e-01 2.25717782974243e-01
645 5.05371093750000e-01 2.55399942398071e-01
646 4.97070312500000e-01 2.47078895568848e-01
647 5.26367187500000e-01 2.77062416076660e-01
648 5.49316406250000e-01 3.01748514175415e-01
649 5.83007812500000e-01 3.39898109436035e-01
650 5.98144531250000e-01 3.57776880264282e-01
651 6.03027343750000e-01 3.63641977310181e-01
652 6.09375000000000e-01 3.71337890625000e-01
653 6.39648437500000e-01 4.09150123596191e-01
654 6.59179687500000e-01 4.34517860412598e-01
655 6.48437500000000e-01 4.20471191406250e-01
656 6.99218750000000e-01 4.88906860351562e-01
657 6.69921875000000e-01 4.48795318603516e-01
658 6.65039062500000e-01 4.42276954650879e-01
659 6.79687500000000e-01 4.61975097656250e-01
660 7.13867187500000e-01 5.09606361389160e-01
661 7.15332031250000e-01 5.11699914932251e-01
662 7.60742187500000e-01 5.78728675842285e-01
663 7.01660156250000e-01 4.92326974868774e-01
664 6.21093750000000e-01 3.85757446289062e-01
665 5.88867187500000e-01 3.46764564514160e-01
666 6.42578125000000e-01 4.12906646728516e-01
667 6.33300781250000e-01 4.01069879531860e-01
668 6.34277343750000e-01 4.02307748794556e-01
669 6.14746093750000e-01 3.77912759780884e-01
670 6.76269531250000e-01 4.57340478897095e-01
671 6.32812500000000e-01 4.00451660156250e-01
672 6.66992187500000e-01 4.44878578186035e-01
673 7.56347656250000e-01 5.72061777114868e-01
674 7.50000000000000e-01 5.62500000000000e-01
675 7.54394531250000e-01 5.69111108779907e-01
676 7.38281250000000e-01 5.45059204101562e-01
677 7.19238281250000e-01 5.17303705215454e-01
678 7.25585937500000e-01 5.26474952697754e-01
679 6.83105468750000e-01 4.66633081436157e-01
680 6.11816406250000e-01 3.74319314956665e-01
681 5.93261718750000e-01 3.51959466934204e-01
682 5.96679687500000e-01 3.56026649475098e-01
683 6.02539062500000e-01 3.63053321838379e-01
684 6.10351562500000e-01 3.72529029846191e-01
685 6.07421875000000e-01 3.68961334228516e-01
686 5.94238281250000e-01 3.53119134902954e-01
687 5.33203125000000e-01 2.84305572509766e-01
688 5.72753906250000e-01 3.28047037124634e-01
689 6.74316406250000e-01 4.54702615737915e-01
690 6.61132812500000e-01 4.37096595764160e-01
691 6.48925781250000e-01 4.21104669570923e-01
692 6.46484375000000e-01 4.17942047119141e-01
693 6.38671875000000e-01 4.07901763916016e-01
694 6.62109375000000e-01 4.38388824462891e-01
695 6.16210937500000e-01 3.79715919494629e-01
696 5.85937500000000e-01 3.43322753906250e-01
697 5.55175781250000e-01 3.08220148086548e-01
698 5.71777343750000e-01 3.26929330825806e-01
699 5.36621093750000e-01 2.87962198257446e-01
700 5.21484375000000e-01 2.71945953369141e-01
701 5.39062500000000e-01 2.90588378906250e-01
702 5.67382812500000e-01 3.21923255920410e-01
703 5.46875000000000e-01 2.99072265625000e-01
704 4.31640625000000e-01 1.86313629150391e-01
705 4.59960937500000e-01 2.11564064025879e-01
706 4.20410156250000e-01 1.76744699478149e-01
707 3.60839843750000e-01 1.30205392837524e-01
708 4.35546875000000e-01 1.89701080322266e-01
709 4.51171875000000e-01 2.03556060791016e-01
710 4.38964843750000e-01 1.92690134048462e-01
711 4.36523437500000e-01 1.90552711486816e-01
712 4.08203125000000e-01 1.66629791259766e-01
713 4.34570312500000e-01 1.88851356506348e-01
714 4.14062500000000e-01 1.71447753906250e-01
715 3.71582031250000e-01 1.38073205947876e-01
716 3.01269531250000e-01 9.07633304595947e-02
717 3.31054687500000e-01 1.09597206115723e-01
718 3.95507812500000e-01 1.56426429748535e-01
719 3.21289062500000e-01 1.03226661682129e-01
720 3.65722656250000e-01 1.33753061294556e-01
721 3.31542968750000e-01 1.09920740127563e-01
722 4.01367187500000e-01 1.61095619201660e-01
723 3.63769531250000e-01 1.32328271865845e-01
724 3.42773437500000e-01 1.17493629455566e-01
725 3.91113281250000e-01 1.52969598770142e-01
726 4.68750000000000e-01 2.19726562500000e-01
727 4.26269531250000e-01 1.81705713272095e-01
728 4.99511718750000e-01 2.49511957168579e-01
729 4.76562500000000e-01 2.27111816406250e-01
730 4.86816406250000e-01 2.36990213394165e-01
731 4.87304687500000e-01 2.37465858459473e-01
732 4.66796875000000e-01 2.17899322509766e-01
733 4.61914062500000e-01 2.13364601135254e-01
734 5.00000000000000e-01 2.50000000000000e-01
735 5.30273437500000e-01 2.81189918518066e-01
736 5.35644531250000e-01 2.86915063858032e-01
737 5.56640625000000e-01 3.09848785400391e-01
738 5.30273437500000e-01 2.81189918518066e-01
739 5.24414062500000e-01 2.75010108947754e-01
740 5.68359375000000e-01 3.23032379150391e-01
741 5.65429687500000e-01 3.19710731506348e-01
742 5.32226562500000e-01 2.83265113830566e-01
743 4.71679687500000e-01 2.22481727600098e-01
744 5.05371093750000e-01 2.55399942398071e-01
745 5.42480468750000e-01 2.94285058975220e-01
746 5.64941406250000e-01 3.19158792495728e-01
747 5.97656250000000e-01 3.57192993164062e-01
748 5.71289062500000e-01 3.26371192932129e-01
749 4.96582031250000e-01 2.46593713760376e-01
750 5.65429687500000e-01 3.19710731506348e-01
751 5.41015625000000e-01 2.92697906494141e-01
752 5.98632812500000e-01 3.58361244201660e-01
753 6.14257812500000e-01 3.77312660217285e-01
754 6.45507812500000e-01 4.16680335998535e-01
755 6.00097656250000e-01 3.60117197036743e-01
756 6.38183593750000e-01 4.07278299331665e-01
757 5.78125000000000e-01 3.34228515625000e-01
758 6.10839843750000e-01 3.73125314712524e-01
759 5.22949218750000e-01 2.73475885391235e-01
760 5.00488281250000e-01 2.50488519668579e-01
761 5.11718750000000e-01 2.61856079101562e-01
762 4.77539062500000e-01 2.28043556213379e-01
763 4.58496093750000e-01 2.10218667984009e-01
764 5.03417968750000e-01 2.53429651260376e-01
765 4.59960937500000e-01 2.11564064025879e-01
766 5.18066406250000e-01 2.68392801284790e-01
767 4.95117187500000e-01 2.45141029357910e-01
768 4.76074218750000e-01 2.26646661758423e-01
769 4.95117187500000e-01 2.45141029357910e-01
770 5.81054687500000e-01 3.37624549865723e-01
771 6.19628906250000e-01 3.83939981460571e-01
772 6.40136718750000e-01 4.09775018692017e-01
773 6.71875000000000e-01 4.51416015625000e-01
774 6.75781250000000e-01 4.56680297851562e-01
775 6.15234375000000e-01 3.78513336181641e-01
776 6.11816406250000e-01 3.74319314956665e-01
777 6.28417968750000e-01 3.94909143447876e-01
778 6.44531250000000e-01 4.15420532226562e-01
779 6.06933593750000e-01 3.68368387222290e-01
780 6.20117187500000e-01 3.84545326232910e-01
781 6.08398437500000e-01 3.70148658752441e-01
782 6.87011718750000e-01 4.71985101699829e-01
783 6.72363281250000e-01 4.52072381973267e-01
784 6.90429687500000e-01 4.76693153381348e-01
785 6.94335937500000e-01 4.82102394104004e-01
786 6.51367187500000e-01 4.24279212951660e-01
787 6.15234375000000e-01 3.78513336181641e-01
788 5.37109375000000e-01 2.88486480712891e-01
789 5.49316406250000e-01 3.01748514175415e-01
790 5.89843750000000e-01 3.47915649414062e-01
791 5.16601562500000e-01 2.66877174377441e-01
792 4.95605468750000e-01 2.45624780654907e-01
793 4.83398437500000e-01 2.33674049377441e-01
794 4.41406250000000e-01 1.94839477539062e-01
795 4.60937500000000e-01 2.12463378906250e-01
796 4.43359375000000e-01 1.96567535400391e-01
797 4.92675781250000e-01 2.42729425430298e-01
798 4.93652343750000e-01 2.43692636489868e-01
799 5.86425781250000e-01 3.43895196914673e-01
800 6.55761718750000e-01 4.30023431777954e-01
801 6.44531250000000e-01 4.15420532226562e-01
802 6.25488281250000e-01 3.91235589981079e-01
803 5.99121093750000e-01 3.58946084976196e-01
804 5.71289062500000e-01 3.26371192932129e-01
805 5.43945312500000e-01 2.95876502990723e-01
806 5.85449218750000e-01 3.42750787734985e-01
807 6.24023437500000e-01 3.89405250549316e-01
808 6.25000000000000e-01 3.90625000000000e-01
809 6.40136718750000e-01 4.09775018692017e-01
810 7.08496093750000e-01 5.01966714859009e-01
811 6.96777343750000e-01 4.85498666763306e-01
812 7.01660156250000e-01 4.92326974868774e-01
813 6.86035156250000e-01 4.70644235610962e-01
814 6.16699218750000e-01 3.80317926406860e-01
815 6.25976562500000e-01 3.91846656799316e-01
816 6.39160156250000e-01 4.08525705337524e-01
817 6.38671875000000e-01 4.07901763916016e-01
818 5.67871093750000e-01 3.22477579116821e-01
819 6.65527343750000e-01 4.42926645278931e-01
820 7.05566406250000e-01 4.97823953628540e-01
821 7.39746093750000e-01 5.47224283218384e-01
822 7.36816406250000e-01 5.42898416519165e-01
823 7.29492187500000e-01 5.32158851623535e-01
824 6.97265625000000e-01 4.86179351806641e-01
825 6.87011718750000e-01 4.71985101699829e-01
826 6.56250000000000e-01 4.30664062500000e-01
827 6.25000000000000e-01 3.90625000000000e-01
828 7.11425781250000e-01 5.06126642227173e-01
829 6.41113281250000e-01 4.11026239395142e-01
830 6.31347656250000e-01 3.98599863052368e-01
831 6.30371093750000e-01 3.97367715835571e-01
832 6.38183593750000e-01 4.07278299331665e-01
833 6.10839843750000e-01 3.73125314712524e-01
834 6.77246093750000e-01 4.58662271499634e-01
835 6.88964843750000e-01 4.74672555923462e-01
836 7.38281250000000e-01 5.45059204101562e-01
837 7.12890625000000e-01 5.08213043212891e-01
838 6.91894531250000e-01 4.78718042373657e-01
839 7.12890625000000e-01 5.08213043212891e-01
840 7.04589843750000e-01 4.96446847915649e-01
841 6.79687500000000e-01 4.61975097656250e-01
842 6.88476562500000e-01 4.73999977111816e-01
843 7.02148437500000e-01 4.93012428283691e-01
844 7.06054687500000e-01 4.98513221740723e-01
845 6.74316406250000e-01 4.54702615737915e-01
846 6.83105468750000e-01 4.66633081436157e-01
847 6.43554687500000e-01 4.14162635803223e-01
848 6.83593750000000e-01 4.67300415039062e-01
849 6.60644531250000e-01 4.36451196670532e-01
850 6.45996093750000e-01 4.17310953140259e-01
851 6.02050781250000e-01 3.62465143203735e-01
852 5.41503906250000e-01 2.93226480484009e-01
853 5.95703125000000e-01 3.54862213134766e-01
854 6.26464843750000e-01 3.92458200454712e-01
855 6.59667968750000e-01 4.35161828994751e-01
856 6.28417968750000e-01 3.94909143447876e-01
857 5.89355468750000e-01 3.47339868545532e-01
858 5.71777343750000e-01 3.26929330825806e-01
859 5.65429687500000e-01 3.19710731506348e-01
860 5.59082031250000e-01 3.12572717666626e-01
861 5.73730468750000e-01 3.29166650772095e-01
862 6.08398437500000e-01 3.70148658752441e-01
863 5.46386718750000e-01 2.98538446426392e-01
864 6.20117187500000e-01 3.84545326232910e-01
865 6.37207031250000e-01 4.06032800674438e-01
866 6.41113281250000e-01 4.11026239395142e-01
867 6.10351562500000e-01 3.72529029846191e-01
868 5.94238281250000e-01 3.53119134902954e-01
869 6.21093750000000e-01 3.85757446289062e-01
870 6.16210937500000e-01 3.79715919494629e-01
871 5.62988281250000e-01 3.16955804824829e-01
872 5.12207031250000e-01 2.62356042861938e-01
873 4.79003906250000e-01 2.29444742202759e-01
874 4.88769531250000e-01 2.38895654678345e-01
875 5.21484375000000e-01 2.71945953369141e-01
876 4.15527343750000e-01 1.72662973403931e-01
877 3.64257812500000e-01 1.32683753967285e-01
878 3.80859375000000e-01 1.45053863525391e-01
879 3.32031250000000e-01 1.10244750976562e-01
880 2.32910156250000e-01 5.42471408843994e-02
881 2.82226562500000e-01 7.96518325805664e-02
882 3.31054687500000e-01 1.09597206115723e-01
883 3.64257812500000e-01 1.32683753967285e-01
884 3.15917968750000e-01 9.98041629791260e-02
885 3.64257812500000e-01 1.32683753967285e-01
886 3.20312500000000e-01 1.02600097656250e-01
887 3.56933593750000e-01 1.27401590347290e-01
888 3.89160156250000e-01 1.51445627212524e-01
889 3.74511718750000e-01 1.40259027481079e-01
890 3.25195312500000e-01 1.05751991271973e-01
891 3.73535156250000e-01 1.39528512954712e-01
892 3.83300781250000e-01 1.46919488906860e-01
893 4.15039062500000e-01 1.72257423400879e-01
894 3.92089843750000e-01 1.53734445571899e-01
895 4.37011718750000e-01 1.90979242324829e-01
896 4.27246093750000e-01 1.82539224624634e-01
897 4.43847656250000e-01 1.97000741958618e-01
898 5.00488281250000e-01 2.50488519668579e-01
899 4.74121093750000e-01 2.24790811538696e-01
900 3.92578125000000e-01 1.54117584228516e-01
901 4.41894531250000e-01 1.95270776748657e-01
902 4.85351562500000e-01 2.35566139221191e-01
903 4.81445312500000e-01 2.31789588928223e-01
904 3.93554687500000e-01 1.54885292053223e-01
905 4.50195312500000e-01 2.02675819396973e-01
906 4.64843750000000e-01 2.16079711914062e-01
907 3.88671875000000e-01 1.51065826416016e-01
908 3.79394531250000e-01 1.43940210342407e-01
909 3.94042968750000e-01 1.55269861221313e-01
910 3.60839843750000e-01 1.30205392837524e-01
911 3.55468750000000e-01 1.26358032226562e-01
912 3.81347656250000e-01 1.45426034927368e-01
913 4.32617187500000e-01 1.87157630920410e-01
914 4.80957031250000e-01 2.31319665908813e-01
915 4.22851562500000e-01 1.78803443908691e-01
916 4.34082031250000e-01 1.88427209854126e-01
917 4.68261718750000e-01 2.19269037246704e-01
918 4.01855468750000e-01 1.61487817764282e-01
919 4.31152343750000e-01 1.85892343521118e-01
920 4.58984375000000e-01 2.10666656494141e-01
921 4.34570312500000e-01 1.88851356506348e-01
922 4.98046875000000e-01 2.48050689697266e-01
923 4.85351562500000e-01 2.35566139221191e-01
924 5.27343750000000e-01 2.78091430664062e-01
925 4.43359375000000e-01 1.96567535400391e-01
926 4.48242187500000e-01 2.00921058654785e-01
927 4.58496093750000e-01 2.10218667984009e-01
928 4.81933593750000e-01 2.32259988784790e-01
929 4.53613281250000e-01 2.05765008926392e-01
930 4.74609375000000e-01 2.25254058837891e-01
931 4.48242187500000e-01 2.00921058654785e-01
932 4.61425781250000e-01 2.12913751602173e-01
933 4.25781250000000e-01 1.81289672851562e-01
934 4.12109375000000e-01 1.69834136962891e-01
935 4.59960937500000e-01 2.11564064025879e-01
936 5.10742187500000e-01 2.60857582092285e-01
937 5.14648437500000e-01 2.64863014221191e-01
938 5.30273437500000e-01 2.81189918518066e-01
939 5.98144531250000e-01 3.57776880264282e-01
940 5.93261718750000e-01 3.51959466934204e-01
941 6.21093750000000e-01 3.85757446289062e-01
942 5.79589843750000e-01 3.35924386978149e-01
943 6.27441406250000e-01 3.93682718276978e-01
944 6.71386718750000e-01 4.50760126113892e-01
945 6.12304687500000e-01 3.74917030334473e-01
946 5.70800781250000e-01 3.25813531875610e-01
947 5.88867187500000e-01 3.46764564514160e-01
948 5.96679687500000e-01 3.56026649475098e-01
949 5.96191406250000e-01 3.55444192886353e-01
950 5.78613281250000e-01 3.34793329238892e-01
951 5.61035156250000e-01 3.14760446548462e-01
952 5.53222656250000e-01 3.06055307388306e-01
953 4.78515625000000e-01 2.28977203369141e-01
954 4.96093750000000e-01 2.46109008789062e-01
955 4.07714843750000e-01 1.66231393814087e-01
956 4.25292968750000e-01 1.80874109268188e-01
957 4.99023437500000e-01 2.49024391174316e-01
958 4.69238281250000e-01 2.20184564590454e-01
959 5.25390625000000e-01 2.76035308837891e-01
960 5.37597656250000e-01 2.89011240005493e-01
961 5.62500000000000e-01 3.16406250000000e-01
962 6.27441406250000e-01 3.93682718276978e-01
963 6.55761718750000e-01 4.30023431777954e-01
964 7.00683593750000e-01 4.90957498550415e-01
965 6.69921875000000e-01 4.48795318603516e-01
966 6.50878906250000e-01 4.23643350601196e-01
967 6.79199218750000e-01 4.61311578750610e-01
968 6.64550781250000e-01 4.41627740859985e-01
969 7.19238281250000e-01 5.17303705215454e-01
970 7.25097656250000e-01 5.25766611099243e-01
971 6.92871093750000e-01 4.80070352554321e-01
972 6.41601562500000e-01 4.11652565002441e-01
973 6.29882812500000e-01 3.96752357482910e-01
974 6.14257812500000e-01 3.77312660217285e-01
975 6.11816406250000e-01 3.74319314956665e-01
976 5.52246093750000e-01 3.04975748062134e-01
977 5.61523437500000e-01 3.15308570861816e-01
978 5.42480468750000e-01 2.94285058975220e-01
979 6.16210937500000e-01 3.79715919494629e-01
980 6.45996093750000e-01 4.17310953140259e-01
981 6.54296875000000e-01 4.28104400634766e-01
982 6.21582031250000e-01 3.86364221572876e-01
983 6.22558593750000e-01 3.87579202651978e-01
984 6.15722656250000e-01 3.79114389419556e-01
985 6.64550781250000e-01 4.41627740859985e-01
986 6.15234375000000e-01 3.78513336181641e-01
987 6.18164062500000e-01 3.82126808166504e-01
988 6.54296875000000e-01 4.28104400634766e-01
989 6.52343750000000e-01 4.25552368164062e-01
990 6.61132812500000e-01 4.37096595764160e-01
991 6.37207031250000e-01 4.06032800674438e-01
992 6.67968750000000e-01 4.46182250976562e-01
993 6.51855468750000e-01 4.24915552139282e-01
994 7.01660156250000e-01 4.92326974868774e-01
995 7.17285156250000e-01 5.14497995376587e-01
996 6.97265625000000e-01 4.86179351806641e-01
997 7.05566406250000e-01 4.97823953628540e-01
998 6.64062500000000e-01 4.40979003906250e-01
999 6.88964843750000e-01 4.74672555923462e-01
