0 6.84082031250000e-01 4.67968225479126e-01
1 6.92871093750000e-01 4.80070352554321e-01
2 6.66015625000000e-01 4.43576812744141e-01
3 6.59179687500000e-01 4.34517860412598e-01
4 5.89843750000000e-01 3.47915649414062e-01
5 5.48828125000000e-01 3.01212310791016e-01
6 5.43945312500000e-01 2.95876502990723e-01
7 5.00000000000000e-01 2.50000000000000e-01
8 4.79492187500000e-01 2.29912757873535e-01
9 4.95605468750000e-01 2.45624780654907e-01
10 5.01953125000000e-01 2.51956939697266e-01
11 5.26367187500000e-01 2.77062416076660e-01
12 5.46386718750000e-01 2.98538446426392e-01
13 5.81542968750000e-01 3.38192224502563e-01
14 5.14160156250000e-01 2.64360666275024e-01
15 4.84375000000000e-01 2.34619140625000e-01
16 4.79492187500000e-01 2.29912757873535e-01
17 4.42871093750000e-01 1.96134805679321e-01
18 4.48242187500000e-01 2.00921058654785e-01
19 4.30664062500000e-01 1.85471534729004e-01
20 4.61914062500000e-01 2.13364601135254e-01
21 4.75585937500000e-01 2.26181983947754e-01
22 5.48828125000000e-01 3.01212310791016e-01
23 5.10253906250000e-01 2.60359048843384e-01
24 4.95117187500000e-01 2.45141029357910e-01
25 4.14062500000000e-01 1.71447753906250e-01
26 3.92578125000000e-01 1.54117584228516e-01
27 3.21289062500000e-01 1.03226661682129e-01
28 3.45214843750000e-01 1.19173288345337e-01
29 3.34472656250000e-01 1.11871957778931e-01
30 3.72070312500000e-01 1.38436317443848e-01
31 4.59960937500000e-01 2.11564064025879e-01
32 5.00000000000000e-01 2.50000000000000e-01
33 5.26367187500000e-01 2.77062416076660e-01
34 5.58593750000000e-01 3.12026977539062e-01
35 5.71777343750000e-01 3.26929330825806e-01
36 5.46386718750000e-01 2.98538446426392e-01
37 6.23046875000000e-01 3.88187408447266e-01
38 6.17187500000000e-01 3.80920410156250e-01
39 6.00097656250000e-01 3.60117197036743e-01
40 5.59570312500000e-01 3.13118934631348e-01
41 5.86914062500000e-01 3.44468116760254e-01
42 5.98144531250000e-01 3.57776880264282e-01
43 5.11718750000000e-01 2.61856079101562e-01
44 5.16113281250000e-01 2.66372919082642e-01
45 5.37597656250000e-01 2.89011240005493e-01
46 4.89257812500000e-01 2.39373207092285e-01
47 4.89746093750000e-01 2.39851236343384e-01
48 5.06347656250000e-01 2.56387948989868e-01
49 5.62011718750000e-01 3.15857172012329e-01
50 5.79589843750000e-01 3.35924386978149e-01
51 6.02539062500000e-01 3.63053321838379e-01
52 6.22558593750000e-01 3.87579202651978e-01
53 6.26953125000000e-01 3.93070220947266e-01
54 6.39648437500000e-01 4.09150123596191e-01
55 6.21093750000000e-01 3.85757446289062e-01
56 5.85449218750000e-01 3.42750787734985e-01
57 6.33300781250000e-01 4.01069879531860e-01
58 5.40527343750000e-01 2.92169809341431e-01
59 5.89355468750000e-01 3.47339868545532e-01
60 6.45019531250000e-01 4.16050195693970e-01
61 6.28906250000000e-01 3.95523071289062e-01
62 6.09863281250000e-01 3.71933221817017e-01
63 6.26953125000000e-01 3.93070220947266e-01
64 6.54785156250000e-01 4.28743600845337e-01
65 6.54785156250000e-01 4.28743600845337e-01
66 5.71289062500000e-01 3.26371192932129e-01
67 5.82519531250000e-01 3.39329004287720e-01
68 5.00976562500000e-01 2.50977516174316e-01
69 4.44335937500000e-01 1.97434425354004e-01
70 4.44824218750000e-01 1.97868585586548e-01
71 4.64843750000000e-01 2.16079711914062e-01
72 4.87792968750000e-01 2.37941980361938e-01
73 3.93554687500000e-01 1.54885292053223e-01
74 3.96484375000000e-01 1.57199859619141e-01
75 3.59375000000000e-01 1.29150390625000e-01
76 3.14941406250000e-01 9.91880893707275e-02
77 3.18359375000000e-01 1.01352691650391e-01
78 2.23144531250000e-01 4.97934818267822e-02
79 2.29003906250000e-01 5.24427890777588e-02
80 1.66015625000000e-01 2.75611877441406e-02
81 1.72851562500000e-01 2.98776626586914e-02
82 1.91406250000000e-01 3.66363525390625e-02
83 1.74804687500000e-01 3.05566787719727e-02
84 1.29882812500000e-01 1.68695449829102e-02
85 1.73828125000000e-01 3.02162170410156e-02
86 1.59667968750000e-01 2.54938602447510e-02
87 1.42578125000000e-01 2.03285217285156e-02
88 1.58203125000000e-01 2.50282287597656e-02
89 1.63085937500000e-01 2.65970230102539e-02
90 6.73828125000000e-02 4.54044342041016e-03
91 1.25488281250000e-01 1.57473087310791e-02
92 6.98242187500000e-02 4.87542152404785e-03
93 4.49218750000000e-02 2.01797485351562e-03
94 1.61132812500000e-02 2.59637832641602e-04
95 3.95507812500000e-02 1.56426429748535e-03
96 8.78906250000000e-03 7.72476196289062e-05
97 1.17187500000000e-02 1.37329101562500e-04
98 3.90625000000000e-02 1.52587890625000e-03
99 6.25000000000000e-02 3.90625000000000e-03
100 3.85742187500000e-02 1.48797035217285e-03
101 6.34765625000000e-02 4.02927398681641e-03
102 5.76171875000000e-02 3.31974029541016e-03
103 8.88671875000000e-02 7.89737701416016e-03
104 1.58203125000000e-01 2.50282287597656e-02
105 1.18652343750000e-01 1.40783786773682e-02
106 1.48437500000000e-01 2.20336914062500e-02
107 1.55761718750000e-01 2.42617130279541e-02
108 1.71875000000000e-01 2.95410156250000e-02
109 1.76757812500000e-01 3.12433242797852e-02
110 1.49414062500000e-01 2.23245620727539e-02
111 1.08398437500000e-01 1.17502212524414e-02
112 1.59179687500000e-01 2.53381729125977e-02
113 1.02050781250000e-01 1.04143619537354e-02
114 1.75781250000000e-02 3.08990478515625e-04
115 4.15039062500000e-02 1.72257423400879e-03
116 1.05957031250000e-01 1.12268924713135e-02
117 1.60644531250000e-01 2.58066654205322e-02
118 1.33300781250000e-01 1.77690982818604e-02
119 1.35742187500000e-01 1.84259414672852e-02
120 1.25488281250000e-01 1.57473087310791e-02
121 1.04003906250000e-01 1.08168125152588e-02
122 1.25000000000000e-01 1.56250000000000e-02
123 1.76269531250000e-01 3.10709476470947e-02
124 2.37792968750000e-01 5.65454959869385e-02
125 2.42675781250000e-01 5.88915348052979e-02
126 2.75390625000000e-01 7.58399963378906e-02
127 2.97363281250000e-01 8.84249210357666e-02
128 2.83203125000000e-01 8.02040100097656e-02
129 2.70996093750000e-01 7.34388828277588e-02
130 3.74511718750000e-01 1.40259027481079e-01
131 3.60839843750000e-01 1.30205392837524e-01
132 4.19921875000000e-01 1.76334381103516e-01
133 4.78515625000000e-01 2.28977203369141e-01
134 4.54101562500000e-01 2.06208229064941e-01
135 4.87792968750000e-01 2.37941980361938e-01
136 4.99023437500000e-01 2.49024391174316e-01
137 5.08300781250000e-01 2.58369684219360e-01
138 5.82519531250000e-01 3.39329004287720e-01
139 5.61035156250000e-01 3.14760446548462e-01
140 6.35742187500000e-01 4.04168128967285e-01
141 5.38085937500000e-01 2.89536476135254e-01
142 5.64453125000000e-01 3.18607330322266e-01
143 5.28320312500000e-01 2.79122352600098e-01
144 5.05859375000000e-01 2.55893707275391e-01
145 5.60058593750000e-01 3.13665628433228e-01
146 5.93261718750000e-01 3.51959466934204e-01
147 5.31250000000000e-01 2.82226562500000e-01
148 5.30761718750000e-01 2.81708002090454e-01
149 4.76562500000000e-01 2.27111816406250e-01
150 4.31152343750000e-01 1.85892343521118e-01
151 3.82324218750000e-01 1.46171808242798e-01
152 3.16406250000000e-01 1.00112915039062e-01
153 2.99316406250000e-01 8.95903110504150e-02
154 2.17773437500000e-01 4.74252700805664e-02
155 2.75878906250000e-01 7.61091709136963e-02
156 3.41308593750000e-01 1.16491556167603e-01
157 3.53515625000000e-01 1.24973297119141e-01
158 2.71972656250000e-01 7.39691257476807e-02
159 3.05664062500000e-01 9.34305191040039e-02
160 3.95996093750000e-01 1.56812906265259e-01
161 4.22363281250000e-01 1.78390741348267e-01
162 3.90625000000000e-01 1.52587890625000e-01
163 3.60351562500000e-01 1.29853248596191e-01
164 2.42187500000000e-01 5.86547851562500e-02
165 2.17773437500000e-01 4.74252700805664e-02
166 1.43066406250000e-01 2.04679965972900e-02
167 1.43066406250000e-01 2.04679965972900e-02
168 1.53320312500000e-01 2.35071182250977e-02
169 1.86523437500000e-01 3.47909927368164e-02
170 1.53320312500000e-01 2.35071182250977e-02
171 2.04101562500000e-01 4.16574478149414e-02
172 2.77832031250000e-01 7.71906375885010e-02
173 3.58886718750000e-01 1.28799676895142e-01
174 4.18945312500000e-01 1.75515174865723e-01
175 4.60449218750000e-01 2.12013483047485e-01
176 3.97949218750000e-01 1.58363580703735e-01
177 4.03320312500000e-01 1.62667274475098e-01
178 3.41796875000000e-01 1.16825103759766e-01
179 3.35449218750000e-01 1.12526178359985e-01
180 2.72460937500000e-01 7.42349624633789e-02
181 2.98828125000000e-01 8.92982482910156e-02
182 3.38378906250000e-01 1.14500284194946e-01
183 3.66699218750000e-01 1.34468317031860e-01
184 3.85742187500000e-01 1.48797035217285e-01
185 3.27148437500000e-01 1.07026100158691e-01
186 3.48632812500000e-01 1.21544837951660e-01
187 3.82324218750000e-01 1.46171808242798e-01
188 2.82226562500000e-01 7.96518325805664e-02
189 2.78320312500000e-01 7.74621963500977e-02
190 3.25683593750000e-01 1.06069803237915e-01
191 3.52050781250000e-01 1.23939752578735e-01
192 3.90625000000000e-01 1.52587890625000e-01
193 4.93652343750000e-01 2.43692636489868e-01
194 5.25390625000000e-01 2.76035308837891e-01
195 4.97070312500000e-01 2.47078895568848e-01
196 4.72656250000000e-01 2.23403930664062e-01
197 4.10644531250000e-01 1.68628931045532e-01
198 3.96972656250000e-01 1.57587289810181e-01
199 4.34082031250000e-01 1.88427209854126e-01
200 4.52148437500000e-01 2.04438209533691e-01
201 5.41015625000000e-01 2.92697906494141e-01
202 5.36132812500000e-01 2.87438392639160e-01
203 4.98046875000000e-01 2.48050689697266e-01
204 5.39062500000000e-01 2.90588378906250e-01
205 5.70800781250000e-01 3.25813531875610e-01
206 4.78515625000000e-01 2.28977203369141e-01
207 5.17578125000000e-01 2.67887115478516e-01
208 4.38964843750000e-01 1.92690134048462e-01
209 4.37500000000000e-01 1.91406250000000e-01
210 3.98437500000000e-01 1.58752441406250e-01
211 4.30664062500000e-01 1.85471534729004e-01
212 4.08203125000000e-01 1.66629791259766e-01
213 4.57031250000000e-01 2.08877563476562e-01
214 3.90625000000000e-01 1.52587890625000e-01
215 4.19433593750000e-01 1.75924539566040e-01
216 3.88671875000000e-01 1.51065826416016e-01
217 3.75976562500000e-01 1.41358375549316e-01
218 4.15527343750000e-01 1.72662973403931e-01
219 4.42382812500000e-01 1.95702552795410e-01
220 4.12597656250000e-01 1.70236825942993e-01
221 4.39453125000000e-01 1.93119049072266e-01
222 5.39062500000000e-01 2.90588378906250e-01
223 5.53222656250000e-01 3.06055307388306e-01
224 5.50292968750000e-01 3.02822351455688e-01
225 4.75097656250000e-01 2.25717782974243e-01
226 4.58007812500000e-01 2.09771156311035e-01
227 4.41894531250000e-01 1.95270776748657e-01
228 4.35058593750000e-01 1.89275979995728e-01
229 4.81445312500000e-01 2.31789588928223e-01
230 5.00488281250000e-01 2.50488519668579e-01
231 5.40527343750000e-01 2.92169809341431e-01
232 5.04882812500000e-01 2.54906654357910e-01
233 4.38476562500000e-01 1.92261695861816e-01
234 4.85839843750000e-01 2.36040353775024e-01
235 5.44921875000000e-01 2.96939849853516e-01
236 4.89746093750000e-01 2.39851236343384e-01
237 5.04394531250000e-01 2.54413843154907e-01
238 5.10253906250000e-01 2.60359048843384e-01
239 5.69335937500000e-01 3.24143409729004e-01
240 5.92285156250000e-01 3.50801706314087e-01
241 6.39648437500000e-01 4.09150123596191e-01
242 6.79199218750000e-01 4.61311578750610e-01
243 5.93261718750000e-01 3.51959466934204e-01
244 6.37207031250000e-01 4.06032800674438e-01
245 5.66406250000000e-01 3.20816040039062e-01
246 6.55273437500000e-01 4.29383277893066e-01
247 6.13769531250000e-01 3.76713037490845e-01
248 6.33300781250000e-01 4.01069879531860e-01
249 6.14257812500000e-01 3.77312660217285e-01
250 5.94238281250000e-01 3.53119134902954e-01
251 6.16699218750000e-01 3.80317926406860e-01
252 6.33789062500000e-01 4.01688575744629e-01
253 6.03027343750000e-01 3.63641977310181e-01
254 5.54687500000000e-01 3.07678222656250e-01
255 5.98144531250000e-01 3.57776880264282e-01
256 6.19628906250000e-01 3.83939981460571e-01
257 6.28906250000000e-01 3.95523071289062e-01
258 6.45507812500000e-01 4.16680335998535e-01
259 6.45019531250000e-01 4.16050195693970e-01
260 6.43066406250000e-01 4.13534402847290e-01
261 6.46972656250000e-01 4.18573617935181e-01
262 6.22070312500000e-01 3.86971473693848e-01
263 5.76660156250000e-01 3.32536935806274e-01
264 6.25488281250000e-01 3.91235589981079e-01
265 6.37695312500000e-01 4.06655311584473e-01
266 6.03515625000000e-01 3.64231109619141e-01
267 5.91308593750000e-01 3.49645853042603e-01
268 6.19140625000000e-01 3.83335113525391e-01
269 6.18652343750000e-01 3.82730722427368e-01
270 6.40625000000000e-01 4.10400390625000e-01
271 6.77734375000000e-01 4.59323883056641e-01
272 6.98730468750000e-01 4.88224267959595e-01
273 6.94335937500000e-01 4.82102394104004e-01
274 6.73339843750000e-01 4.53386545181274e-01
275 6.69433593750000e-01 4.48141336441040e-01
276 6.39648437500000e-01 4.09150123596191e-01
277 5.81542968750000e-01 3.38192224502563e-01
278 6.10839843750000e-01 3.73125314712524e-01
279 6.36718750000000e-01 4.05410766601562e-01
280 6.24023437500000e-01 3.89405250549316e-01
281 5.70800781250000e-01 3.25813531875610e-01
282 5.33203125000000e-01 2.84305572509766e-01
283 5.74218750000000e-01 3.29727172851562e-01
284 5.76171875000000e-01 3.31974029541016e-01
285 6.33789062500000e-01 4.01688575744629e-01
286 5.57617187500000e-01 3.10936927795410e-01
287 5.47363281250000e-01 2.99606561660767e-01
288 5.42968750000000e-01 2.94815063476562e-01
289 5.85449218750000e-01 3.42750787734985e-01
290 6.15234375000000e-01 3.78513336181641e-01
291 6.06933593750000e-01 3.68368387222290e-01
292 5.94726562500000e-01 3.53699684143066e-01
293 6.10839843750000e-01 3.73125314712524e-01
294 6.50390625000000e-01 4.23007965087891e-01
295 6.06445312500000e-01 3.67775917053223e-01
296 5.75683593750000e-01 3.31411600112915e-01
297 6.26464843750000e-01 3.92458200454712e-01
298 6.11816406250000e-01 3.74319314956665e-01
299 6.87500000000000e-01 4.72656250000000e-01
300 7.02636718750000e-01 4.93698358535767e-01
301 7.01660156250000e-01 4.92326974868774e-01
302 7.10937500000000e-01 5.05432128906250e-01
303 6.85546875000000e-01 4.69974517822266e-01
304 6.09863281250000e-01 3.71933221817017e-01
305 6.53808593750000e-01 4.27465677261353e-01
306 6.42578125000000e-01 4.12906646728516e-01
307 6.29882812500000e-01 3.96752357482910e-01
308 6.47460937500000e-01 4.19205665588379e-01
309 5.84472656250000e-01 3.41608285903931e-01
310 5.44433593750000e-01 2.96407938003540e-01
311 5.41503906250000e-01 2.93226480484009e-01
312 5.16113281250000e-01 2.66372919082642e-01
313 5.49316406250000e-01 3.01748514175415e-01
314 5.63964843750000e-01 3.18056344985962e-01
315 5.87402343750000e-01 3.45041513442993e-01
316 5.70312500000000e-01 3.25256347656250e-01
317 5.95214843750000e-01 3.54280710220337e-01
318 6.08886718750000e-01 3.70743036270142e-01
319 6.27441406250000e-01 3.93682718276978e-01
320 6.10351562500000e-01 3.72529029846191e-01
321 6.09375000000000e-01 3.71337890625000e-01
322 5.69335937500000e-01 3.24143409729004e-01
323 5.94238281250000e-01 3.53119134902954e-01
324 6.56250000000000e-01 4.30664062500000e-01
325 6.61132812500000e-01 4.37096595764160e-01
326 6.94335937500000e-01 4.82102394104004e-01
327 6.48925781250000e-01 4.21104669570923e-01
328 7.00195312500000e-01 4.90273475646973e-01
329 6.81152343750000e-01 4.63968515396118e-01
330 7.03613281250000e-01 4.95071649551392e-01
331 7.17773437500000e-01 5.15198707580566e-01
332 7.48046875000000e-01 5.59574127197266e-01
333 7.28027343750000e-01 5.30023813247681e-01
334 6.94335937500000e-01 4.82102394104004e-01
335 6.48437500000000e-01 4.20471191406250e-01
336 6.12304687500000e-01 3.74917030334473e-01
337 6.22558593750000e-01 3.87579202651978e-01
338 6.34277343750000e-01 4.02307748794556e-01
339 5.67382812500000e-01 3.21923255920410e-01
340 5.70312500000000e-01 3.25256347656250e-01
341 5.74707031250000e-01 3.30288171768188e-01
342 5.37109375000000e-01 2.88486480712891e-01
343 5.71289062500000e-01 3.26371192932129e-01
344 6.22558593750000e-01 3.87579202651978e-01
345 6.49902343750000e-01 4.22373056411743e-01
346 6.32812500000000e-01 4.00451660156250e-01
347 6.91406250000000e-01 4.78042602539062e-01
348 6.28417968750000e-01 3.94909143447876e-01
349 6.66015625000000e-01 4.43576812744141e-01
350 6.57714843750000e-01 4.32588815689087e-01
351 6.91406250000000e-01 4.78042602539062e-01
352 6.24023437500000e-01 3.89405250549316e-01
353 7.18750000000000e-01 5.16601562500000e-01
354 6.87011718750000e-01 4.71985101699829e-01
355 7.10449218750000e-01 5.04738092422485e-01
356 7.13378906250000e-01 5.08909463882446e-01
357 7.19238281250000e-01 5.17303705215454e-01
358 7.00683593750000e-01 4.90957498550415e-01
359 7.80761718750000e-01 6.09588861465454e-01
360 7.79785156250000e-01 6.08064889907837e-01
361 7.25585937500000e-01 5.26474952697754e-01
362 6.95800781250000e-01 4.84138727188110e-01
363 6.93847656250000e-01 4.81424570083618e-01
364 7.31933593750000e-01 5.35726785659790e-01
365 7.12890625000000e-01 5.08213043212891e-01
366 7.32910156250000e-01 5.37157297134399e-01
367 6.99707031250000e-01 4.89589929580688e-01
368 7.35351562500000e-01 5.40741920471191e-01
369 7.46582031250000e-01 5.57384729385376e-01
370 7.11425781250000e-01 5.06126642227173e-01
371 6.88476562500000e-01 4.73999977111816e-01
372 6.47949218750000e-01 4.19838190078735e-01
373 6.63085937500000e-01 4.39682960510254e-01
374 6.79687500000000e-01 4.61975097656250e-01
375 7.06542968750000e-01 4.99202966690063e-01
376 7.16796875000000e-01 5.13797760009766e-01
377 7.23632812500000e-01 5.23644447326660e-01
378 7.50976562500000e-01 5.63965797424316e-01
379 6.81152343750000e-01 4.63968515396118e-01
380 6.74316406250000e-01 4.54702615737915e-01
381 6.75292968750000e-01 4.56020593643188e-01
382 6.46484375000000e-01 4.17942047119141e-01
383 6.14257812500000e-01 3.77312660217285e-01
384 6.40625000000000e-01 4.10400390625000e-01
385 5.92773437500000e-01 3.51380348205566e-01
386 5.31250000000000e-01 2.82226562500000e-01
387 5.24414062500000e-01 2.75010108947754e-01
388 5.01464843750000e-01 2.51466989517212e-01
389 4.99511718750000e-01 2.49511957168579e-01
390 5.01464843750000e-01 2.51466989517212e-01
391 6.24023437500000e-01 3.89405250549316e-01
392 5.93261718750000e-01 3.51959466934204e-01
393 6.32324218750000e-01 3.99833917617798e-01
394 5.91796875000000e-01 3.50223541259766e-01
395 5.90820312500000e-01 3.49068641662598e-01
396 6.08398437500000e-01 3.70148658752441e-01
397 6.52832031250000e-01 4.26189661026001e-01
398 6.49414062500000e-01 4.21738624572754e-01
399 6.39160156250000e-01 4.08525705337524e-01
400 6.34765625000000e-01 4.02927398681641e-01
401 5.61035156250000e-01 3.14760446548462e-01
402 5.32226562500000e-01 2.83265113830566e-01
403 5.89843750000000e-01 3.47915649414062e-01
404 5.62500000000000e-01 3.16406250000000e-01
405 5.36621093750000e-01 2.87962198257446e-01
406 5.05371093750000e-01 2.55399942398071e-01
407 5.07812500000000e-01 2.57873535156250e-01
408 6.03515625000000e-01 3.64231109619141e-01
409 5.47363281250000e-01 2.99606561660767e-01
410 6.12304687500000e-01 3.74917030334473e-01
411 6.31835937500000e-01 3.99216651916504e-01
412 6.58691406250000e-01 4.33874368667603e-01
413 7.23144531250000e-01 5.22938013076782e-01
414 6.49902343750000e-01 4.22373056411743e-01
415 6.60644531250000e-01 4.36451196670532e-01
416 6.79687500000000e-01 4.61975097656250e-01
417 6.94335937500000e-01 4.82102394104004e-01
418 6.64062500000000e-01 4.40979003906250e-01
419 6.90917968750000e-01 4.77367639541626e-01
420 6.54785156250000e-01 4.28743600845337e-01
421 5.93750000000000e-01 3.52539062500000e-01
422 6.03027343750000e-01 3.63641977310181e-01
423 6.21093750000000e-01 3.85757446289062e-01
424 6.42089843750000e-01 4.12279367446899e-01
425 5.79589843750000e-01 3.35924386978149e-01
426 6.61621093750000e-01 4.37742471694946e-01
427 6.49902343750000e-01 4.22373056411743e-01
428 5.48828125000000e-01 3.01212310791016e-01
429 5.67382812500000e-01 3.21923255920410e-01
430 5.40039062500000e-01 2.91642189025879e-01
431 5.55175781250000e-01 3.08220148086548e-01
432 5.98632812500000e-01 3.58361244201660e-01
433 6.09863281250000e-01 3.71933221817017e-01
434 5.75195312500000e-01 3.30849647521973e-01
435 5.44433593750000e-01 2.96407938003540e-01
436 5.89843750000000e-01 3.47915649414062e-01
437 5.50292968750000e-01 3.02822351455688e-01
438 5.34179687500000e-01 2.85347938537598e-01
439 5.87890625000000e-01 3.45615386962891e-01
440 5.99121093750000e-01 3.58946084976196e-01
441 5.42968750000000e-01 2.94815063476562e-01
442 5.23925781250000e-01 2.74498224258423e-01
443 5.57128906250000e-01 3.10392618179321e-01
444 5.74218750000000e-01 3.29727172851562e-01
445 5.46386718750000e-01 2.98538446426392e-01
446 4.75097656250000e-01 2.25717782974243e-01
447 5.21484375000000e-01 2.71945953369141e-01
448 5.08300781250000e-01 2.58369684219360e-01
449 5.30273437500000e-01 2.81189918518066e-01
450 6.02539062500000e-01 3.63053321838379e-01
451 6.22558593750000e-01 3.87579202651978e-01
452 5.67871093750000e-01 3.22477579116821e-01
453 5.62500000000000e-01 3.16406250000000e-01
454 5.18554687500000e-01 2.68898963928223e-01
455 4.74121093750000e-01 2.24790811538696e-01
456 4.49218750000000e-01 2.01797485351562e-01
457 4.96582031250000e-01 2.46593713760376e-01
458 4.85839843750000e-01 2.36040353775024e-01
459 5.02441406250000e-01 2.52447366714478e-01
460 4.56542968750000e-01 2.08431482315063e-01
461 4.93164062500000e-01 2.43210792541504e-01
462 4.19433593750000e-01 1.75924539566040e-01
463 4.09667968750000e-01 1.67827844619751e-01
464 4.78027343750000e-01 2.28510141372681e-01
465 5.19531250000000e-01 2.69912719726562e-01
466 5.26855468750000e-01 2.77576684951782e-01
467 5.02929687500000e-01 2.52938270568848e-01
468 4.93652343750000e-01 2.43692636489868e-01
469 5.63476562500000e-01 3.17505836486816e-01
470 6.25000000000000e-01 3.90625000000000e-01
471 6.18652343750000e-01 3.82730722427368e-01
472 6.41113281250000e-01 4.11026239395142e-01
473 5.99121093750000e-01 3.58946084976196e-01
474 5.92773437500000e-01 3.51380348205566e-01
475 6.14746093750000e-01 3.77912759780884e-01
476 6.25488281250000e-01 3.91235589981079e-01
477 6.46484375000000e-01 4.17942047119141e-01
478 6.80175781250000e-01 4.62639093399048e-01
479 7.13867187500000e-01 5.09606361389160e-01
480 6.66015625000000e-01 4.43576812744141e-01
481 6.71875000000000e-01 4.51416015625000e-01
482 6.85546875000000e-01 4.69974517822266e-01
483 6.39160156250000e-01 4.08525705337524e-01
484 6.41113281250000e-01 4.11026239395142e-01
485 6.32324218750000e-01 3.99833917617798e-01
486 6.30859375000000e-01 3.97983551025391e-01
487 6.28906250000000e-01 3.95523071289062e-01
488 6.62597656250000e-01 4.39035654067993e-01
489 6.61132812500000e-01 4.37096595764160e-01
490 6.63574218750000e-01 4.40330743789673e-01
491 5.72753906250000e-01 3.28047037124634e-01
492 5.66406250000000e-01 3.20816040039062e-01
493 5.46875000000000e-01 2.99072265625000e-01
494 5.96191406250000e-01 3.55444192886353e-01
495 5.79589843750000e-01 3.35924386978149e-01
496 6.21093750000000e-01 3.85757446289062e-01
497 5.85449218750000e-01 3.42750787734985e-01
498 6.29394531250000e-01 3.96137475967407e-01
499 6.47949218750000e-01 4.19838190078735e-01
500 6.94824218750000e-01 4.82780694961548e-01
501 6.77246093750000e-01 4.58662271499634e-01
502 6.94824218750000e-01 4.82780694961548e-01
503 6.61621093750000e-01 4.37742471694946e-01
504 6.94824218750000e-01 4.82780694961548e-01
505 7.02148437500000e-01 4.93012428283691e-01
506 6.81152343750000e-01 4.63968515396118e-01
507 6.72363281250000e-01 4.52072381973267e-01
508 6.81152343750000e-01 4.63968515396118e-01
509 6.57226562500000e-01 4.31946754455566e-01
510 6.65039062500000e-01 4.42276954650879e-01
511 5.73730468750000e-01 3.29166650772095e-01
512 5.94238281250000e-01 3.53119134902954e-01
513 5.98144531250000e-01 3.57776880264282e-01
514 5.84472656250000e-01 3.41608285903931e-01
515 6.16699218750000e-01 3.80317926406860e-01
516 5.88378906250000e-01 3.46189737319946e-01
517 6.36718750000000e-01 4.05410766601562e-01
518 6.23046875000000e-01 3.88187408447266e-01
519 6.21582031250000e-01 3.86364221572876e-01
520 5.62011718750000e-01 3.15857172012329e-01
521 6.33789062500000e-01 4.01688575744629e-01
522 6.30859375000000e-01 3.97983551025391e-01
523 5.73730468750000e-01 3.29166650772095e-01
524 6.26464843750000e-01 3.92458200454712e-01
525 6.48437500000000e-01 4.20471191406250e-01
526 6.25000000000000e-01 3.90625000000000e-01
527 6.22558593750000e-01 3.87579202651978e-01
528 6.34765625000000e-01 4.02927398681641e-01
529 6.16210937500000e-01 3.79715919494629e-01
530 7.08496093750000e-01 5.01966714859009e-01
531 6.65039062500000e-01 4.42276954650879e-01
532 6.83105468750000e-01 4.66633081436157e-01
533 6.66015625000000e-01 4.43576812744141e-01
534 7.04101562500000e-01 4.95759010314941e-01
535 7.61230468750000e-01 5.79471826553345e-01
536 6.95312500000000e-01 4.83459472656250e-01
537 6.62597656250000e-01 4.39035654067993e-01
538 6.34277343750000e-01 4.02307748794556e-01
539 6.04003906250000e-01 3.64820718765259e-01
540 5.10253906250000e-01 2.60359048843384e-01
541 5.57617187500000e-01 3.10936927795410e-01
542 5.54199218750000e-01 3.07136774063110e-01
543 5.63476562500000e-01 3.17505836486816e-01
544 5.45410156250000e-01 2.97472238540649e-01
545 6.02539062500000e-01 3.63053321838379e-01
546 5.67382812500000e-01 3.21923255920410e-01
547 5.90820312500000e-01 3.49068641662598e-01
548 6.62597656250000e-01 4.39035654067993e-01
549 6.66015625000000e-01 4.43576812744141e-01
550 7.50000000000000e-01 5.62500000000000e-01
551 7.53417968750000e-01 5.67638635635376e-01
552 7.19726562500000e-01 5.18006324768066e-01
553 7.20214843750000e-01 5.18709421157837e-01
554 7.09960937500000e-01 5.04044532775879e-01
555 7.02636718750000e-01 4.93698358535767e-01
556 7.05078125000000e-01 4.97135162353516e-01
557 7.47070312500000e-01 5.58114051818848e-01
558 7.73437500000000e-01 5.98205566406250e-01
559 7.67578125000000e-01 5.89176177978516e-01
560 6.77734375000000e-01 4.59323883056641e-01
561 7.08496093750000e-01 5.01966714859009e-01
562 6.92871093750000e-01 4.80070352554321e-01
563 7.43164062500000e-01 5.52292823791504e-01
564 7.00195312500000e-01 4.90273475646973e-01
565 6.68945312500000e-01 4.47487831115723e-01
566 7.19726562500000e-01 5.18006324768066e-01
567 6.91406250000000e-01 4.78042602539062e-01
568 6.62109375000000e-01 4.38388824462891e-01
569 6.88476562500000e-01 4.73999977111816e-01
570 6.92382812500000e-01 4.79393959045410e-01
571 6.78222656250000e-01 4.59985971450806e-01
572 6.16210937500000e-01 3.79715919494629e-01
573 6.21582031250000e-01 3.86364221572876e-01
574 6.34765625000000e-01 4.02927398681641e-01
575 6.56738281250000e-01 4.31305170059204e-01
576 5.83007812500000e-01 3.39898109436035e-01
577 6.20605468750000e-01 3.85151147842407e-01
578 6.15722656250000e-01 3.79114389419556e-01
579 5.89355468750000e-01 3.47339868545532e-01
580 6.12304687500000e-01 3.74917030334473e-01
581 6.46484375000000e-01 4.17942047119141e-01
582 6.40136718750000e-01 4.09775018692017e-01
583 6.93359375000000e-01 4.80747222900391e-01
584 6.47460937500000e-01 4.19205665588379e-01
585 6.01074218750000e-01 3.61290216445923e-01
586 6.27441406250000e-01 3.93682718276978e-01
587 6.88964843750000e-01 4.74672555923462e-01
588 6.88964843750000e-01 4.74672555923462e-01
589 6.75781250000000e-01 4.56680297851562e-01
590 6.81640625000000e-01 4.64633941650391e-01
591 6.80175781250000e-01 4.62639093399048e-01
592 6.19628906250000e-01 3.83939981460571e-01
593 6.17187500000000e-01 3.80920410156250e-01
594 5.53710937500000e-01 3.06595802307129e-01
595 5.54199218750000e-01 3.07136774063110e-01
596 6.09863281250000e-01 3.71933221817017e-01
597 5.81054687500000e-01 3.37624549865723e-01
598 6.13769531250000e-01 3.76713037490845e-01
599 6.60644531250000e-01 4.36451196670532e-01
600 5.77148437500000e-01 3.33100318908691e-01
601 6.59179687500000e-01 4.34517860412598e-01
602 6.80175781250000e-01 4.62639093399048e-01
603 7.29980468750000e-01 5.32871484756470e-01
604 6.91406250000000e-01 4.78042602539062e-01
605 7.15332031250000e-01 5.11699914932251e-01
606 7.05078125000000e-01 4.97135162353516e-01
607 7.05078125000000e-01 4.97135162353516e-01
608 6.23535156250000e-01 3.88796091079712e-01
609 6.71386718750000e-01 4.50760126113892e-01
610 6.50878906250000e-01 4.23643350601196e-01
611 6.79687500000000e-01 4.61975097656250e-01
612 6.25488281250000e-01 3.91235589981079e-01
613 6.11816406250000e-01 3.74319314956665e-01
614 6.53320312500000e-01 4.26827430725098e-01
615 6.75292968750000e-01 4.56020593643188e-01
616 7.28027343750000e-01 5.30023813247681e-01
617 7.38769531250000e-01 5.45780420303345e-01
618 7.58300781250000e-01 5.75020074844360e-01
619 7.24609375000000e-01 5.25058746337891e-01
620 6.75292968750000e-01 4.56020593643188e-01
621 7.05078125000000e-01 4.97135162353516e-01
622 7.09960937500000e-01 5.04044532775879e-01
623 6.72363281250000e-01 4.52072381973267e-01
624 6.95312500000000e-01 4.83459472656250e-01
625 7.30957031250000e-01 5.34298181533813e-01
626 6.77246093750000e-01 4.58662271499634e-01
627 7.00195312500000e-01 4.90273475646973e-01
628 7.29980468750000e-01 5.32871484756470e-01
629 6.77246093750000e-01 4.58662271499634e-01
630 6.55273437500000e-01 4.29383277893066e-01
631 6.85058593750000e-01 4.69305276870728e-01
632 6.21093750000000e-01 3.85757446289062e-01
633 6.86523437500000e-01 4.71314430236816e-01
634 6.78222656250000e-01 4.59985971450806e-01
635 6.13281250000000e-01 3.76113891601562e-01
636 6.63085937500000e-01 4.39682960510254e-01
637 7.33886718750000e-01 5.38589715957642e-01
638 7.74902343750000e-01 6.00473642349243e-01
639 7.60742187500000e-01 5.78728675842285e-01
640 7.79296875000000e-01 6.07303619384766e-01
641 8.19824218750000e-01 6.72111749649048e-01
642 8.01757812500000e-01 6.42815589904785e-01
643 6.76757812500000e-01 4.58001136779785e-01
644 6.64550781250000e-01 4.41627740859985e-01
645 6.18652343750000e-01 3.82730722427368e-01
646 6.46484375000000e-01 4.17942047119141e-01
647 6.82617187500000e-01 4.65966224670410e-01
648 6.97265625000000e-01 4.86179351806641e-01
649 6.66015625000000e-01 4.43576812744141e-01
650 6.23535156250000e-01 3.88796091079712e-01
651 6.01074218750000e-01 3.61290216445923e-01
652 5.65917968750000e-01 3.20263147354126e-01
653 6.15722656250000e-01 3.79114389419556e-01
654 5.92285156250000e-01 3.50801706314087e-01
655 5.86914062500000e-01 3.44468116760254e-01
656 6.43554687500000e-01 4.14162635803223e-01
657 6.07910156250000e-01 3.69554758071899e-01
658 6.09863281250000e-01 3.71933221817017e-01
659 5.99609375000000e-01 3.59531402587891e-01
660 5.92773437500000e-01 3.51380348205566e-01
661 5.97656250000000e-01 3.57192993164062e-01
662 5.90820312500000e-01 3.49068641662598e-01
663 5.83007812500000e-01 3.39898109436035e-01
664 6.62109375000000e-01 4.38388824462891e-01
665 6.61132812500000e-01 4.37096595764160e-01
666 6.58203125000000e-01 4.33231353759766e-01
667 6.52832031250000e-01 4.26189661026001e-01
668 6.62597656250000e-01 4.39035654067993e-01
669 6.27441406250000e-01 3.93682718276978e-01
670 6.78710937500000e-01 4.60648536682129e-01
671 6.28906250000000e-01 3.95523071289062e-01
672 6.30371093750000e-01 3.97367715835571e-01
673 5.52246093750000e-01 3.04975748062134e-01
674 4.75585937500000e-01 2.26181983947754e-01
675 4.88769531250000e-01 2.38895654678345e-01
676 5.10253906250000e-01 2.60359048843384e-01
677 4.60449218750000e-01 2.12013483047485e-01
678 5.13183593750000e-01 2.63357400894165e-01
679 5.58105468750000e-01 3.11481714248657e-01
680 5.57617187500000e-01 3.10936927795410e-01
681 5.27343750000000e-01 2.78091430664062e-01
682 5.14648437500000e-01 2.64863014221191e-01
683 5.43457031250000e-01 2.95345544815063e-01
684 5.15625000000000e-01 2.65869140625000e-01
685 4.79980468750000e-01 2.30381250381470e-01
686 4.77050781250000e-01 2.27577447891235e-01
687 3.77929687500000e-01 1.42830848693848e-01
688 4.51660156250000e-01 2.03996896743774e-01
689 4.69726562500000e-01 2.20643043518066e-01
690 4.79980468750000e-01 2.30381250381470e-01
691 5.09765625000000e-01 2.59860992431641e-01
692 4.74609375000000e-01 2.25254058837891e-01
693 4.49218750000000e-01 2.01797485351562e-01
694 4.82910156250000e-01 2.33202219009399e-01
695 4.40429687500000e-01 1.93978309631348e-01
696 3.57421875000000e-01 1.27750396728516e-01
697 4.16015625000000e-01 1.73069000244141e-01
698 4.01855468750000e-01 1.61487817764282e-01
699 4.46777343750000e-01 1.99609994888306e-01
700 4.23828125000000e-01 1.79630279541016e-01
701 3.51562500000000e-01 1.23596191406250e-01
702 3.46679687500000e-01 1.20186805725098e-01
703 3.38867187500000e-01 1.14830970764160e-01
704 3.10058593750000e-01 9.61363315582275e-02
705 2.92480468750000e-01 8.55448246002197e-02
706 2.92968750000000e-01 8.58306884765625e-02
707 2.74902343750000e-01 7.55712985992432e-02
708 3.11523437500000e-01 9.70468521118164e-02
709 3.42773437500000e-01 1.17493629455566e-01
710 3.93066406250000e-01 1.54501199722290e-01
711 4.28222656250000e-01 1.83374643325806e-01
712 4.72167968750000e-01 2.22942590713501e-01
713 4.52636718750000e-01 2.04879999160767e-01
714 5.14160156250000e-01 2.64360666275024e-01
715 5.42968750000000e-01 2.94815063476562e-01
716 4.88769531250000e-01 2.38895654678345e-01
717 4.64355468750000e-01 2.15626001358032e-01
718 4.44335937500000e-01 1.97434425354004e-01
719 4.93164062500000e-01 2.43210792541504e-01
720 5.85449218750000e-01 3.42750787734985e-01
721 6.10839843750000e-01 3.73125314712524e-01
722 6.24023437500000e-01 3.89405250549316e-01
723 6.00585937500000e-01 3.60703468322754e-01
724 5.91796875000000e-01 3.50223541259766e-01
725 5.76660156250000e-01 3.32536935806274e-01
726 6.39648437500000e-01 4.09150123596191e-01
727 6.68945312500000e-01 4.47487831115723e-01
728 6.31835937500000e-01 3.99216651916504e-01
729 6.15234375000000e-01 3.78513336181641e-01
730 7.04101562500000e-01 4.95759010314941e-01
731 6.78222656250000e-01 4.59985971450806e-01
732 6.99218750000000e-01 4.88906860351562e-01
733 7.01171875000000e-01 4.91641998291016e-01
734 6.80664062500000e-01 4.63303565979004e-01
735 7.35351562500000e-01 5.40741920471191e-01
736 6.74804687500000e-01 4.55361366271973e-01
737 6.53808593750000e-01 4.27465677261353e-01
738 6.69433593750000e-01 4.48141336441040e-01
739 6.96289062500000e-01 4.84818458557129e-01
740 6.93847656250000e-01 4.81424570083618e-01
741 6.39648437500000e-01 4.09150123596191e-01
742 6.96777343750000e-01 4.85498666763306e-01
743 6.75292968750000e-01 4.56020593643188e-01
744 6.61621093750000e-01 4.37742471694946e-01
745 6.29394531250000e-01 3.96137475967407e-01
746 6.58691406250000e-01 4.33874368667603e-01
747 6.63085937500000e-01 4.39682960510254e-01
748 6.51855468750000e-01 4.24915552139282e-01
749 6.75781250000000e-01 4.56680297851562e-01
750 6.79687500000000e-01 4.61975097656250e-01
751 6.56250000000000e-01 4.30664062500000e-01
752 6.62597656250000e-01 4.39035654067993e-01
753 6.28417968750000e-01 3.94909143447876e-01
754 6.62109375000000e-01 4.38388824462891e-01
755 6.09863281250000e-01 3.71933221817017e-01
756 5.70312500000000e-01 3.25256347656250e-01
757 5.34667968750000e-01 2.85869836807251e-01
758 6.15234375000000e-01 3.78513336181641e-01
759 6.62597656250000e-01 4.39035654067993e-01
760 6.39648437500000e-01 4.09150123596191e-01
761 6.15722656250000e-01 3.79114389419556e-01
762 6.20605468750000e-01 3.85151147842407e-01
763 6.33789062500000e-01 4.01688575744629e-01
764 6.78710937500000e-01 4.60648536682129e-01
765 6.91406250000000e-01 4.78042602539062e-01
766 7.17285156250000e-01 5.14497995376587e-01
767 6.74316406250000e-01 4.54702615737915e-01
768 6.71875000000000e-01 4.51416015625000e-01
769 7.21679687500000e-01 5.20821571350098e-01
770 7.01660156250000e-01 4.92326974868774e-01
771 6.68945312500000e-01 4.47487831115723e-01
772 6.46484375000000e-01 4.17942047119141e-01
773 6.36718750000000e-01 4.05410766601562e-01
774 5.58593750000000e-01 3.12026977539062e-01
775 5.53222656250000e-01 3.06055307388306e-01
776 4.91699218750000e-01 2.41768121719360e-01
777 4.34082031250000e-01 1.88427209854126e-01
778 4.23828125000000e-01 1.79630279541016e-01
779 4.23828125000000e-01 1.79630279541016e-01
780 3.82812500000000e-01 1.46545410156250e-01
781 4.43847656250000e-01 1.97000741958618e-01
782 3.99902343750000e-01 1.59921884536743e-01
783 3.74023437500000e-01 1.39893531799316e-01
784 3.94042968750000e-01 1.55269861221313e-01
785 4.08203125000000e-01 1.66629791259766e-01
786 3.82324218750000e-01 1.46171808242798e-01
787 3.96484375000000e-01 1.57199859619141e-01
788 4.16015625000000e-01 1.73069000244141e-01
789 4.05761718750000e-01 1.64642572402954e-01
790 3.99902343750000e-01 1.59921884536743e-01
791 4.58496093750000e-01 2.10218667984009e-01
792 4.04296875000000e-01 1.63455963134766e-01
793 4.59472656250000e-01 2.11115121841431e-01
794 4.49218750000000e-01 2.01797485351562e-01
795 4.26757812500000e-01 1.82122230529785e-01
796 5.34667968750000e-01 2.85869836807251e-01
797 5.19042968750000e-01 2.69405603408813e-01
798 4.61914062500000e-01 2.13364601135254e-01
799 4.79003906250000e-01 2.29444742202759e-01
800 5.55664062500000e-01 3.08762550354004e-01
801 5.03906250000000e-01 2.53921508789062e-01
802 4.40429687500000e-01 1.93978309631348e-01
803 4.64355468750000e-01 2.15626001358032e-01
804 4.26757812500000e-01 1.82122230529785e-01
805 4.27734375000000e-01 1.82956695556641e-01
806 4.15039062500000e-01 1.72257423400879e-01
807 4.56542968750000e-01 2.08431482315063e-01
808 5.13183593750000e-01 2.63357400894165e-01
809 4.90722656250000e-01 2.40808725357056e-01
810 5.02929687500000e-01 2.52938270568848e-01
811 4.50683593750000e-01 2.03115701675415e-01
812 4.02343750000000e-01 1.61880493164062e-01
813 3.63281250000000e-01 1.31973266601562e-01
814 3.55957031250000e-01 1.26705408096313e-01
815 3.09082031250000e-01 9.55317020416260e-02
816 3.18359375000000e-01 1.01352691650391e-01
817 3.00781250000000e-01 9.04693603515625e-02
818 2.91992187500000e-01 8.52594375610352e-02
819 3.06640625000000e-01 9.40284729003906e-02
820 2.25585937500000e-01 5.08890151977539e-02
821 2.79296875000000e-01 7.80067443847656e-02
822 2.18750000000000e-01 4.78515625000000e-02
823 3.07128906250000e-01 9.43281650543213e-02
824 2.40722656250000e-01 5.79473972320557e-02
825 1.93847656250000e-01 3.75769138336182e-02
826 2.26562500000000e-01 5.13305664062500e-02
827 2.62207031250000e-01 6.87525272369385e-02
828 2.05078125000000e-01 4.20570373535156e-02
829 2.43652343750000e-01 5.93664646148682e-02
830 2.08007812500000e-01 4.32672500610352e-02
831 2.09472656250000e-01 4.38787937164307e-02
832 1.84082031250000e-01 3.38861942291260e-02
833 1.47949218750000e-01 2.18889713287354e-02
834 1.99218750000000e-01 3.96881103515625e-02
835 2.11425781250000e-01 4.47008609771729e-02
836 1.96777343750000e-01 3.87213230133057e-02
837 2.61230468750000e-01 6.82413578033447e-02
838 2.58789062500000e-01 6.69717788696289e-02
839 2.91992187500000e-01 8.52594375610352e-02
840 2.37792968750000e-01 5.65454959869385e-02
841 2.22167968750000e-01 4.93586063385010e-02
842 3.00781250000000e-01 9.04693603515625e-02
843 3.32519531250000e-01 1.10569238662720e-01
844 3.38378906250000e-01 1.14500284194946e-01
845 3.65234375000000e-01 1.33396148681641e-01
846 4.56054687500000e-01 2.07985877990723e-01
847 4.14550781250000e-01 1.71852350234985e-01
848 3.72558593750000e-01 1.38799905776978e-01
849 4.29199218750000e-01 1.84211969375610e-01
850 4.76074218750000e-01 2.26646661758423e-01
851 4.33593750000000e-01 1.88003540039062e-01
852 3.99414062500000e-01 1.59531593322754e-01
853 4.60449218750000e-01 2.12013483047485e-01
854 4.16503906250000e-01 1.73475503921509e-01
855 3.80859375000000e-01 1.45053863525391e-01
856 3.87207031250000e-01 1.49929285049438e-01
857 3.88183593750000e-01 1.50686502456665e-01
858 3.99902343750000e-01 1.59921884536743e-01
859 4.16992187500000e-01 1.73882484436035e-01
860 4.31152343750000e-01 1.85892343521118e-01
861 4.74121093750000e-01 2.24790811538696e-01
862 5.43457031250000e-01 2.95345544815063e-01
863 5.49804687500000e-01 3.02285194396973e-01
864 5.60546875000000e-01 3.14212799072266e-01
865 5.26855468750000e-01 2.77576684951782e-01
866 5.45898437500000e-01 2.98005104064941e-01
867 5.67382812500000e-01 3.21923255920410e-01
868 5.62988281250000e-01 3.16955804824829e-01
869 4.80957031250000e-01 2.31319665908813e-01
870 4.46777343750000e-01 1.99609994888306e-01
871 4.92187500000000e-01 2.42248535156250e-01
872 4.36523437500000e-01 1.90552711486816e-01
873 4.66796875000000e-01 2.17899322509766e-01
874 4.52148437500000e-01 2.04438209533691e-01
875 4.30664062500000e-01 1.85471534729004e-01
876 4.20898437500000e-01 1.77155494689941e-01
877 4.30664062500000e-01 1.85471534729004e-01
878 3.83300781250000e-01 1.46919488906860e-01
879 3.87207031250000e-01 1.49929285049438e-01
880 3.19335937500000e-01 1.01975440979004e-01
881 2.80273437500000e-01 7.85531997680664e-02
882 2.82714843750000e-01 7.99276828765869e-02
883 2.91015625000000e-01 8.46900939941406e-02
884 3.02734375000000e-01 9.16481018066406e-02
885 2.94433593750000e-01 8.66911411285400e-02
886 2.95898437500000e-01 8.75558853149414e-02
887 3.01757812500000e-01 9.10577774047852e-02
888 2.94433593750000e-01 8.66911411285400e-02
889 3.48632812500000e-01 1.21544837951660e-01
890 2.91503906250000e-01 8.49745273590088e-02
891 3.81835937500000e-01 1.45798683166504e-01
892 3.51074218750000e-01 1.23253107070923e-01
893 3.30078125000000e-01 1.08951568603516e-01
894 3.79882812500000e-01 1.44310951232910e-01
895 3.91601562500000e-01 1.53351783752441e-01
896 2.89062500000000e-01 8.35571289062500e-02
897 3.74023437500000e-01 1.39893531799316e-01
898 3.99902343750000e-01 1.59921884536743e-01
899 3.16406250000000e-01 1.00112915039062e-01
900 3.54003906250000e-01 1.25318765640259e-01
901 3.35937500000000e-01 1.12854003906250e-01
902 3.40820312500000e-01 1.16158485412598e-01
903 2.19726562500000e-01 4.82797622680664e-02
904 2.91992187500000e-01 8.52594375610352e-02
905 3.21289062500000e-01 1.03226661682129e-01
906 2.89550781250000e-01 8.38396549224854e-02
907 3.61816406250000e-01 1.30911111831665e-01
908 2.93945312500000e-01 8.64038467407227e-02
909 3.66210937500000e-01 1.34110450744629e-01
910 2.95410156250000e-01 8.72671604156494e-02
911 2.94921875000000e-01 8.69789123535156e-02
912 2.79296875000000e-01 7.80067443847656e-02
913 3.64257812500000e-01 1.32683753967285e-01
914 3.88671875000000e-01 1.51065826416016e-01
915 4.06250000000000e-01 1.65039062500000e-01
916 4.38964843750000e-01 1.92690134048462e-01
917 4.39941406250000e-01 1.93548440933228e-01
918 4.87792968750000e-01 2.37941980361938e-01
919 5.14648437500000e-01 2.64863014221191e-01
920 5.37597656250000e-01 2.89011240005493e-01
921 5.35644531250000e-01 2.86915063858032e-01
922 5.10253906250000e-01 2.60359048843384e-01
923 5.11230468750000e-01 2.61356592178345e-01
924 4.97558593750000e-01 2.47564554214478e-01
925 5.02929687500000e-01 2.52938270568848e-01
926 5.16113281250000e-01 2.66372919082642e-01
927 5.65917968750000e-01 3.20263147354126e-01
928 5.74218750000000e-01 3.29727172851562e-01
929 5.09277343750000e-01 2.59363412857056e-01
930 5.65429687500000e-01 3.19710731506348e-01
931 5.30761718750000e-01 2.81708002090454e-01
932 5.01953125000000e-01 2.51956939697266e-01
933 4.73632812500000e-01 2.24328041076660e-01
934 5.19042968750000e-01 2.69405603408813e-01
935 5.03417968750000e-01 2.53429651260376e-01
936 5.55664062500000e-01 3.08762550354004e-01
937 5.22949218750000e-01 2.73475885391235e-01
938 4.69238281250000e-01 2.20184564590454e-01
939 5.26367187500000e-01 2.77062416076660e-01
940 5.29296875000000e-01 2.80155181884766e-01
941 5.26855468750000e-01 2.77576684951782e-01
942 5.13671875000000e-01 2.63858795166016e-01
943 4.80957031250000e-01 2.31319665908813e-01
944 4.84863281250000e-01 2.35092401504517e-01
945 4.99511718750000e-01 2.49511957168579e-01
946 5.07324218750000e-01 2.57377862930298e-01
947 4.23828125000000e-01 1.79630279541016e-01
948 4.47753906250000e-01 2.00483560562134e-01
949 4.30175781250000e-01 1.85051202774048e-01
950 4.70214843750000e-01 2.21101999282837e-01
951 4.01855468750000e-01 1.61487817764282e-01
952 4.18945312500000e-01 1.75515174865723e-01
953 3.61328125000000e-01 1.30558013916016e-01
954 3.58886718750000e-01 1.28799676895142e-01
955 3.19824218750000e-01 1.02287530899048e-01
956 3.76953125000000e-01 1.42093658447266e-01
957 4.05761718750000e-01 1.64642572402954e-01
958 3.89160156250000e-01 1.51445627212524e-01
959 3.78417968750000e-01 1.43200159072876e-01
960 4.55566406250000e-01 2.07540750503540e-01
961 4.30175781250000e-01 1.85051202774048e-01
962 4.17480468750000e-01 1.74289941787720e-01
963 3.62304687500000e-01 1.31264686584473e-01
964 4.26757812500000e-01 1.82122230529785e-01
965 3.65722656250000e-01 1.33753061294556e-01
966 3.34472656250000e-01 1.11871957778931e-01
967 3.64257812500000e-01 1.32683753967285e-01
968 3.72558593750000e-01 1.38799905776978e-01
969 3.66699218750000e-01 1.34468317031860e-01
970 3.12011718750000e-01 9.73513126373291e-02
971 2.95898437500000e-01 8.75558853149414e-02
972 2.91015625000000e-01 8.46900939941406e-02
973 3.25195312500000e-01 1.05751991271973e-01
974 3.36914062500000e-01 1.13511085510254e-01
975 2.20703125000000e-01 4.87098693847656e-02
976 2.58789062500000e-01 6.69717788696289e-02
977 2.95898437500000e-01 8.75558853149414e-02
978 3.49121093750000e-01 1.21885538101196e-01
979 3.27148437500000e-01 1.07026100158691e-01
980 3.34472656250000e-01 1.11871957778931e-01
981 3.62304687500000e-01 1.31264686584473e-01
982 3.33007812500000e-01 1.10894203186035e-01
983 3.02246093750000e-01 9.13527011871338e-02
984 3.20800781250000e-01 1.02913141250610e-01
985 3.17382812500000e-01 1.00731849670410e-01
986 2.78320312500000e-01 7.74621963500977e-02
987 3.48144531250000e-01 1.21204614639282e-01
988 3.39355468750000e-01 1.15162134170532e-01
989 4.05761718750000e-01 1.64642572402954e-01
990 3.41796875000000e-01 1.16825103759766e-01
991 3.67675781250000e-01 1.35185480117798e-01
992 3.15917968750000e-01 9.98041629791260e-02
993 3.77929687500000e-01 1.42830848693848e-01
994 3.98437500000000e-01 1.58752441406250e-01
995 4.15527343750000e-01 1.72662973403931e-01
996 5.32226562500000e-01 2.83265113830566e-01
997 5.35156250000000e-01 2.86392211914062e-01
998 4.67285156250000e-01 2.18355417251587e-01
999 4.38476562500000e-01 1.92261695861816e-01
