0 6.86523437500000e-01 4.71314430236816e-01
1 5.76171875000000e-01 3.31974029541016e-01
2 5.80566406250000e-01 3.37057352066040e-01
3 5.05859375000000e-01 2.55893707275391e-01
4 5.42480468750000e-01 2.94285058975220e-01
5 5.62011718750000e-01 3.15857172012329e-01
6 6.07421875000000e-01 3.68961334228516e-01
7 6.41601562500000e-01 4.11652565002441e-01
8 6.60644531250000e-01 4.36451196670532e-01
9 6.30371093750000e-01 3.97367715835571e-01
10 5.74707031250000e-01 3.30288171768188e-01
11 5.84960937500000e-01 3.42179298400879e-01
12 5.92773437500000e-01 3.51380348205566e-01
13 6.65039062500000e-01 4.42276954650879e-01
14 6.14746093750000e-01 3.77912759780884e-01
15 6.21093750000000e-01 3.85757446289062e-01
16 5.81542968750000e-01 3.38192224502563e-01
17 6.04003906250000e-01 3.64820718765259e-01
18 5.97167968750000e-01 3.56609582901001e-01
19 5.80078125000000e-01 3.36490631103516e-01
20 5.55175781250000e-01 3.08220148086548e-01
21 5.15136718750000e-01 2.65365839004517e-01
22 5.16601562500000e-01 2.66877174377441e-01
23 4.87792968750000e-01 2.37941980361938e-01
24 5.10742187500000e-01 2.60857582092285e-01
25 5.41992187500000e-01 2.93755531311035e-01
26 5.80566406250000e-01 3.37057352066040e-01
27 6.23535156250000e-01 3.88796091079712e-01
28 6.19140625000000e-01 3.83335113525391e-01
29 6.00097656250000e-01 3.60117197036743e-01
30 6.21093750000000e-01 3.85757446289062e-01
31 6.38671875000000e-01 4.07901763916016e-01
32 6.43066406250000e-01 4.13534402847290e-01
33 5.81054687500000e-01 3.37624549865723e-01
34 6.04980468750000e-01 3.66001367568970e-01
35 6.28906250000000e-01 3.95523071289062e-01
36 6.38183593750000e-01 4.07278299331665e-01
37 6.06445312500000e-01 3.67775917053223e-01
38 5.67382812500000e-01 3.21923255920410e-01
39 5.98144531250000e-01 3.57776880264282e-01
40 6.06933593750000e-01 3.68368387222290e-01
41 5.45898437500000e-01 2.98005104064941e-01
42 5.25878906250000e-01 2.76548624038696e-01
43 5.52246093750000e-01 3.04975748062134e-01
44 5.77636718750000e-01 3.33664178848267e-01
45 5.52246093750000e-01 3.04975748062134e-01
46 5.86425781250000e-01 3.43895196914673e-01
47 5.44433593750000e-01 2.96407938003540e-01
48 5.74218750000000e-01 3.29727172851562e-01
49 5.62011718750000e-01 3.15857172012329e-01
50 5.06835937500000e-01 2.56882667541504e-01
51 5.41015625000000e-01 2.92697906494141e-01
52 6.20117187500000e-01 3.84545326232910e-01
53 6.58691406250000e-01 4.33874368667603e-01
54 7.21191406250000e-01 5.20117044448853e-01
55 7.05566406250000e-01 4.97823953628540e-01
56 7.32910156250000e-01 5.37157297134399e-01
57 6.99218750000000e-01 4.88906860351562e-01
58 7.62695312500000e-01 5.81704139709473e-01
59 7.08984375000000e-01 5.02658843994141e-01
60 7.61718750000000e-01 5.80215454101562e-01
61 7.33886718750000e-01 5.38589715957642e-01
62 6.92871093750000e-01 4.80070352554321e-01
63 7.01660156250000e-01 4.92326974868774e-01
64 6.64550781250000e-01 4.41627740859985e-01
65 6.68945312500000e-01 4.47487831115723e-01
66 6.54785156250000e-01 4.28743600845337e-01
67 6.93359375000000e-01 4.80747222900391e-01
68 6.89453125000000e-01 4.75345611572266e-01
69 7.29492187500000e-01 5.32158851623535e-01
70 7.73437500000000e-01 5.98205566406250e-01
71 7.20703125000000e-01 5.19412994384766e-01
72 7.35839843750000e-01 5.41460275650024e-01
73 7.17773437500000e-01 5.15198707580566e-01
74 6.95312500000000e-01 4.83459472656250e-01
75 6.45019531250000e-01 4.16050195693970e-01
76 6.95800781250000e-01 4.84138727188110e-01
77 6.87988281250000e-01 4.73327875137329e-01
78 7.01171875000000e-01 4.91641998291016e-01
79 6.63574218750000e-01 4.40330743789673e-01
80 6.60644531250000e-01 4.36451196670532e-01
81 7.13867187500000e-01 5.09606361389160e-01
82 7.23632812500000e-01 5.23644447326660e-01
83 7.20214843750000e-01 5.18709421157837e-01
84 6.82617187500000e-01 4.65966224670410e-01
85 6.36718750000000e-01 4.05410766601562e-01
86 6.88476562500000e-01 4.73999977111816e-01
87 6.99218750000000e-01 4.88906860351562e-01
88 6.62109375000000e-01 4.38388824462891e-01
89 6.88964843750000e-01 4.74672555923462e-01
90 6.73339843750000e-01 4.53386545181274e-01
91 6.28417968750000e-01 3.94909143447876e-01
92 6.75292968750000e-01 4.56020593643188e-01
93 7.20703125000000e-01 5.19412994384766e-01
94 6.79199218750000e-01 4.61311578750610e-01
95 6.44042968750000e-01 4.14791345596313e-01
96 5.99121093750000e-01 3.58946084976196e-01
97 6.04492187500000e-01 3.65410804748535e-01
98 6.18164062500000e-01 3.82126808166504e-01
99 5.82519531250000e-01 3.39329004287720e-01
100 5.51269531250000e-01 3.03898096084595e-01
101 5.38574218750000e-01 2.90062189102173e-01
102 5.81054687500000e-01 3.37624549865723e-01
103 5.33691406250000e-01 2.84826517105103e-01
104 5.35644531250000e-01 2.86915063858032e-01
105 5.74218750000000e-01 3.29727172851562e-01
106 5.67382812500000e-01 3.21923255920410e-01
107 5.80566406250000e-01 3.37057352066040e-01
108 5.69335937500000e-01 3.24143409729004e-01
109 5.68359375000000e-01 3.23032379150391e-01
110 5.89843750000000e-01 3.47915649414062e-01
111 5.83496093750000e-01 3.40467691421509e-01
112 5.91796875000000e-01 3.50223541259766e-01
113 5.88867187500000e-01 3.46764564514160e-01
114 5.28808593750000e-01 2.79638528823853e-01
115 5.10253906250000e-01 2.60359048843384e-01
116 4.56054687500000e-01 2.07985877990723e-01
117 5.74707031250000e-01 3.30288171768188e-01
118 6.22070312500000e-01 3.86971473693848e-01
119 6.17675781250000e-01 3.81523370742798e-01
120 6.44531250000000e-01 4.15420532226562e-01
121 6.61132812500000e-01 4.37096595764160e-01
122 7.08496093750000e-01 5.01966714859009e-01
123 7.10937500000000e-01 5.05432128906250e-01
124 7.43652343750000e-01 5.53018808364868e-01
125 7.02636718750000e-01 4.93698358535767e-01
126 6.51855468750000e-01 4.24915552139282e-01
127 6.38183593750000e-01 4.07278299331665e-01
128 5.76660156250000e-01 3.32536935806274e-01
129 5.21972656250000e-01 2.72455453872681e-01
130 5.51757812500000e-01 3.04436683654785e-01
131 5.48339843750000e-01 3.00676584243774e-01
132 5.33203125000000e-01 2.84305572509766e-01
133 5.10253906250000e-01 2.60359048843384e-01
134 5.07812500000000e-01 2.57873535156250e-01
135 4.51171875000000e-01 2.03556060791016e-01
136 4.75097656250000e-01 2.25717782974243e-01
137 4.56054687500000e-01 2.07985877990723e-01
138 5.39062500000000e-01 2.90588378906250e-01
139 5.58593750000000e-01 3.12026977539062e-01
140 5.53710937500000e-01 3.06595802307129e-01
141 5.57128906250000e-01 3.10392618179321e-01
142 4.60449218750000e-01 2.12013483047485e-01
143 4.23339843750000e-01 1.79216623306274e-01
144 4.32128906250000e-01 1.86735391616821e-01
145 4.49218750000000e-01 2.01797485351562e-01
146 4.87304687500000e-01 2.37465858459473e-01
147 4.53125000000000e-01 2.05322265625000e-01
148 4.49707031250000e-01 2.02236413955688e-01
149 4.20410156250000e-01 1.76744699478149e-01
150 4.37988281250000e-01 1.91833734512329e-01
151 4.82910156250000e-01 2.33202219009399e-01
152 4.65332031250000e-01 2.16533899307251e-01
153 4.75585937500000e-01 2.26181983947754e-01
154 3.79394531250000e-01 1.43940210342407e-01
155 3.42285156250000e-01 1.17159128189087e-01
156 2.74414062500000e-01 7.53030776977539e-02
157 2.42187500000000e-01 5.86547851562500e-02
158 1.68945312500000e-01 2.85425186157227e-02
159 2.18261718750000e-01 4.76381778717041e-02
160 1.96777343750000e-01 3.87213230133057e-02
161 1.65527343750000e-01 2.73993015289307e-02
162 1.66992187500000e-01 2.78863906860352e-02
163 1.39160156250000e-01 1.93655490875244e-02
164 1.95800781250000e-01 3.83379459381104e-02
165 1.47460937500000e-01 2.17447280883789e-02
166 1.76269531250000e-01 3.10709476470947e-02
167 1.66992187500000e-01 2.78863906860352e-02
168 1.61621093750000e-01 2.61213779449463e-02
169 2.16796875000000e-01 4.70008850097656e-02
170 1.76269531250000e-01 3.10709476470947e-02
171 1.69921875000000e-01 2.88734436035156e-02
172 1.86523437500000e-01 3.47909927368164e-02
173 2.04101562500000e-01 4.16574478149414e-02
174 1.47460937500000e-01 2.17447280883789e-02
175 2.39257812500000e-01 5.72443008422852e-02
176 2.34863281250000e-01 5.51607608795166e-02
177 2.29492187500000e-01 5.26666641235352e-02
178 2.00195312500000e-01 4.00781631469727e-02
179 2.21191406250000e-01 4.89256381988525e-02
180 2.11425781250000e-01 4.47008609771729e-02
181 1.98242187500000e-01 3.92999649047852e-02
182 2.43652343750000e-01 5.93664646148682e-02
183 2.99316406250000e-01 8.95903110504150e-02
184 3.07617187500000e-01 9.46283340454102e-02
185 2.96386718750000e-01 8.78450870513916e-02
186 3.20312500000000e-01 1.02600097656250e-01
187 3.09570312500000e-01 9.58337783813477e-02
188 3.01757812500000e-01 9.10577774047852e-02
189 2.87597656250000e-01 8.27124118804932e-02
190 3.15429687500000e-01 9.94958877563477e-02
191 3.34472656250000e-01 1.11871957778931e-01
192 3.14453125000000e-01 9.88807678222656e-02
193 3.61328125000000e-01 1.30558013916016e-01
194 3.38378906250000e-01 1.14500284194946e-01
195 3.42773437500000e-01 1.17493629455566e-01
196 3.35449218750000e-01 1.12526178359985e-01
197 2.58300781250000e-01 6.67192935943604e-02
198 2.83203125000000e-01 8.02040100097656e-02
199 1.95312500000000e-01 3.81469726562500e-02
200 2.75878906250000e-01 7.61091709136963e-02
201 2.81738281250000e-01 7.93764591217041e-02
202 3.04199218750000e-01 9.25371646881104e-02
203 2.68066406250000e-01 7.18595981597900e-02
204 3.33007812500000e-01 1.10894203186035e-01
205 3.38378906250000e-01 1.14500284194946e-01
206 2.49023437500000e-01 6.20126724243164e-02
207 1.37207031250000e-01 1.88257694244385e-02
208 1.53808593750000e-01 2.36570835113525e-02
209 6.78710937500000e-02 4.60648536682129e-03
210 5.41992187500000e-02 2.93755531311035e-03
211 9.66796875000000e-02 9.34696197509766e-03
212 1.62597656250000e-01 2.64379978179932e-02
213 2.28027343750000e-01 5.19964694976807e-02
214 2.17773437500000e-01 4.74252700805664e-02
215 2.49023437500000e-01 6.20126724243164e-02
216 2.28027343750000e-01 5.19964694976807e-02
217 2.63671875000000e-01 6.95228576660156e-02
218 3.43750000000000e-01 1.18164062500000e-01
219 3.60839843750000e-01 1.30205392837524e-01
220 3.43750000000000e-01 1.18164062500000e-01
221 4.53613281250000e-01 2.05765008926392e-01
222 4.38476562500000e-01 1.92261695861816e-01
223 4.29199218750000e-01 1.84211969375610e-01
224 3.31542968750000e-01 1.09920740127563e-01
225 3.27148437500000e-01 1.07026100158691e-01
226 3.82324218750000e-01 1.46171808242798e-01
227 3.75000000000000e-01 1.40625000000000e-01
228 3.97460937500000e-01 1.57975196838379e-01
229 4.62890625000000e-01 2.14267730712891e-01
230 3.97460937500000e-01 1.57975196838379e-01
231 4.85351562500000e-01 2.35566139221191e-01
232 3.76464843750000e-01 1.41725778579712e-01
233 3.74023437500000e-01 1.39893531799316e-01
234 3.39355468750000e-01 1.15162134170532e-01
235 3.43261718750000e-01 1.17828607559204e-01
236 3.50585937500000e-01 1.22910499572754e-01
237 3.66210937500000e-01 1.34110450744629e-01
238 3.26660156250000e-01 1.06706857681274e-01
239 3.24707031250000e-01 1.05434656143188e-01
240 3.16406250000000e-01 1.00112915039062e-01
241 2.91992187500000e-01 8.52594375610352e-02
242 3.29589843750000e-01 1.08629465103149e-01
243 2.90039062500000e-01 8.41226577758789e-02
244 2.61230468750000e-01 6.82413578033447e-02
245 2.49511718750000e-01 6.22560977935791e-02
246 2.43164062500000e-01 5.91287612915039e-02
247 2.85156250000000e-01 8.13140869140625e-02
248 3.67675781250000e-01 1.35185480117798e-01
249 3.77929687500000e-01 1.42830848693848e-01
250 3.82324218750000e-01 1.46171808242798e-01
251 3.60351562500000e-01 1.29853248596191e-01
252 4.03320312500000e-01 1.62667274475098e-01
253 4.15039062500000e-01 1.72257423400879e-01
254 4.21386718750000e-01 1.77566766738892e-01
255 4.61914062500000e-01 2.13364601135254e-01
256 4.44824218750000e-01 1.97868585586548e-01
257 4.65820312500000e-01 2.16988563537598e-01
258 4.67773437500000e-01 2.18811988830566e-01
259 4.86328125000000e-01 2.36515045166016e-01
260 4.84375000000000e-01 2.34619140625000e-01
261 5.39062500000000e-01 2.90588378906250e-01
262 5.10742187500000e-01 2.60857582092285e-01
263 5.22460937500000e-01 2.72965431213379e-01
264 5.04882812500000e-01 2.54906654357910e-01
265 5.41503906250000e-01 2.93226480484009e-01
266 5.35644531250000e-01 2.86915063858032e-01
267 5.32226562500000e-01 2.83265113830566e-01
268 5.54199218750000e-01 3.07136774063110e-01
269 5.51757812500000e-01 3.04436683654785e-01
270 6.14746093750000e-01 3.77912759780884e-01
271 6.06933593750000e-01 3.68368387222290e-01
272 5.93261718750000e-01 3.51959466934204e-01
273 6.63574218750000e-01 4.40330743789673e-01
274 6.65039062500000e-01 4.42276954650879e-01
275 6.35253906250000e-01 4.03547525405884e-01
276 5.51269531250000e-01 3.03898096084595e-01
277 5.65917968750000e-01 3.20263147354126e-01
278 6.49902343750000e-01 4.22373056411743e-01
279 6.30859375000000e-01 3.97983551025391e-01
280 6.02050781250000e-01 3.62465143203735e-01
281 6.24023437500000e-01 3.89405250549316e-01
282 6.51367187500000e-01 4.24279212951660e-01
283 6.74804687500000e-01 4.55361366271973e-01
284 6.29882812500000e-01 3.96752357482910e-01
285 6.12792968750000e-01 3.75515222549438e-01
286 6.64062500000000e-01 4.40979003906250e-01
287 6.99218750000000e-01 4.88906860351562e-01
288 6.84570312500000e-01 4.68636512756348e-01
289 6.66015625000000e-01 4.43576812744141e-01
290 5.59570312500000e-01 3.13118934631348e-01
291 5.60546875000000e-01 3.14212799072266e-01
292 5.50781250000000e-01 3.03359985351562e-01
293 5.75195312500000e-01 3.30849647521973e-01
294 6.32812500000000e-01 4.00451660156250e-01
295 6.08886718750000e-01 3.70743036270142e-01
296 6.48925781250000e-01 4.21104669570923e-01
297 5.76171875000000e-01 3.31974029541016e-01
298 5.76171875000000e-01 3.31974029541016e-01
299 6.11816406250000e-01 3.74319314956665e-01
300 6.69921875000000e-01 4.48795318603516e-01
301 6.68457031250000e-01 4.46834802627563e-01
302 6.63085937500000e-01 4.39682960510254e-01
303 6.75781250000000e-01 4.56680297851562e-01
304 6.55761718750000e-01 4.30023431777954e-01
305 7.28515625000000e-01 5.30735015869141e-01
306 6.58691406250000e-01 4.33874368667603e-01
307 6.18164062500000e-01 3.82126808166504e-01
308 6.44531250000000e-01 4.15420532226562e-01
309 6.46484375000000e-01 4.17942047119141e-01
310 6.02539062500000e-01 3.63053321838379e-01
311 6.32812500000000e-01 4.00451660156250e-01
312 6.18652343750000e-01 3.82730722427368e-01
313 6.53320312500000e-01 4.26827430725098e-01
314 6.24511718750000e-01 3.90014886856079e-01
315 5.90332031250000e-01 3.48491907119751e-01
316 5.26367187500000e-01 2.77062416076660e-01
317 5.34667968750000e-01 2.85869836807251e-01
318 5.43945312500000e-01 2.95876502990723e-01
319 5.97167968750000e-01 3.56609582901001e-01
320 5.41992187500000e-01 2.93755531311035e-01
321 5.66406250000000e-01 3.20816040039062e-01
322 5.64453125000000e-01 3.18607330322266e-01
323 5.43945312500000e-01 2.95876502990723e-01
324 5.89843750000000e-01 3.47915649414062e-01
325 6.09863281250000e-01 3.71933221817017e-01
326 6.33300781250000e-01 4.01069879531860e-01
327 6.61132812500000e-01 4.37096595764160e-01
328 6.77246093750000e-01 4.58662271499634e-01
329 6.68457031250000e-01 4.46834802627563e-01
330 6.74804687500000e-01 4.55361366271973e-01
331 6.98242187500000e-01 4.87542152404785e-01
332 7.00195312500000e-01 4.90273475646973e-01
333 6.81152343750000e-01 4.63968515396118e-01
334 6.95800781250000e-01 4.84138727188110e-01
335 6.43066406250000e-01 4.13534402847290e-01
336 6.85546875000000e-01 4.69974517822266e-01
337 6.93847656250000e-01 4.81424570083618e-01
338 6.54785156250000e-01 4.28743600845337e-01
339 6.52343750000000e-01 4.25552368164062e-01
340 6.46484375000000e-01 4.17942047119141e-01
341 6.58203125000000e-01 4.33231353759766e-01
342 6.81152343750000e-01 4.63968515396118e-01
343 7.32910156250000e-01 5.37157297134399e-01
344 7.24609375000000e-01 5.25058746337891e-01
345 7.05078125000000e-01 4.97135162353516e-01
346 6.42578125000000e-01 4.12906646728516e-01
347 6.67480468750000e-01 4.45530176162720e-01
348 6.92382812500000e-01 4.79393959045410e-01
349 6.73339843750000e-01 4.53386545181274e-01
350 5.74218750000000e-01 3.29727172851562e-01
351 5.75683593750000e-01 3.31411600112915e-01
352 5.22460937500000e-01 2.72965431213379e-01
353 4.74609375000000e-01 2.25254058837891e-01
354 5.29785156250000e-01 2.80672311782837e-01
355 5.03906250000000e-01 2.53921508789062e-01
356 4.90722656250000e-01 2.40808725357056e-01
357 5.13671875000000e-01 2.63858795166016e-01
358 5.73242187500000e-01 3.28606605529785e-01
359 5.81054687500000e-01 3.37624549865723e-01
360 5.77636718750000e-01 3.33664178848267e-01
361 6.39160156250000e-01 4.08525705337524e-01
362 5.75683593750000e-01 3.31411600112915e-01
363 5.79589843750000e-01 3.35924386978149e-01
364 6.22558593750000e-01 3.87579202651978e-01
365 6.57226562500000e-01 4.31946754455566e-01
366 7.09960937500000e-01 5.04044532775879e-01
367 6.19628906250000e-01 3.83939981460571e-01
368 5.53710937500000e-01 3.06595802307129e-01
369 5.01953125000000e-01 2.51956939697266e-01
370 5.30273437500000e-01 2.81189918518066e-01
371 5.37109375000000e-01 2.88486480712891e-01
372 5.59082031250000e-01 3.12572717666626e-01
373 5.45898437500000e-01 2.98005104064941e-01
374 4.95605468750000e-01 2.45624780654907e-01
375 5.65429687500000e-01 3.19710731506348e-01
376 5.50292968750000e-01 3.02822351455688e-01
377 6.00097656250000e-01 3.60117197036743e-01
378 6.77246093750000e-01 4.58662271499634e-01
379 6.62109375000000e-01 4.38388824462891e-01
380 6.49902343750000e-01 4.22373056411743e-01
381 6.24023437500000e-01 3.89405250549316e-01
382 6.63085937500000e-01 4.39682960510254e-01
383 5.77148437500000e-01 3.33100318908691e-01
384 5.80566406250000e-01 3.37057352066040e-01
385 5.86425781250000e-01 3.43895196914673e-01
386 5.76171875000000e-01 3.31974029541016e-01
387 5.79589843750000e-01 3.35924386978149e-01
388 5.36621093750000e-01 2.87962198257446e-01
389 6.30859375000000e-01 3.97983551025391e-01
390 6.64062500000000e-01 4.40979003906250e-01
391 6.52832031250000e-01 4.26189661026001e-01
392 6.49902343750000e-01 4.22373056411743e-01
393 6.04003906250000e-01 3.64820718765259e-01
394 5.79101562500000e-01 3.35358619689941e-01
395 5.76660156250000e-01 3.32536935806274e-01
396 5.74218750000000e-01 3.29727172851562e-01
397 5.64941406250000e-01 3.19158792495728e-01
398 5.34179687500000e-01 2.85347938537598e-01
399 5.41503906250000e-01 2.93226480484009e-01
400 5.92285156250000e-01 3.50801706314087e-01
401 5.25390625000000e-01 2.76035308837891e-01
402 4.91699218750000e-01 2.41768121719360e-01
403 5.55175781250000e-01 3.08220148086548e-01
404 5.73242187500000e-01 3.28606605529785e-01
405 5.62011718750000e-01 3.15857172012329e-01
406 5.55664062500000e-01 3.08762550354004e-01
407 5.93750000000000e-01 3.52539062500000e-01
408 5.76660156250000e-01 3.32536935806274e-01
409 5.47363281250000e-01 2.99606561660767e-01
410 5.56640625000000e-01 3.09848785400391e-01
411 5.84472656250000e-01 3.41608285903931e-01
412 6.48437500000000e-01 4.20471191406250e-01
413 6.82617187500000e-01 4.65966224670410e-01
414 6.52343750000000e-01 4.25552368164062e-01
415 6.46972656250000e-01 4.18573617935181e-01
416 5.98144531250000e-01 3.57776880264282e-01
417 6.29882812500000e-01 3.96752357482910e-01
418 6.49902343750000e-01 4.22373056411743e-01
419 6.28906250000000e-01 3.95523071289062e-01
420 6.11816406250000e-01 3.74319314956665e-01
421 5.89355468750000e-01 3.47339868545532e-01
422 6.51367187500000e-01 4.24279212951660e-01
423 6.27929687500000e-01 3.94295692443848e-01
424 6.10351562500000e-01 3.72529029846191e-01
425 5.82519531250000e-01 3.39329004287720e-01
426 4.70214843750000e-01 2.21101999282837e-01
427 4.09179687500000e-01 1.67428016662598e-01
428 4.11621093750000e-01 1.69431924819946e-01
429 3.65722656250000e-01 1.33753061294556e-01
430 3.97949218750000e-01 1.58363580703735e-01
431 4.82421875000000e-01 2.32730865478516e-01
432 5.44433593750000e-01 2.96407938003540e-01
433 5.47851562500000e-01 3.00141334533691e-01
434 4.97558593750000e-01 2.47564554214478e-01
435 5.15136718750000e-01 2.65365839004517e-01
436 5.72753906250000e-01 3.28047037124634e-01
437 6.43066406250000e-01 4.13534402847290e-01
438 6.31835937500000e-01 3.99216651916504e-01
439 6.13281250000000e-01 3.76113891601562e-01
440 6.06445312500000e-01 3.67775917053223e-01
441 6.24023437500000e-01 3.89405250549316e-01
442 6.72363281250000e-01 4.52072381973267e-01
443 6.38671875000000e-01 4.07901763916016e-01
444 6.79687500000000e-01 4.61975097656250e-01
445 6.71386718750000e-01 4.50760126113892e-01
446 6.17187500000000e-01 3.80920410156250e-01
447 5.97656250000000e-01 3.57192993164062e-01
448 5.83007812500000e-01 3.39898109436035e-01
449 6.17675781250000e-01 3.81523370742798e-01
450 6.04003906250000e-01 3.64820718765259e-01
451 5.78613281250000e-01 3.34793329238892e-01
452 6.19628906250000e-01 3.83939981460571e-01
453 5.94726562500000e-01 3.53699684143066e-01
454 5.67382812500000e-01 3.21923255920410e-01
455 5.16601562500000e-01 2.66877174377441e-01
456 4.91210937500000e-01 2.41288185119629e-01
457 4.93164062500000e-01 2.43210792541504e-01
458 5.07812500000000e-01 2.57873535156250e-01
459 5.50781250000000e-01 3.03359985351562e-01
460 4.76562500000000e-01 2.27111816406250e-01
461 4.58007812500000e-01 2.09771156311035e-01
462 4.68750000000000e-01 2.19726562500000e-01
463 5.38574218750000e-01 2.90062189102173e-01
464 4.57519531250000e-01 2.09324121475220e-01
465 5.29296875000000e-01 2.80155181884766e-01
466 5.82031250000000e-01 3.38760375976562e-01
467 6.62109375000000e-01 4.38388824462891e-01
468 6.67968750000000e-01 4.46182250976562e-01
469 6.89453125000000e-01 4.75345611572266e-01
470 6.50390625000000e-01 4.23007965087891e-01
471 6.36230468750000e-01 4.04789209365845e-01
472 6.42578125000000e-01 4.12906646728516e-01
473 5.81542968750000e-01 3.38192224502563e-01
474 5.86425781250000e-01 3.43895196914673e-01
475 6.11328125000000e-01 3.73722076416016e-01
476 5.84960937500000e-01 3.42179298400879e-01
477 6.56738281250000e-01 4.31305170059204e-01
478 6.48925781250000e-01 4.21104669570923e-01
479 6.57714843750000e-01 4.32588815689087e-01
480 6.97753906250000e-01 4.86860513687134e-01
481 7.00195312500000e-01 4.90273475646973e-01
482 6.08398437500000e-01 3.70148658752441e-01
483 6.76269531250000e-01 4.57340478897095e-01
484 7.26562500000000e-01 5.27893066406250e-01
485 6.84570312500000e-01 4.68636512756348e-01
486 6.28906250000000e-01 3.95523071289062e-01
487 5.91796875000000e-01 3.50223541259766e-01
488 6.04492187500000e-01 3.65410804748535e-01
489 6.05957031250000e-01 3.67183923721313e-01
490 6.34277343750000e-01 4.02307748794556e-01
491 6.25000000000000e-01 3.90625000000000e-01
492 6.67480468750000e-01 4.45530176162720e-01
493 6.97265625000000e-01 4.86179351806641e-01
494 6.73828125000000e-01 4.54044342041016e-01
495 6.98242187500000e-01 4.87542152404785e-01
496 6.80664062500000e-01 4.63303565979004e-01
497 7.10449218750000e-01 5.04738092422485e-01
498 6.87988281250000e-01 4.73327875137329e-01
499 7.59277343750000e-01 5.76502084732056e-01
500 7.47558593750000e-01 5.58843851089478e-01
501 7.70507812500000e-01 5.93682289123535e-01
502 7.55371093750000e-01 5.70585489273071e-01
503 6.77734375000000e-01 4.59323883056641e-01
504 7.05078125000000e-01 4.97135162353516e-01
505 6.92871093750000e-01 4.80070352554321e-01
506 6.96777343750000e-01 4.85498666763306e-01
507 6.88476562500000e-01 4.73999977111816e-01
508 7.10449218750000e-01 5.04738092422485e-01
509 6.88964843750000e-01 4.74672555923462e-01
510 7.12890625000000e-01 5.08213043212891e-01
511 7.03613281250000e-01 4.95071649551392e-01
512 6.77246093750000e-01 4.58662271499634e-01
513 6.68457031250000e-01 4.46834802627563e-01
514 6.57714843750000e-01 4.32588815689087e-01
515 6.17187500000000e-01 3.80920410156250e-01
516 6.23535156250000e-01 3.88796091079712e-01
517 6.62597656250000e-01 4.39035654067993e-01
518 6.66503906250000e-01 4.44227457046509e-01
519 7.09960937500000e-01 5.04044532775879e-01
520 7.52929687500000e-01 5.66903114318848e-01
521 7.42187500000000e-01 5.50842285156250e-01
522 7.41210937500000e-01 5.49393653869629e-01
523 7.43652343750000e-01 5.53018808364868e-01
524 7.50488281250000e-01 5.63232660293579e-01
525 7.28027343750000e-01 5.30023813247681e-01
526 7.48535156250000e-01 5.60304880142212e-01
527 7.78808593750000e-01 6.06542825698853e-01
528 7.68554687500000e-01 5.90676307678223e-01
529 7.06542968750000e-01 4.99202966690063e-01
530 6.91406250000000e-01 4.78042602539062e-01
531 6.67968750000000e-01 4.46182250976562e-01
532 6.65039062500000e-01 4.42276954650879e-01
533 6.65527343750000e-01 4.42926645278931e-01
534 6.90917968750000e-01 4.77367639541626e-01
535 7.43652343750000e-01 5.53018808364868e-01
536 6.87988281250000e-01 4.73327875137329e-01
537 6.78222656250000e-01 4.59985971450806e-01
538 6.55273437500000e-01 4.29383277893066e-01
539 6.68945312500000e-01 4.47487831115723e-01
540 7.20703125000000e-01 5.19412994384766e-01
541 6.99218750000000e-01 4.88906860351562e-01
542 7.08496093750000e-01 5.01966714859009e-01
543 6.85546875000000e-01 4.69974517822266e-01
544 6.80664062500000e-01 4.63303565979004e-01
545 6.70898437500000e-01 4.50104713439941e-01
546 6.80664062500000e-01 4.63303565979004e-01
547 6.64062500000000e-01 4.40979003906250e-01
548 6.61132812500000e-01 4.37096595764160e-01
549 6.33300781250000e-01 4.01069879531860e-01
550 6.34765625000000e-01 4.02927398681641e-01
551 6.85058593750000e-01 4.69305276870728e-01
552 6.59179687500000e-01 4.34517860412598e-01
553 6.69921875000000e-01 4.48795318603516e-01
554 6.66015625000000e-01 4.43576812744141e-01
555 6.55761718750000e-01 4.30023431777954e-01
556 6.00097656250000e-01 3.60117197036743e-01
557 5.98144531250000e-01 3.57776880264282e-01
558 6.28417968750000e-01 3.94909143447876e-01
559 6.55273437500000e-01 4.29383277893066e-01
560 6.29882812500000e-01 3.96752357482910e-01
561 6.45019531250000e-01 4.16050195693970e-01
562 5.80078125000000e-01 3.36490631103516e-01
563 6.45996093750000e-01 4.17310953140259e-01
564 6.94335937500000e-01 4.82102394104004e-01
565 7.29492187500000e-01 5.32158851623535e-01
566 7.08496093750000e-01 5.01966714859009e-01
567 6.66015625000000e-01 4.43576812744141e-01
568 6.47460937500000e-01 4.19205665588379e-01
569 5.80078125000000e-01 3.36490631103516e-01
570 5.53222656250000e-01 3.06055307388306e-01
571 6.16210937500000e-01 3.79715919494629e-01
572 6.25976562500000e-01 3.91846656799316e-01
573 5.67382812500000e-01 3.21923255920410e-01
574 5.26367187500000e-01 2.77062416076660e-01
575 5.45898437500000e-01 2.98005104064941e-01
576 5.94726562500000e-01 3.53699684143066e-01
577 5.89355468750000e-01 3.47339868545532e-01
578 6.68457031250000e-01 4.46834802627563e-01
579 6.47460937500000e-01 4.19205665588379e-01
580 6.05468750000000e-01 3.66592407226562e-01
581 5.83984375000000e-01 3.41037750244141e-01
582 6.55273437500000e-01 4.29383277893066e-01
583 5.98144531250000e-01 3.57776880264282e-01
584 5.43457031250000e-01 2.95345544815063e-01
585 5.39062500000000e-01 2.90588378906250e-01
586 5.47851562500000e-01 3.00141334533691e-01
587 5.31738281250000e-01 2.82745599746704e-01
588 5.35156250000000e-01 2.86392211914062e-01
589 5.39062500000000e-01 2.90588378906250e-01
590 5.07324218750000e-01 2.57377862930298e-01
591 5.09277343750000e-01 2.59363412857056e-01
592 4.57031250000000e-01 2.08877563476562e-01
593 4.99511718750000e-01 2.49511957168579e-01
594 5.38085937500000e-01 2.89536476135254e-01
595 5.90332031250000e-01 3.48491907119751e-01
596 5.89843750000000e-01 3.47915649414062e-01
597 5.78125000000000e-01 3.34228515625000e-01
598 5.83984375000000e-01 3.41037750244141e-01
599 5.16601562500000e-01 2.66877174377441e-01
600 5.32226562500000e-01 2.83265113830566e-01
601 5.59082031250000e-01 3.12572717666626e-01
602 5.87402343750000e-01 3.45041513442993e-01
603 5.03417968750000e-01 2.53429651260376e-01
604 5.74218750000000e-01 3.29727172851562e-01
605 5.65429687500000e-01 3.19710731506348e-01
606 5.82519531250000e-01 3.39329004287720e-01
607 6.18164062500000e-01 3.82126808166504e-01
608 5.91308593750000e-01 3.49645853042603e-01
609 6.57226562500000e-01 4.31946754455566e-01
610 6.98242187500000e-01 4.87542152404785e-01
611 7.28027343750000e-01 5.30023813247681e-01
612 6.70410156250000e-01 4.49449777603149e-01
613 6.82617187500000e-01 4.65966224670410e-01
614 6.82128906250000e-01 4.65299844741821e-01
615 6.87988281250000e-01 4.73327875137329e-01
616 6.35253906250000e-01 4.03547525405884e-01
617 6.51367187500000e-01 4.24279212951660e-01
618 6.96289062500000e-01 4.84818458557129e-01
619 6.90429687500000e-01 4.76693153381348e-01
620 6.29394531250000e-01 3.96137475967407e-01
621 6.68945312500000e-01 4.47487831115723e-01
622 6.10351562500000e-01 3.72529029846191e-01
623 6.63085937500000e-01 4.39682960510254e-01
624 6.67480468750000e-01 4.45530176162720e-01
625 7.06542968750000e-01 4.99202966690063e-01
626 6.53808593750000e-01 4.27465677261353e-01
627 6.69921875000000e-01 4.48795318603516e-01
628 6.50390625000000e-01 4.23007965087891e-01
629 6.52832031250000e-01 4.26189661026001e-01
630 6.24511718750000e-01 3.90014886856079e-01
631 6.01074218750000e-01 3.61290216445923e-01
632 5.31250000000000e-01 2.82226562500000e-01
633 5.63964843750000e-01 3.18056344985962e-01
634 5.80078125000000e-01 3.36490631103516e-01
635 5.87402343750000e-01 3.45041513442993e-01
636 5.53222656250000e-01 3.06055307388306e-01
637 6.05957031250000e-01 3.67183923721313e-01
638 5.71289062500000e-01 3.26371192932129e-01
639 5.47851562500000e-01 3.00141334533691e-01
640 5.44433593750000e-01 2.96407938003540e-01
641 5.65917968750000e-01 3.20263147354126e-01
642 5.54687500000000e-01 3.07678222656250e-01
643 6.08398437500000e-01 3.70148658752441e-01
644 6.53808593750000e-01 4.27465677261353e-01
645 6.72363281250000e-01 4.52072381973267e-01
646 6.83105468750000e-01 4.66633081436157e-01
647 7.32910156250000e-01 5.37157297134399e-01
648 6.82128906250000e-01 4.65299844741821e-01
649 7.24121093750000e-01 5.24351358413696e-01
650 6.81152343750000e-01 4.63968515396118e-01
651 6.55273437500000e-01 4.29383277893066e-01
652 6.53320312500000e-01 4.26827430725098e-01
653 6.14257812500000e-01 3.77312660217285e-01
654 5.92773437500000e-01 3.51380348205566e-01
655 5.81542968750000e-01 3.38192224502563e-01
656 5.25878906250000e-01 2.76548624038696e-01
657 5.68847656250000e-01 3.23587656021118e-01
658 5.51757812500000e-01 3.04436683654785e-01
659 5.88867187500000e-01 3.46764564514160e-01
660 5.62011718750000e-01 3.15857172012329e-01
661 5.86914062500000e-01 3.44468116760254e-01
662 6.11328125000000e-01 3.73722076416016e-01
663 5.39062500000000e-01 2.90588378906250e-01
664 4.78027343750000e-01 2.28510141372681e-01
665 4.71191406250000e-01 2.22021341323853e-01
666 4.93652343750000e-01 2.43692636489868e-01
667 4.89746093750000e-01 2.39851236343384e-01
668 4.56054687500000e-01 2.07985877990723e-01
669 4.64355468750000e-01 2.15626001358032e-01
670 4.71679687500000e-01 2.22481727600098e-01
671 4.85351562500000e-01 2.35566139221191e-01
672 4.82421875000000e-01 2.32730865478516e-01
673 5.03417968750000e-01 2.53429651260376e-01
674 4.93652343750000e-01 2.43692636489868e-01
675 4.95117187500000e-01 2.45141029357910e-01
676 5.21484375000000e-01 2.71945953369141e-01
677 5.20996093750000e-01 2.71436929702759e-01
678 5.12207031250000e-01 2.62356042861938e-01
679 5.41992187500000e-01 2.93755531311035e-01
680 5.09765625000000e-01 2.59860992431641e-01
681 5.89843750000000e-01 3.47915649414062e-01
682 6.34277343750000e-01 4.02307748794556e-01
683 6.10351562500000e-01 3.72529029846191e-01
684 5.67871093750000e-01 3.22477579116821e-01
685 5.36132812500000e-01 2.87438392639160e-01
686 5.29785156250000e-01 2.80672311782837e-01
687 5.52734375000000e-01 3.05515289306641e-01
688 5.51269531250000e-01 3.03898096084595e-01
689 5.45410156250000e-01 2.97472238540649e-01
690 5.08300781250000e-01 2.58369684219360e-01
691 4.84863281250000e-01 2.35092401504517e-01
692 5.49804687500000e-01 3.02285194396973e-01
693 5.38085937500000e-01 2.89536476135254e-01
694 5.59570312500000e-01 3.13118934631348e-01
695 5.35644531250000e-01 2.86915063858032e-01
696 5.26855468750000e-01 2.77576684951782e-01
697 4.95605468750000e-01 2.45624780654907e-01
698 5.93261718750000e-01 3.51959466934204e-01
699 5.13671875000000e-01 2.63858795166016e-01
700 4.84375000000000e-01 2.34619140625000e-01
701 4.88769531250000e-01 2.38895654678345e-01
702 4.89257812500000e-01 2.39373207092285e-01
703 4.97558593750000e-01 2.47564554214478e-01
704 4.92187500000000e-01 2.42248535156250e-01
705 5.07812500000000e-01 2.57873535156250e-01
706 4.79980468750000e-01 2.30381250381470e-01
707 5.09277343750000e-01 2.59363412857056e-01
708 4.81445312500000e-01 2.31789588928223e-01
709 4.59960937500000e-01 2.11564064025879e-01
710 3.92578125000000e-01 1.54117584228516e-01
711 4.32617187500000e-01 1.87157630920410e-01
712 4.43847656250000e-01 1.97000741958618e-01
713 4.87792968750000e-01 2.37941980361938e-01
714 5.55664062500000e-01 3.08762550354004e-01
715 5.35156250000000e-01 2.86392211914062e-01
716 5.38574218750000e-01 2.90062189102173e-01
717 5.16113281250000e-01 2.66372919082642e-01
718 4.96582031250000e-01 2.46593713760376e-01
719 4.80957031250000e-01 2.31319665908813e-01
720 4.84375000000000e-01 2.34619140625000e-01
721 5.09765625000000e-01 2.59860992431641e-01
722 5.64941406250000e-01 3.19158792495728e-01
723 5.57617187500000e-01 3.10936927795410e-01
724 5.61523437500000e-01 3.15308570861816e-01
725 5.39550781250000e-01 2.91115045547485e-01
726 4.94628906250000e-01 2.44657754898071e-01
727 4.76074218750000e-01 2.26646661758423e-01
728 5.22949218750000e-01 2.73475885391235e-01
729 4.85839843750000e-01 2.36040353775024e-01
730 4.62402343750000e-01 2.13815927505493e-01
731 4.13574218750000e-01 1.71043634414673e-01
732 4.59472656250000e-01 2.11115121841431e-01
733 4.05761718750000e-01 1.64642572402954e-01
734 4.21386718750000e-01 1.77566766738892e-01
735 4.61425781250000e-01 2.12913751602173e-01
736 4.89257812500000e-01 2.39373207092285e-01
737 4.52636718750000e-01 2.04879999160767e-01
738 4.77539062500000e-01 2.28043556213379e-01
739 5.22949218750000e-01 2.73475885391235e-01
740 4.68750000000000e-01 2.19726562500000e-01
741 4.40917968750000e-01 1.94408655166626e-01
742 4.38964843750000e-01 1.92690134048462e-01
743 4.60449218750000e-01 2.12013483047485e-01
744 4.86816406250000e-01 2.36990213394165e-01
745 4.22363281250000e-01 1.78390741348267e-01
746 4.69726562500000e-01 2.20643043518066e-01
747 4.90234375000000e-01 2.40329742431641e-01
748 4.95605468750000e-01 2.45624780654907e-01
749 4.71679687500000e-01 2.22481727600098e-01
750 4.89257812500000e-01 2.39373207092285e-01
751 4.34082031250000e-01 1.88427209854126e-01
752 4.22851562500000e-01 1.78803443908691e-01
753 4.21386718750000e-01 1.77566766738892e-01
754 3.43261718750000e-01 1.17828607559204e-01
755 3.65722656250000e-01 1.33753061294556e-01
756 4.18457031250000e-01 1.75106287002563e-01
757 3.75976562500000e-01 1.41358375549316e-01
758 3.97949218750000e-01 1.58363580703735e-01
759 4.20410156250000e-01 1.76744699478149e-01
760 4.38964843750000e-01 1.92690134048462e-01
761 4.86816406250000e-01 2.36990213394165e-01
762 4.23828125000000e-01 1.79630279541016e-01
763 4.34570312500000e-01 1.88851356506348e-01
764 4.69726562500000e-01 2.20643043518066e-01
765 4.04785156250000e-01 1.63851022720337e-01
766 4.19433593750000e-01 1.75924539566040e-01
767 5.18554687500000e-01 2.68898963928223e-01
768 4.84375000000000e-01 2.34619140625000e-01
769 4.81933593750000e-01 2.32259988784790e-01
770 5.39550781250000e-01 2.91115045547485e-01
771 5.46386718750000e-01 2.98538446426392e-01
772 5.49316406250000e-01 3.01748514175415e-01
773 5.32226562500000e-01 2.83265113830566e-01
774 5.36621093750000e-01 2.87962198257446e-01
775 5.81054687500000e-01 3.37624549865723e-01
776 5.87402343750000e-01 3.45041513442993e-01
777 5.45410156250000e-01 2.97472238540649e-01
778 5.90332031250000e-01 3.48491907119751e-01
779 6.35253906250000e-01 4.03547525405884e-01
780 6.47460937500000e-01 4.19205665588379e-01
781 6.88964843750000e-01 4.74672555923462e-01
782 6.71875000000000e-01 4.51416015625000e-01
783 6.52832031250000e-01 4.26189661026001e-01
784 6.99218750000000e-01 4.88906860351562e-01
785 6.73339843750000e-01 4.53386545181274e-01
786 6.25488281250000e-01 3.91235589981079e-01
787 5.99121093750000e-01 3.58946084976196e-01
788 5.41992187500000e-01 2.93755531311035e-01
789 5.35644531250000e-01 2.86915063858032e-01
790 4.93652343750000e-01 2.43692636489868e-01
791 4.56054687500000e-01 2.07985877990723e-01
792 4.82421875000000e-01 2.32730865478516e-01
793 4.85839843750000e-01 2.36040353775024e-01
794 5.22949218750000e-01 2.73475885391235e-01
795 5.00976562500000e-01 2.50977516174316e-01
796 5.11230468750000e-01 2.61356592178345e-01
797 4.90234375000000e-01 2.40329742431641e-01
798 4.99511718750000e-01 2.49511957168579e-01
799 4.99511718750000e-01 2.49511957168579e-01
800 4.82421875000000e-01 2.32730865478516e-01
801 3.84765625000000e-01 1.48044586181641e-01
802 3.36914062500000e-01 1.13511085510254e-01
803 3.59863281250000e-01 1.29501581192017e-01
804 3.77929687500000e-01 1.42830848693848e-01
805 3.55957031250000e-01 1.26705408096313e-01
806 3.20312500000000e-01 1.02600097656250e-01
807 3.26171875000000e-01 1.06388092041016e-01
808 3.44726562500000e-01 1.18836402893066e-01
809 3.83300781250000e-01 1.46919488906860e-01
810 4.09179687500000e-01 1.67428016662598e-01
811 4.12597656250000e-01 1.70236825942993e-01
812 4.03808593750000e-01 1.63061380386353e-01
813 4.17480468750000e-01 1.74289941787720e-01
814 4.24316406250000e-01 1.80044412612915e-01
815 3.77929687500000e-01 1.42830848693848e-01
816 3.48632812500000e-01 1.21544837951660e-01
817 3.00781250000000e-01 9.04693603515625e-02
818 3.40332031250000e-01 1.15825891494751e-01
819 3.05175781250000e-01 9.31322574615479e-02
820 3.46191406250000e-01 1.19848489761353e-01
821 3.46679687500000e-01 1.20186805725098e-01
822 4.35058593750000e-01 1.89275979995728e-01
823 4.86328125000000e-01 2.36515045166016e-01
824 4.79492187500000e-01 2.29912757873535e-01
825 4.34082031250000e-01 1.88427209854126e-01
826 3.79882812500000e-01 1.44310951232910e-01
827 3.60839843750000e-01 1.30205392837524e-01
828 3.96972656250000e-01 1.57587289810181e-01
829 3.77929687500000e-01 1.42830848693848e-01
830 4.10644531250000e-01 1.68628931045532e-01
831 4.21386718750000e-01 1.77566766738892e-01
832 4.31152343750000e-01 1.85892343521118e-01
833 3.54003906250000e-01 1.25318765640259e-01
834 3.42285156250000e-01 1.17159128189087e-01
835 3.49609375000000e-01 1.22226715087891e-01
836 3.57421875000000e-01 1.27750396728516e-01
837 3.62304687500000e-01 1.31264686584473e-01
838 3.06152343750000e-01 9.37292575836182e-02
839 2.41210937500000e-01 5.81827163696289e-02
840 2.31933593750000e-01 5.37931919097900e-02
841 2.33398437500000e-01 5.44748306274414e-02
842 1.38183593750000e-01 1.90947055816650e-02
843 1.04003906250000e-01 1.08168125152588e-02
844 1.65039062500000e-01 2.72378921508789e-02
845 1.82128906250000e-01 3.31709384918213e-02
846 2.09472656250000e-01 4.38787937164307e-02
847 1.47460937500000e-01 2.17447280883789e-02
848 1.55273437500000e-01 2.41098403930664e-02
849 9.32617187500000e-02 8.69774818420410e-03
850 8.00781250000000e-02 6.41250610351562e-03
851 5.46875000000000e-02 2.99072265625000e-03
852 7.22656250000000e-02 5.22232055664062e-03
853 8.30078125000000e-03 6.89029693603516e-05
854 4.73632812500000e-02 2.24328041076660e-03
855 4.83398437500000e-02 2.33674049377441e-03
856 6.39648437500000e-02 4.09150123596191e-03
857 1.26464843750000e-01 1.59933567047119e-02
858 5.37109375000000e-02 2.88486480712891e-03
859 4.39453125000000e-02 1.93119049072266e-03
860 2.19726562500000e-02 4.82797622680664e-04
861 8.30078125000000e-03 6.89029693603516e-05
862 1.51367187500000e-02 2.29120254516602e-04
863 1.36718750000000e-02 1.86920166015625e-04
864 6.00585937500000e-02 3.60703468322754e-03
865 5.37109375000000e-03 2.88486480712891e-05
866 2.44140625000000e-03 5.96046447753906e-06
867 4.88281250000000e-03 2.38418579101562e-05
868 8.59375000000000e-02 7.38525390625000e-03
869 9.08203125000000e-02 8.24832916259766e-03
870 1.55273437500000e-01 2.41098403930664e-02
871 1.69921875000000e-01 2.88734436035156e-02
872 1.43554687500000e-01 2.06079483032227e-02
873 1.78222656250000e-01 3.17633152008057e-02
874 1.87988281250000e-01 3.53395938873291e-02
875 1.20605468750000e-01 1.45456790924072e-02
876 9.32617187500000e-02 8.69774818420410e-03
877 1.45019531250000e-01 2.10306644439697e-02
878 8.74023437500000e-02 7.63916969299316e-03
879 1.39160156250000e-01 1.93655490875244e-02
880 1.71386718750000e-01 2.93734073638916e-02
881 5.32226562500000e-02 2.83265113830566e-03
882 8.69140625000000e-02 7.55405426025391e-03
883 1.04003906250000e-01 1.08168125152588e-02
884 8.25195312500000e-02 6.80947303771973e-03
885 6.68945312500000e-02 4.47487831115723e-03
886 9.91210937500000e-02 9.82499122619629e-03
887 2.63671875000000e-02 6.95228576660156e-04
888 1.46484375000000e-02 2.14576721191406e-04
889 1.22070312500000e-02 1.49011611938477e-04
890 7.32421875000000e-03 5.36441802978516e-05
891 2.05078125000000e-02 4.20570373535156e-04
892 1.56250000000000e-02 2.44140625000000e-04
893 5.95703125000000e-02 3.54862213134766e-03
894 3.66210937500000e-02 1.34110450744629e-03
895 1.39648437500000e-01 1.95016860961914e-02
896 1.68945312500000e-01 2.85425186157227e-02
897 1.76757812500000e-01 3.12433242797852e-02
898 1.81152343750000e-01 3.28161716461182e-02
899 1.80664062500000e-01 3.26395034790039e-02
900 1.33789062500000e-01 1.78995132446289e-02
901 9.66796875000000e-02 9.34696197509766e-03
902 1.17187500000000e-01 1.37329101562500e-02
903 1.87500000000000e-01 3.51562500000000e-02
904 9.66796875000000e-02 9.34696197509766e-03
905 1.75781250000000e-02 3.08990478515625e-04
906 2.44140625000000e-02 5.96046447753906e-04
907 1.01562500000000e-01 1.03149414062500e-02
908 7.66601562500000e-02 5.87677955627441e-03
909 7.08007812500000e-02 5.01275062561035e-03
910 7.56835937500000e-02 5.72800636291504e-03
911 1.19628906250000e-01 1.43110752105713e-02
912 1.41601562500000e-01 2.00510025024414e-02
913 1.74316406250000e-01 3.03862094879150e-02
914 2.26074218750000e-01 5.11095523834229e-02
915 2.15820312500000e-01 4.65784072875977e-02
916 2.73925781250000e-01 7.50353336334229e-02
917 2.73437500000000e-01 7.47680664062500e-02
918 2.65136718750000e-01 7.02974796295166e-02
919 2.27050781250000e-01 5.15520572662354e-02
920 2.30468750000000e-01 5.31158447265625e-02
921 2.81250000000000e-01 7.91015625000000e-02
922 2.48535156250000e-01 6.17697238922119e-02
923 2.27050781250000e-01 5.15520572662354e-02
924 3.35937500000000e-01 1.12854003906250e-01
925 3.21289062500000e-01 1.03226661682129e-01
926 3.84277343750000e-01 1.47669076919556e-01
927 3.69628906250000e-01 1.36625528335571e-01
928 3.31054687500000e-01 1.09597206115723e-01
929 2.48046875000000e-01 6.15272521972656e-02
930 2.65625000000000e-01 7.05566406250000e-02
931 3.12500000000000e-01 9.76562500000000e-02
932 3.56445312500000e-01 1.27053260803223e-01
933 3.14941406250000e-01 9.91880893707275e-02
934 3.19824218750000e-01 1.02287530899048e-01
935 4.23339843750000e-01 1.79216623306274e-01
936 3.97460937500000e-01 1.57975196838379e-01
937 3.65234375000000e-01 1.33396148681641e-01
938 4.03320312500000e-01 1.62667274475098e-01
939 3.89160156250000e-01 1.51445627212524e-01
940 4.10156250000000e-01 1.68228149414062e-01
941 4.37011718750000e-01 1.90979242324829e-01
942 4.88769531250000e-01 2.38895654678345e-01
943 5.07812500000000e-01 2.57873535156250e-01
944 5.30761718750000e-01 2.81708002090454e-01
945 5.67382812500000e-01 3.21923255920410e-01
946 5.29785156250000e-01 2.80672311782837e-01
947 5.30273437500000e-01 2.81189918518066e-01
948 5.37597656250000e-01 2.89011240005493e-01
949 5.47851562500000e-01 3.00141334533691e-01
950 5.30761718750000e-01 2.81708002090454e-01
951 5.44433593750000e-01 2.96407938003540e-01
952 5.78125000000000e-01 3.34228515625000e-01
953 5.85937500000000e-01 3.43322753906250e-01
954 5.69335937500000e-01 3.24143409729004e-01
955 5.83496093750000e-01 3.40467691421509e-01
956 5.28320312500000e-01 2.79122352600098e-01
957 5.23925781250000e-01 2.74498224258423e-01
958 4.22851562500000e-01 1.78803443908691e-01
959 3.69628906250000e-01 1.36625528335571e-01
960 4.14550781250000e-01 1.71852350234985e-01
961 4.31152343750000e-01 1.85892343521118e-01
962 4.55078125000000e-01 2.07096099853516e-01
963 3.87695312500000e-01 1.50307655334473e-01
964 2.90039062500000e-01 8.41226577758789e-02
965 3.50097656250000e-01 1.22568368911743e-01
966 3.64257812500000e-01 1.32683753967285e-01
967 3.98437500000000e-01 1.58752441406250e-01
968 4.12109375000000e-01 1.69834136962891e-01
969 4.18945312500000e-01 1.75515174865723e-01
970 4.01367187500000e-01 1.61095619201660e-01
971 4.13574218750000e-01 1.71043634414673e-01
972 4.18945312500000e-01 1.75515174865723e-01
973 3.37890625000000e-01 1.14170074462891e-01
974 3.19824218750000e-01 1.02287530899048e-01
975 2.98339843750000e-01 8.90066623687744e-02
976 2.46093750000000e-01 6.05621337890625e-02
977 3.08105468750000e-01 9.49289798736572e-02
978 3.30078125000000e-01 1.08951568603516e-01
979 4.14062500000000e-01 1.71447753906250e-01
980 3.50585937500000e-01 1.22910499572754e-01
981 3.69628906250000e-01 1.36625528335571e-01
982 3.02734375000000e-01 9.16481018066406e-02
983 3.21289062500000e-01 1.03226661682129e-01
984 3.11523437500000e-01 9.70468521118164e-02
985 2.82226562500000e-01 7.96518325805664e-02
986 2.48046875000000e-01 6.15272521972656e-02
987 2.88574218750000e-01 8.32750797271729e-02
988 3.00781250000000e-01 9.04693603515625e-02
989 3.14453125000000e-01 9.88807678222656e-02
990 3.52050781250000e-01 1.23939752578735e-01
991 2.84667968750000e-01 8.10358524322510e-02
992 3.12011718750000e-01 9.73513126373291e-02
993 3.28613281250000e-01 1.07986688613892e-01
994 3.15429687500000e-01 9.94958877563477e-02
995 3.67187500000000e-01 1.34826660156250e-01
996 4.03320312500000e-01 1.62667274475098e-01
997 3.95996093750000e-01 1.56812906265259e-01
998 4.38964843750000e-01 1.92690134048462e-01
999 4.09179687500000e-01 1.67428016662598e-01
