0 6.74316406250000e-01 4.54702615737915e-01
1 6.74316406250000e-01 4.54702615737915e-01
2 6.87988281250000e-01 4.73327875137329e-01
3 6.71386718750000e-01 4.50760126113892e-01
4 6.57714843750000e-01 4.32588815689087e-01
5 5.78125000000000e-01 3.34228515625000e-01
6 5.45410156250000e-01 2.97472238540649e-01
7 5.40527343750000e-01 2.92169809341431e-01
8 5.71289062500000e-01 3.26371192932129e-01
9 5.98144531250000e-01 3.57776880264282e-01
10 5.83496093750000e-01 3.40467691421509e-01
11 5.78613281250000e-01 3.34793329238892e-01
12 5.42968750000000e-01 2.94815063476562e-01
13 5.20507812500000e-01 2.70928382873535e-01
14 5.40527343750000e-01 2.92169809341431e-01
15 5.15625000000000e-01 2.65869140625000e-01
16 5.56640625000000e-01 3.09848785400391e-01
17 5.27832031250000e-01 2.78606653213501e-01
18 4.93164062500000e-01 2.43210792541504e-01
19 5.70800781250000e-01 3.25813531875610e-01
20 5.79101562500000e-01 3.35358619689941e-01
21 5.62500000000000e-01 3.16406250000000e-01
22 5.51757812500000e-01 3.04436683654785e-01
23 4.58984375000000e-01 2.10666656494141e-01
24 4.78027343750000e-01 2.28510141372681e-01
25 4.62402343750000e-01 2.13815927505493e-01
26 4.14550781250000e-01 1.71852350234985e-01
27 4.28710937500000e-01 1.83793067932129e-01
28 3.42773437500000e-01 1.17493629455566e-01
29 3.30078125000000e-01 1.08951568603516e-01
30 2.93457031250000e-01 8.61170291900635e-02
31 2.45605468750000e-01 6.03220462799072e-02
32 2.28515625000000e-01 5.22193908691406e-02
33 2.20214843750000e-01 4.84945774078369e-02
34 1.99218750000000e-01 3.96881103515625e-02
35 1.78222656250000e-01 3.17633152008057e-02
36 2.29492187500000e-01 5.26666641235352e-02
37 2.07031250000000e-01 4.28619384765625e-02
38 1.31835937500000e-01 1.73807144165039e-02
39 1.99707031250000e-01 3.98828983306885e-02
40 2.09472656250000e-01 4.38787937164307e-02
41 2.46582031250000e-01 6.08026981353760e-02
42 2.69042968750000e-01 7.23841190338135e-02
43 1.94824218750000e-01 3.79564762115479e-02
44 2.74902343750000e-01 7.55712985992432e-02
45 2.80761718750000e-01 7.88271427154541e-02
46 3.74511718750000e-01 1.40259027481079e-01
47 4.01367187500000e-01 1.61095619201660e-01
48 3.74023437500000e-01 1.39893531799316e-01
49 4.02343750000000e-01 1.61880493164062e-01
50 3.46679687500000e-01 1.20186805725098e-01
51 3.31542968750000e-01 1.09920740127563e-01
52 2.51953125000000e-01 6.34803771972656e-02
53 2.71484375000000e-01 7.37037658691406e-02
54 3.05664062500000e-01 9.34305191040039e-02
55 3.12011718750000e-01 9.73513126373291e-02
56 3.75488281250000e-01 1.40991449356079e-01
57 4.07226562500000e-01 1.65833473205566e-01
58 3.54980468750000e-01 1.26011133193970e-01
59 4.13085937500000e-01 1.70639991760254e-01
60 3.94042968750000e-01 1.55269861221313e-01
61 3.91601562500000e-01 1.53351783752441e-01
62 3.90625000000000e-01 1.52587890625000e-01
63 4.16015625000000e-01 1.73069000244141e-01
64 3.94042968750000e-01 1.55269861221313e-01
65 4.17968750000000e-01 1.74697875976562e-01
66 4.51171875000000e-01 2.03556060791016e-01
67 4.16015625000000e-01 1.73069000244141e-01
68 4.82910156250000e-01 2.33202219009399e-01
69 4.60449218750000e-01 2.12013483047485e-01
70 4.38476562500000e-01 1.92261695861816e-01
71 5.52734375000000e-01 3.05515289306641e-01
72 5.69335937500000e-01 3.24143409729004e-01
73 6.40625000000000e-01 4.10400390625000e-01
74 6.98730468750000e-01 4.88224267959595e-01
75 6.22558593750000e-01 3.87579202651978e-01
76 6.09375000000000e-01 3.71337890625000e-01
77 6.08886718750000e-01 3.70743036270142e-01
78 6.04492187500000e-01 3.65410804748535e-01
79 5.97167968750000e-01 3.56609582901001e-01
80 5.82519531250000e-01 3.39329004287720e-01
81 6.09863281250000e-01 3.71933221817017e-01
82 5.51757812500000e-01 3.04436683654785e-01
83 5.71777343750000e-01 3.26929330825806e-01
84 5.81542968750000e-01 3.38192224502563e-01
85 5.99609375000000e-01 3.59531402587891e-01
86 6.40136718750000e-01 4.09775018692017e-01
87 6.23046875000000e-01 3.88187408447266e-01
88 6.77734375000000e-01 4.59323883056641e-01
89 6.86523437500000e-01 4.71314430236816e-01
90 6.78222656250000e-01 4.59985971450806e-01
91 6.49414062500000e-01 4.21738624572754e-01
92 5.86425781250000e-01 3.43895196914673e-01
93 5.80078125000000e-01 3.36490631103516e-01
94 5.28320312500000e-01 2.79122352600098e-01
95 5.65917968750000e-01 3.20263147354126e-01
96 6.19628906250000e-01 3.83939981460571e-01
97 5.79589843750000e-01 3.35924386978149e-01
98 5.86914062500000e-01 3.44468116760254e-01
99 5.03417968750000e-01 2.53429651260376e-01
100 5.07812500000000e-01 2.57873535156250e-01
101 4.66796875000000e-01 2.17899322509766e-01
102 4.93652343750000e-01 2.43692636489868e-01
103 4.73144531250000e-01 2.23865747451782e-01
104 4.77539062500000e-01 2.28043556213379e-01
105 5.40527343750000e-01 2.92169809341431e-01
106 5.37597656250000e-01 2.89011240005493e-01
107 5.66894531250000e-01 3.21369409561157e-01
108 5.77148437500000e-01 3.33100318908691e-01
109 5.49804687500000e-01 3.02285194396973e-01
110 5.83496093750000e-01 3.40467691421509e-01
111 6.59667968750000e-01 4.35161828994751e-01
112 5.97656250000000e-01 3.57192993164062e-01
113 5.51757812500000e-01 3.04436683654785e-01
114 6.10351562500000e-01 3.72529029846191e-01
115 6.10839843750000e-01 3.73125314712524e-01
116 6.06933593750000e-01 3.68368387222290e-01
117 6.01074218750000e-01 3.61290216445923e-01
118 5.96191406250000e-01 3.55444192886353e-01
119 6.17187500000000e-01 3.80920410156250e-01
120 5.61523437500000e-01 3.15308570861816e-01
121 6.11816406250000e-01 3.74319314956665e-01
122 6.01562500000000e-01 3.61877441406250e-01
123 6.33789062500000e-01 4.01688575744629e-01
124 6.62109375000000e-01 4.38388824462891e-01
125 6.48925781250000e-01 4.21104669570923e-01
126 6.65527343750000e-01 4.42926645278931e-01
127 6.39648437500000e-01 4.09150123596191e-01
128 6.61621093750000e-01 4.37742471694946e-01
129 6.19140625000000e-01 3.83335113525391e-01
130 5.97167968750000e-01 3.56609582901001e-01
131 5.89355468750000e-01 3.47339868545532e-01
132 5.77636718750000e-01 3.33664178848267e-01
133 5.54199218750000e-01 3.07136774063110e-01
134 5.53710937500000e-01 3.06595802307129e-01
135 5.97167968750000e-01 3.56609582901001e-01
136 5.79589843750000e-01 3.35924386978149e-01
137 5.55175781250000e-01 3.08220148086548e-01
138 5.51269531250000e-01 3.03898096084595e-01
139 5.64941406250000e-01 3.19158792495728e-01
140 6.16699218750000e-01 3.80317926406860e-01
141 6.82128906250000e-01 4.65299844741821e-01
142 6.64062500000000e-01 4.40979003906250e-01
143 6.59667968750000e-01 4.35161828994751e-01
144 5.67871093750000e-01 3.22477579116821e-01
145 6.30371093750000e-01 3.97367715835571e-01
146 5.94238281250000e-01 3.53119134902954e-01
147 5.75195312500000e-01 3.30849647521973e-01
148 5.53710937500000e-01 3.06595802307129e-01
149 5.52734375000000e-01 3.05515289306641e-01
150 6.06933593750000e-01 3.68368387222290e-01
151 5.51757812500000e-01 3.04436683654785e-01
152 5.72265625000000e-01 3.27487945556641e-01
153 5.56152343750000e-01 3.09305429458618e-01
154 5.69824218750000e-01 3.24699640274048e-01
155 5.04394531250000e-01 2.54413843154907e-01
156 5.67871093750000e-01 3.22477579116821e-01
157 5.89355468750000e-01 3.47339868545532e-01
158 6.17187500000000e-01 3.80920410156250e-01
159 6.76757812500000e-01 4.58001136779785e-01
160 7.37304687500000e-01 5.43618202209473e-01
161 7.14355468750000e-01 5.10303735733032e-01
162 7.12402343750000e-01 5.07517099380493e-01
163 6.94335937500000e-01 4.82102394104004e-01
164 6.85058593750000e-01 4.69305276870728e-01
165 6.75781250000000e-01 4.56680297851562e-01
166 6.91406250000000e-01 4.78042602539062e-01
167 6.75292968750000e-01 4.56020593643188e-01
168 6.84082031250000e-01 4.67968225479126e-01
169 6.06933593750000e-01 3.68368387222290e-01
170 5.94726562500000e-01 3.53699684143066e-01
171 5.05371093750000e-01 2.55399942398071e-01
172 4.92675781250000e-01 2.42729425430298e-01
173 4.62890625000000e-01 2.14267730712891e-01
174 4.14550781250000e-01 1.71852350234985e-01
175 4.52148437500000e-01 2.04438209533691e-01
176 4.17968750000000e-01 1.74697875976562e-01
177 4.49707031250000e-01 2.02236413955688e-01
178 4.37011718750000e-01 1.90979242324829e-01
179 4.87792968750000e-01 2.37941980361938e-01
180 4.80957031250000e-01 2.31319665908813e-01
181 5.59082031250000e-01 3.12572717666626e-01
182 5.13671875000000e-01 2.63858795166016e-01
183 5.75683593750000e-01 3.31411600112915e-01
184 5.56152343750000e-01 3.09305429458618e-01
185 6.08886718750000e-01 3.70743036270142e-01
186 6.01074218750000e-01 3.61290216445923e-01
187 6.32324218750000e-01 3.99833917617798e-01
188 6.49414062500000e-01 4.21738624572754e-01
189 6.21093750000000e-01 3.85757446289062e-01
190 6.09863281250000e-01 3.71933221817017e-01
191 6.08886718750000e-01 3.70743036270142e-01
192 6.38183593750000e-01 4.07278299331665e-01
193 6.45019531250000e-01 4.16050195693970e-01
194 6.49414062500000e-01 4.21738624572754e-01
195 6.59667968750000e-01 4.35161828994751e-01
196 7.16308593750000e-01 5.13098001480103e-01
197 6.93359375000000e-01 4.80747222900391e-01
198 6.67968750000000e-01 4.46182250976562e-01
199 6.26953125000000e-01 3.93070220947266e-01
200 6.73339843750000e-01 4.53386545181274e-01
201 7.11425781250000e-01 5.06126642227173e-01
202 6.59667968750000e-01 4.35161828994751e-01
203 6.43554687500000e-01 4.14162635803223e-01
204 6.97265625000000e-01 4.86179351806641e-01
205 6.79687500000000e-01 4.61975097656250e-01
206 6.74804687500000e-01 4.55361366271973e-01
207 6.04003906250000e-01 3.64820718765259e-01
208 6.04492187500000e-01 3.65410804748535e-01
209 6.32812500000000e-01 4.00451660156250e-01
210 6.38183593750000e-01 4.07278299331665e-01
211 6.47460937500000e-01 4.19205665588379e-01
212 6.23535156250000e-01 3.88796091079712e-01
213 6.71386718750000e-01 4.50760126113892e-01
214 6.22558593750000e-01 3.87579202651978e-01
215 5.54687500000000e-01 3.07678222656250e-01
216 5.57617187500000e-01 3.10936927795410e-01
217 6.14746093750000e-01 3.77912759780884e-01
218 7.21679687500000e-01 5.20821571350098e-01
219 6.77734375000000e-01 4.59323883056641e-01
220 6.86523437500000e-01 4.71314430236816e-01
221 6.72363281250000e-01 4.52072381973267e-01
222 6.87988281250000e-01 4.73327875137329e-01
223 6.94824218750000e-01 4.82780694961548e-01
224 6.65039062500000e-01 4.42276954650879e-01
225 6.43554687500000e-01 4.14162635803223e-01
226 6.29882812500000e-01 3.96752357482910e-01
227 5.72265625000000e-01 3.27487945556641e-01
228 5.36621093750000e-01 2.87962198257446e-01
229 5.43945312500000e-01 2.95876502990723e-01
230 5.51757812500000e-01 3.04436683654785e-01
231 5.87890625000000e-01 3.45615386962891e-01
232 5.88867187500000e-01 3.46764564514160e-01
233 5.89843750000000e-01 3.47915649414062e-01
234 5.79101562500000e-01 3.35358619689941e-01
235 5.82031250000000e-01 3.38760375976562e-01
236 5.58593750000000e-01 3.12026977539062e-01
237 5.21484375000000e-01 2.71945953369141e-01
238 4.60449218750000e-01 2.12013483047485e-01
239 5.11230468750000e-01 2.61356592178345e-01
240 4.79003906250000e-01 2.29444742202759e-01
241 4.90234375000000e-01 2.40329742431641e-01
242 4.52148437500000e-01 2.04438209533691e-01
243 4.89746093750000e-01 2.39851236343384e-01
244 4.61914062500000e-01 2.13364601135254e-01
245 4.48242187500000e-01 2.00921058654785e-01
246 4.77539062500000e-01 2.28043556213379e-01
247 4.31152343750000e-01 1.85892343521118e-01
248 4.27734375000000e-01 1.82956695556641e-01
249 3.94042968750000e-01 1.55269861221313e-01
250 3.86718750000000e-01 1.49551391601562e-01
251 4.23828125000000e-01 1.79630279541016e-01
252 3.68652343750000e-01 1.35904550552368e-01
253 3.87695312500000e-01 1.50307655334473e-01
254 3.21777343750000e-01 1.03540658950806e-01
255 4.59472656250000e-01 2.11115121841431e-01
256 4.39453125000000e-01 1.93119049072266e-01
257 4.88769531250000e-01 2.38895654678345e-01
258 4.29199218750000e-01 1.84211969375610e-01
259 4.53613281250000e-01 2.05765008926392e-01
260 4.98046875000000e-01 2.48050689697266e-01
261 4.66308593750000e-01 2.17443704605103e-01
262 4.78027343750000e-01 2.28510141372681e-01
263 5.60546875000000e-01 3.14212799072266e-01
264 5.97167968750000e-01 3.56609582901001e-01
265 5.13183593750000e-01 2.63357400894165e-01
266 5.48828125000000e-01 3.01212310791016e-01
267 5.12207031250000e-01 2.62356042861938e-01
268 5.06347656250000e-01 2.56387948989868e-01
269 5.05371093750000e-01 2.55399942398071e-01
270 5.15625000000000e-01 2.65869140625000e-01
271 5.03417968750000e-01 2.53429651260376e-01
272 4.88769531250000e-01 2.38895654678345e-01
273 4.56542968750000e-01 2.08431482315063e-01
274 4.81445312500000e-01 2.31789588928223e-01
275 4.86328125000000e-01 2.36515045166016e-01
276 4.74121093750000e-01 2.24790811538696e-01
277 4.70214843750000e-01 2.21101999282837e-01
278 5.09277343750000e-01 2.59363412857056e-01
279 5.00488281250000e-01 2.50488519668579e-01
280 4.59472656250000e-01 2.11115121841431e-01
281 4.88281250000000e-01 2.38418579101562e-01
282 5.29785156250000e-01 2.80672311782837e-01
283 5.37597656250000e-01 2.89011240005493e-01
284 5.45410156250000e-01 2.97472238540649e-01
285 5.48828125000000e-01 3.01212310791016e-01
286 5.30273437500000e-01 2.81189918518066e-01
287 5.04882812500000e-01 2.54906654357910e-01
288 5.33203125000000e-01 2.84305572509766e-01
289 4.76074218750000e-01 2.26646661758423e-01
290 4.91210937500000e-01 2.41288185119629e-01
291 4.99023437500000e-01 2.49024391174316e-01
292 5.18066406250000e-01 2.68392801284790e-01
293 5.23925781250000e-01 2.74498224258423e-01
294 5.19531250000000e-01 2.69912719726562e-01
295 4.98535156250000e-01 2.48537302017212e-01
296 5.46386718750000e-01 2.98538446426392e-01
297 5.27832031250000e-01 2.78606653213501e-01
298 4.91699218750000e-01 2.41768121719360e-01
299 4.72167968750000e-01 2.22942590713501e-01
300 5.32226562500000e-01 2.83265113830566e-01
301 5.48339843750000e-01 3.00676584243774e-01
302 5.75195312500000e-01 3.30849647521973e-01
303 5.53222656250000e-01 3.06055307388306e-01
304 5.80078125000000e-01 3.36490631103516e-01
305 6.21093750000000e-01 3.85757446289062e-01
306 6.36230468750000e-01 4.04789209365845e-01
307 6.10839843750000e-01 3.73125314712524e-01
308 5.87402343750000e-01 3.45041513442993e-01
309 5.97656250000000e-01 3.57192993164062e-01
310 5.65429687500000e-01 3.19710731506348e-01
311 5.60546875000000e-01 3.14212799072266e-01
312 5.60058593750000e-01 3.13665628433228e-01
313 5.35644531250000e-01 2.86915063858032e-01
314 5.60546875000000e-01 3.14212799072266e-01
315 5.18066406250000e-01 2.68392801284790e-01
316 5.23437500000000e-01 2.73986816406250e-01
317 5.41503906250000e-01 2.93226480484009e-01
318 5.65917968750000e-01 3.20263147354126e-01
319 5.74218750000000e-01 3.29727172851562e-01
320 6.14257812500000e-01 3.77312660217285e-01
321 6.40136718750000e-01 4.09775018692017e-01
322 6.86523437500000e-01 4.71314430236816e-01
323 6.45019531250000e-01 4.16050195693970e-01
324 6.68945312500000e-01 4.47487831115723e-01
325 6.81640625000000e-01 4.64633941650391e-01
326 6.77734375000000e-01 4.59323883056641e-01
327 7.09960937500000e-01 5.04044532775879e-01
328 7.20703125000000e-01 5.19412994384766e-01
329 7.19238281250000e-01 5.17303705215454e-01
330 7.04101562500000e-01 4.95759010314941e-01
331 6.74316406250000e-01 4.54702615737915e-01
332 7.01171875000000e-01 4.91641998291016e-01
333 7.49511718750000e-01 5.61767816543579e-01
334 7.30468750000000e-01 5.33584594726562e-01
335 7.04101562500000e-01 4.95759010314941e-01
336 7.40234375000000e-01 5.47946929931641e-01
337 7.42675781250000e-01 5.51567316055298e-01
338 7.23144531250000e-01 5.22938013076782e-01
339 7.64648437500000e-01 5.84687232971191e-01
340 7.40722656250000e-01 5.48670053482056e-01
341 7.24121093750000e-01 5.24351358413696e-01
342 7.19238281250000e-01 5.17303705215454e-01
343 7.11914062500000e-01 5.06821632385254e-01
344 6.59179687500000e-01 4.34517860412598e-01
345 6.78710937500000e-01 4.60648536682129e-01
346 6.57714843750000e-01 4.32588815689087e-01
347 7.03613281250000e-01 4.95071649551392e-01
348 6.81152343750000e-01 4.63968515396118e-01
349 6.87011718750000e-01 4.71985101699829e-01
350 6.60644531250000e-01 4.36451196670532e-01
351 6.36230468750000e-01 4.04789209365845e-01
352 6.35742187500000e-01 4.04168128967285e-01
353 6.27929687500000e-01 3.94295692443848e-01
354 6.32324218750000e-01 3.99833917617798e-01
355 6.45996093750000e-01 4.17310953140259e-01
356 5.79101562500000e-01 3.35358619689941e-01
357 5.68847656250000e-01 3.23587656021118e-01
358 6.12304687500000e-01 3.74917030334473e-01
359 6.18652343750000e-01 3.82730722427368e-01
360 5.72753906250000e-01 3.28047037124634e-01
361 5.73730468750000e-01 3.29166650772095e-01
362 5.80566406250000e-01 3.37057352066040e-01
363 5.60546875000000e-01 3.14212799072266e-01
364 5.25878906250000e-01 2.76548624038696e-01
365 5.21972656250000e-01 2.72455453872681e-01
366 5.39550781250000e-01 2.91115045547485e-01
367 5.41503906250000e-01 2.93226480484009e-01
368 5.43457031250000e-01 2.95345544815063e-01
369 6.05468750000000e-01 3.66592407226562e-01
370 5.38574218750000e-01 2.90062189102173e-01
371 6.00585937500000e-01 3.60703468322754e-01
372 5.84472656250000e-01 3.41608285903931e-01
373 6.43554687500000e-01 4.14162635803223e-01
374 6.76269531250000e-01 4.57340478897095e-01
375 7.45605468750000e-01 5.55927515029907e-01
376 7.18261718750000e-01 5.15899896621704e-01
377 7.51464843750000e-01 5.64699411392212e-01
378 7.19238281250000e-01 5.17303705215454e-01
379 7.30957031250000e-01 5.34298181533813e-01
380 7.10937500000000e-01 5.05432128906250e-01
381 6.95800781250000e-01 4.84138727188110e-01
382 7.05078125000000e-01 4.97135162353516e-01
383 6.53320312500000e-01 4.26827430725098e-01
384 6.45019531250000e-01 4.16050195693970e-01
385 6.53320312500000e-01 4.26827430725098e-01
386 6.45996093750000e-01 4.17310953140259e-01
387 6.50390625000000e-01 4.23007965087891e-01
388 6.31835937500000e-01 3.99216651916504e-01
389 6.06933593750000e-01 3.68368387222290e-01
390 6.23535156250000e-01 3.88796091079712e-01
391 5.97656250000000e-01 3.57192993164062e-01
392 5.81542968750000e-01 3.38192224502563e-01
393 5.35156250000000e-01 2.86392211914062e-01
394 4.79492187500000e-01 2.29912757873535e-01
395 4.32128906250000e-01 1.86735391616821e-01
396 5.32714843750000e-01 2.83785104751587e-01
397 6.23046875000000e-01 3.88187408447266e-01
398 5.98632812500000e-01 3.58361244201660e-01
399 5.91308593750000e-01 3.49645853042603e-01
400 5.96679687500000e-01 3.56026649475098e-01
401 6.28906250000000e-01 3.95523071289062e-01
402 6.87011718750000e-01 4.71985101699829e-01
403 7.18750000000000e-01 5.16601562500000e-01
404 6.87500000000000e-01 4.72656250000000e-01
405 6.97265625000000e-01 4.86179351806641e-01
406 6.76757812500000e-01 4.58001136779785e-01
407 6.83105468750000e-01 4.66633081436157e-01
408 6.27441406250000e-01 3.93682718276978e-01
409 6.57714843750000e-01 4.32588815689087e-01
410 6.27441406250000e-01 3.93682718276978e-01
411 6.35253906250000e-01 4.03547525405884e-01
412 5.83984375000000e-01 3.41037750244141e-01
413 5.28808593750000e-01 2.79638528823853e-01
414 5.55175781250000e-01 3.08220148086548e-01
415 5.03417968750000e-01 2.53429651260376e-01
416 5.33691406250000e-01 2.84826517105103e-01
417 5.31738281250000e-01 2.82745599746704e-01
418 5.05859375000000e-01 2.55893707275391e-01
419 4.76562500000000e-01 2.27111816406250e-01
420 4.70703125000000e-01 2.21561431884766e-01
421 5.37597656250000e-01 2.89011240005493e-01
422 5.23925781250000e-01 2.74498224258423e-01
423 4.85839843750000e-01 2.36040353775024e-01
424 5.50781250000000e-01 3.03359985351562e-01
425 5.24902343750000e-01 2.75522470474243e-01
426 5.70800781250000e-01 3.25813531875610e-01
427 5.14160156250000e-01 2.64360666275024e-01
428 4.70214843750000e-01 2.21101999282837e-01
429 4.90722656250000e-01 2.40808725357056e-01
430 5.26367187500000e-01 2.77062416076660e-01
431 5.34667968750000e-01 2.85869836807251e-01
432 5.41992187500000e-01 2.93755531311035e-01
433 5.00976562500000e-01 2.50977516174316e-01
434 4.83398437500000e-01 2.33674049377441e-01
435 5.25390625000000e-01 2.76035308837891e-01
436 4.98046875000000e-01 2.48050689697266e-01
437 5.46386718750000e-01 2.98538446426392e-01
438 5.49316406250000e-01 3.01748514175415e-01
439 5.70312500000000e-01 3.25256347656250e-01
440 6.48437500000000e-01 4.20471191406250e-01
441 6.31347656250000e-01 3.98599863052368e-01
442 6.04003906250000e-01 3.64820718765259e-01
443 6.46972656250000e-01 4.18573617935181e-01
444 6.39648437500000e-01 4.09150123596191e-01
445 7.17773437500000e-01 5.15198707580566e-01
446 6.87500000000000e-01 4.72656250000000e-01
447 5.88378906250000e-01 3.46189737319946e-01
448 6.02539062500000e-01 3.63053321838379e-01
449 5.46875000000000e-01 2.99072265625000e-01
450 5.08789062500000e-01 2.58866310119629e-01
451 4.62402343750000e-01 2.13815927505493e-01
452 5.29785156250000e-01 2.80672311782837e-01
453 5.41015625000000e-01 2.92697906494141e-01
454 5.65429687500000e-01 3.19710731506348e-01
455 5.67871093750000e-01 3.22477579116821e-01
456 5.40039062500000e-01 2.91642189025879e-01
457 5.11718750000000e-01 2.61856079101562e-01
458 5.78125000000000e-01 3.34228515625000e-01
459 6.26953125000000e-01 3.93070220947266e-01
460 6.42089843750000e-01 4.12279367446899e-01
461 6.73339843750000e-01 4.53386545181274e-01
462 5.65429687500000e-01 3.19710731506348e-01
463 5.32226562500000e-01 2.83265113830566e-01
464 6.23046875000000e-01 3.88187408447266e-01
465 5.64941406250000e-01 3.19158792495728e-01
466 5.82519531250000e-01 3.39329004287720e-01
467 5.12695312500000e-01 2.62856483459473e-01
468 5.61523437500000e-01 3.15308570861816e-01
469 5.06347656250000e-01 2.56387948989868e-01
470 5.24902343750000e-01 2.75522470474243e-01
471 5.19531250000000e-01 2.69912719726562e-01
472 5.68359375000000e-01 3.23032379150391e-01
473 5.20507812500000e-01 2.70928382873535e-01
474 5.70800781250000e-01 3.25813531875610e-01
475 6.23046875000000e-01 3.88187408447266e-01
476 6.62109375000000e-01 4.38388824462891e-01
477 6.15722656250000e-01 3.79114389419556e-01
478 5.89843750000000e-01 3.47915649414062e-01
479 5.62011718750000e-01 3.15857172012329e-01
480 5.89355468750000e-01 3.47339868545532e-01
481 5.76171875000000e-01 3.31974029541016e-01
482 5.45410156250000e-01 2.97472238540649e-01
483 6.25488281250000e-01 3.91235589981079e-01
484 5.94238281250000e-01 3.53119134902954e-01
485 6.19140625000000e-01 3.83335113525391e-01
486 5.83007812500000e-01 3.39898109436035e-01
487 5.78613281250000e-01 3.34793329238892e-01
488 5.89355468750000e-01 3.47339868545532e-01
489 6.06933593750000e-01 3.68368387222290e-01
490 5.34179687500000e-01 2.85347938537598e-01
491 5.83007812500000e-01 3.39898109436035e-01
492 5.47851562500000e-01 3.00141334533691e-01
493 5.64453125000000e-01 3.18607330322266e-01
494 5.96191406250000e-01 3.55444192886353e-01
495 6.19628906250000e-01 3.83939981460571e-01
496 5.81054687500000e-01 3.37624549865723e-01
497 5.52734375000000e-01 3.05515289306641e-01
498 6.31835937500000e-01 3.99216651916504e-01
499 6.60644531250000e-01 4.36451196670532e-01
500 6.84082031250000e-01 4.67968225479126e-01
501 6.33789062500000e-01 4.01688575744629e-01
502 6.17187500000000e-01 3.80920410156250e-01
503 6.16210937500000e-01 3.79715919494629e-01
504 6.42578125000000e-01 4.12906646728516e-01
505 6.89453125000000e-01 4.75345611572266e-01
506 6.26953125000000e-01 3.93070220947266e-01
507 6.34765625000000e-01 4.02927398681641e-01
508 5.62011718750000e-01 3.15857172012329e-01
509 5.55664062500000e-01 3.08762550354004e-01
510 4.73144531250000e-01 2.23865747451782e-01
511 4.41406250000000e-01 1.94839477539062e-01
512 4.31640625000000e-01 1.86313629150391e-01
513 4.13574218750000e-01 1.71043634414673e-01
514 4.39941406250000e-01 1.93548440933228e-01
515 3.95996093750000e-01 1.56812906265259e-01
516 4.36035156250000e-01 1.90126657485962e-01
517 4.19433593750000e-01 1.75924539566040e-01
518 3.81835937500000e-01 1.45798683166504e-01
519 3.61816406250000e-01 1.30911111831665e-01
520 3.67187500000000e-01 1.34826660156250e-01
521 3.05664062500000e-01 9.34305191040039e-02
522 3.65722656250000e-01 1.33753061294556e-01
523 3.47656250000000e-01 1.20864868164062e-01
524 2.98339843750000e-01 8.90066623687744e-02
525 2.79785156250000e-01 7.82797336578369e-02
526 2.77343750000000e-01 7.69195556640625e-02
527 2.85644531250000e-01 8.15927982330322e-02
528 2.28027343750000e-01 5.19964694976807e-02
529 1.47949218750000e-01 2.18889713287354e-02
530 1.57714843750000e-01 2.48739719390869e-02
531 1.78222656250000e-01 3.17633152008057e-02
532 1.19628906250000e-01 1.43110752105713e-02
533 1.58203125000000e-01 2.50282287597656e-02
534 1.33789062500000e-01 1.78995132446289e-02
535 1.78222656250000e-01 3.17633152008057e-02
536 1.30371093750000e-01 1.69966220855713e-02
537 1.17675781250000e-01 1.38475894927979e-02
538 1.61132812500000e-01 2.59637832641602e-02
539 1.73339843750000e-01 3.00467014312744e-02
540 1.69921875000000e-01 2.88734436035156e-02
541 2.33886718750000e-01 5.47029972076416e-02
542 2.79296875000000e-01 7.80067443847656e-02
543 3.03222656250000e-01 9.19439792633057e-02
544 2.29492187500000e-01 5.26666641235352e-02
545 2.35839843750000e-01 5.56204319000244e-02
546 2.93457031250000e-01 8.61170291900635e-02
547 3.20312500000000e-01 1.02600097656250e-01
548 3.81835937500000e-01 1.45798683166504e-01
549 4.18457031250000e-01 1.75106287002563e-01
550 4.60937500000000e-01 2.12463378906250e-01
551 4.90234375000000e-01 2.40329742431641e-01
552 4.66796875000000e-01 2.17899322509766e-01
553 4.41406250000000e-01 1.94839477539062e-01
554 4.30175781250000e-01 1.85051202774048e-01
555 4.10644531250000e-01 1.68628931045532e-01
556 3.60351562500000e-01 1.29853248596191e-01
557 4.55078125000000e-01 2.07096099853516e-01
558 4.61425781250000e-01 2.12913751602173e-01
559 5.11718750000000e-01 2.61856079101562e-01
560 5.32226562500000e-01 2.83265113830566e-01
561 6.25488281250000e-01 3.91235589981079e-01
562 6.37695312500000e-01 4.06655311584473e-01
563 6.05957031250000e-01 3.67183923721313e-01
564 6.25488281250000e-01 3.91235589981079e-01
565 5.92773437500000e-01 3.51380348205566e-01
566 5.33691406250000e-01 2.84826517105103e-01
567 5.34179687500000e-01 2.85347938537598e-01
568 5.10253906250000e-01 2.60359048843384e-01
569 5.57128906250000e-01 3.10392618179321e-01
570 6.46972656250000e-01 4.18573617935181e-01
571 6.76757812500000e-01 4.58001136779785e-01
572 6.10839843750000e-01 3.73125314712524e-01
573 6.62597656250000e-01 4.39035654067993e-01
574 6.01562500000000e-01 3.61877441406250e-01
575 6.51367187500000e-01 4.24279212951660e-01
576 6.66503906250000e-01 4.44227457046509e-01
577 6.80664062500000e-01 4.63303565979004e-01
578 6.46484375000000e-01 4.17942047119141e-01
579 6.33789062500000e-01 4.01688575744629e-01
580 6.40136718750000e-01 4.09775018692017e-01
581 6.22558593750000e-01 3.87579202651978e-01
582 6.70410156250000e-01 4.49449777603149e-01
583 6.60156250000000e-01 4.35806274414062e-01
584 6.74804687500000e-01 4.55361366271973e-01
585 6.61621093750000e-01 4.37742471694946e-01
586 6.36718750000000e-01 4.05410766601562e-01
587 6.66015625000000e-01 4.43576812744141e-01
588 6.07910156250000e-01 3.69554758071899e-01
589 6.88476562500000e-01 4.73999977111816e-01
590 6.33300781250000e-01 4.01069879531860e-01
591 6.13281250000000e-01 3.76113891601562e-01
592 5.66406250000000e-01 3.20816040039062e-01
593 6.05957031250000e-01 3.67183923721313e-01
594 6.41601562500000e-01 4.11652565002441e-01
595 6.60156250000000e-01 4.35806274414062e-01
596 6.58691406250000e-01 4.33874368667603e-01
597 5.62500000000000e-01 3.16406250000000e-01
598 5.20019531250000e-01 2.70420312881470e-01
599 4.95117187500000e-01 2.45141029357910e-01
600 5.02929687500000e-01 2.52938270568848e-01
601 5.55175781250000e-01 3.08220148086548e-01
602 5.64941406250000e-01 3.19158792495728e-01
603 5.82031250000000e-01 3.38760375976562e-01
604 5.62011718750000e-01 3.15857172012329e-01
605 5.09765625000000e-01 2.59860992431641e-01
606 5.20996093750000e-01 2.71436929702759e-01
607 5.41503906250000e-01 2.93226480484009e-01
608 5.85937500000000e-01 3.43322753906250e-01
609 5.54687500000000e-01 3.07678222656250e-01
610 4.60937500000000e-01 2.12463378906250e-01
611 5.52246093750000e-01 3.04975748062134e-01
612 5.51269531250000e-01 3.03898096084595e-01
613 6.13769531250000e-01 3.76713037490845e-01
614 6.11328125000000e-01 3.73722076416016e-01
615 5.79101562500000e-01 3.35358619689941e-01
616 5.12207031250000e-01 2.62356042861938e-01
617 5.40527343750000e-01 2.92169809341431e-01
618 4.99511718750000e-01 2.49511957168579e-01
619 4.58496093750000e-01 2.10218667984009e-01
620 3.95019531250000e-01 1.56040430068970e-01
621 4.41406250000000e-01 1.94839477539062e-01
622 4.44335937500000e-01 1.97434425354004e-01
623 4.14062500000000e-01 1.71447753906250e-01
624 2.76367187500000e-01 7.63788223266602e-02
625 3.19335937500000e-01 1.01975440979004e-01
626 3.81347656250000e-01 1.45426034927368e-01
627 3.29589843750000e-01 1.08629465103149e-01
628 1.96777343750000e-01 3.87213230133057e-02
629 1.69921875000000e-01 2.88734436035156e-02
630 1.19140625000000e-01 1.41944885253906e-02
631 1.29394531250000e-01 1.67429447174072e-02
632 1.96289062500000e-01 3.85293960571289e-02
633 2.36816406250000e-01 5.60820102691650e-02
634 2.61718750000000e-01 6.84967041015625e-02
635 2.34863281250000e-01 5.51607608795166e-02
636 2.97851562500000e-01 8.87155532836914e-02
637 2.87109375000000e-01 8.24317932128906e-02
638 1.99218750000000e-01 3.96881103515625e-02
639 2.21191406250000e-01 4.89256381988525e-02
640 2.05566406250000e-01 4.22575473785400e-02
641 1.82128906250000e-01 3.31709384918213e-02
642 1.64550781250000e-01 2.70769596099854e-02
643 1.16699218750000e-01 1.36187076568604e-02
644 5.66406250000000e-02 3.20816040039062e-03
645 1.45507812500000e-01 2.11725234985352e-02
646 1.51367187500000e-01 2.29120254516602e-02
647 1.90917968750000e-01 3.64496707916260e-02
648 1.92382812500000e-01 3.70111465454102e-02
649 1.51367187500000e-01 2.29120254516602e-02
650 1.41601562500000e-01 2.00510025024414e-02
651 1.69921875000000e-01 2.88734436035156e-02
652 9.08203125000000e-02 8.24832916259766e-03
653 6.10351562500000e-02 3.72529029846191e-03
654 4.24804687500000e-02 1.80459022521973e-03
655 9.66796875000000e-02 9.34696197509766e-03
656 8.25195312500000e-02 6.80947303771973e-03
657 1.58203125000000e-01 2.50282287597656e-02
658 1.99218750000000e-01 3.96881103515625e-02
659 2.56347656250000e-01 6.57141208648682e-02
660 2.49511718750000e-01 6.22560977935791e-02
661 2.65625000000000e-01 7.05566406250000e-02
662 2.57812500000000e-01 6.64672851562500e-02
663 2.59277343750000e-01 6.72247409820557e-02
664 3.39843750000000e-01 1.15493774414062e-01
665 3.42773437500000e-01 1.17493629455566e-01
666 4.24804687500000e-01 1.80459022521973e-01
667 3.78906250000000e-01 1.43569946289062e-01
668 4.03320312500000e-01 1.62667274475098e-01
669 4.63867187500000e-01 2.15172767639160e-01
670 5.23925781250000e-01 2.74498224258423e-01
671 4.91210937500000e-01 2.41288185119629e-01
672 5.00488281250000e-01 2.50488519668579e-01
673 5.01464843750000e-01 2.51466989517212e-01
674 4.82910156250000e-01 2.33202219009399e-01
675 5.28320312500000e-01 2.79122352600098e-01
676 5.02441406250000e-01 2.52447366714478e-01
677 4.28222656250000e-01 1.83374643325806e-01
678 4.15527343750000e-01 1.72662973403931e-01
679 3.49121093750000e-01 1.21885538101196e-01
680 3.82324218750000e-01 1.46171808242798e-01
681 4.46289062500000e-01 1.99173927307129e-01
682 4.11621093750000e-01 1.69431924819946e-01
683 5.19531250000000e-01 2.69912719726562e-01
684 4.77539062500000e-01 2.28043556213379e-01
685 3.85742187500000e-01 1.48797035217285e-01
686 3.95507812500000e-01 1.56426429748535e-01
687 3.90625000000000e-01 1.52587890625000e-01
688 3.92578125000000e-01 1.54117584228516e-01
689 3.64257812500000e-01 1.32683753967285e-01
690 3.53515625000000e-01 1.24973297119141e-01
691 3.52050781250000e-01 1.23939752578735e-01
692 3.24707031250000e-01 1.05434656143188e-01
693 2.70507812500000e-01 7.31744766235352e-02
694 2.25585937500000e-01 5.08890151977539e-02
695 2.66601562500000e-01 7.10763931274414e-02
696 2.26074218750000e-01 5.11095523834229e-02
697 2.91015625000000e-01 8.46900939941406e-02
698 2.89062500000000e-01 8.35571289062500e-02
699 3.20800781250000e-01 1.02913141250610e-01
700 4.03320312500000e-01 1.62667274475098e-01
701 3.14941406250000e-01 9.91880893707275e-02
702 3.56933593750000e-01 1.27401590347290e-01
703 3.94042968750000e-01 1.55269861221313e-01
704 3.32519531250000e-01 1.10569238662720e-01
705 3.89648437500000e-01 1.51825904846191e-01
706 4.37500000000000e-01 1.91406250000000e-01
707 4.58007812500000e-01 2.09771156311035e-01
708 4.31152343750000e-01 1.85892343521118e-01
709 3.63281250000000e-01 1.31973266601562e-01
710 3.23242187500000e-01 1.04485511779785e-01
711 3.50097656250000e-01 1.22568368911743e-01
712 3.48144531250000e-01 1.21204614639282e-01
713 3.66699218750000e-01 1.34468317031860e-01
714 2.74902343750000e-01 7.55712985992432e-02
715 2.48535156250000e-01 6.17697238922119e-02
716 2.16308593750000e-01 4.67894077301025e-02
717 2.55371093750000e-01 6.52143955230713e-02
718 2.25585937500000e-01 5.08890151977539e-02
719 2.48535156250000e-01 6.17697238922119e-02
720 1.83105468750000e-01 3.35276126861572e-02
721 1.45507812500000e-01 2.11725234985352e-02
722 9.52148437500000e-02 9.06586647033691e-03
723 8.64257812500000e-02 7.46941566467285e-03
724 2.53906250000000e-02 6.44683837890625e-04
725 2.97851562500000e-02 8.87155532836914e-04
726 4.39453125000000e-02 1.93119049072266e-03
727 2.19726562500000e-02 4.82797622680664e-04
728 2.44140625000000e-02 5.96046447753906e-04
729 6.44531250000000e-02 4.15420532226562e-03
730 7.22656250000000e-02 5.22232055664062e-03
731 5.66406250000000e-02 3.20816040039062e-03
732 7.37304687500000e-02 5.43618202209473e-03
733 8.44726562500000e-02 7.13562965393066e-03
734 8.15429687500000e-02 6.64925575256348e-03
735 6.83593750000000e-02 4.67300415039062e-03
736 1.56738281250000e-01 2.45668888092041e-02
737 1.48437500000000e-01 2.20336914062500e-02
738 1.01562500000000e-01 1.03149414062500e-02
739 6.88476562500000e-02 4.73999977111816e-03
740 1.02539062500000e-02 1.05142593383789e-04
741 1.36718750000000e-02 1.86920166015625e-04
742 3.12500000000000e-02 9.76562500000000e-04
743 5.37109375000000e-02 2.88486480712891e-03
744 8.05664062500000e-02 6.49094581604004e-03
745 5.61523437500000e-02 3.15308570861816e-03
746 4.78515625000000e-02 2.28977203369141e-03
747 5.56640625000000e-02 3.09848785400391e-03
748 3.51562500000000e-02 1.23596191406250e-03
749 8.05664062500000e-02 6.49094581604004e-03
750 3.22265625000000e-02 1.03855133056641e-03
751 9.76562500000000e-03 9.53674316406250e-05
752 5.51757812500000e-02 3.04436683654785e-03
753 2.09960937500000e-02 4.40835952758789e-04
754 2.00195312500000e-02 4.00781631469727e-04
755 6.78710937500000e-02 4.60648536682129e-03
756 5.07812500000000e-02 2.57873535156250e-03
757 3.75976562500000e-02 1.41358375549316e-03
758 6.83593750000000e-03 4.67300415039062e-05
759 3.66210937500000e-02 1.34110450744629e-03
760 4.39453125000000e-02 1.93119049072266e-03
761 8.44726562500000e-02 7.13562965393066e-03
762 1.25976562500000e-01 1.58700942993164e-02
763 1.04980468750000e-01 1.10208988189697e-02
764 1.71386718750000e-01 2.93734073638916e-02
765 1.98730468750000e-01 3.94937992095947e-02
766 1.96289062500000e-01 3.85293960571289e-02
767 1.46972656250000e-01 2.16009616851807e-02
768 1.91406250000000e-01 3.66363525390625e-02
769 2.38281250000000e-01 5.67779541015625e-02
770 2.20703125000000e-01 4.87098693847656e-02
771 2.80273437500000e-01 7.85531997680664e-02
772 3.49609375000000e-01 1.22226715087891e-01
773 3.72070312500000e-01 1.38436317443848e-01
774 3.95996093750000e-01 1.56812906265259e-01
775 4.37011718750000e-01 1.90979242324829e-01
776 5.03417968750000e-01 2.53429651260376e-01
777 4.84375000000000e-01 2.34619140625000e-01
778 5.00976562500000e-01 2.50977516174316e-01
779 6.03515625000000e-01 3.64231109619141e-01
780 5.62500000000000e-01 3.16406250000000e-01
781 6.07910156250000e-01 3.69554758071899e-01
782 6.08398437500000e-01 3.70148658752441e-01
783 6.49902343750000e-01 4.22373056411743e-01
784 6.80175781250000e-01 4.62639093399048e-01
785 6.83593750000000e-01 4.67300415039062e-01
786 6.31835937500000e-01 3.99216651916504e-01
787 6.66015625000000e-01 4.43576812744141e-01
788 6.46484375000000e-01 4.17942047119141e-01
789 5.93261718750000e-01 3.51959466934204e-01
790 5.83007812500000e-01 3.39898109436035e-01
791 6.19140625000000e-01 3.83335113525391e-01
792 6.07421875000000e-01 3.68961334228516e-01
793 6.34277343750000e-01 4.02307748794556e-01
794 6.83105468750000e-01 4.66633081436157e-01
795 6.53808593750000e-01 4.27465677261353e-01
796 7.20214843750000e-01 5.18709421157837e-01
797 6.80175781250000e-01 4.62639093399048e-01
798 6.75292968750000e-01 4.56020593643188e-01
799 7.26074218750000e-01 5.27183771133423e-01
800 7.12890625000000e-01 5.08213043212891e-01
801 7.11425781250000e-01 5.06126642227173e-01
802 6.77246093750000e-01 4.58662271499634e-01
803 6.68945312500000e-01 4.47487831115723e-01
804 7.04101562500000e-01 4.95759010314941e-01
805 6.29882812500000e-01 3.96752357482910e-01
806 6.01562500000000e-01 3.61877441406250e-01
807 6.25488281250000e-01 3.91235589981079e-01
808 5.47851562500000e-01 3.00141334533691e-01
809 5.43945312500000e-01 2.95876502990723e-01
810 5.63964843750000e-01 3.18056344985962e-01
811 6.10839843750000e-01 3.73125314712524e-01
812 6.09375000000000e-01 3.71337890625000e-01
813 6.18164062500000e-01 3.82126808166504e-01
814 6.21582031250000e-01 3.86364221572876e-01
815 6.24511718750000e-01 3.90014886856079e-01
816 6.07910156250000e-01 3.69554758071899e-01
817 6.25488281250000e-01 3.91235589981079e-01
818 5.50781250000000e-01 3.03359985351562e-01
819 6.10351562500000e-01 3.72529029846191e-01
820 6.01074218750000e-01 3.61290216445923e-01
821 5.90820312500000e-01 3.49068641662598e-01
822 5.79101562500000e-01 3.35358619689941e-01
823 6.06933593750000e-01 3.68368387222290e-01
824 5.95214843750000e-01 3.54280710220337e-01
825 6.63085937500000e-01 4.39682960510254e-01
826 6.94824218750000e-01 4.82780694961548e-01
827 7.31933593750000e-01 5.35726785659790e-01
828 6.80175781250000e-01 4.62639093399048e-01
829 6.38183593750000e-01 4.07278299331665e-01
830 6.62109375000000e-01 4.38388824462891e-01
831 7.24121093750000e-01 5.24351358413696e-01
832 6.83105468750000e-01 4.66633081436157e-01
833 6.38671875000000e-01 4.07901763916016e-01
834 6.54296875000000e-01 4.28104400634766e-01
835 6.35742187500000e-01 4.04168128967285e-01
836 6.41601562500000e-01 4.11652565002441e-01
837 6.73339843750000e-01 4.53386545181274e-01
838 6.43066406250000e-01 4.13534402847290e-01
839 6.42578125000000e-01 4.12906646728516e-01
840 6.13281250000000e-01 3.76113891601562e-01
841 5.30273437500000e-01 2.81189918518066e-01
842 5.28320312500000e-01 2.79122352600098e-01
843 5.19531250000000e-01 2.69912719726562e-01
844 5.97656250000000e-01 3.57192993164062e-01
845 6.07421875000000e-01 3.68961334228516e-01
846 5.66894531250000e-01 3.21369409561157e-01
847 5.91308593750000e-01 3.49645853042603e-01
848 6.40136718750000e-01 4.09775018692017e-01
849 6.10351562500000e-01 3.72529029846191e-01
850 5.98144531250000e-01 3.57776880264282e-01
851 5.62500000000000e-01 3.16406250000000e-01
852 6.22070312500000e-01 3.86971473693848e-01
853 6.02539062500000e-01 3.63053321838379e-01
854 6.19628906250000e-01 3.83939981460571e-01
855 5.88378906250000e-01 3.46189737319946e-01
856 5.92285156250000e-01 3.50801706314087e-01
857 6.12792968750000e-01 3.75515222549438e-01
858 6.00097656250000e-01 3.60117197036743e-01
859 6.13769531250000e-01 3.76713037490845e-01
860 5.73730468750000e-01 3.29166650772095e-01
861 5.22949218750000e-01 2.73475885391235e-01
862 4.95605468750000e-01 2.45624780654907e-01
863 4.75097656250000e-01 2.25717782974243e-01
864 4.86816406250000e-01 2.36990213394165e-01
865 5.04882812500000e-01 2.54906654357910e-01
866 5.13183593750000e-01 2.63357400894165e-01
867 5.83496093750000e-01 3.40467691421509e-01
868 6.16210937500000e-01 3.79715919494629e-01
869 6.60644531250000e-01 4.36451196670532e-01
870 6.39160156250000e-01 4.08525705337524e-01
871 6.23046875000000e-01 3.88187408447266e-01
872 5.80566406250000e-01 3.37057352066040e-01
873 5.38574218750000e-01 2.90062189102173e-01
874 5.18554687500000e-01 2.68898963928223e-01
875 4.77539062500000e-01 2.28043556213379e-01
876 4.71191406250000e-01 2.22021341323853e-01
877 4.52148437500000e-01 2.04438209533691e-01
878 4.68261718750000e-01 2.19269037246704e-01
879 4.31152343750000e-01 1.85892343521118e-01
880 2.95410156250000e-01 8.72671604156494e-02
881 2.24121093750000e-01 5.02302646636963e-02
882 2.53417968750000e-01 6.42206668853760e-02
883 2.11914062500000e-01 4.49075698852539e-02
884 2.20214843750000e-01 4.84945774078369e-02
885 2.60253906250000e-01 6.77320957183838e-02
886 3.61816406250000e-01 1.30911111831665e-01
887 4.13574218750000e-01 1.71043634414673e-01
888 4.21875000000000e-01 1.77978515625000e-01
889 3.86230468750000e-01 1.49173974990845e-01
890 3.70117187500000e-01 1.36986732482910e-01
891 3.92578125000000e-01 1.54117584228516e-01
892 4.19433593750000e-01 1.75924539566040e-01
893 4.55078125000000e-01 2.07096099853516e-01
894 4.14062500000000e-01 1.71447753906250e-01
895 4.23339843750000e-01 1.79216623306274e-01
896 4.44824218750000e-01 1.97868585586548e-01
897 4.99023437500000e-01 2.49024391174316e-01
898 5.55175781250000e-01 3.08220148086548e-01
899 5.21972656250000e-01 2.72455453872681e-01
900 4.70214843750000e-01 2.21101999282837e-01
901 4.57519531250000e-01 2.09324121475220e-01
902 4.86816406250000e-01 2.36990213394165e-01
903 5.97167968750000e-01 3.56609582901001e-01
904 5.54199218750000e-01 3.07136774063110e-01
905 5.60058593750000e-01 3.13665628433228e-01
906 5.88867187500000e-01 3.46764564514160e-01
907 5.83984375000000e-01 3.41037750244141e-01
908 5.97656250000000e-01 3.57192993164062e-01
909 5.76171875000000e-01 3.31974029541016e-01
910 5.26367187500000e-01 2.77062416076660e-01
911 4.84863281250000e-01 2.35092401504517e-01
912 4.33105468750000e-01 1.87580347061157e-01
913 4.31640625000000e-01 1.86313629150391e-01
914 4.90234375000000e-01 2.40329742431641e-01
915 5.07324218750000e-01 2.57377862930298e-01
916 5.99121093750000e-01 3.58946084976196e-01
917 5.88378906250000e-01 3.46189737319946e-01
918 6.10839843750000e-01 3.73125314712524e-01
919 6.15722656250000e-01 3.79114389419556e-01
920 6.61621093750000e-01 4.37742471694946e-01
921 6.42578125000000e-01 4.12906646728516e-01
922 6.42089843750000e-01 4.12279367446899e-01
923 6.30859375000000e-01 3.97983551025391e-01
924 6.24511718750000e-01 3.90014886856079e-01
925 5.78613281250000e-01 3.34793329238892e-01
926 6.68457031250000e-01 4.46834802627563e-01
927 6.90429687500000e-01 4.76693153381348e-01
928 6.57714843750000e-01 4.32588815689087e-01
929 6.52832031250000e-01 4.26189661026001e-01
930 6.00585937500000e-01 3.60703468322754e-01
931 5.63964843750000e-01 3.18056344985962e-01
932 5.38574218750000e-01 2.90062189102173e-01
933 5.06347656250000e-01 2.56387948989868e-01
934 4.88769531250000e-01 2.38895654678345e-01
935 4.50195312500000e-01 2.02675819396973e-01
936 4.23339843750000e-01 1.79216623306274e-01
937 3.44726562500000e-01 1.18836402893066e-01
938 3.96484375000000e-01 1.57199859619141e-01
939 3.97949218750000e-01 1.58363580703735e-01
940 3.85253906250000e-01 1.48420572280884e-01
941 3.62792968750000e-01 1.31618738174438e-01
942 3.46679687500000e-01 1.20186805725098e-01
943 3.79394531250000e-01 1.43940210342407e-01
944 4.04296875000000e-01 1.63455963134766e-01
945 3.82324218750000e-01 1.46171808242798e-01
946 4.13574218750000e-01 1.71043634414673e-01
947 3.66699218750000e-01 1.34468317031860e-01
948 3.46679687500000e-01 1.20186805725098e-01
949 3.72558593750000e-01 1.38799905776978e-01
950 4.13574218750000e-01 1.71043634414673e-01
951 3.54003906250000e-01 1.25318765640259e-01
952 2.79785156250000e-01 7.82797336578369e-02
953 3.12988281250000e-01 9.79616641998291e-02
954 3.49121093750000e-01 1.21885538101196e-01
955 3.91601562500000e-01 1.53351783752441e-01
956 4.09179687500000e-01 1.67428016662598e-01
957 3.66210937500000e-01 1.34110450744629e-01
958 3.35449218750000e-01 1.12526178359985e-01
959 3.86230468750000e-01 1.49173974990845e-01
960 3.79394531250000e-01 1.43940210342407e-01
961 3.76464843750000e-01 1.41725778579712e-01
962 3.81347656250000e-01 1.45426034927368e-01
963 3.83300781250000e-01 1.46919488906860e-01
964 3.65234375000000e-01 1.33396148681641e-01
965 3.26171875000000e-01 1.06388092041016e-01
966 2.33398437500000e-01 5.44748306274414e-02
967 2.04589843750000e-01 4.18570041656494e-02
968 1.87011718750000e-01 3.49733829498291e-02
969 2.00195312500000e-01 4.00781631469727e-02
970 1.60644531250000e-01 2.58066654205322e-02
971 1.50878906250000e-01 2.27644443511963e-02
972 5.90820312500000e-02 3.49068641662598e-03
973 5.66406250000000e-02 3.20816040039062e-03
974 1.09375000000000e-01 1.19628906250000e-02
975 8.64257812500000e-02 7.46941566467285e-03
976 8.44726562500000e-02 7.13562965393066e-03
977 1.22558593750000e-01 1.50206089019775e-02
978 1.62597656250000e-01 2.64379978179932e-02
979 1.87988281250000e-01 3.53395938873291e-02
980 1.50390625000000e-01 2.26173400878906e-02
981 1.62109375000000e-01 2.62794494628906e-02
982 1.20605468750000e-01 1.45456790924072e-02
983 1.19140625000000e-01 1.41944885253906e-02
984 1.28906250000000e-01 1.66168212890625e-02
985 1.15722656250000e-01 1.33917331695557e-02
986 1.77734375000000e-01 3.15895080566406e-02
987 2.04101562500000e-01 4.16574478149414e-02
988 1.55761718750000e-01 2.42617130279541e-02
989 2.33886718750000e-01 5.47029972076416e-02
990 2.50976562500000e-01 6.29892349243164e-02
991 2.67578125000000e-01 7.15980529785156e-02
992 2.90039062500000e-01 8.41226577758789e-02
993 3.24218750000000e-01 1.05117797851562e-01
994 3.25683593750000e-01 1.06069803237915e-01
995 3.65722656250000e-01 1.33753061294556e-01
996 4.15527343750000e-01 1.72662973403931e-01
997 4.10156250000000e-01 1.68228149414062e-01
998 3.67187500000000e-01 1.34826660156250e-01
999 4.36523437500000e-01 1.90552711486816e-01
