0 7.00195312500000e-01 4.90273475646973e-01
1 6.94335937500000e-01 4.82102394104004e-01
2 7.23144531250000e-01 5.22938013076782e-01
3 6.90429687500000e-01 4.76693153381348e-01
4 6.36718750000000e-01 4.05410766601562e-01
5 5.76171875000000e-01 3.31974029541016e-01
6 5.22949218750000e-01 2.73475885391235e-01
7 5.75683593750000e-01 3.31411600112915e-01
8 5.84960937500000e-01 3.42179298400879e-01
9 5.62011718750000e-01 3.15857172012329e-01
10 5.59570312500000e-01 3.13118934631348e-01
11 5.00000000000000e-01 2.50000000000000e-01
12 4.92187500000000e-01 2.42248535156250e-01
13 5.52734375000000e-01 3.05515289306641e-01
14 5.91308593750000e-01 3.49645853042603e-01
15 5.92773437500000e-01 3.51380348205566e-01
16 5.27832031250000e-01 2.78606653213501e-01
17 5.08300781250000e-01 2.58369684219360e-01
18 4.82421875000000e-01 2.32730865478516e-01
19 4.99023437500000e-01 2.49024391174316e-01
20 6.02539062500000e-01 3.63053321838379e-01
21 6.05468750000000e-01 3.66592407226562e-01
22 5.69824218750000e-01 3.24699640274048e-01
23 5.62988281250000e-01 3.16955804824829e-01
24 5.41503906250000e-01 2.93226480484009e-01
25 5.73242187500000e-01 3.28606605529785e-01
26 5.61523437500000e-01 3.15308570861816e-01
27 5.85449218750000e-01 3.42750787734985e-01
28 6.00585937500000e-01 3.60703468322754e-01
29 6.28906250000000e-01 3.95523071289062e-01
30 6.25976562500000e-01 3.91846656799316e-01
31 4.70703125000000e-01 2.21561431884766e-01
32 5.02929687500000e-01 2.52938270568848e-01
33 5.17089843750000e-01 2.67381906509399e-01
34 5.40527343750000e-01 2.92169809341431e-01
35 5.69824218750000e-01 3.24699640274048e-01
36 5.60546875000000e-01 3.14212799072266e-01
37 5.65429687500000e-01 3.19710731506348e-01
38 5.86914062500000e-01 3.44468116760254e-01
39 6.56250000000000e-01 4.30664062500000e-01
40 6.30371093750000e-01 3.97367715835571e-01
41 6.44531250000000e-01 4.15420532226562e-01
42 6.60644531250000e-01 4.36451196670532e-01
43 6.57226562500000e-01 4.31946754455566e-01
44 6.43554687500000e-01 4.14162635803223e-01
45 6.50390625000000e-01 4.23007965087891e-01
46 6.04492187500000e-01 3.65410804748535e-01
47 6.03515625000000e-01 3.64231109619141e-01
48 5.98632812500000e-01 3.58361244201660e-01
49 5.64453125000000e-01 3.18607330322266e-01
50 5.63964843750000e-01 3.18056344985962e-01
51 5.80078125000000e-01 3.36490631103516e-01
52 5.52246093750000e-01 3.04975748062134e-01
53 6.05468750000000e-01 3.66592407226562e-01
54 5.78125000000000e-01 3.34228515625000e-01
55 6.22070312500000e-01 3.86971473693848e-01
56 5.96679687500000e-01 3.56026649475098e-01
57 5.98632812500000e-01 3.58361244201660e-01
58 6.29394531250000e-01 3.96137475967407e-01
59 6.46484375000000e-01 4.17942047119141e-01
60 6.36230468750000e-01 4.04789209365845e-01
61 6.45507812500000e-01 4.16680335998535e-01
62 6.61621093750000e-01 4.37742471694946e-01
63 6.50878906250000e-01 4.23643350601196e-01
64 6.38671875000000e-01 4.07901763916016e-01
65 6.59667968750000e-01 4.35161828994751e-01
66 6.10351562500000e-01 3.72529029846191e-01
67 5.77636718750000e-01 3.33664178848267e-01
68 6.18164062500000e-01 3.82126808166504e-01
69 6.46484375000000e-01 4.17942047119141e-01
70 6.06445312500000e-01 3.67775917053223e-01
71 5.99609375000000e-01 3.59531402587891e-01
72 5.65917968750000e-01 3.20263147354126e-01
73 5.83496093750000e-01 3.40467691421509e-01
74 5.19531250000000e-01 2.69912719726562e-01
75 5.27343750000000e-01 2.78091430664062e-01
76 5.02441406250000e-01 2.52447366714478e-01
77 4.80468750000000e-01 2.30850219726562e-01
78 4.25292968750000e-01 1.80874109268188e-01
79 3.82324218750000e-01 1.46171808242798e-01
80 4.01367187500000e-01 1.61095619201660e-01
81 3.40820312500000e-01 1.16158485412598e-01
82 2.77343750000000e-01 7.69195556640625e-02
83 2.54882812500000e-01 6.49652481079102e-02
84 2.89550781250000e-01 8.38396549224854e-02
85 2.50000000000000e-01 6.25000000000000e-02
86 2.46093750000000e-01 6.05621337890625e-02
87 3.05664062500000e-01 9.34305191040039e-02
88 2.81738281250000e-01 7.93764591217041e-02
89 2.39257812500000e-01 5.72443008422852e-02
90 1.85058593750000e-01 3.42466831207275e-02
91 2.03613281250000e-01 4.14583683013916e-02
92 2.05566406250000e-01 4.22575473785400e-02
93 1.59179687500000e-01 2.53381729125977e-02
94 2.07519531250000e-01 4.30643558502197e-02
95 1.76269531250000e-01 3.10709476470947e-02
96 1.38183593750000e-01 1.90947055816650e-02
97 1.53320312500000e-01 2.35071182250977e-02
98 1.25976562500000e-01 1.58700942993164e-02
99 1.92871093750000e-01 3.71992588043213e-02
100 1.94335937500000e-01 3.77664566040039e-02
101 1.55273437500000e-01 2.41098403930664e-02
102 1.64062500000000e-01 2.69165039062500e-02
103 1.63085937500000e-01 2.65970230102539e-02
104 2.20703125000000e-01 4.87098693847656e-02
105 2.03125000000000e-01 4.12597656250000e-02
106 2.05566406250000e-01 4.22575473785400e-02
107 2.52441406250000e-01 6.37266635894775e-02
108 2.39746093750000e-01 5.74781894683838e-02
109 2.88574218750000e-01 8.32750797271729e-02
110 2.78320312500000e-01 7.74621963500977e-02
111 3.06640625000000e-01 9.40284729003906e-02
112 2.92480468750000e-01 8.55448246002197e-02
113 3.82324218750000e-01 1.46171808242798e-01
114 3.29101562500000e-01 1.08307838439941e-01
115 3.51074218750000e-01 1.23253107070923e-01
116 3.32031250000000e-01 1.10244750976562e-01
117 4.00878906250000e-01 1.60703897476196e-01
118 4.20898437500000e-01 1.77155494689941e-01
119 3.48632812500000e-01 1.21544837951660e-01
120 3.19824218750000e-01 1.02287530899048e-01
121 2.69531250000000e-01 7.26470947265625e-02
122 2.76367187500000e-01 7.63788223266602e-02
123 1.35742187500000e-01 1.84259414672852e-02
124 1.56738281250000e-01 2.45668888092041e-02
125 1.69921875000000e-01 2.88734436035156e-02
126 1.34765625000000e-01 1.81617736816406e-02
127 1.52832031250000e-01 2.33576297760010e-02
128 1.47460937500000e-01 2.17447280883789e-02
129 8.74023437500000e-02 7.63916969299316e-03
130 1.38671875000000e-01 1.92298889160156e-02
131 8.64257812500000e-02 7.46941566467285e-03
132 1.21093750000000e-01 1.46636962890625e-02
133 1.59179687500000e-01 2.53381729125977e-02
134 1.63574218750000e-01 2.67565250396729e-02
135 1.56738281250000e-01 2.45668888092041e-02
136 1.22558593750000e-01 1.50206089019775e-02
137 1.53808593750000e-01 2.36570835113525e-02
138 1.61621093750000e-01 2.61213779449463e-02
139 8.20312500000000e-02 6.72912597656250e-03
140 9.37500000000000e-02 8.78906250000000e-03
141 1.54785156250000e-01 2.39584445953369e-02
142 1.13769531250000e-01 1.29435062408447e-02
143 1.63085937500000e-01 2.65970230102539e-02
144 1.18164062500000e-01 1.39627456665039e-02
145 1.21093750000000e-01 1.46636962890625e-02
146 1.62597656250000e-01 2.64379978179932e-02
147 1.58203125000000e-01 2.50282287597656e-02
148 1.85058593750000e-01 3.42466831207275e-02
149 1.35253906250000e-01 1.82936191558838e-02
150 1.30859375000000e-01 1.71241760253906e-02
151 1.27929687500000e-01 1.63660049438477e-02
152 5.41992187500000e-02 2.93755531311035e-03
153 1.12304687500000e-01 1.26123428344727e-02
154 6.88476562500000e-02 4.73999977111816e-03
155 8.20312500000000e-02 6.72912597656250e-03
156 4.78515625000000e-02 2.28977203369141e-03
157 9.96093750000000e-02 9.92202758789062e-03
158 1.19628906250000e-01 1.43110752105713e-02
159 1.35253906250000e-01 1.82936191558838e-02
160 2.61718750000000e-01 6.84967041015625e-02
161 2.97851562500000e-01 8.87155532836914e-02
162 3.56445312500000e-01 1.27053260803223e-01
163 3.59375000000000e-01 1.29150390625000e-01
164 3.51074218750000e-01 1.23253107070923e-01
165 4.08691406250000e-01 1.67028665542603e-01
166 3.41308593750000e-01 1.16491556167603e-01
167 2.82714843750000e-01 7.99276828765869e-02
168 2.30957031250000e-01 5.33411502838135e-02
169 1.99218750000000e-01 3.96881103515625e-02
170 2.27539062500000e-01 5.17740249633789e-02
171 2.50000000000000e-01 6.25000000000000e-02
172 2.79296875000000e-01 7.80067443847656e-02
173 2.27539062500000e-01 5.17740249633789e-02
174 2.39257812500000e-01 5.72443008422852e-02
175 2.56347656250000e-01 6.57141208648682e-02
176 2.50488281250000e-01 6.27443790435791e-02
177 3.81835937500000e-01 1.45798683166504e-01
178 3.36914062500000e-01 1.13511085510254e-01
179 3.58886718750000e-01 1.28799676895142e-01
180 3.88183593750000e-01 1.50686502456665e-01
181 3.13964843750000e-01 9.85739231109619e-02
182 3.37402343750000e-01 1.13840341567993e-01
183 2.65625000000000e-01 7.05566406250000e-02
184 2.99804687500000e-01 8.98828506469727e-02
185 3.37402343750000e-01 1.13840341567993e-01
186 3.06152343750000e-01 9.37292575836182e-02
187 2.88574218750000e-01 8.32750797271729e-02
188 2.92480468750000e-01 8.55448246002197e-02
189 3.59375000000000e-01 1.29150390625000e-01
190 3.80859375000000e-01 1.45053863525391e-01
191 3.76953125000000e-01 1.42093658447266e-01
192 3.16406250000000e-01 1.00112915039062e-01
193 3.33496093750000e-01 1.11219644546509e-01
194 3.47656250000000e-01 1.20864868164062e-01
195 2.67089843750000e-01 7.13369846343994e-02
196 2.35839843750000e-01 5.56204319000244e-02
197 2.00683593750000e-01 4.02739048004150e-02
198 2.01171875000000e-01 4.04701232910156e-02
199 2.44140625000000e-01 5.96046447753906e-02
200 2.91503906250000e-01 8.49745273590088e-02
201 3.24218750000000e-01 1.05117797851562e-01
202 3.13476562500000e-01 9.82675552368164e-02
203 3.69140625000000e-01 1.36264801025391e-01
204 3.56445312500000e-01 1.27053260803223e-01
205 3.98925781250000e-01 1.59141778945923e-01
206 4.38476562500000e-01 1.92261695861816e-01
207 3.82324218750000e-01 1.46171808242798e-01
208 4.04785156250000e-01 1.63851022720337e-01
209 4.44335937500000e-01 1.97434425354004e-01
210 3.53027343750000e-01 1.24628305435181e-01
211 2.95898437500000e-01 8.75558853149414e-02
212 3.23730468750000e-01 1.04801416397095e-01
213 2.89062500000000e-01 8.35571289062500e-02
214 3.22753906250000e-01 1.04170083999634e-01
215 3.64257812500000e-01 1.32683753967285e-01
216 2.91015625000000e-01 8.46900939941406e-02
217 3.30566406250000e-01 1.09274148941040e-01
218 2.90527343750000e-01 8.44061374664307e-02
219 2.33398437500000e-01 5.44748306274414e-02
220 2.41699218750000e-01 5.84185123443604e-02
221 2.89062500000000e-01 8.35571289062500e-02
222 3.42285156250000e-01 1.17159128189087e-01
223 3.11523437500000e-01 9.70468521118164e-02
224 3.07128906250000e-01 9.43281650543213e-02
225 2.96875000000000e-01 8.81347656250000e-02
226 3.20800781250000e-01 1.02913141250610e-01
227 3.17382812500000e-01 1.00731849670410e-01
228 3.11035156250000e-01 9.67428684234619e-02
229 2.89550781250000e-01 8.38396549224854e-02
230 3.21777343750000e-01 1.03540658950806e-01
231 2.10937500000000e-01 4.44946289062500e-02
232 1.81152343750000e-01 3.28161716461182e-02
233 1.47949218750000e-01 2.18889713287354e-02
234 6.00585937500000e-02 3.60703468322754e-03
235 1.19140625000000e-01 1.41944885253906e-02
236 1.45507812500000e-01 2.11725234985352e-02
237 1.84570312500000e-01 3.40662002563477e-02
238 1.64550781250000e-01 2.70769596099854e-02
239 2.12402343750000e-01 4.51147556304932e-02
240 1.91894531250000e-01 3.68235111236572e-02
241 2.18750000000000e-01 4.78515625000000e-02
242 2.61718750000000e-01 6.84967041015625e-02
243 2.52929687500000e-01 6.39734268188477e-02
244 3.16894531250000e-01 1.00422143936157e-01
245 3.04199218750000e-01 9.25371646881104e-02
246 3.32519531250000e-01 1.10569238662720e-01
247 3.70117187500000e-01 1.36986732482910e-01
248 3.53515625000000e-01 1.24973297119141e-01
249 3.19335937500000e-01 1.01975440979004e-01
250 3.22753906250000e-01 1.04170083999634e-01
251 3.44726562500000e-01 1.18836402893066e-01
252 4.01367187500000e-01 1.61095619201660e-01
253 4.35058593750000e-01 1.89275979995728e-01
254 4.30664062500000e-01 1.85471534729004e-01
255 4.64843750000000e-01 2.16079711914062e-01
256 4.40429687500000e-01 1.93978309631348e-01
257 4.52636718750000e-01 2.04879999160767e-01
258 4.03808593750000e-01 1.63061380386353e-01
259 4.13085937500000e-01 1.70639991760254e-01
260 3.84765625000000e-01 1.48044586181641e-01
261 3.90625000000000e-01 1.52587890625000e-01
262 3.82324218750000e-01 1.46171808242798e-01
263 4.66308593750000e-01 2.17443704605103e-01
264 4.50195312500000e-01 2.02675819396973e-01
265 5.20507812500000e-01 2.70928382873535e-01
266 5.27832031250000e-01 2.78606653213501e-01
267 4.74121093750000e-01 2.24790811538696e-01
268 4.84863281250000e-01 2.35092401504517e-01
269 4.86328125000000e-01 2.36515045166016e-01
270 5.05371093750000e-01 2.55399942398071e-01
271 5.32226562500000e-01 2.83265113830566e-01
272 5.45898437500000e-01 2.98005104064941e-01
273 6.00097656250000e-01 3.60117197036743e-01
274 6.52832031250000e-01 4.26189661026001e-01
275 6.64062500000000e-01 4.40979003906250e-01
276 5.98632812500000e-01 3.58361244201660e-01
277 5.65429687500000e-01 3.19710731506348e-01
278 5.35156250000000e-01 2.86392211914062e-01
279 5.67382812500000e-01 3.21923255920410e-01
280 5.14160156250000e-01 2.64360666275024e-01
281 5.19042968750000e-01 2.69405603408813e-01
282 5.20996093750000e-01 2.71436929702759e-01
283 5.11230468750000e-01 2.61356592178345e-01
284 4.42871093750000e-01 1.96134805679321e-01
285 4.42382812500000e-01 1.95702552795410e-01
286 4.85839843750000e-01 2.36040353775024e-01
287 5.03417968750000e-01 2.53429651260376e-01
288 4.00878906250000e-01 1.60703897476196e-01
289 4.23828125000000e-01 1.79630279541016e-01
290 4.53613281250000e-01 2.05765008926392e-01
291 3.98437500000000e-01 1.58752441406250e-01
292 4.16503906250000e-01 1.73475503921509e-01
293 4.18457031250000e-01 1.75106287002563e-01
294 4.04785156250000e-01 1.63851022720337e-01
295 3.98437500000000e-01 1.58752441406250e-01
296 3.61816406250000e-01 1.30911111831665e-01
297 3.44726562500000e-01 1.18836402893066e-01
298 3.83300781250000e-01 1.46919488906860e-01
299 3.88183593750000e-01 1.50686502456665e-01
300 3.18847656250000e-01 1.01663827896118e-01
301 3.65234375000000e-01 1.33396148681641e-01
302 3.62304687500000e-01 1.31264686584473e-01
303 4.04296875000000e-01 1.63455963134766e-01
304 3.40820312500000e-01 1.16158485412598e-01
305 3.15429687500000e-01 9.94958877563477e-02
306 2.95898437500000e-01 8.75558853149414e-02
307 2.23144531250000e-01 4.97934818267822e-02
308 3.12500000000000e-01 9.76562500000000e-02
309 2.63183593750000e-01 6.92656040191650e-02
310 2.69531250000000e-01 7.26470947265625e-02
311 2.68066406250000e-01 7.18595981597900e-02
312 2.90527343750000e-01 8.44061374664307e-02
313 3.13476562500000e-01 9.82675552368164e-02
314 2.69042968750000e-01 7.23841190338135e-02
315 2.46093750000000e-01 6.05621337890625e-02
316 2.62207031250000e-01 6.87525272369385e-02
317 2.59277343750000e-01 6.72247409820557e-02
318 3.04199218750000e-01 9.25371646881104e-02
319 3.57421875000000e-01 1.27750396728516e-01
320 3.84277343750000e-01 1.47669076919556e-01
321 3.27636718750000e-01 1.07345819473267e-01
322 3.38867187500000e-01 1.14830970764160e-01
323 3.22265625000000e-01 1.03855133056641e-01
324 3.69628906250000e-01 1.36625528335571e-01
325 3.24218750000000e-01 1.05117797851562e-01
326 4.32128906250000e-01 1.86735391616821e-01
327 4.58496093750000e-01 2.10218667984009e-01
328 5.29785156250000e-01 2.80672311782837e-01
329 4.49218750000000e-01 2.01797485351562e-01
330 4.64843750000000e-01 2.16079711914062e-01
331 3.93066406250000e-01 1.54501199722290e-01
332 3.80859375000000e-01 1.45053863525391e-01
333 3.68652343750000e-01 1.35904550552368e-01
334 4.08691406250000e-01 1.67028665542603e-01
335 4.06250000000000e-01 1.65039062500000e-01
336 4.11621093750000e-01 1.69431924819946e-01
337 5.00000000000000e-01 2.50000000000000e-01
338 5.52246093750000e-01 3.04975748062134e-01
339 5.37109375000000e-01 2.88486480712891e-01
340 4.99023437500000e-01 2.49024391174316e-01
341 5.59082031250000e-01 3.12572717666626e-01
342 5.95214843750000e-01 3.54280710220337e-01
343 5.65917968750000e-01 3.20263147354126e-01
344 5.64941406250000e-01 3.19158792495728e-01
345 5.83007812500000e-01 3.39898109436035e-01
346 6.06445312500000e-01 3.67775917053223e-01
347 6.36718750000000e-01 4.05410766601562e-01
348 6.19628906250000e-01 3.83939981460571e-01
349 5.80078125000000e-01 3.36490631103516e-01
350 6.12304687500000e-01 3.74917030334473e-01
351 5.81542968750000e-01 3.38192224502563e-01
352 5.42480468750000e-01 2.94285058975220e-01
353 5.39550781250000e-01 2.91115045547485e-01
354 5.88378906250000e-01 3.46189737319946e-01
355 5.50781250000000e-01 3.03359985351562e-01
356 5.46386718750000e-01 2.98538446426392e-01
357 5.41015625000000e-01 2.92697906494141e-01
358 6.00585937500000e-01 3.60703468322754e-01
359 6.15234375000000e-01 3.78513336181641e-01
360 5.72265625000000e-01 3.27487945556641e-01
361 5.50781250000000e-01 3.03359985351562e-01
362 5.71777343750000e-01 3.26929330825806e-01
363 5.25390625000000e-01 2.76035308837891e-01
364 5.62500000000000e-01 3.16406250000000e-01
365 5.97167968750000e-01 3.56609582901001e-01
366 5.57128906250000e-01 3.10392618179321e-01
367 5.18554687500000e-01 2.68898963928223e-01
368 4.94140625000000e-01 2.44174957275391e-01
369 5.21484375000000e-01 2.71945953369141e-01
370 4.88281250000000e-01 2.38418579101562e-01
371 5.22460937500000e-01 2.72965431213379e-01
372 4.64843750000000e-01 2.16079711914062e-01
373 4.66796875000000e-01 2.17899322509766e-01
374 5.55664062500000e-01 3.08762550354004e-01
375 5.76171875000000e-01 3.31974029541016e-01
376 6.60156250000000e-01 4.35806274414062e-01
377 6.27929687500000e-01 3.94295692443848e-01
378 6.41601562500000e-01 4.11652565002441e-01
379 6.32324218750000e-01 3.99833917617798e-01
380 6.18652343750000e-01 3.82730722427368e-01
381 5.87890625000000e-01 3.45615386962891e-01
382 6.02539062500000e-01 3.63053321838379e-01
383 5.32226562500000e-01 2.83265113830566e-01
384 5.55175781250000e-01 3.08220148086548e-01
385 5.97656250000000e-01 3.57192993164062e-01
386 6.30859375000000e-01 3.97983551025391e-01
387 6.49902343750000e-01 4.22373056411743e-01
388 6.62109375000000e-01 4.38388824462891e-01
389 6.77734375000000e-01 4.59323883056641e-01
390 6.66503906250000e-01 4.44227457046509e-01
391 6.73828125000000e-01 4.54044342041016e-01
392 6.40136718750000e-01 4.09775018692017e-01
393 6.66015625000000e-01 4.43576812744141e-01
394 6.59179687500000e-01 4.34517860412598e-01
395 6.51855468750000e-01 4.24915552139282e-01
396 6.27929687500000e-01 3.94295692443848e-01
397 6.86523437500000e-01 4.71314430236816e-01
398 6.61132812500000e-01 4.37096595764160e-01
399 6.17675781250000e-01 3.81523370742798e-01
400 5.99121093750000e-01 3.58946084976196e-01
401 5.20507812500000e-01 2.70928382873535e-01
402 5.71777343750000e-01 3.26929330825806e-01
403 5.74218750000000e-01 3.29727172851562e-01
404 5.40039062500000e-01 2.91642189025879e-01
405 4.46777343750000e-01 1.99609994888306e-01
406 5.00976562500000e-01 2.50977516174316e-01
407 4.77539062500000e-01 2.28043556213379e-01
408 5.18554687500000e-01 2.68898963928223e-01
409 4.41406250000000e-01 1.94839477539062e-01
410 3.99902343750000e-01 1.59921884536743e-01
411 4.17968750000000e-01 1.74697875976562e-01
412 4.74121093750000e-01 2.24790811538696e-01
413 4.64355468750000e-01 2.15626001358032e-01
414 4.32128906250000e-01 1.86735391616821e-01
415 4.78515625000000e-01 2.28977203369141e-01
416 4.29687500000000e-01 1.84631347656250e-01
417 4.49707031250000e-01 2.02236413955688e-01
418 4.88769531250000e-01 2.38895654678345e-01
419 5.28808593750000e-01 2.79638528823853e-01
420 4.59472656250000e-01 2.11115121841431e-01
421 4.75097656250000e-01 2.25717782974243e-01
422 4.17968750000000e-01 1.74697875976562e-01
423 4.22363281250000e-01 1.78390741348267e-01
424 3.87207031250000e-01 1.49929285049438e-01
425 3.22753906250000e-01 1.04170083999634e-01
426 3.03222656250000e-01 9.19439792633057e-02
427 2.53906250000000e-01 6.44683837890625e-02
428 2.35351562500000e-01 5.53903579711914e-02
429 2.87597656250000e-01 8.27124118804932e-02
430 3.33984375000000e-01 1.11545562744141e-01
431 2.94433593750000e-01 8.66911411285400e-02
432 3.38867187500000e-01 1.14830970764160e-01
433 3.36425781250000e-01 1.13182306289673e-01
434 3.47656250000000e-01 1.20864868164062e-01
435 3.89648437500000e-01 1.51825904846191e-01
436 4.28222656250000e-01 1.83374643325806e-01
437 4.57031250000000e-01 2.08877563476562e-01
438 4.73632812500000e-01 2.24328041076660e-01
439 3.18847656250000e-01 1.01663827896118e-01
440 3.30078125000000e-01 1.08951568603516e-01
441 3.93066406250000e-01 1.54501199722290e-01
442 3.89160156250000e-01 1.51445627212524e-01
443 3.23730468750000e-01 1.04801416397095e-01
444 4.01855468750000e-01 1.61487817764282e-01
445 4.28222656250000e-01 1.83374643325806e-01
446 3.85253906250000e-01 1.48420572280884e-01
447 3.49121093750000e-01 1.21885538101196e-01
448 3.52050781250000e-01 1.23939752578735e-01
449 3.59375000000000e-01 1.29150390625000e-01
450 4.41894531250000e-01 1.95270776748657e-01
451 3.78417968750000e-01 1.43200159072876e-01
452 3.48144531250000e-01 1.21204614639282e-01
453 3.68164062500000e-01 1.35544776916504e-01
454 4.14550781250000e-01 1.71852350234985e-01
455 4.86816406250000e-01 2.36990213394165e-01
456 4.87792968750000e-01 2.37941980361938e-01
457 3.53515625000000e-01 1.24973297119141e-01
458 3.71093750000000e-01 1.37710571289062e-01
459 3.66699218750000e-01 1.34468317031860e-01
460 3.60839843750000e-01 1.30205392837524e-01
461 4.01855468750000e-01 1.61487817764282e-01
462 3.79394531250000e-01 1.43940210342407e-01
463 3.65234375000000e-01 1.33396148681641e-01
464 3.36914062500000e-01 1.13511085510254e-01
465 3.02246093750000e-01 9.13527011871338e-02
466 2.94921875000000e-01 8.69789123535156e-02
467 3.21289062500000e-01 1.03226661682129e-01
468 3.41796875000000e-01 1.16825103759766e-01
469 3.24218750000000e-01 1.05117797851562e-01
470 3.53027343750000e-01 1.24628305435181e-01
471 3.84277343750000e-01 1.47669076919556e-01
472 3.56445312500000e-01 1.27053260803223e-01
473 4.35058593750000e-01 1.89275979995728e-01
474 4.04785156250000e-01 1.63851022720337e-01
475 3.90136718750000e-01 1.52206659317017e-01
476 3.85742187500000e-01 1.48797035217285e-01
477 3.61328125000000e-01 1.30558013916016e-01
478 3.93066406250000e-01 1.54501199722290e-01
479 4.28710937500000e-01 1.83793067932129e-01
480 4.44824218750000e-01 1.97868585586548e-01
481 4.11132812500000e-01 1.69030189514160e-01
482 4.18945312500000e-01 1.75515174865723e-01
483 4.13574218750000e-01 1.71043634414673e-01
484 4.41406250000000e-01 1.94839477539062e-01
485 4.39941406250000e-01 1.93548440933228e-01
486 3.97460937500000e-01 1.57975196838379e-01
487 4.04785156250000e-01 1.63851022720337e-01
488 3.97460937500000e-01 1.57975196838379e-01
489 4.37988281250000e-01 1.91833734512329e-01
490 5.11718750000000e-01 2.61856079101562e-01
491 4.64355468750000e-01 2.15626001358032e-01
492 6.05468750000000e-01 3.66592407226562e-01
493 6.37207031250000e-01 4.06032800674438e-01
494 6.03515625000000e-01 3.64231109619141e-01
495 5.69335937500000e-01 3.24143409729004e-01
496 5.27832031250000e-01 2.78606653213501e-01
497 4.74609375000000e-01 2.25254058837891e-01
498 4.41406250000000e-01 1.94839477539062e-01
499 4.77539062500000e-01 2.28043556213379e-01
500 4.62890625000000e-01 2.14267730712891e-01
501 3.97460937500000e-01 1.57975196838379e-01
502 4.39941406250000e-01 1.93548440933228e-01
503 4.43359375000000e-01 1.96567535400391e-01
504 4.70703125000000e-01 2.21561431884766e-01
505 4.79492187500000e-01 2.29912757873535e-01
506 5.05371093750000e-01 2.55399942398071e-01
507 5.59570312500000e-01 3.13118934631348e-01
508 5.48828125000000e-01 3.01212310791016e-01
509 6.05957031250000e-01 3.67183923721313e-01
510 6.03515625000000e-01 3.64231109619141e-01
511 5.70800781250000e-01 3.25813531875610e-01
512 5.36132812500000e-01 2.87438392639160e-01
513 5.52734375000000e-01 3.05515289306641e-01
514 5.67871093750000e-01 3.22477579116821e-01
515 5.35644531250000e-01 2.86915063858032e-01
516 5.29296875000000e-01 2.80155181884766e-01
517 5.28320312500000e-01 2.79122352600098e-01
518 4.73632812500000e-01 2.24328041076660e-01
519 4.95117187500000e-01 2.45141029357910e-01
520 4.72656250000000e-01 2.23403930664062e-01
521 4.42871093750000e-01 1.96134805679321e-01
522 4.28222656250000e-01 1.83374643325806e-01
523 4.18945312500000e-01 1.75515174865723e-01
524 4.39941406250000e-01 1.93548440933228e-01
525 5.39550781250000e-01 2.91115045547485e-01
526 5.25878906250000e-01 2.76548624038696e-01
527 5.44433593750000e-01 2.96407938003540e-01
528 5.54687500000000e-01 3.07678222656250e-01
529 5.51269531250000e-01 3.03898096084595e-01
530 5.44921875000000e-01 2.96939849853516e-01
531 5.21484375000000e-01 2.71945953369141e-01
532 4.98046875000000e-01 2.48050689697266e-01
533 5.04882812500000e-01 2.54906654357910e-01
534 5.72753906250000e-01 3.28047037124634e-01
535 5.37597656250000e-01 2.89011240005493e-01
536 5.54687500000000e-01 3.07678222656250e-01
537 4.58007812500000e-01 2.09771156311035e-01
538 4.44824218750000e-01 1.97868585586548e-01
539 4.63867187500000e-01 2.15172767639160e-01
540 4.28710937500000e-01 1.83793067932129e-01
541 4.65332031250000e-01 2.16533899307251e-01
542 4.73144531250000e-01 2.23865747451782e-01
543 4.85839843750000e-01 2.36040353775024e-01
544 5.26855468750000e-01 2.77576684951782e-01
545 4.95605468750000e-01 2.45624780654907e-01
546 5.43945312500000e-01 2.95876502990723e-01
547 4.74121093750000e-01 2.24790811538696e-01
548 4.84375000000000e-01 2.34619140625000e-01
549 4.57031250000000e-01 2.08877563476562e-01
550 4.07714843750000e-01 1.66231393814087e-01
551 4.37988281250000e-01 1.91833734512329e-01
552 3.73535156250000e-01 1.39528512954712e-01
553 3.47167968750000e-01 1.20525598526001e-01
554 2.74902343750000e-01 7.55712985992432e-02
555 3.11035156250000e-01 9.67428684234619e-02
556 3.06640625000000e-01 9.40284729003906e-02
557 2.75878906250000e-01 7.61091709136963e-02
558 2.64160156250000e-01 6.97805881500244e-02
559 2.82714843750000e-01 7.99276828765869e-02
560 2.14355468750000e-01 4.59482669830322e-02
561 2.26562500000000e-01 5.13305664062500e-02
562 2.30957031250000e-01 5.33411502838135e-02
563 2.21191406250000e-01 4.89256381988525e-02
564 1.88964843750000e-01 3.57077121734619e-02
565 1.70898437500000e-01 2.92062759399414e-02
566 2.02148437500000e-01 4.08639907836914e-02
567 1.97753906250000e-01 3.91066074371338e-02
568 1.62597656250000e-01 2.64379978179932e-02
569 1.97265625000000e-01 3.89137268066406e-02
570 2.38769531250000e-01 5.70108890533447e-02
571 2.60253906250000e-01 6.77320957183838e-02
572 3.04199218750000e-01 9.25371646881104e-02
573 2.39257812500000e-01 5.72443008422852e-02
574 2.50488281250000e-01 6.27443790435791e-02
575 2.89062500000000e-01 8.35571289062500e-02
576 3.17382812500000e-01 1.00731849670410e-01
577 3.19335937500000e-01 1.01975440979004e-01
578 3.58886718750000e-01 1.28799676895142e-01
579 4.35058593750000e-01 1.89275979995728e-01
580 3.74023437500000e-01 1.39893531799316e-01
581 3.25683593750000e-01 1.06069803237915e-01
582 4.20898437500000e-01 1.77155494689941e-01
583 4.36523437500000e-01 1.90552711486816e-01
584 4.48730468750000e-01 2.01359033584595e-01
585 3.86718750000000e-01 1.49551391601562e-01
586 3.28613281250000e-01 1.07986688613892e-01
587 3.93554687500000e-01 1.54885292053223e-01
588 3.49609375000000e-01 1.22226715087891e-01
589 3.88183593750000e-01 1.50686502456665e-01
590 4.21386718750000e-01 1.77566766738892e-01
591 4.41406250000000e-01 1.94839477539062e-01
592 4.15039062500000e-01 1.72257423400879e-01
593 4.58496093750000e-01 2.10218667984009e-01
594 4.53125000000000e-01 2.05322265625000e-01
595 4.24316406250000e-01 1.80044412612915e-01
596 4.91699218750000e-01 2.41768121719360e-01
597 4.65820312500000e-01 2.16988563537598e-01
598 5.19042968750000e-01 2.69405603408813e-01
599 5.44921875000000e-01 2.96939849853516e-01
600 5.33691406250000e-01 2.84826517105103e-01
601 5.29785156250000e-01 2.80672311782837e-01
602 5.53710937500000e-01 3.06595802307129e-01
603 5.16601562500000e-01 2.66877174377441e-01
604 5.58105468750000e-01 3.11481714248657e-01
605 5.18066406250000e-01 2.68392801284790e-01
606 5.18554687500000e-01 2.68898963928223e-01
607 4.93164062500000e-01 2.43210792541504e-01
608 4.88769531250000e-01 2.38895654678345e-01
609 4.84863281250000e-01 2.35092401504517e-01
610 5.55664062500000e-01 3.08762550354004e-01
611 5.43945312500000e-01 2.95876502990723e-01
612 5.43457031250000e-01 2.95345544815063e-01
613 5.64453125000000e-01 3.18607330322266e-01
614 5.66406250000000e-01 3.20816040039062e-01
615 6.32324218750000e-01 3.99833917617798e-01
616 6.02050781250000e-01 3.62465143203735e-01
617 5.75683593750000e-01 3.31411600112915e-01
618 5.78613281250000e-01 3.34793329238892e-01
619 5.98632812500000e-01 3.58361244201660e-01
620 6.02050781250000e-01 3.62465143203735e-01
621 6.23046875000000e-01 3.88187408447266e-01
622 5.98144531250000e-01 3.57776880264282e-01
623 5.44921875000000e-01 2.96939849853516e-01
624 5.51269531250000e-01 3.03898096084595e-01
625 5.73242187500000e-01 3.28606605529785e-01
626 5.47363281250000e-01 2.99606561660767e-01
627 5.33691406250000e-01 2.84826517105103e-01
628 4.99511718750000e-01 2.49511957168579e-01
629 4.37988281250000e-01 1.91833734512329e-01
630 3.99414062500000e-01 1.59531593322754e-01
631 4.56054687500000e-01 2.07985877990723e-01
632 3.88671875000000e-01 1.51065826416016e-01
633 3.75976562500000e-01 1.41358375549316e-01
634 4.06738281250000e-01 1.65436029434204e-01
635 3.98437500000000e-01 1.58752441406250e-01
636 3.84277343750000e-01 1.47669076919556e-01
637 4.21386718750000e-01 1.77566766738892e-01
638 4.49218750000000e-01 2.01797485351562e-01
639 5.00976562500000e-01 2.50977516174316e-01
640 4.96582031250000e-01 2.46593713760376e-01
641 4.78027343750000e-01 2.28510141372681e-01
642 4.44335937500000e-01 1.97434425354004e-01
643 4.69726562500000e-01 2.20643043518066e-01
644 4.81933593750000e-01 2.32259988784790e-01
645 4.65820312500000e-01 2.16988563537598e-01
646 4.32128906250000e-01 1.86735391616821e-01
647 5.13671875000000e-01 2.63858795166016e-01
648 5.20019531250000e-01 2.70420312881470e-01
649 4.56542968750000e-01 2.08431482315063e-01
650 4.56542968750000e-01 2.08431482315063e-01
651 4.32128906250000e-01 1.86735391616821e-01
652 5.31250000000000e-01 2.82226562500000e-01
653 5.58593750000000e-01 3.12026977539062e-01
654 5.68847656250000e-01 3.23587656021118e-01
655 5.68847656250000e-01 3.23587656021118e-01
656 5.74707031250000e-01 3.30288171768188e-01
657 5.12695312500000e-01 2.62856483459473e-01
658 5.09277343750000e-01 2.59363412857056e-01
659 5.05859375000000e-01 2.55893707275391e-01
660 4.65820312500000e-01 2.16988563537598e-01
661 5.06835937500000e-01 2.56882667541504e-01
662 4.94140625000000e-01 2.44174957275391e-01
663 5.25390625000000e-01 2.76035308837891e-01
664 5.54687500000000e-01 3.07678222656250e-01
665 5.53222656250000e-01 3.06055307388306e-01
666 6.50878906250000e-01 4.23643350601196e-01
667 6.25488281250000e-01 3.91235589981079e-01
668 6.15722656250000e-01 3.79114389419556e-01
669 6.92871093750000e-01 4.80070352554321e-01
670 6.36718750000000e-01 4.05410766601562e-01
671 6.35253906250000e-01 4.03547525405884e-01
672 6.09375000000000e-01 3.71337890625000e-01
673 7.05566406250000e-01 4.97823953628540e-01
674 5.98632812500000e-01 3.58361244201660e-01
675 6.14746093750000e-01 3.77912759780884e-01
676 6.23535156250000e-01 3.88796091079712e-01
677 5.47363281250000e-01 2.99606561660767e-01
678 5.83496093750000e-01 3.40467691421509e-01
679 5.27832031250000e-01 2.78606653213501e-01
680 5.56152343750000e-01 3.09305429458618e-01
681 5.77148437500000e-01 3.33100318908691e-01
682 5.65429687500000e-01 3.19710731506348e-01
683 5.89355468750000e-01 3.47339868545532e-01
684 5.66406250000000e-01 3.20816040039062e-01
685 5.60058593750000e-01 3.13665628433228e-01
686 5.74707031250000e-01 3.30288171768188e-01
687 5.50781250000000e-01 3.03359985351562e-01
688 5.61035156250000e-01 3.14760446548462e-01
689 5.25390625000000e-01 2.76035308837891e-01
690 4.88281250000000e-01 2.38418579101562e-01
691 5.32226562500000e-01 2.83265113830566e-01
692 6.48925781250000e-01 4.21104669570923e-01
693 6.66992187500000e-01 4.44878578186035e-01
694 7.08984375000000e-01 5.02658843994141e-01
695 6.52343750000000e-01 4.25552368164062e-01
696 6.98242187500000e-01 4.87542152404785e-01
697 6.49414062500000e-01 4.21738624572754e-01
698 6.55273437500000e-01 4.29383277893066e-01
699 6.95312500000000e-01 4.83459472656250e-01
700 7.07519531250000e-01 5.00583887100220e-01
701 7.15820312500000e-01 5.12398719787598e-01
702 7.12402343750000e-01 5.07517099380493e-01
703 7.72949218750000e-01 5.97450494766235e-01
704 7.32421875000000e-01 5.36441802978516e-01
705 6.86523437500000e-01 4.71314430236816e-01
706 7.28027343750000e-01 5.30023813247681e-01
707 7.76855468750000e-01 6.03504419326782e-01
708 7.22167968750000e-01 5.21526575088501e-01
709 7.20703125000000e-01 5.19412994384766e-01
710 7.09472656250000e-01 5.03351449966431e-01
711 6.38671875000000e-01 4.07901763916016e-01
712 6.61132812500000e-01 4.37096595764160e-01
713 6.11816406250000e-01 3.74319314956665e-01
714 5.73242187500000e-01 3.28606605529785e-01
715 5.81542968750000e-01 3.38192224502563e-01
716 5.40039062500000e-01 2.91642189025879e-01
717 5.81542968750000e-01 3.38192224502563e-01
718 5.51269531250000e-01 3.03898096084595e-01
719 5.46386718750000e-01 2.98538446426392e-01
720 5.67382812500000e-01 3.21923255920410e-01
721 6.51367187500000e-01 4.24279212951660e-01
722 7.06054687500000e-01 4.98513221740723e-01
723 6.63574218750000e-01 4.40330743789673e-01
724 7.06542968750000e-01 4.99202966690063e-01
725 6.57714843750000e-01 4.32588815689087e-01
726 6.71386718750000e-01 4.50760126113892e-01
727 6.84082031250000e-01 4.67968225479126e-01
728 6.85058593750000e-01 4.69305276870728e-01
729 6.95800781250000e-01 4.84138727188110e-01
730 6.53320312500000e-01 4.26827430725098e-01
731 6.36718750000000e-01 4.05410766601562e-01
732 6.84570312500000e-01 4.68636512756348e-01
733 6.41601562500000e-01 4.11652565002441e-01
734 6.63085937500000e-01 4.39682960510254e-01
735 6.56738281250000e-01 4.31305170059204e-01
736 7.11914062500000e-01 5.06821632385254e-01
737 6.77734375000000e-01 4.59323883056641e-01
738 6.66015625000000e-01 4.43576812744141e-01
739 6.44531250000000e-01 4.15420532226562e-01
740 6.69433593750000e-01 4.48141336441040e-01
741 6.54785156250000e-01 4.28743600845337e-01
742 6.41113281250000e-01 4.11026239395142e-01
743 6.83593750000000e-01 4.67300415039062e-01
744 7.08984375000000e-01 5.02658843994141e-01
745 6.79199218750000e-01 4.61311578750610e-01
746 6.58203125000000e-01 4.33231353759766e-01
747 6.25000000000000e-01 3.90625000000000e-01
748 6.72851562500000e-01 4.52729225158691e-01
749 6.75781250000000e-01 4.56680297851562e-01
750 6.13769531250000e-01 3.76713037490845e-01
751 5.90820312500000e-01 3.49068641662598e-01
752 6.20605468750000e-01 3.85151147842407e-01
753 6.66015625000000e-01 4.43576812744141e-01
754 6.86035156250000e-01 4.70644235610962e-01
755 7.22167968750000e-01 5.21526575088501e-01
756 6.79687500000000e-01 4.61975097656250e-01
757 7.12402343750000e-01 5.07517099380493e-01
758 6.92382812500000e-01 4.79393959045410e-01
759 6.57714843750000e-01 4.32588815689087e-01
760 6.30859375000000e-01 3.97983551025391e-01
761 6.11816406250000e-01 3.74319314956665e-01
762 5.77636718750000e-01 3.33664178848267e-01
763 5.76660156250000e-01 3.32536935806274e-01
764 5.63964843750000e-01 3.18056344985962e-01
765 6.24511718750000e-01 3.90014886856079e-01
766 6.00097656250000e-01 3.60117197036743e-01
767 5.77148437500000e-01 3.33100318908691e-01
768 5.00488281250000e-01 2.50488519668579e-01
769 5.78613281250000e-01 3.34793329238892e-01
770 6.16210937500000e-01 3.79715919494629e-01
771 6.13281250000000e-01 3.76113891601562e-01
772 5.15136718750000e-01 2.65365839004517e-01
773 5.77636718750000e-01 3.33664178848267e-01
774 5.56152343750000e-01 3.09305429458618e-01
775 4.94628906250000e-01 2.44657754898071e-01
776 4.65332031250000e-01 2.16533899307251e-01
777 4.94628906250000e-01 2.44657754898071e-01
778 4.23828125000000e-01 1.79630279541016e-01
779 3.43750000000000e-01 1.18164062500000e-01
780 3.78906250000000e-01 1.43569946289062e-01
781 3.75976562500000e-01 1.41358375549316e-01
782 3.31542968750000e-01 1.09920740127563e-01
783 3.33496093750000e-01 1.11219644546509e-01
784 3.18359375000000e-01 1.01352691650391e-01
785 4.08691406250000e-01 1.67028665542603e-01
786 3.56933593750000e-01 1.27401590347290e-01
787 2.89550781250000e-01 8.38396549224854e-02
788 2.90527343750000e-01 8.44061374664307e-02
789 2.39746093750000e-01 5.74781894683838e-02
790 2.69042968750000e-01 7.23841190338135e-02
791 2.97851562500000e-01 8.87155532836914e-02
792 3.41308593750000e-01 1.16491556167603e-01
793 3.97949218750000e-01 1.58363580703735e-01
794 4.06738281250000e-01 1.65436029434204e-01
795 4.01367187500000e-01 1.61095619201660e-01
796 4.17968750000000e-01 1.74697875976562e-01
797 5.02929687500000e-01 2.52938270568848e-01
798 5.26855468750000e-01 2.77576684951782e-01
799 5.33203125000000e-01 2.84305572509766e-01
800 5.19531250000000e-01 2.69912719726562e-01
801 4.91699218750000e-01 2.41768121719360e-01
802 5.09277343750000e-01 2.59363412857056e-01
803 4.73632812500000e-01 2.24328041076660e-01
804 4.80957031250000e-01 2.31319665908813e-01
805 5.58593750000000e-01 3.12026977539062e-01
806 5.28320312500000e-01 2.79122352600098e-01
807 5.57128906250000e-01 3.10392618179321e-01
808 5.66406250000000e-01 3.20816040039062e-01
809 5.64941406250000e-01 3.19158792495728e-01
810 4.32617187500000e-01 1.87157630920410e-01
811 4.90234375000000e-01 2.40329742431641e-01
812 4.85351562500000e-01 2.35566139221191e-01
813 5.29785156250000e-01 2.80672311782837e-01
814 5.04394531250000e-01 2.54413843154907e-01
815 4.62890625000000e-01 2.14267730712891e-01
816 4.81445312500000e-01 2.31789588928223e-01
817 4.76562500000000e-01 2.27111816406250e-01
818 4.65820312500000e-01 2.16988563537598e-01
819 4.38964843750000e-01 1.92690134048462e-01
820 4.15039062500000e-01 1.72257423400879e-01
821 4.94140625000000e-01 2.44174957275391e-01
822 5.58105468750000e-01 3.11481714248657e-01
823 5.55664062500000e-01 3.08762550354004e-01
824 5.55664062500000e-01 3.08762550354004e-01
825 5.73242187500000e-01 3.28606605529785e-01
826 5.34179687500000e-01 2.85347938537598e-01
827 4.49218750000000e-01 2.01797485351562e-01
828 3.61816406250000e-01 1.30911111831665e-01
829 3.62304687500000e-01 1.31264686584473e-01
830 3.74511718750000e-01 1.40259027481079e-01
831 3.80859375000000e-01 1.45053863525391e-01
832 4.18457031250000e-01 1.75106287002563e-01
833 4.57519531250000e-01 2.09324121475220e-01
834 4.05761718750000e-01 1.64642572402954e-01
835 4.61914062500000e-01 2.13364601135254e-01
836 5.05859375000000e-01 2.55893707275391e-01
837 5.39062500000000e-01 2.90588378906250e-01
838 5.48828125000000e-01 3.01212310791016e-01
839 5.54199218750000e-01 3.07136774063110e-01
840 5.91796875000000e-01 3.50223541259766e-01
841 5.17089843750000e-01 2.67381906509399e-01
842 5.09765625000000e-01 2.59860992431641e-01
843 4.37988281250000e-01 1.91833734512329e-01
844 4.57031250000000e-01 2.08877563476562e-01
845 5.08300781250000e-01 2.58369684219360e-01
846 5.35644531250000e-01 2.86915063858032e-01
847 5.46875000000000e-01 2.99072265625000e-01
848 4.95605468750000e-01 2.45624780654907e-01
849 4.66796875000000e-01 2.17899322509766e-01
850 4.37988281250000e-01 1.91833734512329e-01
851 4.76074218750000e-01 2.26646661758423e-01
852 4.53125000000000e-01 2.05322265625000e-01
853 4.95117187500000e-01 2.45141029357910e-01
854 4.68261718750000e-01 2.19269037246704e-01
855 4.63378906250000e-01 2.14720010757446e-01
856 4.70703125000000e-01 2.21561431884766e-01
857 4.69726562500000e-01 2.20643043518066e-01
858 3.96972656250000e-01 1.57587289810181e-01
859 4.28710937500000e-01 1.83793067932129e-01
860 3.99902343750000e-01 1.59921884536743e-01
861 4.12597656250000e-01 1.70236825942993e-01
862 4.06738281250000e-01 1.65436029434204e-01
863 4.77539062500000e-01 2.28043556213379e-01
864 4.40429687500000e-01 1.93978309631348e-01
865 4.16503906250000e-01 1.73475503921509e-01
866 4.97070312500000e-01 2.47078895568848e-01
867 4.87304687500000e-01 2.37465858459473e-01
868 4.67773437500000e-01 2.18811988830566e-01
869 4.42871093750000e-01 1.96134805679321e-01
870 4.68750000000000e-01 2.19726562500000e-01
871 4.52636718750000e-01 2.04879999160767e-01
872 4.83398437500000e-01 2.33674049377441e-01
873 5.14160156250000e-01 2.64360666275024e-01
874 5.92285156250000e-01 3.50801706314087e-01
875 5.77636718750000e-01 3.33664178848267e-01
876 5.84960937500000e-01 3.42179298400879e-01
877 5.96191406250000e-01 3.55444192886353e-01
878 5.81054687500000e-01 3.37624549865723e-01
879 5.83496093750000e-01 3.40467691421509e-01
880 6.05468750000000e-01 3.66592407226562e-01
881 5.88378906250000e-01 3.46189737319946e-01
882 6.03027343750000e-01 3.63641977310181e-01
883 6.67968750000000e-01 4.46182250976562e-01
884 6.92871093750000e-01 4.80070352554321e-01
885 7.38281250000000e-01 5.45059204101562e-01
886 7.08984375000000e-01 5.02658843994141e-01
887 6.93847656250000e-01 4.81424570083618e-01
888 6.72851562500000e-01 4.52729225158691e-01
889 6.44531250000000e-01 4.15420532226562e-01
890 6.39648437500000e-01 4.09150123596191e-01
891 6.50878906250000e-01 4.23643350601196e-01
892 5.79101562500000e-01 3.35358619689941e-01
893 5.67382812500000e-01 3.21923255920410e-01
894 6.22070312500000e-01 3.86971473693848e-01
895 6.15234375000000e-01 3.78513336181641e-01
896 6.03515625000000e-01 3.64231109619141e-01
897 5.76660156250000e-01 3.32536935806274e-01
898 6.18652343750000e-01 3.82730722427368e-01
899 6.01562500000000e-01 3.61877441406250e-01
900 6.12304687500000e-01 3.74917030334473e-01
901 5.98144531250000e-01 3.57776880264282e-01
902 5.04394531250000e-01 2.54413843154907e-01
903 6.01074218750000e-01 3.61290216445923e-01
904 5.62988281250000e-01 3.16955804824829e-01
905 6.02539062500000e-01 3.63053321838379e-01
906 5.82519531250000e-01 3.39329004287720e-01
907 5.32226562500000e-01 2.83265113830566e-01
908 5.43457031250000e-01 2.95345544815063e-01
909 5.45410156250000e-01 2.97472238540649e-01
910 5.77148437500000e-01 3.33100318908691e-01
911 6.00585937500000e-01 3.60703468322754e-01
912 6.10351562500000e-01 3.72529029846191e-01
913 6.11328125000000e-01 3.73722076416016e-01
914 6.41113281250000e-01 4.11026239395142e-01
915 7.01171875000000e-01 4.91641998291016e-01
916 7.38281250000000e-01 5.45059204101562e-01
917 7.41210937500000e-01 5.49393653869629e-01
918 7.64648437500000e-01 5.84687232971191e-01
919 7.55859375000000e-01 5.71323394775391e-01
920 7.30957031250000e-01 5.34298181533813e-01
921 7.57324218750000e-01 5.73539972305298e-01
922 7.23144531250000e-01 5.22938013076782e-01
923 7.29003906250000e-01 5.31446695327759e-01
924 6.66503906250000e-01 4.44227457046509e-01
925 7.05566406250000e-01 4.97823953628540e-01
926 6.25488281250000e-01 3.91235589981079e-01
927 6.11328125000000e-01 3.73722076416016e-01
928 6.41113281250000e-01 4.11026239395142e-01
929 6.84082031250000e-01 4.67968225479126e-01
930 6.34765625000000e-01 4.02927398681641e-01
931 6.63574218750000e-01 4.40330743789673e-01
932 6.58203125000000e-01 4.33231353759766e-01
933 6.99218750000000e-01 4.88906860351562e-01
934 7.17773437500000e-01 5.15198707580566e-01
935 6.93847656250000e-01 4.81424570083618e-01
936 6.75292968750000e-01 4.56020593643188e-01
937 6.34765625000000e-01 4.02927398681641e-01
938 6.05957031250000e-01 3.67183923721313e-01
939 6.13281250000000e-01 3.76113891601562e-01
940 5.81542968750000e-01 3.38192224502563e-01
941 5.86425781250000e-01 3.43895196914673e-01
942 6.00585937500000e-01 3.60703468322754e-01
943 6.01074218750000e-01 3.61290216445923e-01
944 5.85449218750000e-01 3.42750787734985e-01
945 5.74707031250000e-01 3.30288171768188e-01
946 5.46386718750000e-01 2.98538446426392e-01
947 5.40039062500000e-01 2.91642189025879e-01
948 5.26367187500000e-01 2.77062416076660e-01
949 5.08789062500000e-01 2.58866310119629e-01
950 5.62988281250000e-01 3.16955804824829e-01
951 5.62011718750000e-01 3.15857172012329e-01
952 6.84570312500000e-01 4.68636512756348e-01
953 7.02636718750000e-01 4.93698358535767e-01
954 7.36816406250000e-01 5.42898416519165e-01
955 7.48046875000000e-01 5.59574127197266e-01
956 7.52441406250000e-01 5.66168069839478e-01
957 7.26562500000000e-01 5.27893066406250e-01
958 6.79687500000000e-01 4.61975097656250e-01
959 6.59179687500000e-01 4.34517860412598e-01
960 6.64550781250000e-01 4.41627740859985e-01
961 7.51953125000000e-01 5.65433502197266e-01
962 7.21679687500000e-01 5.20821571350098e-01
963 6.48925781250000e-01 4.21104669570923e-01
964 6.56738281250000e-01 4.31305170059204e-01
965 6.41601562500000e-01 4.11652565002441e-01
966 6.42578125000000e-01 4.12906646728516e-01
967 5.62500000000000e-01 3.16406250000000e-01
968 5.74707031250000e-01 3.30288171768188e-01
969 6.02050781250000e-01 3.62465143203735e-01
970 6.14746093750000e-01 3.77912759780884e-01
971 6.14746093750000e-01 3.77912759780884e-01
972 6.13281250000000e-01 3.76113891601562e-01
973 6.54785156250000e-01 4.28743600845337e-01
974 6.32812500000000e-01 4.00451660156250e-01
975 5.82519531250000e-01 3.39329004287720e-01
976 6.28417968750000e-01 3.94909143447876e-01
977 5.87890625000000e-01 3.45615386962891e-01
978 6.04003906250000e-01 3.64820718765259e-01
979 6.30371093750000e-01 3.97367715835571e-01
980 6.36718750000000e-01 4.05410766601562e-01
981 6.29394531250000e-01 3.96137475967407e-01
982 6.08886718750000e-01 3.70743036270142e-01
983 6.75781250000000e-01 4.56680297851562e-01
984 6.68457031250000e-01 4.46834802627563e-01
985 6.94824218750000e-01 4.82780694961548e-01
986 7.22167968750000e-01 5.21526575088501e-01
987 7.06542968750000e-01 4.99202966690063e-01
988 6.67480468750000e-01 4.45530176162720e-01
989 6.14257812500000e-01 3.77312660217285e-01
990 6.44042968750000e-01 4.14791345596313e-01
991 6.33300781250000e-01 4.01069879531860e-01
992 7.23632812500000e-01 5.23644447326660e-01
993 7.72460937500000e-01 5.96695899963379e-01
994 6.89453125000000e-01 4.75345611572266e-01
995 6.75292968750000e-01 4.56020593643188e-01
996 6.34765625000000e-01 4.02927398681641e-01
997 6.44531250000000e-01 4.15420532226562e-01
998 6.11328125000000e-01 3.73722076416016e-01
999 5.86425781250000e-01 3.43895196914673e-01
