0 6.65527343750000e-01 4.42926645278931e-01
1 6.45019531250000e-01 4.16050195693970e-01
2 6.09863281250000e-01 3.71933221817017e-01
3 6.29882812500000e-01 3.96752357482910e-01
4 6.44042968750000e-01 4.14791345596313e-01
5 6.20605468750000e-01 3.85151147842407e-01
6 5.87890625000000e-01 3.45615386962891e-01
7 6.35742187500000e-01 4.04168128967285e-01
8 6.40136718750000e-01 4.09775018692017e-01
9 6.04980468750000e-01 3.66001367568970e-01
10 6.48925781250000e-01 4.21104669570923e-01
11 6.91894531250000e-01 4.78718042373657e-01
12 6.82617187500000e-01 4.65966224670410e-01
13 6.41601562500000e-01 4.11652565002441e-01
14 6.42578125000000e-01 4.12906646728516e-01
15 6.43066406250000e-01 4.13534402847290e-01
16 6.54785156250000e-01 4.28743600845337e-01
17 6.09375000000000e-01 3.71337890625000e-01
18 5.67871093750000e-01 3.22477579116821e-01
19 5.80078125000000e-01 3.36490631103516e-01
20 5.55664062500000e-01 3.08762550354004e-01
21 5.67382812500000e-01 3.21923255920410e-01
22 6.00097656250000e-01 3.60117197036743e-01
23 6.25488281250000e-01 3.91235589981079e-01
24 6.03027343750000e-01 3.63641977310181e-01
25 6.53320312500000e-01 4.26827430725098e-01
26 6.88964843750000e-01 4.74672555923462e-01
27 7.19726562500000e-01 5.18006324768066e-01
28 7.34375000000000e-01 5.39306640625000e-01
29 7.58789062500000e-01 5.75760841369629e-01
30 7.50976562500000e-01 5.63965797424316e-01
31 7.27050781250000e-01 5.28602838516235e-01
32 7.62695312500000e-01 5.81704139709473e-01
33 7.46582031250000e-01 5.57384729385376e-01
34 7.55859375000000e-01 5.71323394775391e-01
35 7.04101562500000e-01 4.95759010314941e-01
36 7.14843750000000e-01 5.11001586914062e-01
37 6.64550781250000e-01 4.41627740859985e-01
38 6.63085937500000e-01 4.39682960510254e-01
39 6.78710937500000e-01 4.60648536682129e-01
40 6.10839843750000e-01 3.73125314712524e-01
41 6.46972656250000e-01 4.18573617935181e-01
42 6.25976562500000e-01 3.91846656799316e-01
43 5.42968750000000e-01 2.94815063476562e-01
44 5.30761718750000e-01 2.81708002090454e-01
45 5.30273437500000e-01 2.81189918518066e-01
46 4.81445312500000e-01 2.31789588928223e-01
47 4.88769531250000e-01 2.38895654678345e-01
48 5.08300781250000e-01 2.58369684219360e-01
49 5.39550781250000e-01 2.91115045547485e-01
50 5.74707031250000e-01 3.30288171768188e-01
51 5.61035156250000e-01 3.14760446548462e-01
52 4.63378906250000e-01 2.14720010757446e-01
53 4.76074218750000e-01 2.26646661758423e-01
54 4.73144531250000e-01 2.23865747451782e-01
55 4.29687500000000e-01 1.84631347656250e-01
56 4.32128906250000e-01 1.86735391616821e-01
57 4.47753906250000e-01 2.00483560562134e-01
58 5.22949218750000e-01 2.73475885391235e-01
59 5.38574218750000e-01 2.90062189102173e-01
60 4.60449218750000e-01 2.12013483047485e-01
61 5.25878906250000e-01 2.76548624038696e-01
62 4.98535156250000e-01 2.48537302017212e-01
63 4.17480468750000e-01 1.74289941787720e-01
64 4.21386718750000e-01 1.77566766738892e-01
65 3.93554687500000e-01 1.54885292053223e-01
66 4.04785156250000e-01 1.63851022720337e-01
67 3.56445312500000e-01 1.27053260803223e-01
68 3.67187500000000e-01 1.34826660156250e-01
69 3.90625000000000e-01 1.52587890625000e-01
70 4.44335937500000e-01 1.97434425354004e-01
71 3.93066406250000e-01 1.54501199722290e-01
72 4.25292968750000e-01 1.80874109268188e-01
73 4.08203125000000e-01 1.66629791259766e-01
74 4.20410156250000e-01 1.76744699478149e-01
75 3.45214843750000e-01 1.19173288345337e-01
76 3.27148437500000e-01 1.07026100158691e-01
77 3.42285156250000e-01 1.17159128189087e-01
78 4.05761718750000e-01 1.64642572402954e-01
79 3.65722656250000e-01 1.33753061294556e-01
80 2.77832031250000e-01 7.71906375885010e-02
81 3.47167968750000e-01 1.20525598526001e-01
82 3.30078125000000e-01 1.08951568603516e-01
83 3.33007812500000e-01 1.10894203186035e-01
84 3.22265625000000e-01 1.03855133056641e-01
85 3.60351562500000e-01 1.29853248596191e-01
86 3.79394531250000e-01 1.43940210342407e-01
87 3.60839843750000e-01 1.30205392837524e-01
88 4.45800781250000e-01 1.98738336563110e-01
89 4.86328125000000e-01 2.36515045166016e-01
90 5.18554687500000e-01 2.68898963928223e-01
91 4.86816406250000e-01 2.36990213394165e-01
92 4.59960937500000e-01 2.11564064025879e-01
93 4.11621093750000e-01 1.69431924819946e-01
94 4.40429687500000e-01 1.93978309631348e-01
95 3.95996093750000e-01 1.56812906265259e-01
96 3.66699218750000e-01 1.34468317031860e-01
97 3.70605468750000e-01 1.37348413467407e-01
98 4.42382812500000e-01 1.95702552795410e-01
99 4.34570312500000e-01 1.88851356506348e-01
100 3.88183593750000e-01 1.50686502456665e-01
101 3.95019531250000e-01 1.56040430068970e-01
102 4.42382812500000e-01 1.95702552795410e-01
103 4.28710937500000e-01 1.83793067932129e-01
104 4.43359375000000e-01 1.96567535400391e-01
105 3.82812500000000e-01 1.46545410156250e-01
106 4.04785156250000e-01 1.63851022720337e-01
107 4.74609375000000e-01 2.25254058837891e-01
108 4.40429687500000e-01 1.93978309631348e-01
109 4.56054687500000e-01 2.07985877990723e-01
110 3.78417968750000e-01 1.43200159072876e-01
111 3.95996093750000e-01 1.56812906265259e-01
112 4.30664062500000e-01 1.85471534729004e-01
113 4.01367187500000e-01 1.61095619201660e-01
114 3.66699218750000e-01 1.34468317031860e-01
115 2.60742187500000e-01 6.79864883422852e-02
116 2.60253906250000e-01 6.77320957183838e-02
117 2.02148437500000e-01 4.08639907836914e-02
118 2.09472656250000e-01 4.38787937164307e-02
119 2.16796875000000e-01 4.70008850097656e-02
120 2.37792968750000e-01 5.65454959869385e-02
121 1.95800781250000e-01 3.83379459381104e-02
122 2.70019531250000e-01 7.29105472564697e-02
123 2.69531250000000e-01 7.26470947265625e-02
124 1.97265625000000e-01 3.89137268066406e-02
125 2.28515625000000e-01 5.22193908691406e-02
126 2.13378906250000e-01 4.55305576324463e-02
127 2.49023437500000e-01 6.20126724243164e-02
128 2.07031250000000e-01 4.28619384765625e-02
129 1.97265625000000e-01 3.89137268066406e-02
130 2.17773437500000e-01 4.74252700805664e-02
131 2.06542968750000e-01 4.26599979400635e-02
132 2.55371093750000e-01 6.52143955230713e-02
133 3.25683593750000e-01 1.06069803237915e-01
134 3.23242187500000e-01 1.04485511779785e-01
135 1.77246093750000e-01 3.14161777496338e-02
136 1.56738281250000e-01 2.45668888092041e-02
137 2.07519531250000e-01 4.30643558502197e-02
138 2.43164062500000e-01 5.91287612915039e-02
139 1.94824218750000e-01 3.79564762115479e-02
140 1.71875000000000e-01 2.95410156250000e-02
141 2.04101562500000e-01 4.16574478149414e-02
142 2.99316406250000e-01 8.95903110504150e-02
143 3.50097656250000e-01 1.22568368911743e-01
144 3.57910156250000e-01 1.28099679946899e-01
145 3.56445312500000e-01 1.27053260803223e-01
146 4.80468750000000e-01 2.30850219726562e-01
147 5.33203125000000e-01 2.84305572509766e-01
148 5.33691406250000e-01 2.84826517105103e-01
149 5.48339843750000e-01 3.00676584243774e-01
150 5.73242187500000e-01 3.28606605529785e-01
151 5.33691406250000e-01 2.84826517105103e-01
152 5.54687500000000e-01 3.07678222656250e-01
153 6.08398437500000e-01 3.70148658752441e-01
154 6.08398437500000e-01 3.70148658752441e-01
155 5.33203125000000e-01 2.84305572509766e-01
156 5.45898437500000e-01 2.98005104064941e-01
157 5.41992187500000e-01 2.93755531311035e-01
158 5.62011718750000e-01 3.15857172012329e-01
159 5.40039062500000e-01 2.91642189025879e-01
160 6.01074218750000e-01 3.61290216445923e-01
161 5.98632812500000e-01 3.58361244201660e-01
162 5.95214843750000e-01 3.54280710220337e-01
163 5.38574218750000e-01 2.90062189102173e-01
164 5.10742187500000e-01 2.60857582092285e-01
165 4.99023437500000e-01 2.49024391174316e-01
166 5.04882812500000e-01 2.54906654357910e-01
167 5.28320312500000e-01 2.79122352600098e-01
168 5.58593750000000e-01 3.12026977539062e-01
169 5.34667968750000e-01 2.85869836807251e-01
170 5.04394531250000e-01 2.54413843154907e-01
171 5.50781250000000e-01 3.03359985351562e-01
172 5.22949218750000e-01 2.73475885391235e-01
173 5.32714843750000e-01 2.83785104751587e-01
174 5.08300781250000e-01 2.58369684219360e-01
175 5.41503906250000e-01 2.93226480484009e-01
176 4.75097656250000e-01 2.25717782974243e-01
177 4.92675781250000e-01 2.42729425430298e-01
178 4.73144531250000e-01 2.23865747451782e-01
179 4.70214843750000e-01 2.21101999282837e-01
180 4.17480468750000e-01 1.74289941787720e-01
181 4.45800781250000e-01 1.98738336563110e-01
182 4.70214843750000e-01 2.21101999282837e-01
183 5.05859375000000e-01 2.55893707275391e-01
184 5.15136718750000e-01 2.65365839004517e-01
185 4.76562500000000e-01 2.27111816406250e-01
186 4.88281250000000e-01 2.38418579101562e-01
187 5.28320312500000e-01 2.79122352600098e-01
188 5.35644531250000e-01 2.86915063858032e-01
189 5.83007812500000e-01 3.39898109436035e-01
190 5.81542968750000e-01 3.38192224502563e-01
191 5.93750000000000e-01 3.52539062500000e-01
192 6.69433593750000e-01 4.48141336441040e-01
193 6.15234375000000e-01 3.78513336181641e-01
194 5.96191406250000e-01 3.55444192886353e-01
195 5.58593750000000e-01 3.12026977539062e-01
196 5.30273437500000e-01 2.81189918518066e-01
197 5.50781250000000e-01 3.03359985351562e-01
198 5.18066406250000e-01 2.68392801284790e-01
199 4.90722656250000e-01 2.40808725357056e-01
200 5.33691406250000e-01 2.84826517105103e-01
201 5.58593750000000e-01 3.12026977539062e-01
202 4.88769531250000e-01 2.38895654678345e-01
203 5.75195312500000e-01 3.30849647521973e-01
204 5.62500000000000e-01 3.16406250000000e-01
205 5.48828125000000e-01 3.01212310791016e-01
206 5.90332031250000e-01 3.48491907119751e-01
207 6.44042968750000e-01 4.14791345596313e-01
208 6.34765625000000e-01 4.02927398681641e-01
209 6.38183593750000e-01 4.07278299331665e-01
210 5.90820312500000e-01 3.49068641662598e-01
211 5.86914062500000e-01 3.44468116760254e-01
212 6.55273437500000e-01 4.29383277893066e-01
213 6.65527343750000e-01 4.42926645278931e-01
214 6.65527343750000e-01 4.42926645278931e-01
215 6.80664062500000e-01 4.63303565979004e-01
216 7.06054687500000e-01 4.98513221740723e-01
217 7.57324218750000e-01 5.73539972305298e-01
218 7.10937500000000e-01 5.05432128906250e-01
219 7.29492187500000e-01 5.32158851623535e-01
220 7.65136718750000e-01 5.85434198379517e-01
221 7.87597656250000e-01 6.20310068130493e-01
222 7.29980468750000e-01 5.32871484756470e-01
223 7.42675781250000e-01 5.51567316055298e-01
224 7.75390625000000e-01 6.01230621337891e-01
225 7.59765625000000e-01 5.77243804931641e-01
226 7.44140625000000e-01 5.53745269775391e-01
227 6.61621093750000e-01 4.37742471694946e-01
228 6.42089843750000e-01 4.12279367446899e-01
229 6.83593750000000e-01 4.67300415039062e-01
230 6.99707031250000e-01 4.89589929580688e-01
231 6.64550781250000e-01 4.41627740859985e-01
232 6.78710937500000e-01 4.60648536682129e-01
233 6.02539062500000e-01 3.63053321838379e-01
234 6.02539062500000e-01 3.63053321838379e-01
235 5.52246093750000e-01 3.04975748062134e-01
236 6.29882812500000e-01 3.96752357482910e-01
237 7.08984375000000e-01 5.02658843994141e-01
238 7.42675781250000e-01 5.51567316055298e-01
239 7.14355468750000e-01 5.10303735733032e-01
240 7.29003906250000e-01 5.31446695327759e-01
241 7.31445312500000e-01 5.35012245178223e-01
242 7.18750000000000e-01 5.16601562500000e-01
243 6.19140625000000e-01 3.83335113525391e-01
244 6.15234375000000e-01 3.78513336181641e-01
245 5.82031250000000e-01 3.38760375976562e-01
246 5.41015625000000e-01 2.92697906494141e-01
247 6.09375000000000e-01 3.71337890625000e-01
248 5.40527343750000e-01 2.92169809341431e-01
249 5.44433593750000e-01 2.96407938003540e-01
250 6.01562500000000e-01 3.61877441406250e-01
251 6.02539062500000e-01 3.63053321838379e-01
252 5.70312500000000e-01 3.25256347656250e-01
253 5.17578125000000e-01 2.67887115478516e-01
254 5.43945312500000e-01 2.95876502990723e-01
255 5.73730468750000e-01 3.29166650772095e-01
256 5.87890625000000e-01 3.45615386962891e-01
257 5.75195312500000e-01 3.30849647521973e-01
258 5.99609375000000e-01 3.59531402587891e-01
259 6.27441406250000e-01 3.93682718276978e-01
260 6.37695312500000e-01 4.06655311584473e-01
261 7.08984375000000e-01 5.02658843994141e-01
262 7.12402343750000e-01 5.07517099380493e-01
263 6.10839843750000e-01 3.73125314712524e-01
264 5.99609375000000e-01 3.59531402587891e-01
265 6.07421875000000e-01 3.68961334228516e-01
266 6.29394531250000e-01 3.96137475967407e-01
267 5.95703125000000e-01 3.54862213134766e-01
268 5.83496093750000e-01 3.40467691421509e-01
269 6.06445312500000e-01 3.67775917053223e-01
270 6.31835937500000e-01 3.99216651916504e-01
271 6.76269531250000e-01 4.57340478897095e-01
272 6.26953125000000e-01 3.93070220947266e-01
273 6.56738281250000e-01 4.31305170059204e-01
274 6.53808593750000e-01 4.27465677261353e-01
275 6.81640625000000e-01 4.64633941650391e-01
276 6.02539062500000e-01 3.63053321838379e-01
277 6.66015625000000e-01 4.43576812744141e-01
278 6.26953125000000e-01 3.93070220947266e-01
279 7.05566406250000e-01 4.97823953628540e-01
280 7.06054687500000e-01 4.98513221740723e-01
281 7.30957031250000e-01 5.34298181533813e-01
282 7.64648437500000e-01 5.84687232971191e-01
283 7.68066406250000e-01 5.89926004409790e-01
284 7.73925781250000e-01 5.98961114883423e-01
285 7.27539062500000e-01 5.29313087463379e-01
286 6.81640625000000e-01 4.64633941650391e-01
287 5.88867187500000e-01 3.46764564514160e-01
288 6.26953125000000e-01 3.93070220947266e-01
289 5.49316406250000e-01 3.01748514175415e-01
290 5.41992187500000e-01 2.93755531311035e-01
291 5.99121093750000e-01 3.58946084976196e-01
292 6.20605468750000e-01 3.85151147842407e-01
293 6.60156250000000e-01 4.35806274414062e-01
294 6.58203125000000e-01 4.33231353759766e-01
295 7.22167968750000e-01 5.21526575088501e-01
296 6.86523437500000e-01 4.71314430236816e-01
297 7.15332031250000e-01 5.11699914932251e-01
298 7.58300781250000e-01 5.75020074844360e-01
299 7.03125000000000e-01 4.94384765625000e-01
300 6.61132812500000e-01 4.37096595764160e-01
301 6.41113281250000e-01 4.11026239395142e-01
302 6.16210937500000e-01 3.79715919494629e-01
303 6.45019531250000e-01 4.16050195693970e-01
304 6.23535156250000e-01 3.88796091079712e-01
305 6.82128906250000e-01 4.65299844741821e-01
306 6.75292968750000e-01 4.56020593643188e-01
307 6.76757812500000e-01 4.58001136779785e-01
308 7.10449218750000e-01 5.04738092422485e-01
309 7.10449218750000e-01 5.04738092422485e-01
310 6.64062500000000e-01 4.40979003906250e-01
311 6.35742187500000e-01 4.04168128967285e-01
312 6.79687500000000e-01 4.61975097656250e-01
313 6.77246093750000e-01 4.58662271499634e-01
314 6.59667968750000e-01 4.35161828994751e-01
315 6.52343750000000e-01 4.25552368164062e-01
316 6.53320312500000e-01 4.26827430725098e-01
317 6.64062500000000e-01 4.40979003906250e-01
318 6.67968750000000e-01 4.46182250976562e-01
319 7.20703125000000e-01 5.19412994384766e-01
320 6.99707031250000e-01 4.89589929580688e-01
321 7.24609375000000e-01 5.25058746337891e-01
322 6.78710937500000e-01 4.60648536682129e-01
323 6.43554687500000e-01 4.14162635803223e-01
324 6.21093750000000e-01 3.85757446289062e-01
325 6.12792968750000e-01 3.75515222549438e-01
326 6.05468750000000e-01 3.66592407226562e-01
327 6.52343750000000e-01 4.25552368164062e-01
328 6.58203125000000e-01 4.33231353759766e-01
329 6.34277343750000e-01 4.02307748794556e-01
330 6.09375000000000e-01 3.71337890625000e-01
331 5.69335937500000e-01 3.24143409729004e-01
332 5.84960937500000e-01 3.42179298400879e-01
333 5.29296875000000e-01 2.80155181884766e-01
334 5.37597656250000e-01 2.89011240005493e-01
335 6.18652343750000e-01 3.82730722427368e-01
336 6.82617187500000e-01 4.65966224670410e-01
337 6.66992187500000e-01 4.44878578186035e-01
338 6.75292968750000e-01 4.56020593643188e-01
339 6.50878906250000e-01 4.23643350601196e-01
340 6.60156250000000e-01 4.35806274414062e-01
341 6.30859375000000e-01 3.97983551025391e-01
342 5.96191406250000e-01 3.55444192886353e-01
343 5.95703125000000e-01 3.54862213134766e-01
344 5.96679687500000e-01 3.56026649475098e-01
345 6.86035156250000e-01 4.70644235610962e-01
346 6.98242187500000e-01 4.87542152404785e-01
347 6.38183593750000e-01 4.07278299331665e-01
348 6.09863281250000e-01 3.71933221817017e-01
349 5.53222656250000e-01 3.06055307388306e-01
350 5.83496093750000e-01 3.40467691421509e-01
351 5.67871093750000e-01 3.22477579116821e-01
352 6.18164062500000e-01 3.82126808166504e-01
353 5.66894531250000e-01 3.21369409561157e-01
354 6.22070312500000e-01 3.86971473693848e-01
355 6.62597656250000e-01 4.39035654067993e-01
356 7.20214843750000e-01 5.18709421157837e-01
357 7.27050781250000e-01 5.28602838516235e-01
358 7.44140625000000e-01 5.53745269775391e-01
359 7.20214843750000e-01 5.18709421157837e-01
360 6.65527343750000e-01 4.42926645278931e-01
361 6.79199218750000e-01 4.61311578750610e-01
362 6.52343750000000e-01 4.25552368164062e-01
363 6.23046875000000e-01 3.88187408447266e-01
364 6.96289062500000e-01 4.84818458557129e-01
365 7.00195312500000e-01 4.90273475646973e-01
366 7.13378906250000e-01 5.08909463882446e-01
367 7.01171875000000e-01 4.91641998291016e-01
368 7.11914062500000e-01 5.06821632385254e-01
369 7.21191406250000e-01 5.20117044448853e-01
370 7.17285156250000e-01 5.14497995376587e-01
371 6.86035156250000e-01 4.70644235610962e-01
372 6.65527343750000e-01 4.42926645278931e-01
373 6.15722656250000e-01 3.79114389419556e-01
374 5.95214843750000e-01 3.54280710220337e-01
375 5.99609375000000e-01 3.59531402587891e-01
376 5.72753906250000e-01 3.28047037124634e-01
377 5.80566406250000e-01 3.37057352066040e-01
378 6.48925781250000e-01 4.21104669570923e-01
379 6.41601562500000e-01 4.11652565002441e-01
380 6.70410156250000e-01 4.49449777603149e-01
381 6.64550781250000e-01 4.41627740859985e-01
382 6.73339843750000e-01 4.53386545181274e-01
383 6.95800781250000e-01 4.84138727188110e-01
384 6.56738281250000e-01 4.31305170059204e-01
385 6.66503906250000e-01 4.44227457046509e-01
386 6.72363281250000e-01 4.52072381973267e-01
387 6.54785156250000e-01 4.28743600845337e-01
388 6.67480468750000e-01 4.45530176162720e-01
389 6.50390625000000e-01 4.23007965087891e-01
390 6.41601562500000e-01 4.11652565002441e-01
391 6.78222656250000e-01 4.59985971450806e-01
392 6.79199218750000e-01 4.61311578750610e-01
393 6.94335937500000e-01 4.82102394104004e-01
394 7.23632812500000e-01 5.23644447326660e-01
395 7.31445312500000e-01 5.35012245178223e-01
396 6.95312500000000e-01 4.83459472656250e-01
397 6.46972656250000e-01 4.18573617935181e-01
398 6.18164062500000e-01 3.82126808166504e-01
399 6.28906250000000e-01 3.95523071289062e-01
400 6.08886718750000e-01 3.70743036270142e-01
401 6.78710937500000e-01 4.60648536682129e-01
402 6.87500000000000e-01 4.72656250000000e-01
403 7.22656250000000e-01 5.22232055664062e-01
404 7.29492187500000e-01 5.32158851623535e-01
405 7.35351562500000e-01 5.40741920471191e-01
406 6.72363281250000e-01 4.52072381973267e-01
407 7.14355468750000e-01 5.10303735733032e-01
408 7.17773437500000e-01 5.15198707580566e-01
409 7.35839843750000e-01 5.41460275650024e-01
410 7.15332031250000e-01 5.11699914932251e-01
411 6.48437500000000e-01 4.20471191406250e-01
412 6.25976562500000e-01 3.91846656799316e-01
413 6.17187500000000e-01 3.80920410156250e-01
414 6.19140625000000e-01 3.83335113525391e-01
415 6.22070312500000e-01 3.86971473693848e-01
416 6.06445312500000e-01 3.67775917053223e-01
417 6.15234375000000e-01 3.78513336181641e-01
418 5.53222656250000e-01 3.06055307388306e-01
419 4.96582031250000e-01 2.46593713760376e-01
420 4.25781250000000e-01 1.81289672851562e-01
421 4.75097656250000e-01 2.25717782974243e-01
422 5.38085937500000e-01 2.89536476135254e-01
423 5.97656250000000e-01 3.57192993164062e-01
424 5.15136718750000e-01 2.65365839004517e-01
425 5.20019531250000e-01 2.70420312881470e-01
426 4.53125000000000e-01 2.05322265625000e-01
427 4.66308593750000e-01 2.17443704605103e-01
428 4.63378906250000e-01 2.14720010757446e-01
429 4.78027343750000e-01 2.28510141372681e-01
430 4.82910156250000e-01 2.33202219009399e-01
431 5.04882812500000e-01 2.54906654357910e-01
432 5.27343750000000e-01 2.78091430664062e-01
433 5.82031250000000e-01 3.38760375976562e-01
434 6.21093750000000e-01 3.85757446289062e-01
435 5.73730468750000e-01 3.29166650772095e-01
436 6.03027343750000e-01 3.63641977310181e-01
437 6.23535156250000e-01 3.88796091079712e-01
438 6.15722656250000e-01 3.79114389419556e-01
439 6.47949218750000e-01 4.19838190078735e-01
440 6.37207031250000e-01 4.06032800674438e-01
441 6.23535156250000e-01 3.88796091079712e-01
442 6.11816406250000e-01 3.74319314956665e-01
443 6.26953125000000e-01 3.93070220947266e-01
444 5.67871093750000e-01 3.22477579116821e-01
445 6.00097656250000e-01 3.60117197036743e-01
446 5.62011718750000e-01 3.15857172012329e-01
447 5.86914062500000e-01 3.44468116760254e-01
448 5.98144531250000e-01 3.57776880264282e-01
449 5.75683593750000e-01 3.31411600112915e-01
450 5.62988281250000e-01 3.16955804824829e-01
451 5.52734375000000e-01 3.05515289306641e-01
452 5.79589843750000e-01 3.35924386978149e-01
453 5.91308593750000e-01 3.49645853042603e-01
454 5.73242187500000e-01 3.28606605529785e-01
455 5.69335937500000e-01 3.24143409729004e-01
456 4.67773437500000e-01 2.18811988830566e-01
457 4.73632812500000e-01 2.24328041076660e-01
458 4.55566406250000e-01 2.07540750503540e-01
459 5.03417968750000e-01 2.53429651260376e-01
460 4.53125000000000e-01 2.05322265625000e-01
461 5.15625000000000e-01 2.65869140625000e-01
462 5.74218750000000e-01 3.29727172851562e-01
463 6.30371093750000e-01 3.97367715835571e-01
464 5.82519531250000e-01 3.39329004287720e-01
465 5.31250000000000e-01 2.82226562500000e-01
466 5.71777343750000e-01 3.26929330825806e-01
467 4.76562500000000e-01 2.27111816406250e-01
468 4.85351562500000e-01 2.35566139221191e-01
469 5.53222656250000e-01 3.06055307388306e-01
470 5.40039062500000e-01 2.91642189025879e-01
471 4.96582031250000e-01 2.46593713760376e-01
472 4.77539062500000e-01 2.28043556213379e-01
473 4.59472656250000e-01 2.11115121841431e-01
474 4.01855468750000e-01 1.61487817764282e-01
475 4.35058593750000e-01 1.89275979995728e-01
476 3.78906250000000e-01 1.43569946289062e-01
477 3.46679687500000e-01 1.20186805725098e-01
478 2.94921875000000e-01 8.69789123535156e-02
479 3.59863281250000e-01 1.29501581192017e-01
480 4.11132812500000e-01 1.69030189514160e-01
481 4.29199218750000e-01 1.84211969375610e-01
482 4.66796875000000e-01 2.17899322509766e-01
483 4.99023437500000e-01 2.49024391174316e-01
484 4.84375000000000e-01 2.34619140625000e-01
485 4.73632812500000e-01 2.24328041076660e-01
486 3.59375000000000e-01 1.29150390625000e-01
487 3.27636718750000e-01 1.07345819473267e-01
488 3.36425781250000e-01 1.13182306289673e-01
489 2.82226562500000e-01 7.96518325805664e-02
490 3.00292968750000e-01 9.01758670806885e-02
491 2.88085937500000e-01 8.29935073852539e-02
492 3.41796875000000e-01 1.16825103759766e-01
493 3.48144531250000e-01 1.21204614639282e-01
494 2.54882812500000e-01 6.49652481079102e-02
495 3.04687500000000e-01 9.28344726562500e-02
496 2.83691406250000e-01 8.04808139801025e-02
497 3.06640625000000e-01 9.40284729003906e-02
498 2.27050781250000e-01 5.15520572662354e-02
499 2.54882812500000e-01 6.49652481079102e-02
500 2.67578125000000e-01 7.15980529785156e-02
501 2.05566406250000e-01 4.22575473785400e-02
502 1.48925781250000e-01 2.21788883209229e-02
503 1.88964843750000e-01 3.57077121734619e-02
504 1.82617187500000e-01 3.33490371704102e-02
505 2.12890625000000e-01 4.53224182128906e-02
506 2.94433593750000e-01 8.66911411285400e-02
507 2.94921875000000e-01 8.69789123535156e-02
508 2.93457031250000e-01 8.61170291900635e-02
509 2.60742187500000e-01 6.79864883422852e-02
510 2.55371093750000e-01 6.52143955230713e-02
511 3.49121093750000e-01 1.21885538101196e-01
512 3.70605468750000e-01 1.37348413467407e-01
513 4.64355468750000e-01 2.15626001358032e-01
514 4.55078125000000e-01 2.07096099853516e-01
515 4.27734375000000e-01 1.82956695556641e-01
516 5.01953125000000e-01 2.51956939697266e-01
517 5.01464843750000e-01 2.51466989517212e-01
518 5.36621093750000e-01 2.87962198257446e-01
519 5.55175781250000e-01 3.08220148086548e-01
520 5.70312500000000e-01 3.25256347656250e-01
521 5.28808593750000e-01 2.79638528823853e-01
522 4.69726562500000e-01 2.20643043518066e-01
523 4.15527343750000e-01 1.72662973403931e-01
524 4.90722656250000e-01 2.40808725357056e-01
525 4.89746093750000e-01 2.39851236343384e-01
526 5.10742187500000e-01 2.60857582092285e-01
527 5.36621093750000e-01 2.87962198257446e-01
528 5.44921875000000e-01 2.96939849853516e-01
529 4.79492187500000e-01 2.29912757873535e-01
530 4.37500000000000e-01 1.91406250000000e-01
531 5.01953125000000e-01 2.51956939697266e-01
532 5.16601562500000e-01 2.66877174377441e-01
533 5.41015625000000e-01 2.92697906494141e-01
534 5.14160156250000e-01 2.64360666275024e-01
535 4.73632812500000e-01 2.24328041076660e-01
536 4.18945312500000e-01 1.75515174865723e-01
537 4.35546875000000e-01 1.89701080322266e-01
538 4.80957031250000e-01 2.31319665908813e-01
539 5.24414062500000e-01 2.75010108947754e-01
540 5.92773437500000e-01 3.51380348205566e-01
541 6.27441406250000e-01 3.93682718276978e-01
542 6.25000000000000e-01 3.90625000000000e-01
543 6.42089843750000e-01 4.12279367446899e-01
544 6.71386718750000e-01 4.50760126113892e-01
545 6.45507812500000e-01 4.16680335998535e-01
546 6.41601562500000e-01 4.11652565002441e-01
547 6.29394531250000e-01 3.96137475967407e-01
548 6.74316406250000e-01 4.54702615737915e-01
549 6.72363281250000e-01 4.52072381973267e-01
550 6.66015625000000e-01 4.43576812744141e-01
551 6.21582031250000e-01 3.86364221572876e-01
552 6.50878906250000e-01 4.23643350601196e-01
553 6.87500000000000e-01 4.72656250000000e-01
554 6.80664062500000e-01 4.63303565979004e-01
555 6.98242187500000e-01 4.87542152404785e-01
556 6.66503906250000e-01 4.44227457046509e-01
557 6.29882812500000e-01 3.96752357482910e-01
558 6.05957031250000e-01 3.67183923721313e-01
559 6.36718750000000e-01 4.05410766601562e-01
560 6.55761718750000e-01 4.30023431777954e-01
561 6.87988281250000e-01 4.73327875137329e-01
562 6.80175781250000e-01 4.62639093399048e-01
563 6.36718750000000e-01 4.05410766601562e-01
564 6.94335937500000e-01 4.82102394104004e-01
565 6.15234375000000e-01 3.78513336181641e-01
566 5.73730468750000e-01 3.29166650772095e-01
567 5.84472656250000e-01 3.41608285903931e-01
568 4.59472656250000e-01 2.11115121841431e-01
569 4.46777343750000e-01 1.99609994888306e-01
570 4.33593750000000e-01 1.88003540039062e-01
571 4.86816406250000e-01 2.36990213394165e-01
572 5.05371093750000e-01 2.55399942398071e-01
573 5.51757812500000e-01 3.04436683654785e-01
574 5.61523437500000e-01 3.15308570861816e-01
575 5.35156250000000e-01 2.86392211914062e-01
576 5.72265625000000e-01 3.27487945556641e-01
577 6.20605468750000e-01 3.85151147842407e-01
578 5.50781250000000e-01 3.03359985351562e-01
579 5.76660156250000e-01 3.32536935806274e-01
580 5.47851562500000e-01 3.00141334533691e-01
581 5.56152343750000e-01 3.09305429458618e-01
582 5.61035156250000e-01 3.14760446548462e-01
583 5.64941406250000e-01 3.19158792495728e-01
584 5.54199218750000e-01 3.07136774063110e-01
585 6.29394531250000e-01 3.96137475967407e-01
586 6.41113281250000e-01 4.11026239395142e-01
587 6.50390625000000e-01 4.23007965087891e-01
588 6.69433593750000e-01 4.48141336441040e-01
589 6.08886718750000e-01 3.70743036270142e-01
590 6.22070312500000e-01 3.86971473693848e-01
591 6.49902343750000e-01 4.22373056411743e-01
592 6.48437500000000e-01 4.20471191406250e-01
593 6.50878906250000e-01 4.23643350601196e-01
594 6.35253906250000e-01 4.03547525405884e-01
595 6.12304687500000e-01 3.74917030334473e-01
596 6.22070312500000e-01 3.86971473693848e-01
597 6.16210937500000e-01 3.79715919494629e-01
598 5.30761718750000e-01 2.81708002090454e-01
599 5.24902343750000e-01 2.75522470474243e-01
600 5.35156250000000e-01 2.86392211914062e-01
601 5.74707031250000e-01 3.30288171768188e-01
602 6.03515625000000e-01 3.64231109619141e-01
603 4.84863281250000e-01 2.35092401504517e-01
604 5.10253906250000e-01 2.60359048843384e-01
605 5.51269531250000e-01 3.03898096084595e-01
606 5.37597656250000e-01 2.89011240005493e-01
607 5.96679687500000e-01 3.56026649475098e-01
608 5.91796875000000e-01 3.50223541259766e-01
609 6.26464843750000e-01 3.92458200454712e-01
610 6.51367187500000e-01 4.24279212951660e-01
611 5.58593750000000e-01 3.12026977539062e-01
612 5.74218750000000e-01 3.29727172851562e-01
613 5.89843750000000e-01 3.47915649414062e-01
614 6.35253906250000e-01 4.03547525405884e-01
615 5.89355468750000e-01 3.47339868545532e-01
616 5.73730468750000e-01 3.29166650772095e-01
617 6.22070312500000e-01 3.86971473693848e-01
618 6.41113281250000e-01 4.11026239395142e-01
619 6.48437500000000e-01 4.20471191406250e-01
620 6.10351562500000e-01 3.72529029846191e-01
621 5.63476562500000e-01 3.17505836486816e-01
622 5.96679687500000e-01 3.56026649475098e-01
623 6.17675781250000e-01 3.81523370742798e-01
624 6.36230468750000e-01 4.04789209365845e-01
625 6.47949218750000e-01 4.19838190078735e-01
626 6.30371093750000e-01 3.97367715835571e-01
627 6.28417968750000e-01 3.94909143447876e-01
628 5.89355468750000e-01 3.47339868545532e-01
629 5.55664062500000e-01 3.08762550354004e-01
630 5.49316406250000e-01 3.01748514175415e-01
631 5.99609375000000e-01 3.59531402587891e-01
632 5.90332031250000e-01 3.48491907119751e-01
633 5.88867187500000e-01 3.46764564514160e-01
634 6.41113281250000e-01 4.11026239395142e-01
635 6.64550781250000e-01 4.41627740859985e-01
636 6.49414062500000e-01 4.21738624572754e-01
637 6.51367187500000e-01 4.24279212951660e-01
638 6.45996093750000e-01 4.17310953140259e-01
639 6.24023437500000e-01 3.89405250549316e-01
640 5.98144531250000e-01 3.57776880264282e-01
641 5.60058593750000e-01 3.13665628433228e-01
642 5.83007812500000e-01 3.39898109436035e-01
643 6.54296875000000e-01 4.28104400634766e-01
644 6.83593750000000e-01 4.67300415039062e-01
645 7.00195312500000e-01 4.90273475646973e-01
646 6.91894531250000e-01 4.78718042373657e-01
647 6.80175781250000e-01 4.62639093399048e-01
648 5.97656250000000e-01 3.57192993164062e-01
649 5.96191406250000e-01 3.55444192886353e-01
650 5.90332031250000e-01 3.48491907119751e-01
651 6.36718750000000e-01 4.05410766601562e-01
652 6.56738281250000e-01 4.31305170059204e-01
653 6.39160156250000e-01 4.08525705337524e-01
654 6.69921875000000e-01 4.48795318603516e-01
655 6.22558593750000e-01 3.87579202651978e-01
656 6.30859375000000e-01 3.97983551025391e-01
657 6.52832031250000e-01 4.26189661026001e-01
658 6.38671875000000e-01 4.07901763916016e-01
659 7.42675781250000e-01 5.51567316055298e-01
660 6.87500000000000e-01 4.72656250000000e-01
661 7.00195312500000e-01 4.90273475646973e-01
662 6.68457031250000e-01 4.46834802627563e-01
663 6.15722656250000e-01 3.79114389419556e-01
664 6.02050781250000e-01 3.62465143203735e-01
665 6.55273437500000e-01 4.29383277893066e-01
666 6.73828125000000e-01 4.54044342041016e-01
667 6.30859375000000e-01 3.97983551025391e-01
668 6.61132812500000e-01 4.37096595764160e-01
669 6.56250000000000e-01 4.30664062500000e-01
670 6.57226562500000e-01 4.31946754455566e-01
671 7.00683593750000e-01 4.90957498550415e-01
672 6.79199218750000e-01 4.61311578750610e-01
673 6.13281250000000e-01 3.76113891601562e-01
674 6.92382812500000e-01 4.79393959045410e-01
675 6.41601562500000e-01 4.11652565002441e-01
676 6.54296875000000e-01 4.28104400634766e-01
677 6.31835937500000e-01 3.99216651916504e-01
678 5.11718750000000e-01 2.61856079101562e-01
679 5.55664062500000e-01 3.08762550354004e-01
680 4.53613281250000e-01 2.05765008926392e-01
681 5.54199218750000e-01 3.07136774063110e-01
682 5.57128906250000e-01 3.10392618179321e-01
683 5.23925781250000e-01 2.74498224258423e-01
684 5.68359375000000e-01 3.23032379150391e-01
685 5.47363281250000e-01 2.99606561660767e-01
686 5.50781250000000e-01 3.03359985351562e-01
687 5.77636718750000e-01 3.33664178848267e-01
688 5.72265625000000e-01 3.27487945556641e-01
689 6.07910156250000e-01 3.69554758071899e-01
690 6.59179687500000e-01 4.34517860412598e-01
691 7.16308593750000e-01 5.13098001480103e-01
692 7.30468750000000e-01 5.33584594726562e-01
693 6.84570312500000e-01 4.68636512756348e-01
694 7.00683593750000e-01 4.90957498550415e-01
695 6.92382812500000e-01 4.79393959045410e-01
696 6.69433593750000e-01 4.48141336441040e-01
697 6.94824218750000e-01 4.82780694961548e-01
698 6.91406250000000e-01 4.78042602539062e-01
699 7.16796875000000e-01 5.13797760009766e-01
700 6.97753906250000e-01 4.86860513687134e-01
701 7.29492187500000e-01 5.32158851623535e-01
702 7.19726562500000e-01 5.18006324768066e-01
703 7.03125000000000e-01 4.94384765625000e-01
704 7.47070312500000e-01 5.58114051818848e-01
705 7.51953125000000e-01 5.65433502197266e-01
706 7.44628906250000e-01 5.54472208023071e-01
707 6.99707031250000e-01 4.89589929580688e-01
708 6.29882812500000e-01 3.96752357482910e-01
709 6.13769531250000e-01 3.76713037490845e-01
710 6.09375000000000e-01 3.71337890625000e-01
711 6.19628906250000e-01 3.83939981460571e-01
712 7.05078125000000e-01 4.97135162353516e-01
713 7.19726562500000e-01 5.18006324768066e-01
714 7.34863281250000e-01 5.40024042129517e-01
715 7.07519531250000e-01 5.00583887100220e-01
716 6.84082031250000e-01 4.67968225479126e-01
717 6.78710937500000e-01 4.60648536682129e-01
718 6.87500000000000e-01 4.72656250000000e-01
719 6.38671875000000e-01 4.07901763916016e-01
720 6.87500000000000e-01 4.72656250000000e-01
721 6.76269531250000e-01 4.57340478897095e-01
722 6.24511718750000e-01 3.90014886856079e-01
723 6.28906250000000e-01 3.95523071289062e-01
724 6.77246093750000e-01 4.58662271499634e-01
725 6.64550781250000e-01 4.41627740859985e-01
726 6.51367187500000e-01 4.24279212951660e-01
727 5.77148437500000e-01 3.33100318908691e-01
728 6.14257812500000e-01 3.77312660217285e-01
729 5.89355468750000e-01 3.47339868545532e-01
730 5.80566406250000e-01 3.37057352066040e-01
731 6.42089843750000e-01 4.12279367446899e-01
732 6.43066406250000e-01 4.13534402847290e-01
733 6.21093750000000e-01 3.85757446289062e-01
734 6.55273437500000e-01 4.29383277893066e-01
735 6.48925781250000e-01 4.21104669570923e-01
736 6.74804687500000e-01 4.55361366271973e-01
737 6.80664062500000e-01 4.63303565979004e-01
738 6.63085937500000e-01 4.39682960510254e-01
739 6.12304687500000e-01 3.74917030334473e-01
740 6.42578125000000e-01 4.12906646728516e-01
741 5.81054687500000e-01 3.37624549865723e-01
742 6.47949218750000e-01 4.19838190078735e-01
743 6.79199218750000e-01 4.61311578750610e-01
744 6.81640625000000e-01 4.64633941650391e-01
745 7.28027343750000e-01 5.30023813247681e-01
746 7.14843750000000e-01 5.11001586914062e-01
747 7.08496093750000e-01 5.01966714859009e-01
748 6.82617187500000e-01 4.65966224670410e-01
749 6.38183593750000e-01 4.07278299331665e-01
750 7.25097656250000e-01 5.25766611099243e-01
751 6.50390625000000e-01 4.23007965087891e-01
752 6.75292968750000e-01 4.56020593643188e-01
753 7.11425781250000e-01 5.06126642227173e-01
754 6.31835937500000e-01 3.99216651916504e-01
755 6.91406250000000e-01 4.78042602539062e-01
756 6.09375000000000e-01 3.71337890625000e-01
757 5.63964843750000e-01 3.18056344985962e-01
758 4.95605468750000e-01 2.45624780654907e-01
759 5.51757812500000e-01 3.04436683654785e-01
760 5.48828125000000e-01 3.01212310791016e-01
761 5.35644531250000e-01 2.86915063858032e-01
762 5.32714843750000e-01 2.83785104751587e-01
763 5.75683593750000e-01 3.31411600112915e-01
764 5.25390625000000e-01 2.76035308837891e-01
765 5.15625000000000e-01 2.65869140625000e-01
766 5.79589843750000e-01 3.35924386978149e-01
767 5.83496093750000e-01 3.40467691421509e-01
768 5.90820312500000e-01 3.49068641662598e-01
769 5.72265625000000e-01 3.27487945556641e-01
770 5.40039062500000e-01 2.91642189025879e-01
771 5.67382812500000e-01 3.21923255920410e-01
772 5.83007812500000e-01 3.39898109436035e-01
773 5.59082031250000e-01 3.12572717666626e-01
774 5.53222656250000e-01 3.06055307388306e-01
775 5.02441406250000e-01 2.52447366714478e-01
776 5.34179687500000e-01 2.85347938537598e-01
777 5.67871093750000e-01 3.22477579116821e-01
778 5.49316406250000e-01 3.01748514175415e-01
779 5.88867187500000e-01 3.46764564514160e-01
780 5.89355468750000e-01 3.47339868545532e-01
781 5.87402343750000e-01 3.45041513442993e-01
782 6.03027343750000e-01 3.63641977310181e-01
783 6.34277343750000e-01 4.02307748794556e-01
784 6.24023437500000e-01 3.89405250549316e-01
785 5.94726562500000e-01 3.53699684143066e-01
786 6.11328125000000e-01 3.73722076416016e-01
787 6.00585937500000e-01 3.60703468322754e-01
788 6.73828125000000e-01 4.54044342041016e-01
789 6.64550781250000e-01 4.41627740859985e-01
790 6.14257812500000e-01 3.77312660217285e-01
791 5.94726562500000e-01 3.53699684143066e-01
792 6.22558593750000e-01 3.87579202651978e-01
793 6.11816406250000e-01 3.74319314956665e-01
794 5.71289062500000e-01 3.26371192932129e-01
795 5.71777343750000e-01 3.26929330825806e-01
796 5.83984375000000e-01 3.41037750244141e-01
797 6.14746093750000e-01 3.77912759780884e-01
798 6.13769531250000e-01 3.76713037490845e-01
799 5.98144531250000e-01 3.57776880264282e-01
800 6.58691406250000e-01 4.33874368667603e-01
801 6.99707031250000e-01 4.89589929580688e-01
802 6.87500000000000e-01 4.72656250000000e-01
803 7.25585937500000e-01 5.26474952697754e-01
804 7.21191406250000e-01 5.20117044448853e-01
805 7.28027343750000e-01 5.30023813247681e-01
806 7.25097656250000e-01 5.25766611099243e-01
807 7.11914062500000e-01 5.06821632385254e-01
808 7.36816406250000e-01 5.42898416519165e-01
809 7.29492187500000e-01 5.32158851623535e-01
810 7.31933593750000e-01 5.35726785659790e-01
811 6.73339843750000e-01 4.53386545181274e-01
812 7.21679687500000e-01 5.20821571350098e-01
813 7.22167968750000e-01 5.21526575088501e-01
814 7.00195312500000e-01 4.90273475646973e-01
815 6.60156250000000e-01 4.35806274414062e-01
816 7.02148437500000e-01 4.93012428283691e-01
817 6.78710937500000e-01 4.60648536682129e-01
818 6.53808593750000e-01 4.27465677261353e-01
819 6.71386718750000e-01 4.50760126113892e-01
820 7.08007812500000e-01 5.01275062561035e-01
821 6.76269531250000e-01 4.57340478897095e-01
822 6.79687500000000e-01 4.61975097656250e-01
823 6.88964843750000e-01 4.74672555923462e-01
824 7.17773437500000e-01 5.15198707580566e-01
825 6.25000000000000e-01 3.90625000000000e-01
826 6.65527343750000e-01 4.42926645278931e-01
827 5.78613281250000e-01 3.34793329238892e-01
828 6.50878906250000e-01 4.23643350601196e-01
829 6.89453125000000e-01 4.75345611572266e-01
830 6.40136718750000e-01 4.09775018692017e-01
831 5.90820312500000e-01 3.49068641662598e-01
832 5.99609375000000e-01 3.59531402587891e-01
833 6.35253906250000e-01 4.03547525405884e-01
834 5.46875000000000e-01 2.99072265625000e-01
835 5.39550781250000e-01 2.91115045547485e-01
836 5.38574218750000e-01 2.90062189102173e-01
837 5.47851562500000e-01 3.00141334533691e-01
838 5.00000000000000e-01 2.50000000000000e-01
839 5.25390625000000e-01 2.76035308837891e-01
840 5.96191406250000e-01 3.55444192886353e-01
841 5.73730468750000e-01 3.29166650772095e-01
842 5.52246093750000e-01 3.04975748062134e-01
843 5.41503906250000e-01 2.93226480484009e-01
844 5.10253906250000e-01 2.60359048843384e-01
845 5.15625000000000e-01 2.65869140625000e-01
846 4.66308593750000e-01 2.17443704605103e-01
847 4.81445312500000e-01 2.31789588928223e-01
848 5.15625000000000e-01 2.65869140625000e-01
849 5.40527343750000e-01 2.92169809341431e-01
850 5.82519531250000e-01 3.39329004287720e-01
851 5.23925781250000e-01 2.74498224258423e-01
852 5.04882812500000e-01 2.54906654357910e-01
853 4.08691406250000e-01 1.67028665542603e-01
854 5.56152343750000e-01 3.09305429458618e-01
855 5.67871093750000e-01 3.22477579116821e-01
856 5.96679687500000e-01 3.56026649475098e-01
857 6.28906250000000e-01 3.95523071289062e-01
858 5.93261718750000e-01 3.51959466934204e-01
859 6.00585937500000e-01 3.60703468322754e-01
860 6.47949218750000e-01 4.19838190078735e-01
861 6.89941406250000e-01 4.76019144058228e-01
862 6.61132812500000e-01 4.37096595764160e-01
863 6.59667968750000e-01 4.35161828994751e-01
864 6.82617187500000e-01 4.65966224670410e-01
865 6.57226562500000e-01 4.31946754455566e-01
866 6.36718750000000e-01 4.05410766601562e-01
867 5.81054687500000e-01 3.37624549865723e-01
868 5.79589843750000e-01 3.35924386978149e-01
869 5.45898437500000e-01 2.98005104064941e-01
870 5.73730468750000e-01 3.29166650772095e-01
871 6.13769531250000e-01 3.76713037490845e-01
872 5.68359375000000e-01 3.23032379150391e-01
873 5.93261718750000e-01 3.51959466934204e-01
874 6.01562500000000e-01 3.61877441406250e-01
875 6.21582031250000e-01 3.86364221572876e-01
876 6.06445312500000e-01 3.67775917053223e-01
877 5.47851562500000e-01 3.00141334533691e-01
878 5.38574218750000e-01 2.90062189102173e-01
879 5.63964843750000e-01 3.18056344985962e-01
880 5.87890625000000e-01 3.45615386962891e-01
881 5.65917968750000e-01 3.20263147354126e-01
882 5.90820312500000e-01 3.49068641662598e-01
883 5.57128906250000e-01 3.10392618179321e-01
884 5.83496093750000e-01 3.40467691421509e-01
885 5.77636718750000e-01 3.33664178848267e-01
886 5.95214843750000e-01 3.54280710220337e-01
887 5.34179687500000e-01 2.85347938537598e-01
888 5.35644531250000e-01 2.86915063858032e-01
889 5.31738281250000e-01 2.82745599746704e-01
890 5.93261718750000e-01 3.51959466934204e-01
891 5.79101562500000e-01 3.35358619689941e-01
892 5.90820312500000e-01 3.49068641662598e-01
893 5.97167968750000e-01 3.56609582901001e-01
894 6.70898437500000e-01 4.50104713439941e-01
895 6.55273437500000e-01 4.29383277893066e-01
896 5.88867187500000e-01 3.46764564514160e-01
897 5.98632812500000e-01 3.58361244201660e-01
898 5.90332031250000e-01 3.48491907119751e-01
899 6.15722656250000e-01 3.79114389419556e-01
900 6.01074218750000e-01 3.61290216445923e-01
901 6.74804687500000e-01 4.55361366271973e-01
902 6.65527343750000e-01 4.42926645278931e-01
903 6.55273437500000e-01 4.29383277893066e-01
904 5.98632812500000e-01 3.58361244201660e-01
905 6.46484375000000e-01 4.17942047119141e-01
906 7.05078125000000e-01 4.97135162353516e-01
907 7.17773437500000e-01 5.15198707580566e-01
908 6.99218750000000e-01 4.88906860351562e-01
909 7.00195312500000e-01 4.90273475646973e-01
910 6.70410156250000e-01 4.49449777603149e-01
911 6.76757812500000e-01 4.58001136779785e-01
912 6.24511718750000e-01 3.90014886856079e-01
913 6.13769531250000e-01 3.76713037490845e-01
914 5.97656250000000e-01 3.57192993164062e-01
915 6.08886718750000e-01 3.70743036270142e-01
916 5.83984375000000e-01 3.41037750244141e-01
917 6.04003906250000e-01 3.64820718765259e-01
918 5.61523437500000e-01 3.15308570861816e-01
919 5.23437500000000e-01 2.73986816406250e-01
920 4.59472656250000e-01 2.11115121841431e-01
921 4.40429687500000e-01 1.93978309631348e-01
922 4.03320312500000e-01 1.62667274475098e-01
923 4.88769531250000e-01 2.38895654678345e-01
924 4.98535156250000e-01 2.48537302017212e-01
925 5.18554687500000e-01 2.68898963928223e-01
926 5.28320312500000e-01 2.79122352600098e-01
927 5.04882812500000e-01 2.54906654357910e-01
928 5.82519531250000e-01 3.39329004287720e-01
929 6.63574218750000e-01 4.40330743789673e-01
930 6.64062500000000e-01 4.40979003906250e-01
931 6.90917968750000e-01 4.77367639541626e-01
932 6.89941406250000e-01 4.76019144058228e-01
933 7.18261718750000e-01 5.15899896621704e-01
934 7.30957031250000e-01 5.34298181533813e-01
935 6.65527343750000e-01 4.42926645278931e-01
936 6.72851562500000e-01 4.52729225158691e-01
937 6.73339843750000e-01 4.53386545181274e-01
938 6.39160156250000e-01 4.08525705337524e-01
939 5.88867187500000e-01 3.46764564514160e-01
940 6.11328125000000e-01 3.73722076416016e-01
941 6.55761718750000e-01 4.30023431777954e-01
942 6.58691406250000e-01 4.33874368667603e-01
943 6.04003906250000e-01 3.64820718765259e-01
944 5.36621093750000e-01 2.87962198257446e-01
945 5.59082031250000e-01 3.12572717666626e-01
946 4.87304687500000e-01 2.37465858459473e-01
947 4.82421875000000e-01 2.32730865478516e-01
948 4.49707031250000e-01 2.02236413955688e-01
949 4.61914062500000e-01 2.13364601135254e-01
950 5.00976562500000e-01 2.50977516174316e-01
951 5.70312500000000e-01 3.25256347656250e-01
952 5.70312500000000e-01 3.25256347656250e-01
953 6.12304687500000e-01 3.74917030334473e-01
954 6.24511718750000e-01 3.90014886856079e-01
955 7.04589843750000e-01 4.96446847915649e-01
956 6.83105468750000e-01 4.66633081436157e-01
957 6.97753906250000e-01 4.86860513687134e-01
958 7.22167968750000e-01 5.21526575088501e-01
959 6.74804687500000e-01 4.55361366271973e-01
960 6.53808593750000e-01 4.27465677261353e-01
961 6.33300781250000e-01 4.01069879531860e-01
962 6.35253906250000e-01 4.03547525405884e-01
963 5.68359375000000e-01 3.23032379150391e-01
964 5.04882812500000e-01 2.54906654357910e-01
965 5.15136718750000e-01 2.65365839004517e-01
966 4.14062500000000e-01 1.71447753906250e-01
967 4.17480468750000e-01 1.74289941787720e-01
968 3.42773437500000e-01 1.17493629455566e-01
969 3.35449218750000e-01 1.12526178359985e-01
970 3.96484375000000e-01 1.57199859619141e-01
971 3.90136718750000e-01 1.52206659317017e-01
972 4.33593750000000e-01 1.88003540039062e-01
973 4.24804687500000e-01 1.80459022521973e-01
974 3.74511718750000e-01 1.40259027481079e-01
975 4.16015625000000e-01 1.73069000244141e-01
976 4.79980468750000e-01 2.30381250381470e-01
977 5.33203125000000e-01 2.84305572509766e-01
978 4.59960937500000e-01 2.11564064025879e-01
979 4.96093750000000e-01 2.46109008789062e-01
980 5.01464843750000e-01 2.51466989517212e-01
981 4.77050781250000e-01 2.27577447891235e-01
982 4.63378906250000e-01 2.14720010757446e-01
983 4.98046875000000e-01 2.48050689697266e-01
984 4.99511718750000e-01 2.49511957168579e-01
985 5.37109375000000e-01 2.88486480712891e-01
986 5.92285156250000e-01 3.50801706314087e-01
987 5.67382812500000e-01 3.21923255920410e-01
988 5.39550781250000e-01 2.91115045547485e-01
989 4.86816406250000e-01 2.36990213394165e-01
990 4.90722656250000e-01 2.40808725357056e-01
991 4.08691406250000e-01 1.67028665542603e-01
992 4.48730468750000e-01 2.01359033584595e-01
993 4.73144531250000e-01 2.23865747451782e-01
994 4.58496093750000e-01 2.10218667984009e-01
995 5.29296875000000e-01 2.80155181884766e-01
996 4.88281250000000e-01 2.38418579101562e-01
997 5.00488281250000e-01 2.50488519668579e-01
998 4.30664062500000e-01 1.85471534729004e-01
999 4.89257812500000e-01 2.39373207092285e-01
