0 7.27050781250000e-01 5.28602838516235e-01
1 7.22167968750000e-01 5.21526575088501e-01
2 6.87988281250000e-01 4.73327875137329e-01
3 6.56738281250000e-01 4.31305170059204e-01
4 6.25000000000000e-01 3.90625000000000e-01
5 6.55273437500000e-01 4.29383277893066e-01
6 6.35742187500000e-01 4.04168128967285e-01
7 6.74316406250000e-01 4.54702615737915e-01
8 7.52929687500000e-01 5.66903114318848e-01
9 7.41210937500000e-01 5.49393653869629e-01
10 6.97753906250000e-01 4.86860513687134e-01
11 7.46582031250000e-01 5.57384729385376e-01
12 7.49023437500000e-01 5.61036109924316e-01
13 6.60156250000000e-01 4.35806274414062e-01
14 6.55761718750000e-01 4.30023431777954e-01
15 6.72851562500000e-01 4.52729225158691e-01
16 6.95312500000000e-01 4.83459472656250e-01
17 6.65527343750000e-01 4.42926645278931e-01
18 6.69433593750000e-01 4.48141336441040e-01
19 7.02636718750000e-01 4.93698358535767e-01
20 6.90917968750000e-01 4.77367639541626e-01
21 7.23632812500000e-01 5.23644447326660e-01
22 6.74804687500000e-01 4.55361366271973e-01
23 6.45019531250000e-01 4.16050195693970e-01
24 6.49902343750000e-01 4.22373056411743e-01
25 6.96777343750000e-01 4.85498666763306e-01
26 6.72851562500000e-01 4.52729225158691e-01
27 6.98242187500000e-01 4.87542152404785e-01
28 6.99707031250000e-01 4.89589929580688e-01
29 6.71875000000000e-01 4.51416015625000e-01
30 6.79199218750000e-01 4.61311578750610e-01
31 6.79199218750000e-01 4.61311578750610e-01
32 6.91894531250000e-01 4.78718042373657e-01
33 7.01171875000000e-01 4.91641998291016e-01
34 7.01660156250000e-01 4.92326974868774e-01
35 6.82128906250000e-01 4.65299844741821e-01
36 6.82128906250000e-01 4.65299844741821e-01
37 6.91406250000000e-01 4.78042602539062e-01
38 7.57324218750000e-01 5.73539972305298e-01
39 7.48535156250000e-01 5.60304880142212e-01
40 7.19238281250000e-01 5.17303705215454e-01
41 6.91894531250000e-01 4.78718042373657e-01
42 6.41113281250000e-01 4.11026239395142e-01
43 6.33789062500000e-01 4.01688575744629e-01
44 6.73339843750000e-01 4.53386545181274e-01
45 7.12402343750000e-01 5.07517099380493e-01
46 7.19726562500000e-01 5.18006324768066e-01
47 7.29980468750000e-01 5.32871484756470e-01
48 7.61718750000000e-01 5.80215454101562e-01
49 7.17773437500000e-01 5.15198707580566e-01
50 6.96289062500000e-01 4.84818458557129e-01
51 7.51953125000000e-01 5.65433502197266e-01
52 7.48046875000000e-01 5.59574127197266e-01
53 7.63671875000000e-01 5.83194732666016e-01
54 7.34863281250000e-01 5.40024042129517e-01
55 6.99218750000000e-01 4.88906860351562e-01
56 7.06054687500000e-01 4.98513221740723e-01
57 7.08496093750000e-01 5.01966714859009e-01
58 6.87011718750000e-01 4.71985101699829e-01
59 6.82128906250000e-01 4.65299844741821e-01
60 7.09960937500000e-01 5.04044532775879e-01
61 6.97753906250000e-01 4.86860513687134e-01
62 7.49511718750000e-01 5.61767816543579e-01
63 7.46582031250000e-01 5.57384729385376e-01
64 7.02148437500000e-01 4.93012428283691e-01
65 7.34863281250000e-01 5.40024042129517e-01
66 7.28515625000000e-01 5.30735015869141e-01
67 7.02636718750000e-01 4.93698358535767e-01
68 7.08984375000000e-01 5.02658843994141e-01
69 7.25585937500000e-01 5.26474952697754e-01
70 7.05566406250000e-01 4.97823953628540e-01
71 7.06054687500000e-01 4.98513221740723e-01
72 7.62695312500000e-01 5.81704139709473e-01
73 7.29492187500000e-01 5.32158851623535e-01
74 7.49511718750000e-01 5.61767816543579e-01
75 7.32910156250000e-01 5.37157297134399e-01
76 7.03125000000000e-01 4.94384765625000e-01
77 6.79687500000000e-01 4.61975097656250e-01
78 6.65527343750000e-01 4.42926645278931e-01
79 6.83593750000000e-01 4.67300415039062e-01
80 6.42089843750000e-01 4.12279367446899e-01
81 6.58203125000000e-01 4.33231353759766e-01
82 6.43554687500000e-01 4.14162635803223e-01
83 6.56250000000000e-01 4.30664062500000e-01
84 6.37207031250000e-01 4.06032800674438e-01
85 6.39160156250000e-01 4.08525705337524e-01
86 6.28417968750000e-01 3.94909143447876e-01
87 6.11816406250000e-01 3.74319314956665e-01
88 5.52734375000000e-01 3.05515289306641e-01
89 5.86425781250000e-01 3.43895196914673e-01
90 5.31738281250000e-01 2.82745599746704e-01
91 4.83398437500000e-01 2.33674049377441e-01
92 5.08300781250000e-01 2.58369684219360e-01
93 5.78125000000000e-01 3.34228515625000e-01
94 5.43945312500000e-01 2.95876502990723e-01
95 5.02929687500000e-01 2.52938270568848e-01
96 4.49707031250000e-01 2.02236413955688e-01
97 4.83398437500000e-01 2.33674049377441e-01
98 4.91210937500000e-01 2.41288185119629e-01
99 4.22363281250000e-01 1.78390741348267e-01
100 3.75488281250000e-01 1.40991449356079e-01
101 3.32031250000000e-01 1.10244750976562e-01
102 3.29589843750000e-01 1.08629465103149e-01
103 3.12011718750000e-01 9.73513126373291e-02
104 3.03710937500000e-01 9.22403335571289e-02
105 3.03222656250000e-01 9.19439792633057e-02
106 2.70507812500000e-01 7.31744766235352e-02
107 2.95898437500000e-01 8.75558853149414e-02
108 3.05664062500000e-01 9.34305191040039e-02
109 2.99804687500000e-01 8.98828506469727e-02
110 2.08496093750000e-01 4.34706211090088e-02
111 2.98339843750000e-01 8.90066623687744e-02
112 3.03222656250000e-01 9.19439792633057e-02
113 3.07128906250000e-01 9.43281650543213e-02
114 2.72460937500000e-01 7.42349624633789e-02
115 2.69042968750000e-01 7.23841190338135e-02
116 3.06640625000000e-01 9.40284729003906e-02
117 3.10546875000000e-01 9.64393615722656e-02
118 3.95507812500000e-01 1.56426429748535e-01
119 4.78515625000000e-01 2.28977203369141e-01
120 4.81933593750000e-01 2.32259988784790e-01
121 4.79980468750000e-01 2.30381250381470e-01
122 4.81933593750000e-01 2.32259988784790e-01
123 4.50195312500000e-01 2.02675819396973e-01
124 3.63281250000000e-01 1.31973266601562e-01
125 3.94042968750000e-01 1.55269861221313e-01
126 4.77050781250000e-01 2.27577447891235e-01
127 5.30273437500000e-01 2.81189918518066e-01
128 4.96582031250000e-01 2.46593713760376e-01
129 4.67773437500000e-01 2.18811988830566e-01
130 4.79492187500000e-01 2.29912757873535e-01
131 5.41503906250000e-01 2.93226480484009e-01
132 5.66894531250000e-01 3.21369409561157e-01
133 5.53710937500000e-01 3.06595802307129e-01
134 5.65429687500000e-01 3.19710731506348e-01
135 6.02050781250000e-01 3.62465143203735e-01
136 6.40136718750000e-01 4.09775018692017e-01
137 6.70898437500000e-01 4.50104713439941e-01
138 6.95800781250000e-01 4.84138727188110e-01
139 6.71386718750000e-01 4.50760126113892e-01
140 7.48535156250000e-01 5.60304880142212e-01
141 6.36718750000000e-01 4.05410766601562e-01
142 6.74316406250000e-01 4.54702615737915e-01
143 7.08984375000000e-01 5.02658843994141e-01
144 7.86132812500000e-01 6.18004798889160e-01
145 7.64648437500000e-01 5.84687232971191e-01
146 6.76757812500000e-01 4.58001136779785e-01
147 7.50976562500000e-01 5.63965797424316e-01
148 6.75292968750000e-01 4.56020593643188e-01
149 7.19726562500000e-01 5.18006324768066e-01
150 6.73828125000000e-01 4.54044342041016e-01
151 6.55273437500000e-01 4.29383277893066e-01
152 6.89941406250000e-01 4.76019144058228e-01
153 6.50878906250000e-01 4.23643350601196e-01
154 6.09375000000000e-01 3.71337890625000e-01
155 6.41601562500000e-01 4.11652565002441e-01
156 6.09863281250000e-01 3.71933221817017e-01
157 6.34277343750000e-01 4.02307748794556e-01
158 6.20117187500000e-01 3.84545326232910e-01
159 6.22070312500000e-01 3.86971473693848e-01
160 6.18652343750000e-01 3.82730722427368e-01
161 6.86035156250000e-01 4.70644235610962e-01
162 7.22167968750000e-01 5.21526575088501e-01
163 6.71875000000000e-01 4.51416015625000e-01
164 6.26953125000000e-01 3.93070220947266e-01
165 6.28417968750000e-01 3.94909143447876e-01
166 6.71386718750000e-01 4.50760126113892e-01
167 6.78710937500000e-01 4.60648536682129e-01
168 6.30371093750000e-01 3.97367715835571e-01
169 5.90332031250000e-01 3.48491907119751e-01
170 6.11328125000000e-01 3.73722076416016e-01
171 6.42089843750000e-01 4.12279367446899e-01
172 7.15332031250000e-01 5.11699914932251e-01
173 6.71386718750000e-01 4.50760126113892e-01
174 6.74316406250000e-01 4.54702615737915e-01
175 5.87890625000000e-01 3.45615386962891e-01
176 5.41015625000000e-01 2.92697906494141e-01
177 5.14648437500000e-01 2.64863014221191e-01
178 4.44824218750000e-01 1.97868585586548e-01
179 4.80468750000000e-01 2.30850219726562e-01
180 4.80468750000000e-01 2.30850219726562e-01
181 4.35546875000000e-01 1.89701080322266e-01
182 4.43847656250000e-01 1.97000741958618e-01
183 4.43359375000000e-01 1.96567535400391e-01
184 4.55078125000000e-01 2.07096099853516e-01
185 5.01953125000000e-01 2.51956939697266e-01
186 5.53222656250000e-01 3.06055307388306e-01
187 6.05468750000000e-01 3.66592407226562e-01
188 5.56152343750000e-01 3.09305429458618e-01
189 6.08398437500000e-01 3.70148658752441e-01
190 6.12304687500000e-01 3.74917030334473e-01
191 6.47949218750000e-01 4.19838190078735e-01
192 6.39160156250000e-01 4.08525705337524e-01
193 7.05566406250000e-01 4.97823953628540e-01
194 6.55273437500000e-01 4.29383277893066e-01
195 6.61132812500000e-01 4.37096595764160e-01
196 6.22070312500000e-01 3.86971473693848e-01
197 6.24511718750000e-01 3.90014886856079e-01
198 6.87011718750000e-01 4.71985101699829e-01
199 6.99218750000000e-01 4.88906860351562e-01
200 7.06542968750000e-01 4.99202966690063e-01
201 6.90917968750000e-01 4.77367639541626e-01
202 7.17285156250000e-01 5.14497995376587e-01
203 6.95800781250000e-01 4.84138727188110e-01
204 7.47070312500000e-01 5.58114051818848e-01
205 6.84082031250000e-01 4.67968225479126e-01
206 6.82617187500000e-01 4.65966224670410e-01
207 7.30468750000000e-01 5.33584594726562e-01
208 6.96777343750000e-01 4.85498666763306e-01
209 6.63085937500000e-01 4.39682960510254e-01
210 6.22070312500000e-01 3.86971473693848e-01
211 5.68847656250000e-01 3.23587656021118e-01
212 5.93750000000000e-01 3.52539062500000e-01
213 6.42578125000000e-01 4.12906646728516e-01
214 6.54785156250000e-01 4.28743600845337e-01
215 6.15234375000000e-01 3.78513336181641e-01
216 6.62109375000000e-01 4.38388824462891e-01
217 7.08007812500000e-01 5.01275062561035e-01
218 7.36328125000000e-01 5.42179107666016e-01
219 7.13378906250000e-01 5.08909463882446e-01
220 7.26562500000000e-01 5.27893066406250e-01
221 6.91894531250000e-01 4.78718042373657e-01
222 6.98242187500000e-01 4.87542152404785e-01
223 6.87988281250000e-01 4.73327875137329e-01
224 6.60156250000000e-01 4.35806274414062e-01
225 6.66015625000000e-01 4.43576812744141e-01
226 6.78222656250000e-01 4.59985971450806e-01
227 6.61621093750000e-01 4.37742471694946e-01
228 6.74804687500000e-01 4.55361366271973e-01
229 6.53808593750000e-01 4.27465677261353e-01
230 6.71875000000000e-01 4.51416015625000e-01
231 6.11328125000000e-01 3.73722076416016e-01
232 6.54296875000000e-01 4.28104400634766e-01
233 6.18652343750000e-01 3.82730722427368e-01
234 6.15722656250000e-01 3.79114389419556e-01
235 5.13183593750000e-01 2.63357400894165e-01
236 5.45410156250000e-01 2.97472238540649e-01
237 5.16113281250000e-01 2.66372919082642e-01
238 5.28808593750000e-01 2.79638528823853e-01
239 5.44921875000000e-01 2.96939849853516e-01
240 5.54199218750000e-01 3.07136774063110e-01
241 5.70312500000000e-01 3.25256347656250e-01
242 5.20996093750000e-01 2.71436929702759e-01
243 5.69335937500000e-01 3.24143409729004e-01
244 5.08789062500000e-01 2.58866310119629e-01
245 4.93652343750000e-01 2.43692636489868e-01
246 5.03417968750000e-01 2.53429651260376e-01
247 5.22460937500000e-01 2.72965431213379e-01
248 4.81933593750000e-01 2.32259988784790e-01
249 4.58496093750000e-01 2.10218667984009e-01
250 4.86816406250000e-01 2.36990213394165e-01
251 4.63378906250000e-01 2.14720010757446e-01
252 4.89746093750000e-01 2.39851236343384e-01
253 5.13671875000000e-01 2.63858795166016e-01
254 5.44433593750000e-01 2.96407938003540e-01
255 5.06835937500000e-01 2.56882667541504e-01
256 4.31640625000000e-01 1.86313629150391e-01
257 4.54589843750000e-01 2.06651926040649e-01
258 4.10644531250000e-01 1.68628931045532e-01
259 4.06738281250000e-01 1.65436029434204e-01
260 3.78417968750000e-01 1.43200159072876e-01
261 4.04785156250000e-01 1.63851022720337e-01
262 4.37988281250000e-01 1.91833734512329e-01
263 4.38964843750000e-01 1.92690134048462e-01
264 4.07714843750000e-01 1.66231393814087e-01
265 4.72167968750000e-01 2.22942590713501e-01
266 4.93164062500000e-01 2.43210792541504e-01
267 5.22949218750000e-01 2.73475885391235e-01
268 4.45312500000000e-01 1.98303222656250e-01
269 4.34570312500000e-01 1.88851356506348e-01
270 4.31640625000000e-01 1.86313629150391e-01
271 3.94042968750000e-01 1.55269861221313e-01
272 4.00878906250000e-01 1.60703897476196e-01
273 3.94531250000000e-01 1.55654907226562e-01
274 3.76953125000000e-01 1.42093658447266e-01
275 3.59863281250000e-01 1.29501581192017e-01
276 4.41406250000000e-01 1.94839477539062e-01
277 4.11621093750000e-01 1.69431924819946e-01
278 4.27246093750000e-01 1.82539224624634e-01
279 3.61816406250000e-01 1.30911111831665e-01
280 3.61328125000000e-01 1.30558013916016e-01
281 3.90136718750000e-01 1.52206659317017e-01
282 4.01855468750000e-01 1.61487817764282e-01
283 4.24316406250000e-01 1.80044412612915e-01
284 4.39453125000000e-01 1.93119049072266e-01
285 4.13574218750000e-01 1.71043634414673e-01
286 3.55468750000000e-01 1.26358032226562e-01
287 3.67675781250000e-01 1.35185480117798e-01
288 3.39355468750000e-01 1.15162134170532e-01
289 3.54492187500000e-01 1.25664710998535e-01
290 3.56933593750000e-01 1.27401590347290e-01
291 3.80371093750000e-01 1.44682168960571e-01
292 4.17480468750000e-01 1.74289941787720e-01
293 4.82910156250000e-01 2.33202219009399e-01
294 4.95117187500000e-01 2.45141029357910e-01
295 5.36132812500000e-01 2.87438392639160e-01
296 4.48242187500000e-01 2.00921058654785e-01
297 4.57519531250000e-01 2.09324121475220e-01
298 4.39941406250000e-01 1.93548440933228e-01
299 3.44726562500000e-01 1.18836402893066e-01
300 3.47167968750000e-01 1.20525598526001e-01
301 3.29589843750000e-01 1.08629465103149e-01
302 3.25195312500000e-01 1.05751991271973e-01
303 3.54492187500000e-01 1.25664710998535e-01
304 3.53027343750000e-01 1.24628305435181e-01
305 4.26757812500000e-01 1.82122230529785e-01
306 4.68750000000000e-01 2.19726562500000e-01
307 3.90136718750000e-01 1.52206659317017e-01
308 4.64355468750000e-01 2.15626001358032e-01
309 4.56054687500000e-01 2.07985877990723e-01
310 4.25781250000000e-01 1.81289672851562e-01
311 4.29687500000000e-01 1.84631347656250e-01
312 4.05761718750000e-01 1.64642572402954e-01
313 4.28222656250000e-01 1.83374643325806e-01
314 4.07226562500000e-01 1.65833473205566e-01
315 3.45214843750000e-01 1.19173288345337e-01
316 3.39843750000000e-01 1.15493774414062e-01
317 3.00292968750000e-01 9.01758670806885e-02
318 3.27636718750000e-01 1.07345819473267e-01
319 3.52050781250000e-01 1.23939752578735e-01
320 4.00878906250000e-01 1.60703897476196e-01
321 2.85156250000000e-01 8.13140869140625e-02
322 3.24218750000000e-01 1.05117797851562e-01
323 3.41796875000000e-01 1.16825103759766e-01
324 3.23242187500000e-01 1.04485511779785e-01
325 2.99804687500000e-01 8.98828506469727e-02
326 2.83203125000000e-01 8.02040100097656e-02
327 2.56347656250000e-01 6.57141208648682e-02
328 2.10937500000000e-01 4.44946289062500e-02
329 2.16796875000000e-01 4.70008850097656e-02
330 2.27050781250000e-01 5.15520572662354e-02
331 2.41210937500000e-01 5.81827163696289e-02
332 2.00195312500000e-01 4.00781631469727e-02
333 2.09472656250000e-01 4.38787937164307e-02
334 2.94433593750000e-01 8.66911411285400e-02
335 3.04199218750000e-01 9.25371646881104e-02
336 2.72460937500000e-01 7.42349624633789e-02
337 3.27148437500000e-01 1.07026100158691e-01
338 2.91503906250000e-01 8.49745273590088e-02
339 3.39355468750000e-01 1.15162134170532e-01
340 4.41894531250000e-01 1.95270776748657e-01
341 4.61425781250000e-01 2.12913751602173e-01
342 4.10644531250000e-01 1.68628931045532e-01
343 4.30175781250000e-01 1.85051202774048e-01
344 4.52636718750000e-01 2.04879999160767e-01
345 4.55566406250000e-01 2.07540750503540e-01
346 5.00000000000000e-01 2.50000000000000e-01
347 4.45312500000000e-01 1.98303222656250e-01
348 4.26757812500000e-01 1.82122230529785e-01
349 4.36523437500000e-01 1.90552711486816e-01
350 3.84765625000000e-01 1.48044586181641e-01
351 4.01367187500000e-01 1.61095619201660e-01
352 4.10644531250000e-01 1.68628931045532e-01
353 4.53125000000000e-01 2.05322265625000e-01
354 4.34570312500000e-01 1.88851356506348e-01
355 4.87792968750000e-01 2.37941980361938e-01
356 5.20996093750000e-01 2.71436929702759e-01
357 4.64355468750000e-01 2.15626001358032e-01
358 4.67285156250000e-01 2.18355417251587e-01
359 4.88769531250000e-01 2.38895654678345e-01
360 5.15625000000000e-01 2.65869140625000e-01
361 5.81054687500000e-01 3.37624549865723e-01
362 5.82031250000000e-01 3.38760375976562e-01
363 5.94238281250000e-01 3.53119134902954e-01
364 6.41113281250000e-01 4.11026239395142e-01
365 6.21093750000000e-01 3.85757446289062e-01
366 6.44531250000000e-01 4.15420532226562e-01
367 6.76269531250000e-01 4.57340478897095e-01
368 6.74316406250000e-01 4.54702615737915e-01
369 6.45996093750000e-01 4.17310953140259e-01
370 6.55761718750000e-01 4.30023431777954e-01
371 6.48925781250000e-01 4.21104669570923e-01
372 6.02050781250000e-01 3.62465143203735e-01
373 6.52832031250000e-01 4.26189661026001e-01
374 7.28515625000000e-01 5.30735015869141e-01
375 6.60644531250000e-01 4.36451196670532e-01
376 6.65039062500000e-01 4.42276954650879e-01
377 7.08984375000000e-01 5.02658843994141e-01
378 6.83593750000000e-01 4.67300415039062e-01
379 6.38671875000000e-01 4.07901763916016e-01
380 6.32324218750000e-01 3.99833917617798e-01
381 6.43066406250000e-01 4.13534402847290e-01
382 6.25976562500000e-01 3.91846656799316e-01
383 6.09863281250000e-01 3.71933221817017e-01
384 5.61523437500000e-01 3.15308570861816e-01
385 5.39550781250000e-01 2.91115045547485e-01
386 5.56640625000000e-01 3.09848785400391e-01
387 5.38085937500000e-01 2.89536476135254e-01
388 5.09765625000000e-01 2.59860992431641e-01
389 5.22460937500000e-01 2.72965431213379e-01
390 5.48339843750000e-01 3.00676584243774e-01
391 5.89843750000000e-01 3.47915649414062e-01
392 6.12304687500000e-01 3.74917030334473e-01
393 6.14257812500000e-01 3.77312660217285e-01
394 6.59179687500000e-01 4.34517860412598e-01
395 6.30859375000000e-01 3.97983551025391e-01
396 6.19628906250000e-01 3.83939981460571e-01
397 6.22070312500000e-01 3.86971473693848e-01
398 6.41113281250000e-01 4.11026239395142e-01
399 5.81542968750000e-01 3.38192224502563e-01
400 5.68359375000000e-01 3.23032379150391e-01
401 5.48828125000000e-01 3.01212310791016e-01
402 5.82519531250000e-01 3.39329004287720e-01
403 5.54199218750000e-01 3.07136774063110e-01
404 5.63964843750000e-01 3.18056344985962e-01
405 5.59082031250000e-01 3.12572717666626e-01
406 5.41503906250000e-01 2.93226480484009e-01
407 5.92773437500000e-01 3.51380348205566e-01
408 5.97167968750000e-01 3.56609582901001e-01
409 5.60058593750000e-01 3.13665628433228e-01
410 5.71777343750000e-01 3.26929330825806e-01
411 5.73730468750000e-01 3.29166650772095e-01
412 5.01953125000000e-01 2.51956939697266e-01
413 5.00976562500000e-01 2.50977516174316e-01
414 5.00000000000000e-01 2.50000000000000e-01
415 5.06835937500000e-01 2.56882667541504e-01
416 5.69824218750000e-01 3.24699640274048e-01
417 6.12304687500000e-01 3.74917030334473e-01
418 6.79199218750000e-01 4.61311578750610e-01
419 6.92871093750000e-01 4.80070352554321e-01
420 7.52441406250000e-01 5.66168069839478e-01
421 7.44140625000000e-01 5.53745269775391e-01
422 6.92382812500000e-01 4.79393959045410e-01
423 6.61132812500000e-01 4.37096595764160e-01
424 6.20117187500000e-01 3.84545326232910e-01
425 6.10351562500000e-01 3.72529029846191e-01
426 6.71875000000000e-01 4.51416015625000e-01
427 6.56738281250000e-01 4.31305170059204e-01
428 6.02539062500000e-01 3.63053321838379e-01
429 5.99121093750000e-01 3.58946084976196e-01
430 6.06933593750000e-01 3.68368387222290e-01
431 5.47851562500000e-01 3.00141334533691e-01
432 5.77636718750000e-01 3.33664178848267e-01
433 5.83007812500000e-01 3.39898109436035e-01
434 5.48828125000000e-01 3.01212310791016e-01
435 5.49804687500000e-01 3.02285194396973e-01
436 5.79101562500000e-01 3.35358619689941e-01
437 5.69824218750000e-01 3.24699640274048e-01
438 5.81542968750000e-01 3.38192224502563e-01
439 6.04003906250000e-01 3.64820718765259e-01
440 6.08398437500000e-01 3.70148658752441e-01
441 6.10351562500000e-01 3.72529029846191e-01
442 6.10839843750000e-01 3.73125314712524e-01
443 5.79101562500000e-01 3.35358619689941e-01
444 5.45410156250000e-01 2.97472238540649e-01
445 5.04394531250000e-01 2.54413843154907e-01
446 5.31738281250000e-01 2.82745599746704e-01
447 5.24902343750000e-01 2.75522470474243e-01
448 5.49804687500000e-01 3.02285194396973e-01
449 5.78613281250000e-01 3.34793329238892e-01
450 6.17675781250000e-01 3.81523370742798e-01
451 6.36230468750000e-01 4.04789209365845e-01
452 6.45996093750000e-01 4.17310953140259e-01
453 6.30859375000000e-01 3.97983551025391e-01
454 6.43066406250000e-01 4.13534402847290e-01
455 6.41113281250000e-01 4.11026239395142e-01
456 6.52832031250000e-01 4.26189661026001e-01
457 6.42089843750000e-01 4.12279367446899e-01
458 6.78710937500000e-01 4.60648536682129e-01
459 6.90429687500000e-01 4.76693153381348e-01
460 6.56250000000000e-01 4.30664062500000e-01
461 6.33300781250000e-01 4.01069879531860e-01
462 6.45019531250000e-01 4.16050195693970e-01
463 7.10937500000000e-01 5.05432128906250e-01
464 6.17187500000000e-01 3.80920410156250e-01
465 6.50878906250000e-01 4.23643350601196e-01
466 6.55273437500000e-01 4.29383277893066e-01
467 6.92871093750000e-01 4.80070352554321e-01
468 7.09472656250000e-01 5.03351449966431e-01
469 6.75781250000000e-01 4.56680297851562e-01
470 6.50390625000000e-01 4.23007965087891e-01
471 6.26464843750000e-01 3.92458200454712e-01
472 6.58691406250000e-01 4.33874368667603e-01
473 6.73828125000000e-01 4.54044342041016e-01
474 6.13769531250000e-01 3.76713037490845e-01
475 6.82617187500000e-01 4.65966224670410e-01
476 6.38183593750000e-01 4.07278299331665e-01
477 5.84472656250000e-01 3.41608285903931e-01
478 5.92773437500000e-01 3.51380348205566e-01
479 6.12304687500000e-01 3.74917030334473e-01
480 6.64550781250000e-01 4.41627740859985e-01
481 6.76757812500000e-01 4.58001136779785e-01
482 6.61132812500000e-01 4.37096595764160e-01
483 6.33789062500000e-01 4.01688575744629e-01
484 5.96191406250000e-01 3.55444192886353e-01
485 5.89355468750000e-01 3.47339868545532e-01
486 5.73242187500000e-01 3.28606605529785e-01
487 5.25878906250000e-01 2.76548624038696e-01
488 5.20507812500000e-01 2.70928382873535e-01
489 5.00000000000000e-01 2.50000000000000e-01
490 5.02929687500000e-01 2.52938270568848e-01
491 5.49316406250000e-01 3.01748514175415e-01
492 5.45898437500000e-01 2.98005104064941e-01
493 5.47363281250000e-01 2.99606561660767e-01
494 5.83007812500000e-01 3.39898109436035e-01
495 5.88378906250000e-01 3.46189737319946e-01
496 6.64062500000000e-01 4.40979003906250e-01
497 6.46972656250000e-01 4.18573617935181e-01
498 6.26464843750000e-01 3.92458200454712e-01
499 6.05957031250000e-01 3.67183923721313e-01
500 6.17675781250000e-01 3.81523370742798e-01
501 6.66503906250000e-01 4.44227457046509e-01
502 6.89941406250000e-01 4.76019144058228e-01
503 6.80175781250000e-01 4.62639093399048e-01
504 6.89453125000000e-01 4.75345611572266e-01
505 7.20214843750000e-01 5.18709421157837e-01
506 7.22656250000000e-01 5.22232055664062e-01
507 7.37304687500000e-01 5.43618202209473e-01
508 7.03613281250000e-01 4.95071649551392e-01
509 7.32910156250000e-01 5.37157297134399e-01
510 7.85156250000000e-01 6.16470336914062e-01
511 7.51953125000000e-01 5.65433502197266e-01
512 6.99218750000000e-01 4.88906860351562e-01
513 7.23632812500000e-01 5.23644447326660e-01
514 7.45117187500000e-01 5.55199623107910e-01
515 7.11914062500000e-01 5.06821632385254e-01
516 6.98730468750000e-01 4.88224267959595e-01
517 6.80175781250000e-01 4.62639093399048e-01
518 6.53320312500000e-01 4.26827430725098e-01
519 6.27929687500000e-01 3.94295692443848e-01
520 6.69433593750000e-01 4.48141336441040e-01
521 6.75781250000000e-01 4.56680297851562e-01
522 7.03125000000000e-01 4.94384765625000e-01
523 6.88476562500000e-01 4.73999977111816e-01
524 7.03125000000000e-01 4.94384765625000e-01
525 6.66015625000000e-01 4.43576812744141e-01
526 6.83593750000000e-01 4.67300415039062e-01
527 7.06542968750000e-01 4.99202966690063e-01
528 6.74316406250000e-01 4.54702615737915e-01
529 6.49414062500000e-01 4.21738624572754e-01
530 6.19140625000000e-01 3.83335113525391e-01
531 5.88867187500000e-01 3.46764564514160e-01
532 6.14746093750000e-01 3.77912759780884e-01
533 6.24023437500000e-01 3.89405250549316e-01
534 5.72753906250000e-01 3.28047037124634e-01
535 6.17675781250000e-01 3.81523370742798e-01
536 5.87890625000000e-01 3.45615386962891e-01
537 5.62988281250000e-01 3.16955804824829e-01
538 5.86914062500000e-01 3.44468116760254e-01
539 6.02050781250000e-01 3.62465143203735e-01
540 6.02050781250000e-01 3.62465143203735e-01
541 6.18652343750000e-01 3.82730722427368e-01
542 6.66503906250000e-01 4.44227457046509e-01
543 6.56250000000000e-01 4.30664062500000e-01
544 6.96289062500000e-01 4.84818458557129e-01
545 6.81640625000000e-01 4.64633941650391e-01
546 7.04101562500000e-01 4.95759010314941e-01
547 6.21582031250000e-01 3.86364221572876e-01
548 6.02050781250000e-01 3.62465143203735e-01
549 5.97656250000000e-01 3.57192993164062e-01
550 5.36132812500000e-01 2.87438392639160e-01
551 5.54687500000000e-01 3.07678222656250e-01
552 5.73242187500000e-01 3.28606605529785e-01
553 5.48828125000000e-01 3.01212310791016e-01
554 6.09375000000000e-01 3.71337890625000e-01
555 5.16113281250000e-01 2.66372919082642e-01
556 5.20996093750000e-01 2.71436929702759e-01
557 5.07324218750000e-01 2.57377862930298e-01
558 5.37109375000000e-01 2.88486480712891e-01
559 4.93164062500000e-01 2.43210792541504e-01
560 4.83398437500000e-01 2.33674049377441e-01
561 4.44824218750000e-01 1.97868585586548e-01
562 5.01953125000000e-01 2.51956939697266e-01
563 5.10253906250000e-01 2.60359048843384e-01
564 5.98632812500000e-01 3.58361244201660e-01
565 5.63476562500000e-01 3.17505836486816e-01
566 5.53222656250000e-01 3.06055307388306e-01
567 5.64453125000000e-01 3.18607330322266e-01
568 5.11718750000000e-01 2.61856079101562e-01
569 5.39550781250000e-01 2.91115045547485e-01
570 5.46386718750000e-01 2.98538446426392e-01
571 5.10742187500000e-01 2.60857582092285e-01
572 5.64453125000000e-01 3.18607330322266e-01
573 6.08886718750000e-01 3.70743036270142e-01
574 6.04492187500000e-01 3.65410804748535e-01
575 5.29296875000000e-01 2.80155181884766e-01
576 5.10253906250000e-01 2.60359048843384e-01
577 6.01562500000000e-01 3.61877441406250e-01
578 5.77636718750000e-01 3.33664178848267e-01
579 5.34667968750000e-01 2.85869836807251e-01
580 4.86816406250000e-01 2.36990213394165e-01
581 5.36621093750000e-01 2.87962198257446e-01
582 5.41015625000000e-01 2.92697906494141e-01
583 6.43066406250000e-01 4.13534402847290e-01
584 6.49414062500000e-01 4.21738624572754e-01
585 7.22167968750000e-01 5.21526575088501e-01
586 7.29980468750000e-01 5.32871484756470e-01
587 7.17773437500000e-01 5.15198707580566e-01
588 6.70410156250000e-01 4.49449777603149e-01
589 7.85644531250000e-01 6.17237329483032e-01
590 7.94921875000000e-01 6.31900787353516e-01
591 7.41699218750000e-01 5.50117731094360e-01
592 7.39746093750000e-01 5.47224283218384e-01
593 7.22656250000000e-01 5.22232055664062e-01
594 7.66113281250000e-01 5.86929559707642e-01
595 7.12402343750000e-01 5.07517099380493e-01
596 7.25097656250000e-01 5.25766611099243e-01
597 7.45117187500000e-01 5.55199623107910e-01
598 7.11425781250000e-01 5.06126642227173e-01
599 6.75292968750000e-01 4.56020593643188e-01
600 6.96289062500000e-01 4.84818458557129e-01
601 6.77246093750000e-01 4.58662271499634e-01
602 7.05566406250000e-01 4.97823953628540e-01
603 6.80664062500000e-01 4.63303565979004e-01
604 7.01660156250000e-01 4.92326974868774e-01
605 6.51855468750000e-01 4.24915552139282e-01
606 6.84082031250000e-01 4.67968225479126e-01
607 6.45507812500000e-01 4.16680335998535e-01
608 6.23046875000000e-01 3.88187408447266e-01
609 6.59667968750000e-01 4.35161828994751e-01
610 6.90917968750000e-01 4.77367639541626e-01
611 6.36230468750000e-01 4.04789209365845e-01
612 6.81152343750000e-01 4.63968515396118e-01
613 7.00195312500000e-01 4.90273475646973e-01
614 6.24511718750000e-01 3.90014886856079e-01
615 7.00683593750000e-01 4.90957498550415e-01
616 7.08007812500000e-01 5.01275062561035e-01
617 6.51367187500000e-01 4.24279212951660e-01
618 7.14355468750000e-01 5.10303735733032e-01
619 6.49902343750000e-01 4.22373056411743e-01
620 6.58203125000000e-01 4.33231353759766e-01
621 6.21093750000000e-01 3.85757446289062e-01
622 6.24023437500000e-01 3.89405250549316e-01
623 6.54785156250000e-01 4.28743600845337e-01
624 6.80664062500000e-01 4.63303565979004e-01
625 6.33789062500000e-01 4.01688575744629e-01
626 6.29882812500000e-01 3.96752357482910e-01
627 5.47363281250000e-01 2.99606561660767e-01
628 5.07812500000000e-01 2.57873535156250e-01
629 6.10351562500000e-01 3.72529029846191e-01
630 5.52246093750000e-01 3.04975748062134e-01
631 5.43457031250000e-01 2.95345544815063e-01
632 5.60546875000000e-01 3.14212799072266e-01
633 6.01562500000000e-01 3.61877441406250e-01
634 5.73730468750000e-01 3.29166650772095e-01
635 5.18066406250000e-01 2.68392801284790e-01
636 5.03906250000000e-01 2.53921508789062e-01
637 5.44433593750000e-01 2.96407938003540e-01
638 5.34667968750000e-01 2.85869836807251e-01
639 5.05859375000000e-01 2.55893707275391e-01
640 5.51757812500000e-01 3.04436683654785e-01
641 5.48828125000000e-01 3.01212310791016e-01
642 5.43457031250000e-01 2.95345544815063e-01
643 5.22460937500000e-01 2.72965431213379e-01
644 5.50292968750000e-01 3.02822351455688e-01
645 5.27832031250000e-01 2.78606653213501e-01
646 5.90332031250000e-01 3.48491907119751e-01
647 5.85449218750000e-01 3.42750787734985e-01
648 5.99609375000000e-01 3.59531402587891e-01
649 6.22070312500000e-01 3.86971473693848e-01
650 6.71386718750000e-01 4.50760126113892e-01
651 6.87011718750000e-01 4.71985101699829e-01
652 6.89453125000000e-01 4.75345611572266e-01
653 7.17285156250000e-01 5.14497995376587e-01
654 6.86035156250000e-01 4.70644235610962e-01
655 6.49414062500000e-01 4.21738624572754e-01
656 6.25976562500000e-01 3.91846656799316e-01
657 6.83105468750000e-01 4.66633081436157e-01
658 6.85058593750000e-01 4.69305276870728e-01
659 6.44042968750000e-01 4.14791345596313e-01
660 6.24511718750000e-01 3.90014886856079e-01
661 6.65527343750000e-01 4.42926645278931e-01
662 6.21582031250000e-01 3.86364221572876e-01
663 6.25488281250000e-01 3.91235589981079e-01
664 6.81152343750000e-01 4.63968515396118e-01
665 6.54785156250000e-01 4.28743600845337e-01
666 6.23046875000000e-01 3.88187408447266e-01
667 5.64941406250000e-01 3.19158792495728e-01
668 5.37109375000000e-01 2.88486480712891e-01
669 5.04394531250000e-01 2.54413843154907e-01
670 5.66406250000000e-01 3.20816040039062e-01
671 5.93750000000000e-01 3.52539062500000e-01
672 6.14746093750000e-01 3.77912759780884e-01
673 5.80566406250000e-01 3.37057352066040e-01
674 5.63964843750000e-01 3.18056344985962e-01
675 5.17578125000000e-01 2.67887115478516e-01
676 4.50683593750000e-01 2.03115701675415e-01
677 4.55566406250000e-01 2.07540750503540e-01
678 4.57031250000000e-01 2.08877563476562e-01
679 4.14062500000000e-01 1.71447753906250e-01
680 4.75585937500000e-01 2.26181983947754e-01
681 4.37500000000000e-01 1.91406250000000e-01
682 4.99511718750000e-01 2.49511957168579e-01
683 5.48828125000000e-01 3.01212310791016e-01
684 4.94140625000000e-01 2.44174957275391e-01
685 5.27343750000000e-01 2.78091430664062e-01
686 5.89843750000000e-01 3.47915649414062e-01
687 5.31738281250000e-01 2.82745599746704e-01
688 5.25878906250000e-01 2.76548624038696e-01
689 4.67285156250000e-01 2.18355417251587e-01
690 4.93164062500000e-01 2.43210792541504e-01
691 5.45410156250000e-01 2.97472238540649e-01
692 5.37597656250000e-01 2.89011240005493e-01
693 5.14648437500000e-01 2.64863014221191e-01
694 4.58496093750000e-01 2.10218667984009e-01
695 4.93652343750000e-01 2.43692636489868e-01
696 5.16113281250000e-01 2.66372919082642e-01
697 5.22949218750000e-01 2.73475885391235e-01
698 5.07324218750000e-01 2.57377862930298e-01
699 5.18066406250000e-01 2.68392801284790e-01
700 4.79492187500000e-01 2.29912757873535e-01
701 5.02929687500000e-01 2.52938270568848e-01
702 5.90820312500000e-01 3.49068641662598e-01
703 6.17187500000000e-01 3.80920410156250e-01
704 5.71777343750000e-01 3.26929330825806e-01
705 5.02441406250000e-01 2.52447366714478e-01
706 5.46875000000000e-01 2.99072265625000e-01
707 5.82031250000000e-01 3.38760375976562e-01
708 6.43554687500000e-01 4.14162635803223e-01
709 6.11816406250000e-01 3.74319314956665e-01
710 6.44042968750000e-01 4.14791345596313e-01
711 6.67480468750000e-01 4.45530176162720e-01
712 6.96777343750000e-01 4.85498666763306e-01
713 6.93847656250000e-01 4.81424570083618e-01
714 6.84570312500000e-01 4.68636512756348e-01
715 6.64550781250000e-01 4.41627740859985e-01
716 7.00683593750000e-01 4.90957498550415e-01
717 6.54785156250000e-01 4.28743600845337e-01
718 6.78222656250000e-01 4.59985971450806e-01
719 6.65039062500000e-01 4.42276954650879e-01
720 6.81152343750000e-01 4.63968515396118e-01
721 6.11816406250000e-01 3.74319314956665e-01
722 6.19140625000000e-01 3.83335113525391e-01
723 5.68847656250000e-01 3.23587656021118e-01
724 6.30859375000000e-01 3.97983551025391e-01
725 6.62109375000000e-01 4.38388824462891e-01
726 6.68945312500000e-01 4.47487831115723e-01
727 6.74316406250000e-01 4.54702615737915e-01
728 6.59179687500000e-01 4.34517860412598e-01
729 6.96289062500000e-01 4.84818458557129e-01
730 6.83105468750000e-01 4.66633081436157e-01
731 6.24511718750000e-01 3.90014886856079e-01
732 5.64453125000000e-01 3.18607330322266e-01
733 5.90332031250000e-01 3.48491907119751e-01
734 6.78710937500000e-01 4.60648536682129e-01
735 7.30468750000000e-01 5.33584594726562e-01
736 7.66601562500000e-01 5.87677955627441e-01
737 6.95800781250000e-01 4.84138727188110e-01
738 7.26074218750000e-01 5.27183771133423e-01
739 6.98242187500000e-01 4.87542152404785e-01
740 6.58203125000000e-01 4.33231353759766e-01
741 6.83593750000000e-01 4.67300415039062e-01
742 7.06542968750000e-01 4.99202966690063e-01
743 6.73339843750000e-01 4.53386545181274e-01
744 6.44531250000000e-01 4.15420532226562e-01
745 6.03027343750000e-01 3.63641977310181e-01
746 6.20605468750000e-01 3.85151147842407e-01
747 6.29394531250000e-01 3.96137475967407e-01
748 6.65039062500000e-01 4.42276954650879e-01
749 6.39160156250000e-01 4.08525705337524e-01
750 6.28906250000000e-01 3.95523071289062e-01
751 5.71777343750000e-01 3.26929330825806e-01
752 5.80566406250000e-01 3.37057352066040e-01
753 5.94726562500000e-01 3.53699684143066e-01
754 6.26953125000000e-01 3.93070220947266e-01
755 5.95214843750000e-01 3.54280710220337e-01
756 5.83496093750000e-01 3.40467691421509e-01
757 5.97656250000000e-01 3.57192993164062e-01
758 5.98632812500000e-01 3.58361244201660e-01
759 5.10742187500000e-01 2.60857582092285e-01
760 5.34667968750000e-01 2.85869836807251e-01
761 4.89257812500000e-01 2.39373207092285e-01
762 5.17089843750000e-01 2.67381906509399e-01
763 5.85937500000000e-01 3.43322753906250e-01
764 6.34765625000000e-01 4.02927398681641e-01
765 6.48437500000000e-01 4.20471191406250e-01
766 6.66015625000000e-01 4.43576812744141e-01
767 6.65039062500000e-01 4.42276954650879e-01
768 6.37207031250000e-01 4.06032800674438e-01
769 5.80078125000000e-01 3.36490631103516e-01
770 5.79101562500000e-01 3.35358619689941e-01
771 5.27832031250000e-01 2.78606653213501e-01
772 5.90820312500000e-01 3.49068641662598e-01
773 5.46386718750000e-01 2.98538446426392e-01
774 6.16210937500000e-01 3.79715919494629e-01
775 5.67382812500000e-01 3.21923255920410e-01
776 5.57128906250000e-01 3.10392618179321e-01
777 5.56640625000000e-01 3.09848785400391e-01
778 5.21972656250000e-01 2.72455453872681e-01
779 5.51269531250000e-01 3.03898096084595e-01
780 5.26855468750000e-01 2.77576684951782e-01
781 5.63964843750000e-01 3.18056344985962e-01
782 5.59082031250000e-01 3.12572717666626e-01
783 5.46386718750000e-01 2.98538446426392e-01
784 6.08886718750000e-01 3.70743036270142e-01
785 5.75195312500000e-01 3.30849647521973e-01
786 5.42968750000000e-01 2.94815063476562e-01
787 4.66308593750000e-01 2.17443704605103e-01
788 4.21875000000000e-01 1.77978515625000e-01
789 4.72167968750000e-01 2.22942590713501e-01
790 5.27832031250000e-01 2.78606653213501e-01
791 5.40039062500000e-01 2.91642189025879e-01
792 4.72656250000000e-01 2.23403930664062e-01
793 4.27734375000000e-01 1.82956695556641e-01
794 4.14062500000000e-01 1.71447753906250e-01
795 3.82812500000000e-01 1.46545410156250e-01
796 4.72656250000000e-01 2.23403930664062e-01
797 5.67871093750000e-01 3.22477579116821e-01
798 5.02929687500000e-01 2.52938270568848e-01
799 4.80468750000000e-01 2.30850219726562e-01
800 4.32128906250000e-01 1.86735391616821e-01
801 3.74511718750000e-01 1.40259027481079e-01
802 4.48730468750000e-01 2.01359033584595e-01
803 3.87207031250000e-01 1.49929285049438e-01
804 3.80859375000000e-01 1.45053863525391e-01
805 4.10156250000000e-01 1.68228149414062e-01
806 3.74023437500000e-01 1.39893531799316e-01
807 3.93554687500000e-01 1.54885292053223e-01
808 3.31054687500000e-01 1.09597206115723e-01
809 3.30566406250000e-01 1.09274148941040e-01
810 3.54492187500000e-01 1.25664710998535e-01
811 3.61328125000000e-01 1.30558013916016e-01
812 4.18945312500000e-01 1.75515174865723e-01
813 3.93066406250000e-01 1.54501199722290e-01
814 3.52050781250000e-01 1.23939752578735e-01
815 3.74511718750000e-01 1.40259027481079e-01
816 3.16894531250000e-01 1.00422143936157e-01
817 3.08105468750000e-01 9.49289798736572e-02
818 2.81738281250000e-01 7.93764591217041e-02
819 2.75878906250000e-01 7.61091709136963e-02
820 1.86035156250000e-01 3.46090793609619e-02
821 2.29003906250000e-01 5.24427890777588e-02
822 2.33886718750000e-01 5.47029972076416e-02
823 2.50488281250000e-01 6.27443790435791e-02
824 2.91992187500000e-01 8.52594375610352e-02
825 3.24707031250000e-01 1.05434656143188e-01
826 2.29980468750000e-01 5.28910160064697e-02
827 3.21777343750000e-01 1.03540658950806e-01
828 3.62792968750000e-01 1.31618738174438e-01
829 3.67675781250000e-01 1.35185480117798e-01
830 2.83691406250000e-01 8.04808139801025e-02
831 2.92480468750000e-01 8.55448246002197e-02
832 2.89062500000000e-01 8.35571289062500e-02
833 3.09082031250000e-01 9.55317020416260e-02
834 3.62792968750000e-01 1.31618738174438e-01
835 3.03710937500000e-01 9.22403335571289e-02
836 3.43261718750000e-01 1.17828607559204e-01
837 4.06738281250000e-01 1.65436029434204e-01
838 3.92578125000000e-01 1.54117584228516e-01
839 3.93066406250000e-01 1.54501199722290e-01
840 3.22753906250000e-01 1.04170083999634e-01
841 3.43750000000000e-01 1.18164062500000e-01
842 3.28125000000000e-01 1.07666015625000e-01
843 4.09179687500000e-01 1.67428016662598e-01
844 4.10156250000000e-01 1.68228149414062e-01
845 3.28613281250000e-01 1.07986688613892e-01
846 3.63769531250000e-01 1.32328271865845e-01
847 4.39941406250000e-01 1.93548440933228e-01
848 4.48730468750000e-01 2.01359033584595e-01
849 4.08691406250000e-01 1.67028665542603e-01
850 3.91113281250000e-01 1.52969598770142e-01
851 4.30664062500000e-01 1.85471534729004e-01
852 3.68652343750000e-01 1.35904550552368e-01
853 4.09179687500000e-01 1.67428016662598e-01
854 3.98925781250000e-01 1.59141778945923e-01
855 3.97460937500000e-01 1.57975196838379e-01
856 4.87792968750000e-01 2.37941980361938e-01
857 5.86425781250000e-01 3.43895196914673e-01
858 5.97167968750000e-01 3.56609582901001e-01
859 4.77539062500000e-01 2.28043556213379e-01
860 5.36621093750000e-01 2.87962198257446e-01
861 5.73730468750000e-01 3.29166650772095e-01
862 6.71386718750000e-01 4.50760126113892e-01
863 6.66992187500000e-01 4.44878578186035e-01
864 6.47460937500000e-01 4.19205665588379e-01
865 6.67968750000000e-01 4.46182250976562e-01
866 6.50390625000000e-01 4.23007965087891e-01
867 6.44042968750000e-01 4.14791345596313e-01
868 6.30859375000000e-01 3.97983551025391e-01
869 5.95214843750000e-01 3.54280710220337e-01
870 6.03027343750000e-01 3.63641977310181e-01
871 5.86425781250000e-01 3.43895196914673e-01
872 6.28906250000000e-01 3.95523071289062e-01
873 6.22070312500000e-01 3.86971473693848e-01
874 5.54687500000000e-01 3.07678222656250e-01
875 6.18652343750000e-01 3.82730722427368e-01
876 6.65039062500000e-01 4.42276954650879e-01
877 6.63574218750000e-01 4.40330743789673e-01
878 6.54785156250000e-01 4.28743600845337e-01
879 6.76757812500000e-01 4.58001136779785e-01
880 6.73339843750000e-01 4.53386545181274e-01
881 6.23046875000000e-01 3.88187408447266e-01
882 6.10839843750000e-01 3.73125314712524e-01
883 6.07421875000000e-01 3.68961334228516e-01
884 5.98632812500000e-01 3.58361244201660e-01
885 6.12304687500000e-01 3.74917030334473e-01
886 6.38671875000000e-01 4.07901763916016e-01
887 6.67480468750000e-01 4.45530176162720e-01
888 6.40625000000000e-01 4.10400390625000e-01
889 6.78222656250000e-01 4.59985971450806e-01
890 6.28417968750000e-01 3.94909143447876e-01
891 6.83593750000000e-01 4.67300415039062e-01
892 6.54785156250000e-01 4.28743600845337e-01
893 6.51367187500000e-01 4.24279212951660e-01
894 6.57226562500000e-01 4.31946754455566e-01
895 7.15332031250000e-01 5.11699914932251e-01
896 6.64550781250000e-01 4.41627740859985e-01
897 6.31835937500000e-01 3.99216651916504e-01
898 6.34277343750000e-01 4.02307748794556e-01
899 6.95800781250000e-01 4.84138727188110e-01
900 7.01171875000000e-01 4.91641998291016e-01
901 7.43164062500000e-01 5.52292823791504e-01
902 6.83105468750000e-01 4.66633081436157e-01
903 6.88964843750000e-01 4.74672555923462e-01
904 6.55273437500000e-01 4.29383277893066e-01
905 7.11425781250000e-01 5.06126642227173e-01
906 6.79687500000000e-01 4.61975097656250e-01
907 6.80175781250000e-01 4.62639093399048e-01
908 6.86035156250000e-01 4.70644235610962e-01
909 7.23632812500000e-01 5.23644447326660e-01
910 7.47070312500000e-01 5.58114051818848e-01
911 7.57812500000000e-01 5.74279785156250e-01
912 7.55859375000000e-01 5.71323394775391e-01
913 7.45605468750000e-01 5.55927515029907e-01
914 7.66601562500000e-01 5.87677955627441e-01
915 7.63671875000000e-01 5.83194732666016e-01
916 6.85058593750000e-01 4.69305276870728e-01
917 6.91894531250000e-01 4.78718042373657e-01
918 6.80175781250000e-01 4.62639093399048e-01
919 6.69433593750000e-01 4.48141336441040e-01
920 6.91406250000000e-01 4.78042602539062e-01
921 7.34863281250000e-01 5.40024042129517e-01
922 7.28027343750000e-01 5.30023813247681e-01
923 6.31347656250000e-01 3.98599863052368e-01
924 6.43554687500000e-01 4.14162635803223e-01
925 6.44042968750000e-01 4.14791345596313e-01
926 6.64550781250000e-01 4.41627740859985e-01
927 7.38769531250000e-01 5.45780420303345e-01
928 7.82714843750000e-01 6.12642526626587e-01
929 7.38281250000000e-01 5.45059204101562e-01
930 7.58789062500000e-01 5.75760841369629e-01
931 7.44628906250000e-01 5.54472208023071e-01
932 7.19726562500000e-01 5.18006324768066e-01
933 7.51953125000000e-01 5.65433502197266e-01
934 6.84570312500000e-01 4.68636512756348e-01
935 6.95312500000000e-01 4.83459472656250e-01
936 7.01660156250000e-01 4.92326974868774e-01
937 6.85546875000000e-01 4.69974517822266e-01
938 6.12792968750000e-01 3.75515222549438e-01
939 6.38183593750000e-01 4.07278299331665e-01
940 6.42089843750000e-01 4.12279367446899e-01
941 5.68847656250000e-01 3.23587656021118e-01
942 5.41015625000000e-01 2.92697906494141e-01
943 5.40527343750000e-01 2.92169809341431e-01
944 5.57617187500000e-01 3.10936927795410e-01
945 5.58593750000000e-01 3.12026977539062e-01
946 6.01074218750000e-01 3.61290216445923e-01
947 5.91796875000000e-01 3.50223541259766e-01
948 6.38183593750000e-01 4.07278299331665e-01
949 6.17187500000000e-01 3.80920410156250e-01
950 6.53808593750000e-01 4.27465677261353e-01
951 6.34277343750000e-01 4.02307748794556e-01
952 5.33203125000000e-01 2.84305572509766e-01
953 5.47851562500000e-01 3.00141334533691e-01
954 5.22460937500000e-01 2.72965431213379e-01
955 5.00976562500000e-01 2.50977516174316e-01
956 5.08300781250000e-01 2.58369684219360e-01
957 5.69824218750000e-01 3.24699640274048e-01
958 5.55175781250000e-01 3.08220148086548e-01
959 5.75195312500000e-01 3.30849647521973e-01
960 5.63964843750000e-01 3.18056344985962e-01
961 5.38574218750000e-01 2.90062189102173e-01
962 5.08300781250000e-01 2.58369684219360e-01
963 5.31250000000000e-01 2.82226562500000e-01
964 4.53613281250000e-01 2.05765008926392e-01
965 3.67187500000000e-01 1.34826660156250e-01
966 3.61328125000000e-01 1.30558013916016e-01
967 3.33007812500000e-01 1.10894203186035e-01
968 3.66699218750000e-01 1.34468317031860e-01
969 3.33007812500000e-01 1.10894203186035e-01
970 3.35449218750000e-01 1.12526178359985e-01
971 3.51562500000000e-01 1.23596191406250e-01
972 2.92480468750000e-01 8.55448246002197e-02
973 3.77441406250000e-01 1.42462015151978e-01
974 3.92578125000000e-01 1.54117584228516e-01
975 4.04785156250000e-01 1.63851022720337e-01
976 3.57910156250000e-01 1.28099679946899e-01
977 4.04296875000000e-01 1.63455963134766e-01
978 3.92089843750000e-01 1.53734445571899e-01
979 4.09667968750000e-01 1.67827844619751e-01
980 4.08691406250000e-01 1.67028665542603e-01
981 4.34570312500000e-01 1.88851356506348e-01
982 4.41406250000000e-01 1.94839477539062e-01
983 4.42871093750000e-01 1.96134805679321e-01
984 4.94140625000000e-01 2.44174957275391e-01
985 4.91210937500000e-01 2.41288185119629e-01
986 4.58984375000000e-01 2.10666656494141e-01
987 4.31640625000000e-01 1.86313629150391e-01
988 4.14062500000000e-01 1.71447753906250e-01
989 3.57421875000000e-01 1.27750396728516e-01
990 4.46777343750000e-01 1.99609994888306e-01
991 4.24316406250000e-01 1.80044412612915e-01
992 4.51171875000000e-01 2.03556060791016e-01
993 4.95117187500000e-01 2.45141029357910e-01
994 5.06347656250000e-01 2.56387948989868e-01
995 5.04394531250000e-01 2.54413843154907e-01
996 5.53710937500000e-01 3.06595802307129e-01
997 5.07324218750000e-01 2.57377862930298e-01
998 5.80566406250000e-01 3.37057352066040e-01
999 5.43457031250000e-01 2.95345544815063e-01
