0 5.37109375000000e-01 2.88486480712891e-01
1 5.26367187500000e-01 2.77062416076660e-01
2 5.99121093750000e-01 3.58946084976196e-01
3 6.17675781250000e-01 3.81523370742798e-01
4 6.53808593750000e-01 4.27465677261353e-01
5 6.67968750000000e-01 4.46182250976562e-01
6 6.26464843750000e-01 3.92458200454712e-01
7 6.52832031250000e-01 4.26189661026001e-01
8 6.73828125000000e-01 4.54044342041016e-01
9 7.19726562500000e-01 5.18006324768066e-01
10 6.78222656250000e-01 4.59985971450806e-01
11 6.65039062500000e-01 4.42276954650879e-01
12 6.25000000000000e-01 3.90625000000000e-01
13 6.53320312500000e-01 4.26827430725098e-01
14 6.82617187500000e-01 4.65966224670410e-01
15 7.39257812500000e-01 5.46502113342285e-01
16 7.35351562500000e-01 5.40741920471191e-01
17 7.49511718750000e-01 5.61767816543579e-01
18 7.79785156250000e-01 6.08064889907837e-01
19 7.50976562500000e-01 5.63965797424316e-01
20 7.18261718750000e-01 5.15899896621704e-01
21 7.32421875000000e-01 5.36441802978516e-01
22 7.63671875000000e-01 5.83194732666016e-01
23 6.87011718750000e-01 4.71985101699829e-01
24 6.79687500000000e-01 4.61975097656250e-01
25 6.99707031250000e-01 4.89589929580688e-01
26 6.63574218750000e-01 4.40330743789673e-01
27 6.61132812500000e-01 4.37096595764160e-01
28 6.08886718750000e-01 3.70743036270142e-01
29 6.28417968750000e-01 3.94909143447876e-01
30 6.24511718750000e-01 3.90014886856079e-01
31 5.88378906250000e-01 3.46189737319946e-01
32 6.18652343750000e-01 3.82730722427368e-01
33 6.54785156250000e-01 4.28743600845337e-01
34 6.73339843750000e-01 4.53386545181274e-01
35 6.60156250000000e-01 4.35806274414062e-01
36 6.56250000000000e-01 4.30664062500000e-01
37 6.45996093750000e-01 4.17310953140259e-01
38 5.84960937500000e-01 3.42179298400879e-01
39 6.22558593750000e-01 3.87579202651978e-01
40 5.99609375000000e-01 3.59531402587891e-01
41 6.00097656250000e-01 3.60117197036743e-01
42 5.58105468750000e-01 3.11481714248657e-01
43 6.36718750000000e-01 4.05410766601562e-01
44 6.97753906250000e-01 4.86860513687134e-01
45 6.37695312500000e-01 4.06655311584473e-01
46 5.65917968750000e-01 3.20263147354126e-01
47 5.48339843750000e-01 3.00676584243774e-01
48 6.08398437500000e-01 3.70148658752441e-01
49 6.49902343750000e-01 4.22373056411743e-01
50 6.06445312500000e-01 3.67775917053223e-01
51 6.13281250000000e-01 3.76113891601562e-01
52 6.26464843750000e-01 3.92458200454712e-01
53 6.08886718750000e-01 3.70743036270142e-01
54 5.92285156250000e-01 3.50801706314087e-01
55 5.97656250000000e-01 3.57192993164062e-01
56 5.89355468750000e-01 3.47339868545532e-01
57 5.83007812500000e-01 3.39898109436035e-01
58 5.63476562500000e-01 3.17505836486816e-01
59 5.30273437500000e-01 2.81189918518066e-01
60 5.45898437500000e-01 2.98005104064941e-01
61 5.61035156250000e-01 3.14760446548462e-01
62 5.80078125000000e-01 3.36490631103516e-01
63 5.52734375000000e-01 3.05515289306641e-01
64 4.70214843750000e-01 2.21101999282837e-01
65 4.73632812500000e-01 2.24328041076660e-01
66 5.02929687500000e-01 2.52938270568848e-01
67 5.13183593750000e-01 2.63357400894165e-01
68 4.75585937500000e-01 2.26181983947754e-01
69 4.72656250000000e-01 2.23403930664062e-01
70 4.81933593750000e-01 2.32259988784790e-01
71 5.30761718750000e-01 2.81708002090454e-01
72 4.56542968750000e-01 2.08431482315063e-01
73 4.79492187500000e-01 2.29912757873535e-01
74 4.86816406250000e-01 2.36990213394165e-01
75 4.71191406250000e-01 2.22021341323853e-01
76 5.15136718750000e-01 2.65365839004517e-01
77 4.68750000000000e-01 2.19726562500000e-01
78 5.09765625000000e-01 2.59860992431641e-01
79 4.62890625000000e-01 2.14267730712891e-01
80 4.51660156250000e-01 2.03996896743774e-01
81 4.58007812500000e-01 2.09771156311035e-01
82 4.30664062500000e-01 1.85471534729004e-01
83 4.54589843750000e-01 2.06651926040649e-01
84 4.65332031250000e-01 2.16533899307251e-01
85 5.47363281250000e-01 2.99606561660767e-01
86 5.20507812500000e-01 2.70928382873535e-01
87 5.39550781250000e-01 2.91115045547485e-01
88 5.31250000000000e-01 2.82226562500000e-01
89 4.96582031250000e-01 2.46593713760376e-01
90 4.87304687500000e-01 2.37465858459473e-01
91 5.20996093750000e-01 2.71436929702759e-01
92 5.65917968750000e-01 3.20263147354126e-01
93 5.50292968750000e-01 3.02822351455688e-01
94 5.66406250000000e-01 3.20816040039062e-01
95 5.33203125000000e-01 2.84305572509766e-01
96 5.62011718750000e-01 3.15857172012329e-01
97 4.97558593750000e-01 2.47564554214478e-01
98 5.38085937500000e-01 2.89536476135254e-01
99 5.54687500000000e-01 3.07678222656250e-01
100 5.49316406250000e-01 3.01748514175415e-01
101 5.45410156250000e-01 2.97472238540649e-01
102 5.32714843750000e-01 2.83785104751587e-01
103 5.42968750000000e-01 2.94815063476562e-01
104 5.53710937500000e-01 3.06595802307129e-01
105 4.98535156250000e-01 2.48537302017212e-01
106 4.19433593750000e-01 1.75924539566040e-01
107 4.20410156250000e-01 1.76744699478149e-01
108 3.41796875000000e-01 1.16825103759766e-01
109 3.73535156250000e-01 1.39528512954712e-01
110 3.71093750000000e-01 1.37710571289062e-01
111 2.77343750000000e-01 7.69195556640625e-02
112 3.12500000000000e-01 9.76562500000000e-02
113 3.18359375000000e-01 1.01352691650391e-01
114 3.22265625000000e-01 1.03855133056641e-01
115 3.33496093750000e-01 1.11219644546509e-01
116 2.87109375000000e-01 8.24317932128906e-02
117 2.62207031250000e-01 6.87525272369385e-02
118 2.70507812500000e-01 7.31744766235352e-02
119 2.27050781250000e-01 5.15520572662354e-02
120 2.64648437500000e-01 7.00387954711914e-02
121 2.47558593750000e-01 6.12852573394775e-02
122 2.80761718750000e-01 7.88271427154541e-02
123 2.96386718750000e-01 8.78450870513916e-02
124 2.51464843750000e-01 6.32345676422119e-02
125 1.99218750000000e-01 3.96881103515625e-02
126 1.78222656250000e-01 3.17633152008057e-02
127 1.17187500000000e-01 1.37329101562500e-02
128 1.81640625000000e-01 3.29933166503906e-02
129 1.28906250000000e-01 1.66168212890625e-02
130 1.08398437500000e-01 1.17502212524414e-02
131 1.51855468750000e-01 2.30600833892822e-02
132 1.25000000000000e-01 1.56250000000000e-02
133 8.78906250000000e-02 7.72476196289062e-03
134 5.85937500000000e-03 3.43322753906250e-05
135 2.53906250000000e-02 6.44683837890625e-04
136 2.00195312500000e-02 4.00781631469727e-04
137 3.71093750000000e-02 1.37710571289062e-03
138 3.36914062500000e-02 1.13511085510254e-03
139 8.78906250000000e-03 7.72476196289062e-05
140 1.66015625000000e-02 2.75611877441406e-04
141 3.75976562500000e-02 1.41358375549316e-03
142 1.23046875000000e-01 1.51405334472656e-02
143 7.86132812500000e-02 6.18004798889160e-03
144 8.98437500000000e-02 8.07189941406250e-03
145 1.72363281250000e-01 2.97091007232666e-02
146 2.14355468750000e-01 4.59482669830322e-02
147 2.53906250000000e-01 6.44683837890625e-02
148 2.39746093750000e-01 5.74781894683838e-02
149 1.98242187500000e-01 3.92999649047852e-02
150 2.45117187500000e-01 6.00824356079102e-02
151 1.74804687500000e-01 3.05566787719727e-02
152 2.52929687500000e-01 6.39734268188477e-02
153 3.03222656250000e-01 9.19439792633057e-02
154 3.11523437500000e-01 9.70468521118164e-02
155 3.44238281250000e-01 1.18499994277954e-01
156 2.35351562500000e-01 5.53903579711914e-02
157 1.76757812500000e-01 3.12433242797852e-02
158 1.19140625000000e-01 1.41944885253906e-02
159 1.64550781250000e-01 2.70769596099854e-02
160 4.54101562500000e-02 2.06208229064941e-03
161 4.44335937500000e-02 1.97434425354004e-03
162 2.92968750000000e-03 8.58306884765625e-06
163 6.54296875000000e-02 4.28104400634766e-03
164 9.17968750000000e-02 8.42666625976562e-03
165 1.41601562500000e-01 2.00510025024414e-02
166 1.41601562500000e-01 2.00510025024414e-02
167 2.18750000000000e-01 4.78515625000000e-02
168 1.85058593750000e-01 3.42466831207275e-02
169 1.59667968750000e-01 2.54938602447510e-02
170 1.10839843750000e-01 1.22854709625244e-02
171 1.13769531250000e-01 1.29435062408447e-02
172 1.20117187500000e-01 1.44281387329102e-02
173 1.07910156250000e-01 1.16446018218994e-02
174 1.26953125000000e-01 1.61170959472656e-02
175 5.37109375000000e-03 2.88486480712891e-05
176 5.71289062500000e-02 3.26371192932129e-03
177 5.22460937500000e-02 2.72965431213379e-03
178 8.83789062500000e-02 7.81083106994629e-03
179 3.27148437500000e-02 1.07026100158691e-03
180 1.45019531250000e-01 2.10306644439697e-02
181 1.51855468750000e-01 2.30600833892822e-02
182 1.62109375000000e-01 2.62794494628906e-02
183 2.32910156250000e-01 5.42471408843994e-02
184 2.87109375000000e-01 8.24317932128906e-02
185 2.60742187500000e-01 6.79864883422852e-02
186 2.41699218750000e-01 5.84185123443604e-02
187 2.19238281250000e-01 4.80654239654541e-02
188 3.21777343750000e-01 1.03540658950806e-01
189 3.04199218750000e-01 9.25371646881104e-02
190 2.94921875000000e-01 8.69789123535156e-02
191 3.26660156250000e-01 1.06706857681274e-01
192 3.50585937500000e-01 1.22910499572754e-01
193 4.03320312500000e-01 1.62667274475098e-01
194 3.59863281250000e-01 1.29501581192017e-01
195 3.90625000000000e-01 1.52587890625000e-01
196 4.52636718750000e-01 2.04879999160767e-01
197 5.26855468750000e-01 2.77576684951782e-01
198 5.50781250000000e-01 3.03359985351562e-01
199 4.97070312500000e-01 2.47078895568848e-01
200 5.03906250000000e-01 2.53921508789062e-01
201 5.33691406250000e-01 2.84826517105103e-01
202 5.85937500000000e-01 3.43322753906250e-01
203 6.41601562500000e-01 4.11652565002441e-01
204 6.02539062500000e-01 3.63053321838379e-01
205 5.56152343750000e-01 3.09305429458618e-01
206 5.58105468750000e-01 3.11481714248657e-01
207 5.63476562500000e-01 3.17505836486816e-01
208 5.98144531250000e-01 3.57776880264282e-01
209 5.31250000000000e-01 2.82226562500000e-01
210 5.06835937500000e-01 2.56882667541504e-01
211 4.62402343750000e-01 2.13815927505493e-01
212 5.03906250000000e-01 2.53921508789062e-01
213 5.33203125000000e-01 2.84305572509766e-01
214 5.92285156250000e-01 3.50801706314087e-01
215 6.32812500000000e-01 4.00451660156250e-01
216 5.49804687500000e-01 3.02285194396973e-01
217 5.51269531250000e-01 3.03898096084595e-01
218 5.01953125000000e-01 2.51956939697266e-01
219 4.46289062500000e-01 1.99173927307129e-01
220 4.93652343750000e-01 2.43692636489868e-01
221 5.15136718750000e-01 2.65365839004517e-01
222 5.65429687500000e-01 3.19710731506348e-01
223 5.77148437500000e-01 3.33100318908691e-01
224 5.62500000000000e-01 3.16406250000000e-01
225 5.50292968750000e-01 3.02822351455688e-01
226 5.46386718750000e-01 2.98538446426392e-01
227 5.61035156250000e-01 3.14760446548462e-01
228 6.40625000000000e-01 4.10400390625000e-01
229 6.53320312500000e-01 4.26827430725098e-01
230 6.24511718750000e-01 3.90014886856079e-01
231 7.08007812500000e-01 5.01275062561035e-01
232 7.00195312500000e-01 4.90273475646973e-01
233 7.25097656250000e-01 5.25766611099243e-01
234 6.91406250000000e-01 4.78042602539062e-01
235 6.84082031250000e-01 4.67968225479126e-01
236 7.29492187500000e-01 5.32158851623535e-01
237 7.15332031250000e-01 5.11699914932251e-01
238 7.39257812500000e-01 5.46502113342285e-01
239 7.13867187500000e-01 5.09606361389160e-01
240 5.90820312500000e-01 3.49068641662598e-01
241 6.55273437500000e-01 4.29383277893066e-01
242 7.07519531250000e-01 5.00583887100220e-01
243 7.82714843750000e-01 6.12642526626587e-01
244 7.50976562500000e-01 5.63965797424316e-01
245 7.00195312500000e-01 4.90273475646973e-01
246 7.05078125000000e-01 4.97135162353516e-01
247 7.06054687500000e-01 4.98513221740723e-01
248 6.54296875000000e-01 4.28104400634766e-01
249 6.53808593750000e-01 4.27465677261353e-01
250 6.94335937500000e-01 4.82102394104004e-01
251 7.15332031250000e-01 5.11699914932251e-01
252 7.73437500000000e-01 5.98205566406250e-01
253 7.46093750000000e-01 5.56655883789062e-01
254 7.41210937500000e-01 5.49393653869629e-01
255 7.43164062500000e-01 5.52292823791504e-01
256 7.34863281250000e-01 5.40024042129517e-01
257 7.06054687500000e-01 4.98513221740723e-01
258 6.53320312500000e-01 4.26827430725098e-01
259 6.79687500000000e-01 4.61975097656250e-01
260 6.90429687500000e-01 4.76693153381348e-01
261 6.78710937500000e-01 4.60648536682129e-01
262 6.20605468750000e-01 3.85151147842407e-01
263 5.83496093750000e-01 3.40467691421509e-01
264 5.97167968750000e-01 3.56609582901001e-01
265 6.02539062500000e-01 3.63053321838379e-01
266 5.35644531250000e-01 2.86915063858032e-01
267 6.19628906250000e-01 3.83939981460571e-01
268 6.07421875000000e-01 3.68961334228516e-01
269 6.25000000000000e-01 3.90625000000000e-01
270 5.93261718750000e-01 3.51959466934204e-01
271 5.46875000000000e-01 2.99072265625000e-01
272 6.06445312500000e-01 3.67775917053223e-01
273 6.11816406250000e-01 3.74319314956665e-01
274 6.24023437500000e-01 3.89405250549316e-01
275 6.22070312500000e-01 3.86971473693848e-01
276 6.21582031250000e-01 3.86364221572876e-01
277 6.91406250000000e-01 4.78042602539062e-01
278 6.07421875000000e-01 3.68961334228516e-01
279 5.93261718750000e-01 3.51959466934204e-01
280 5.90332031250000e-01 3.48491907119751e-01
281 5.93261718750000e-01 3.51959466934204e-01
282 6.26464843750000e-01 3.92458200454712e-01
283 6.11816406250000e-01 3.74319314956665e-01
284 5.66894531250000e-01 3.21369409561157e-01
285 5.20019531250000e-01 2.70420312881470e-01
286 5.47363281250000e-01 2.99606561660767e-01
287 5.57128906250000e-01 3.10392618179321e-01
288 5.93261718750000e-01 3.51959466934204e-01
289 6.14257812500000e-01 3.77312660217285e-01
290 6.38183593750000e-01 4.07278299331665e-01
291 6.66015625000000e-01 4.43576812744141e-01
292 5.72753906250000e-01 3.28047037124634e-01
293 5.50292968750000e-01 3.02822351455688e-01
294 4.68261718750000e-01 2.19269037246704e-01
295 4.79492187500000e-01 2.29912757873535e-01
296 5.07324218750000e-01 2.57377862930298e-01
297 5.09277343750000e-01 2.59363412857056e-01
298 5.06347656250000e-01 2.56387948989868e-01
299 5.34667968750000e-01 2.85869836807251e-01
300 5.41992187500000e-01 2.93755531311035e-01
301 4.93652343750000e-01 2.43692636489868e-01
302 5.11230468750000e-01 2.61356592178345e-01
303 4.98535156250000e-01 2.48537302017212e-01
304 5.09765625000000e-01 2.59860992431641e-01
305 4.77050781250000e-01 2.27577447891235e-01
306 4.93164062500000e-01 2.43210792541504e-01
307 5.31250000000000e-01 2.82226562500000e-01
308 5.61523437500000e-01 3.15308570861816e-01
309 4.91699218750000e-01 2.41768121719360e-01
310 5.14160156250000e-01 2.64360666275024e-01
311 5.06835937500000e-01 2.56882667541504e-01
312 5.45410156250000e-01 2.97472238540649e-01
313 4.61425781250000e-01 2.12913751602173e-01
314 3.83300781250000e-01 1.46919488906860e-01
315 4.08203125000000e-01 1.66629791259766e-01
316 4.71191406250000e-01 2.22021341323853e-01
317 3.71093750000000e-01 1.37710571289062e-01
318 4.50195312500000e-01 2.02675819396973e-01
319 4.38964843750000e-01 1.92690134048462e-01
320 4.32128906250000e-01 1.86735391616821e-01
321 3.93554687500000e-01 1.54885292053223e-01
322 3.62304687500000e-01 1.31264686584473e-01
323 4.19433593750000e-01 1.75924539566040e-01
324 4.13574218750000e-01 1.71043634414673e-01
325 3.97949218750000e-01 1.58363580703735e-01
326 3.95019531250000e-01 1.56040430068970e-01
327 3.62792968750000e-01 1.31618738174438e-01
328 3.94531250000000e-01 1.55654907226562e-01
329 3.98925781250000e-01 1.59141778945923e-01
330 4.19433593750000e-01 1.75924539566040e-01
331 3.99414062500000e-01 1.59531593322754e-01
332 3.93066406250000e-01 1.54501199722290e-01
333 4.01855468750000e-01 1.61487817764282e-01
334 4.46777343750000e-01 1.99609994888306e-01
335 5.00000000000000e-01 2.50000000000000e-01
336 5.16113281250000e-01 2.66372919082642e-01
337 5.30273437500000e-01 2.81189918518066e-01
338 5.30273437500000e-01 2.81189918518066e-01
339 4.78515625000000e-01 2.28977203369141e-01
340 4.03808593750000e-01 1.63061380386353e-01
341 4.62402343750000e-01 2.13815927505493e-01
342 4.75097656250000e-01 2.25717782974243e-01
343 4.17480468750000e-01 1.74289941787720e-01
344 4.44824218750000e-01 1.97868585586548e-01
345 3.81835937500000e-01 1.45798683166504e-01
346 3.76953125000000e-01 1.42093658447266e-01
347 4.56542968750000e-01 2.08431482315063e-01
348 4.93164062500000e-01 2.43210792541504e-01
349 4.68750000000000e-01 2.19726562500000e-01
350 4.89746093750000e-01 2.39851236343384e-01
351 5.30273437500000e-01 2.81189918518066e-01
352 5.04394531250000e-01 2.54413843154907e-01
353 5.74218750000000e-01 3.29727172851562e-01
354 5.86914062500000e-01 3.44468116760254e-01
355 5.33691406250000e-01 2.84826517105103e-01
356 5.54687500000000e-01 3.07678222656250e-01
357 4.80468750000000e-01 2.30850219726562e-01
358 4.84863281250000e-01 2.35092401504517e-01
359 5.28808593750000e-01 2.79638528823853e-01
360 5.43457031250000e-01 2.95345544815063e-01
361 5.61035156250000e-01 3.14760446548462e-01
362 5.30761718750000e-01 2.81708002090454e-01
363 6.30371093750000e-01 3.97367715835571e-01
364 6.35742187500000e-01 4.04168128967285e-01
365 6.43066406250000e-01 4.13534402847290e-01
366 6.40136718750000e-01 4.09775018692017e-01
367 6.20605468750000e-01 3.85151147842407e-01
368 5.56152343750000e-01 3.09305429458618e-01
369 5.79101562500000e-01 3.35358619689941e-01
370 5.83496093750000e-01 3.40467691421509e-01
371 5.76660156250000e-01 3.32536935806274e-01
372 5.72753906250000e-01 3.28047037124634e-01
373 5.20996093750000e-01 2.71436929702759e-01
374 5.27832031250000e-01 2.78606653213501e-01
375 5.04882812500000e-01 2.54906654357910e-01
376 5.44433593750000e-01 2.96407938003540e-01
377 5.62988281250000e-01 3.16955804824829e-01
378 5.82519531250000e-01 3.39329004287720e-01
379 6.06933593750000e-01 3.68368387222290e-01
380 6.64062500000000e-01 4.40979003906250e-01
381 6.38183593750000e-01 4.07278299331665e-01
382 5.83984375000000e-01 3.41037750244141e-01
383 6.11328125000000e-01 3.73722076416016e-01
384 6.10351562500000e-01 3.72529029846191e-01
385 5.48828125000000e-01 3.01212310791016e-01
386 5.35156250000000e-01 2.86392211914062e-01
387 4.46777343750000e-01 1.99609994888306e-01
388 4.44824218750000e-01 1.97868585586548e-01
389 4.91210937500000e-01 2.41288185119629e-01
390 4.97070312500000e-01 2.47078895568848e-01
391 4.91699218750000e-01 2.41768121719360e-01
392 5.54199218750000e-01 3.07136774063110e-01
393 5.27832031250000e-01 2.78606653213501e-01
394 5.61523437500000e-01 3.15308570861816e-01
395 5.58593750000000e-01 3.12026977539062e-01
396 4.98535156250000e-01 2.48537302017212e-01
397 5.37597656250000e-01 2.89011240005493e-01
398 5.81542968750000e-01 3.38192224502563e-01
399 5.97656250000000e-01 3.57192993164062e-01
400 6.89941406250000e-01 4.76019144058228e-01
401 6.78710937500000e-01 4.60648536682129e-01
402 6.22558593750000e-01 3.87579202651978e-01
403 6.54785156250000e-01 4.28743600845337e-01
404 6.68457031250000e-01 4.46834802627563e-01
405 6.84570312500000e-01 4.68636512756348e-01
406 7.70019531250000e-01 5.92930078506470e-01
407 7.39746093750000e-01 5.47224283218384e-01
408 6.92871093750000e-01 4.80070352554321e-01
409 6.32324218750000e-01 3.99833917617798e-01
410 6.17675781250000e-01 3.81523370742798e-01
411 6.17187500000000e-01 3.80920410156250e-01
412 6.09375000000000e-01 3.71337890625000e-01
413 5.96679687500000e-01 3.56026649475098e-01
414 6.30371093750000e-01 3.97367715835571e-01
415 6.30859375000000e-01 3.97983551025391e-01
416 6.20117187500000e-01 3.84545326232910e-01
417 6.34277343750000e-01 4.02307748794556e-01
418 6.15722656250000e-01 3.79114389419556e-01
419 5.92285156250000e-01 3.50801706314087e-01
420 6.07421875000000e-01 3.68961334228516e-01
421 6.38183593750000e-01 4.07278299331665e-01
422 6.07421875000000e-01 3.68961334228516e-01
423 5.83496093750000e-01 3.40467691421509e-01
424 5.39550781250000e-01 2.91115045547485e-01
425 5.33691406250000e-01 2.84826517105103e-01
426 5.61035156250000e-01 3.14760446548462e-01
427 5.62011718750000e-01 3.15857172012329e-01
428 5.15625000000000e-01 2.65869140625000e-01
429 5.27832031250000e-01 2.78606653213501e-01
430 5.41503906250000e-01 2.93226480484009e-01
431 5.32226562500000e-01 2.83265113830566e-01
432 5.71289062500000e-01 3.26371192932129e-01
433 5.46386718750000e-01 2.98538446426392e-01
434 5.33691406250000e-01 2.84826517105103e-01
435 5.93261718750000e-01 3.51959466934204e-01
436 6.18164062500000e-01 3.82126808166504e-01
437 6.04003906250000e-01 3.64820718765259e-01
438 6.32324218750000e-01 3.99833917617798e-01
439 6.38671875000000e-01 4.07901763916016e-01
440 6.72851562500000e-01 4.52729225158691e-01
441 7.04101562500000e-01 4.95759010314941e-01
442 7.31445312500000e-01 5.35012245178223e-01
443 7.53906250000000e-01 5.68374633789062e-01
444 6.92871093750000e-01 4.80070352554321e-01
445 6.74316406250000e-01 4.54702615737915e-01
446 7.09472656250000e-01 5.03351449966431e-01
447 7.39257812500000e-01 5.46502113342285e-01
448 7.33886718750000e-01 5.38589715957642e-01
449 7.12402343750000e-01 5.07517099380493e-01
450 6.81152343750000e-01 4.63968515396118e-01
451 6.67968750000000e-01 4.46182250976562e-01
452 6.43066406250000e-01 4.13534402847290e-01
453 6.27929687500000e-01 3.94295692443848e-01
454 5.76171875000000e-01 3.31974029541016e-01
455 5.55175781250000e-01 3.08220148086548e-01
456 6.45019531250000e-01 4.16050195693970e-01
457 5.70312500000000e-01 3.25256347656250e-01
458 6.02539062500000e-01 3.63053321838379e-01
459 6.54296875000000e-01 4.28104400634766e-01
460 6.41113281250000e-01 4.11026239395142e-01
461 6.48925781250000e-01 4.21104669570923e-01
462 6.65527343750000e-01 4.42926645278931e-01
463 6.53808593750000e-01 4.27465677261353e-01
464 6.45019531250000e-01 4.16050195693970e-01
465 5.96679687500000e-01 3.56026649475098e-01
466 6.09375000000000e-01 3.71337890625000e-01
467 5.96191406250000e-01 3.55444192886353e-01
468 6.16210937500000e-01 3.79715919494629e-01
469 5.88867187500000e-01 3.46764564514160e-01
470 5.99609375000000e-01 3.59531402587891e-01
471 6.16699218750000e-01 3.80317926406860e-01
472 6.15234375000000e-01 3.78513336181641e-01
473 6.46972656250000e-01 4.18573617935181e-01
474 7.16796875000000e-01 5.13797760009766e-01
475 6.91894531250000e-01 4.78718042373657e-01
476 7.08007812500000e-01 5.01275062561035e-01
477 7.42187500000000e-01 5.50842285156250e-01
478 7.30957031250000e-01 5.34298181533813e-01
479 7.24121093750000e-01 5.24351358413696e-01
480 6.82617187500000e-01 4.65966224670410e-01
481 7.17285156250000e-01 5.14497995376587e-01
482 7.24609375000000e-01 5.25058746337891e-01
483 6.63085937500000e-01 4.39682960510254e-01
484 6.74316406250000e-01 4.54702615737915e-01
485 7.28027343750000e-01 5.30023813247681e-01
486 7.09472656250000e-01 5.03351449966431e-01
487 7.25097656250000e-01 5.25766611099243e-01
488 7.02148437500000e-01 4.93012428283691e-01
489 6.68945312500000e-01 4.47487831115723e-01
490 6.80664062500000e-01 4.63303565979004e-01
491 7.11425781250000e-01 5.06126642227173e-01
492 7.17285156250000e-01 5.14497995376587e-01
493 7.05078125000000e-01 4.97135162353516e-01
494 7.18750000000000e-01 5.16601562500000e-01
495 6.31347656250000e-01 3.98599863052368e-01
496 5.38085937500000e-01 2.89536476135254e-01
497 5.48339843750000e-01 3.00676584243774e-01
498 5.32226562500000e-01 2.83265113830566e-01
499 5.40039062500000e-01 2.91642189025879e-01
500 5.75683593750000e-01 3.31411600112915e-01
501 6.18164062500000e-01 3.82126808166504e-01
502 6.37695312500000e-01 4.06655311584473e-01
503 6.39160156250000e-01 4.08525705337524e-01
504 6.31347656250000e-01 3.98599863052368e-01
505 6.21582031250000e-01 3.86364221572876e-01
506 6.08398437500000e-01 3.70148658752441e-01
507 5.71289062500000e-01 3.26371192932129e-01
508 5.87890625000000e-01 3.45615386962891e-01
509 6.40625000000000e-01 4.10400390625000e-01
510 6.27929687500000e-01 3.94295692443848e-01
511 5.75683593750000e-01 3.31411600112915e-01
512 5.77636718750000e-01 3.33664178848267e-01
513 4.92187500000000e-01 2.42248535156250e-01
514 5.08789062500000e-01 2.58866310119629e-01
515 5.20507812500000e-01 2.70928382873535e-01
516 5.47851562500000e-01 3.00141334533691e-01
517 5.63476562500000e-01 3.17505836486816e-01
518 5.12207031250000e-01 2.62356042861938e-01
519 5.11718750000000e-01 2.61856079101562e-01
520 5.03906250000000e-01 2.53921508789062e-01
521 4.95117187500000e-01 2.45141029357910e-01
522 5.01464843750000e-01 2.51466989517212e-01
523 5.82519531250000e-01 3.39329004287720e-01
524 6.16699218750000e-01 3.80317926406860e-01
525 6.30859375000000e-01 3.97983551025391e-01
526 6.74316406250000e-01 4.54702615737915e-01
527 6.79199218750000e-01 4.61311578750610e-01
528 6.72363281250000e-01 4.52072381973267e-01
529 6.53320312500000e-01 4.26827430725098e-01
530 6.31835937500000e-01 3.99216651916504e-01
531 6.43066406250000e-01 4.13534402847290e-01
532 5.39062500000000e-01 2.90588378906250e-01
533 5.81054687500000e-01 3.37624549865723e-01
534 5.46386718750000e-01 2.98538446426392e-01
535 5.86914062500000e-01 3.44468116760254e-01
536 5.19042968750000e-01 2.69405603408813e-01
537 5.22949218750000e-01 2.73475885391235e-01
538 5.96191406250000e-01 3.55444192886353e-01
539 5.70800781250000e-01 3.25813531875610e-01
540 5.77636718750000e-01 3.33664178848267e-01
541 5.62988281250000e-01 3.16955804824829e-01
542 5.92285156250000e-01 3.50801706314087e-01
543 6.09863281250000e-01 3.71933221817017e-01
544 6.42578125000000e-01 4.12906646728516e-01
545 6.06445312500000e-01 3.67775917053223e-01
546 5.76171875000000e-01 3.31974029541016e-01
547 6.77734375000000e-01 4.59323883056641e-01
548 6.68457031250000e-01 4.46834802627563e-01
549 7.03613281250000e-01 4.95071649551392e-01
550 6.81152343750000e-01 4.63968515396118e-01
551 7.25585937500000e-01 5.26474952697754e-01
552 6.41113281250000e-01 4.11026239395142e-01
553 6.21582031250000e-01 3.86364221572876e-01
554 5.98632812500000e-01 3.58361244201660e-01
555 5.92285156250000e-01 3.50801706314087e-01
556 5.97167968750000e-01 3.56609582901001e-01
557 5.63476562500000e-01 3.17505836486816e-01
558 5.98144531250000e-01 3.57776880264282e-01
559 5.94238281250000e-01 3.53119134902954e-01
560 6.03027343750000e-01 3.63641977310181e-01
561 6.06933593750000e-01 3.68368387222290e-01
562 6.14746093750000e-01 3.77912759780884e-01
563 6.41601562500000e-01 4.11652565002441e-01
564 5.82031250000000e-01 3.38760375976562e-01
565 5.24414062500000e-01 2.75010108947754e-01
566 5.26367187500000e-01 2.77062416076660e-01
567 5.40527343750000e-01 2.92169809341431e-01
568 4.97070312500000e-01 2.47078895568848e-01
569 4.56542968750000e-01 2.08431482315063e-01
570 4.79980468750000e-01 2.30381250381470e-01
571 4.79492187500000e-01 2.29912757873535e-01
572 4.78515625000000e-01 2.28977203369141e-01
573 5.12207031250000e-01 2.62356042861938e-01
574 5.68847656250000e-01 3.23587656021118e-01
575 5.74218750000000e-01 3.29727172851562e-01
576 6.26464843750000e-01 3.92458200454712e-01
577 6.59667968750000e-01 4.35161828994751e-01
578 6.11328125000000e-01 3.73722076416016e-01
579 6.43554687500000e-01 4.14162635803223e-01
580 6.90917968750000e-01 4.77367639541626e-01
581 7.62695312500000e-01 5.81704139709473e-01
582 7.20703125000000e-01 5.19412994384766e-01
583 6.56250000000000e-01 4.30664062500000e-01
584 6.94335937500000e-01 4.82102394104004e-01
585 7.11914062500000e-01 5.06821632385254e-01
586 6.57714843750000e-01 4.32588815689087e-01
587 6.89941406250000e-01 4.76019144058228e-01
588 6.39160156250000e-01 4.08525705337524e-01
589 6.46484375000000e-01 4.17942047119141e-01
590 6.29394531250000e-01 3.96137475967407e-01
591 5.93750000000000e-01 3.52539062500000e-01
592 6.61132812500000e-01 4.37096595764160e-01
593 6.44531250000000e-01 4.15420532226562e-01
594 6.48925781250000e-01 4.21104669570923e-01
595 6.44531250000000e-01 4.15420532226562e-01
596 6.43554687500000e-01 4.14162635803223e-01
597 6.09863281250000e-01 3.71933221817017e-01
598 6.36230468750000e-01 4.04789209365845e-01
599 6.35253906250000e-01 4.03547525405884e-01
600 7.11425781250000e-01 5.06126642227173e-01
601 7.03613281250000e-01 4.95071649551392e-01
602 7.14843750000000e-01 5.11001586914062e-01
603 7.78808593750000e-01 6.06542825698853e-01
604 7.43652343750000e-01 5.53018808364868e-01
605 7.49511718750000e-01 5.61767816543579e-01
606 7.65136718750000e-01 5.85434198379517e-01
607 7.66113281250000e-01 5.86929559707642e-01
608 7.40722656250000e-01 5.48670053482056e-01
609 7.13378906250000e-01 5.08909463882446e-01
610 7.10937500000000e-01 5.05432128906250e-01
611 6.29882812500000e-01 3.96752357482910e-01
612 6.57226562500000e-01 4.31946754455566e-01
613 6.59179687500000e-01 4.34517860412598e-01
614 6.55273437500000e-01 4.29383277893066e-01
615 6.48925781250000e-01 4.21104669570923e-01
616 6.41601562500000e-01 4.11652565002441e-01
617 5.99609375000000e-01 3.59531402587891e-01
618 5.64453125000000e-01 3.18607330322266e-01
619 6.10351562500000e-01 3.72529029846191e-01
620 6.55273437500000e-01 4.29383277893066e-01
621 5.93261718750000e-01 3.51959466934204e-01
622 5.73242187500000e-01 3.28606605529785e-01
623 5.89843750000000e-01 3.47915649414062e-01
624 5.59570312500000e-01 3.13118934631348e-01
625 5.65429687500000e-01 3.19710731506348e-01
626 6.53808593750000e-01 4.27465677261353e-01
627 6.06933593750000e-01 3.68368387222290e-01
628 6.13281250000000e-01 3.76113891601562e-01
629 6.31835937500000e-01 3.99216651916504e-01
630 6.63085937500000e-01 4.39682960510254e-01
631 6.75292968750000e-01 4.56020593643188e-01
632 7.15332031250000e-01 5.11699914932251e-01
633 7.22167968750000e-01 5.21526575088501e-01
634 6.78710937500000e-01 4.60648536682129e-01
635 6.78222656250000e-01 4.59985971450806e-01
636 7.23144531250000e-01 5.22938013076782e-01
637 7.26074218750000e-01 5.27183771133423e-01
638 7.45117187500000e-01 5.55199623107910e-01
639 7.41699218750000e-01 5.50117731094360e-01
640 7.32910156250000e-01 5.37157297134399e-01
641 7.21679687500000e-01 5.20821571350098e-01
642 7.12890625000000e-01 5.08213043212891e-01
643 6.59179687500000e-01 4.34517860412598e-01
644 5.92773437500000e-01 3.51380348205566e-01
645 5.62500000000000e-01 3.16406250000000e-01
646 5.38085937500000e-01 2.89536476135254e-01
647 5.76171875000000e-01 3.31974029541016e-01
648 5.38574218750000e-01 2.90062189102173e-01
649 5.82031250000000e-01 3.38760375976562e-01
650 6.25976562500000e-01 3.91846656799316e-01
651 6.66503906250000e-01 4.44227457046509e-01
652 6.03027343750000e-01 3.63641977310181e-01
653 6.26464843750000e-01 3.92458200454712e-01
654 6.33789062500000e-01 4.01688575744629e-01
655 6.09863281250000e-01 3.71933221817017e-01
656 6.35253906250000e-01 4.03547525405884e-01
657 6.65527343750000e-01 4.42926645278931e-01
658 7.23144531250000e-01 5.22938013076782e-01
659 7.80273437500000e-01 6.08826637268066e-01
660 7.45117187500000e-01 5.55199623107910e-01
661 7.11914062500000e-01 5.06821632385254e-01
662 6.78222656250000e-01 4.59985971450806e-01
663 6.58691406250000e-01 4.33874368667603e-01
664 6.32812500000000e-01 4.00451660156250e-01
665 6.23535156250000e-01 3.88796091079712e-01
666 5.73730468750000e-01 3.29166650772095e-01
667 5.67871093750000e-01 3.22477579116821e-01
668 6.02050781250000e-01 3.62465143203735e-01
669 5.84472656250000e-01 3.41608285903931e-01
670 5.56152343750000e-01 3.09305429458618e-01
671 5.98632812500000e-01 3.58361244201660e-01
672 5.78613281250000e-01 3.34793329238892e-01
673 5.70800781250000e-01 3.25813531875610e-01
674 5.05371093750000e-01 2.55399942398071e-01
675 5.02441406250000e-01 2.52447366714478e-01
676 4.74609375000000e-01 2.25254058837891e-01
677 4.69238281250000e-01 2.20184564590454e-01
678 4.95117187500000e-01 2.45141029357910e-01
679 5.06347656250000e-01 2.56387948989868e-01
680 5.59570312500000e-01 3.13118934631348e-01
681 5.72265625000000e-01 3.27487945556641e-01
682 6.11816406250000e-01 3.74319314956665e-01
683 6.18652343750000e-01 3.82730722427368e-01
684 6.32812500000000e-01 4.00451660156250e-01
685 6.73828125000000e-01 4.54044342041016e-01
686 7.02148437500000e-01 4.93012428283691e-01
687 7.26074218750000e-01 5.27183771133423e-01
688 7.18750000000000e-01 5.16601562500000e-01
689 6.98242187500000e-01 4.87542152404785e-01
690 6.96289062500000e-01 4.84818458557129e-01
691 7.45605468750000e-01 5.55927515029907e-01
692 7.68066406250000e-01 5.89926004409790e-01
693 6.74804687500000e-01 4.55361366271973e-01
694 6.93359375000000e-01 4.80747222900391e-01
695 6.64062500000000e-01 4.40979003906250e-01
696 6.63574218750000e-01 4.40330743789673e-01
697 6.46972656250000e-01 4.18573617935181e-01
698 6.41601562500000e-01 4.11652565002441e-01
699 6.95800781250000e-01 4.84138727188110e-01
700 7.35351562500000e-01 5.40741920471191e-01
701 7.40722656250000e-01 5.48670053482056e-01
702 6.94824218750000e-01 4.82780694961548e-01
703 6.69921875000000e-01 4.48795318603516e-01
704 6.87500000000000e-01 4.72656250000000e-01
705 7.04589843750000e-01 4.96446847915649e-01
706 6.44042968750000e-01 4.14791345596313e-01
707 6.51367187500000e-01 4.24279212951660e-01
708 6.49902343750000e-01 4.22373056411743e-01
709 6.77734375000000e-01 4.59323883056641e-01
710 7.17285156250000e-01 5.14497995376587e-01
711 6.62109375000000e-01 4.38388824462891e-01
712 6.84570312500000e-01 4.68636512756348e-01
713 6.87500000000000e-01 4.72656250000000e-01
714 6.97265625000000e-01 4.86179351806641e-01
715 6.90917968750000e-01 4.77367639541626e-01
716 6.94335937500000e-01 4.82102394104004e-01
717 6.87011718750000e-01 4.71985101699829e-01
718 6.31347656250000e-01 3.98599863052368e-01
719 6.14746093750000e-01 3.77912759780884e-01
720 6.04980468750000e-01 3.66001367568970e-01
721 6.08886718750000e-01 3.70743036270142e-01
722 6.76757812500000e-01 4.58001136779785e-01
723 6.54785156250000e-01 4.28743600845337e-01
724 6.52832031250000e-01 4.26189661026001e-01
725 6.50390625000000e-01 4.23007965087891e-01
726 6.43066406250000e-01 4.13534402847290e-01
727 7.11914062500000e-01 5.06821632385254e-01
728 6.91406250000000e-01 4.78042602539062e-01
729 6.87011718750000e-01 4.71985101699829e-01
730 6.76757812500000e-01 4.58001136779785e-01
731 6.62109375000000e-01 4.38388824462891e-01
732 6.50878906250000e-01 4.23643350601196e-01
733 6.47460937500000e-01 4.19205665588379e-01
734 6.83105468750000e-01 4.66633081436157e-01
735 7.18750000000000e-01 5.16601562500000e-01
736 7.47558593750000e-01 5.58843851089478e-01
737 6.97753906250000e-01 4.86860513687134e-01
738 6.78222656250000e-01 4.59985971450806e-01
739 7.30468750000000e-01 5.33584594726562e-01
740 7.50000000000000e-01 5.62500000000000e-01
741 7.02636718750000e-01 4.93698358535767e-01
742 6.72363281250000e-01 4.52072381973267e-01
743 6.50878906250000e-01 4.23643350601196e-01
744 6.00585937500000e-01 3.60703468322754e-01
745 5.96679687500000e-01 3.56026649475098e-01
746 6.52832031250000e-01 4.26189661026001e-01
747 6.99707031250000e-01 4.89589929580688e-01
748 6.58691406250000e-01 4.33874368667603e-01
749 5.79589843750000e-01 3.35924386978149e-01
750 5.82031250000000e-01 3.38760375976562e-01
751 5.56640625000000e-01 3.09848785400391e-01
752 5.89355468750000e-01 3.47339868545532e-01
753 6.25488281250000e-01 3.91235589981079e-01
754 6.20117187500000e-01 3.84545326232910e-01
755 6.78710937500000e-01 4.60648536682129e-01
756 6.50878906250000e-01 4.23643350601196e-01
757 5.82031250000000e-01 3.38760375976562e-01
758 5.98144531250000e-01 3.57776880264282e-01
759 5.47851562500000e-01 3.00141334533691e-01
760 5.03417968750000e-01 2.53429651260376e-01
761 5.04882812500000e-01 2.54906654357910e-01
762 5.00488281250000e-01 2.50488519668579e-01
763 4.35058593750000e-01 1.89275979995728e-01
764 4.43847656250000e-01 1.97000741958618e-01
765 4.67285156250000e-01 2.18355417251587e-01
766 4.50683593750000e-01 2.03115701675415e-01
767 4.78515625000000e-01 2.28977203369141e-01
768 4.69726562500000e-01 2.20643043518066e-01
769 4.92675781250000e-01 2.42729425430298e-01
770 5.72753906250000e-01 3.28047037124634e-01
771 4.64355468750000e-01 2.15626001358032e-01
772 4.30664062500000e-01 1.85471534729004e-01
773 3.98925781250000e-01 1.59141778945923e-01
774 4.34082031250000e-01 1.88427209854126e-01
775 4.46777343750000e-01 1.99609994888306e-01
776 4.17968750000000e-01 1.74697875976562e-01
777 4.26757812500000e-01 1.82122230529785e-01
778 4.85351562500000e-01 2.35566139221191e-01
779 5.00000000000000e-01 2.50000000000000e-01
780 5.51757812500000e-01 3.04436683654785e-01
781 5.98144531250000e-01 3.57776880264282e-01
782 6.08398437500000e-01 3.70148658752441e-01
783 5.75195312500000e-01 3.30849647521973e-01
784 5.73242187500000e-01 3.28606605529785e-01
785 6.56250000000000e-01 4.30664062500000e-01
786 7.12890625000000e-01 5.08213043212891e-01
787 7.79785156250000e-01 6.08064889907837e-01
788 7.39746093750000e-01 5.47224283218384e-01
789 7.14355468750000e-01 5.10303735733032e-01
790 6.36230468750000e-01 4.04789209365845e-01
791 5.96191406250000e-01 3.55444192886353e-01
792 5.95214843750000e-01 3.54280710220337e-01
793 6.45507812500000e-01 4.16680335998535e-01
794 6.12792968750000e-01 3.75515222549438e-01
795 6.79687500000000e-01 4.61975097656250e-01
796 7.17773437500000e-01 5.15198707580566e-01
797 6.34277343750000e-01 4.02307748794556e-01
798 6.23535156250000e-01 3.88796091079712e-01
799 7.16308593750000e-01 5.13098001480103e-01
800 6.63085937500000e-01 4.39682960510254e-01
801 6.76269531250000e-01 4.57340478897095e-01
802 6.59179687500000e-01 4.34517860412598e-01
803 6.90917968750000e-01 4.77367639541626e-01
804 7.04101562500000e-01 4.95759010314941e-01
805 6.62109375000000e-01 4.38388824462891e-01
806 6.78222656250000e-01 4.59985971450806e-01
807 6.48437500000000e-01 4.20471191406250e-01
808 6.31835937500000e-01 3.99216651916504e-01
809 6.42089843750000e-01 4.12279367446899e-01
810 5.93750000000000e-01 3.52539062500000e-01
811 5.35156250000000e-01 2.86392211914062e-01
812 5.07812500000000e-01 2.57873535156250e-01
813 5.79589843750000e-01 3.35924386978149e-01
814 5.89843750000000e-01 3.47915649414062e-01
815 5.91308593750000e-01 3.49645853042603e-01
816 5.54199218750000e-01 3.07136774063110e-01
817 5.80078125000000e-01 3.36490631103516e-01
818 6.24511718750000e-01 3.90014886856079e-01
819 5.34179687500000e-01 2.85347938537598e-01
820 5.36621093750000e-01 2.87962198257446e-01
821 5.22460937500000e-01 2.72965431213379e-01
822 5.59570312500000e-01 3.13118934631348e-01
823 5.54199218750000e-01 3.07136774063110e-01
824 5.84472656250000e-01 3.41608285903931e-01
825 5.39550781250000e-01 2.91115045547485e-01
826 5.84472656250000e-01 3.41608285903931e-01
827 4.79003906250000e-01 2.29444742202759e-01
828 5.05859375000000e-01 2.55893707275391e-01
829 4.47265625000000e-01 2.00046539306641e-01
830 4.08691406250000e-01 1.67028665542603e-01
831 3.88671875000000e-01 1.51065826416016e-01
832 4.58984375000000e-01 2.10666656494141e-01
833 4.17968750000000e-01 1.74697875976562e-01
834 3.77441406250000e-01 1.42462015151978e-01
835 3.87695312500000e-01 1.50307655334473e-01
836 3.55468750000000e-01 1.26358032226562e-01
837 3.48144531250000e-01 1.21204614639282e-01
838 4.51171875000000e-01 2.03556060791016e-01
839 3.87207031250000e-01 1.49929285049438e-01
840 3.98925781250000e-01 1.59141778945923e-01
841 4.32128906250000e-01 1.86735391616821e-01
842 4.37500000000000e-01 1.91406250000000e-01
843 3.58886718750000e-01 1.28799676895142e-01
844 4.37011718750000e-01 1.90979242324829e-01
845 4.63867187500000e-01 2.15172767639160e-01
846 4.29687500000000e-01 1.84631347656250e-01
847 4.10644531250000e-01 1.68628931045532e-01
848 4.12597656250000e-01 1.70236825942993e-01
849 4.04785156250000e-01 1.63851022720337e-01
850 3.78906250000000e-01 1.43569946289062e-01
851 3.86230468750000e-01 1.49173974990845e-01
852 4.22851562500000e-01 1.78803443908691e-01
853 4.15527343750000e-01 1.72662973403931e-01
854 4.19921875000000e-01 1.76334381103516e-01
855 3.75976562500000e-01 1.41358375549316e-01
856 3.33984375000000e-01 1.11545562744141e-01
857 2.91503906250000e-01 8.49745273590088e-02
858 3.17871093750000e-01 1.01042032241821e-01
859 2.81250000000000e-01 7.91015625000000e-02
860 2.75390625000000e-01 7.58399963378906e-02
861 2.89550781250000e-01 8.38396549224854e-02
862 3.87695312500000e-01 1.50307655334473e-01
863 4.58984375000000e-01 2.10666656494141e-01
864 4.24316406250000e-01 1.80044412612915e-01
865 4.55566406250000e-01 2.07540750503540e-01
866 4.48730468750000e-01 2.01359033584595e-01
867 4.32128906250000e-01 1.86735391616821e-01
868 4.49707031250000e-01 2.02236413955688e-01
869 3.81835937500000e-01 1.45798683166504e-01
870 4.37011718750000e-01 1.90979242324829e-01
871 4.48242187500000e-01 2.00921058654785e-01
872 5.14648437500000e-01 2.64863014221191e-01
873 4.35546875000000e-01 1.89701080322266e-01
874 4.43359375000000e-01 1.96567535400391e-01
875 5.17578125000000e-01 2.67887115478516e-01
876 5.20507812500000e-01 2.70928382873535e-01
877 5.40039062500000e-01 2.91642189025879e-01
878 5.33203125000000e-01 2.84305572509766e-01
879 6.12792968750000e-01 3.75515222549438e-01
880 6.54296875000000e-01 4.28104400634766e-01
881 6.47460937500000e-01 4.19205665588379e-01
882 6.26953125000000e-01 3.93070220947266e-01
883 5.75195312500000e-01 3.30849647521973e-01
884 5.70800781250000e-01 3.25813531875610e-01
885 5.92773437500000e-01 3.51380348205566e-01
886 5.75683593750000e-01 3.31411600112915e-01
887 6.19628906250000e-01 3.83939981460571e-01
888 5.94726562500000e-01 3.53699684143066e-01
889 5.97167968750000e-01 3.56609582901001e-01
890 5.84472656250000e-01 3.41608285903931e-01
891 5.56640625000000e-01 3.09848785400391e-01
892 5.33691406250000e-01 2.84826517105103e-01
893 5.16601562500000e-01 2.66877174377441e-01
894 5.24414062500000e-01 2.75010108947754e-01
895 5.21972656250000e-01 2.72455453872681e-01
896 5.39550781250000e-01 2.91115045547485e-01
897 5.10253906250000e-01 2.60359048843384e-01
898 4.58984375000000e-01 2.10666656494141e-01
899 5.08300781250000e-01 2.58369684219360e-01
900 5.28808593750000e-01 2.79638528823853e-01
901 5.72265625000000e-01 3.27487945556641e-01
902 5.73730468750000e-01 3.29166650772095e-01
903 6.13769531250000e-01 3.76713037490845e-01
904 6.53808593750000e-01 4.27465677261353e-01
905 6.79687500000000e-01 4.61975097656250e-01
906 6.79687500000000e-01 4.61975097656250e-01
907 6.40136718750000e-01 4.09775018692017e-01
908 6.62109375000000e-01 4.38388824462891e-01
909 6.34765625000000e-01 4.02927398681641e-01
910 6.36718750000000e-01 4.05410766601562e-01
911 6.37695312500000e-01 4.06655311584473e-01
912 6.10839843750000e-01 3.73125314712524e-01
913 6.47949218750000e-01 4.19838190078735e-01
914 7.47558593750000e-01 5.58843851089478e-01
915 7.22656250000000e-01 5.22232055664062e-01
916 7.37792968750000e-01 5.44338464736938e-01
917 7.46582031250000e-01 5.57384729385376e-01
918 7.17773437500000e-01 5.15198707580566e-01
919 7.17285156250000e-01 5.14497995376587e-01
920 6.70898437500000e-01 4.50104713439941e-01
921 6.70898437500000e-01 4.50104713439941e-01
922 6.35742187500000e-01 4.04168128967285e-01
923 6.47460937500000e-01 4.19205665588379e-01
924 6.55761718750000e-01 4.30023431777954e-01
925 6.67480468750000e-01 4.45530176162720e-01
926 6.56738281250000e-01 4.31305170059204e-01
927 6.23046875000000e-01 3.88187408447266e-01
928 6.03027343750000e-01 3.63641977310181e-01
929 6.42578125000000e-01 4.12906646728516e-01
930 5.72265625000000e-01 3.27487945556641e-01
931 5.65429687500000e-01 3.19710731506348e-01
932 5.46386718750000e-01 2.98538446426392e-01
933 5.62988281250000e-01 3.16955804824829e-01
934 5.64453125000000e-01 3.18607330322266e-01
935 5.35156250000000e-01 2.86392211914062e-01
936 4.44335937500000e-01 1.97434425354004e-01
937 4.21386718750000e-01 1.77566766738892e-01
938 4.06738281250000e-01 1.65436029434204e-01
939 4.17480468750000e-01 1.74289941787720e-01
940 3.67187500000000e-01 1.34826660156250e-01
941 3.53027343750000e-01 1.24628305435181e-01
942 3.93066406250000e-01 1.54501199722290e-01
943 3.60351562500000e-01 1.29853248596191e-01
944 4.49707031250000e-01 2.02236413955688e-01
945 4.30664062500000e-01 1.85471534729004e-01
946 4.12109375000000e-01 1.69834136962891e-01
947 4.12597656250000e-01 1.70236825942993e-01
948 4.04785156250000e-01 1.63851022720337e-01
949 4.22851562500000e-01 1.78803443908691e-01
950 4.37988281250000e-01 1.91833734512329e-01
951 4.90234375000000e-01 2.40329742431641e-01
952 4.90722656250000e-01 2.40808725357056e-01
953 4.85351562500000e-01 2.35566139221191e-01
954 5.54199218750000e-01 3.07136774063110e-01
955 5.13183593750000e-01 2.63357400894165e-01
956 5.98632812500000e-01 3.58361244201660e-01
957 5.95214843750000e-01 3.54280710220337e-01
958 5.93261718750000e-01 3.51959466934204e-01
959 6.24023437500000e-01 3.89405250549316e-01
960 5.81542968750000e-01 3.38192224502563e-01
961 5.84960937500000e-01 3.42179298400879e-01
962 5.88378906250000e-01 3.46189737319946e-01
963 6.29394531250000e-01 3.96137475967407e-01
964 5.73242187500000e-01 3.28606605529785e-01
965 5.48828125000000e-01 3.01212310791016e-01
966 5.88378906250000e-01 3.46189737319946e-01
967 5.62500000000000e-01 3.16406250000000e-01
968 5.89355468750000e-01 3.47339868545532e-01
969 5.70312500000000e-01 3.25256347656250e-01
970 5.80566406250000e-01 3.37057352066040e-01
971 5.27343750000000e-01 2.78091430664062e-01
972 5.29785156250000e-01 2.80672311782837e-01
973 5.34667968750000e-01 2.85869836807251e-01
974 5.37109375000000e-01 2.88486480712891e-01
975 5.46875000000000e-01 2.99072265625000e-01
976 5.22460937500000e-01 2.72965431213379e-01
977 5.48828125000000e-01 3.01212310791016e-01
978 5.80078125000000e-01 3.36490631103516e-01
979 6.27441406250000e-01 3.93682718276978e-01
980 6.13281250000000e-01 3.76113891601562e-01
981 6.22070312500000e-01 3.86971473693848e-01
982 6.23046875000000e-01 3.88187408447266e-01
983 6.62597656250000e-01 4.39035654067993e-01
984 7.12890625000000e-01 5.08213043212891e-01
985 6.45996093750000e-01 4.17310953140259e-01
986 6.13769531250000e-01 3.76713037490845e-01
987 6.71386718750000e-01 4.50760126113892e-01
988 7.48535156250000e-01 5.60304880142212e-01
989 7.32910156250000e-01 5.37157297134399e-01
990 7.17773437500000e-01 5.15198707580566e-01
991 7.08984375000000e-01 5.02658843994141e-01
992 6.83105468750000e-01 4.66633081436157e-01
993 7.31445312500000e-01 5.35012245178223e-01
994 6.98730468750000e-01 4.88224267959595e-01
995 6.72363281250000e-01 4.52072381973267e-01
996 6.68945312500000e-01 4.47487831115723e-01
997 6.70898437500000e-01 4.50104713439941e-01
998 6.73339843750000e-01 4.53386545181274e-01
999 6.88964843750000e-01 4.74672555923462e-01
