0 6.58691406250000e-01 4.33874368667603e-01
1 6.68945312500000e-01 4.47487831115723e-01
2 6.03027343750000e-01 3.63641977310181e-01
3 6.41113281250000e-01 4.11026239395142e-01
4 6.29882812500000e-01 3.96752357482910e-01
5 6.01074218750000e-01 3.61290216445923e-01
6 5.87890625000000e-01 3.45615386962891e-01
7 5.75683593750000e-01 3.31411600112915e-01
8 5.44921875000000e-01 2.96939849853516e-01
9 5.55664062500000e-01 3.08762550354004e-01
10 5.24902343750000e-01 2.75522470474243e-01
11 4.25292968750000e-01 1.80874109268188e-01
12 4.59960937500000e-01 2.11564064025879e-01
13 3.96484375000000e-01 1.57199859619141e-01
14 3.64257812500000e-01 1.32683753967285e-01
15 3.30566406250000e-01 1.09274148941040e-01
16 3.52050781250000e-01 1.23939752578735e-01
17 3.41796875000000e-01 1.16825103759766e-01
18 3.81835937500000e-01 1.45798683166504e-01
19 3.72070312500000e-01 1.38436317443848e-01
20 4.03320312500000e-01 1.62667274475098e-01
21 4.16015625000000e-01 1.73069000244141e-01
22 3.93554687500000e-01 1.54885292053223e-01
23 4.32128906250000e-01 1.86735391616821e-01
24 4.70703125000000e-01 2.21561431884766e-01
25 4.89746093750000e-01 2.39851236343384e-01
26 5.03906250000000e-01 2.53921508789062e-01
27 4.50683593750000e-01 2.03115701675415e-01
28 4.62890625000000e-01 2.14267730712891e-01
29 4.17968750000000e-01 1.74697875976562e-01
30 4.56542968750000e-01 2.08431482315063e-01
31 4.72167968750000e-01 2.22942590713501e-01
32 4.68750000000000e-01 2.19726562500000e-01
33 4.82421875000000e-01 2.32730865478516e-01
34 4.72167968750000e-01 2.22942590713501e-01
35 4.64843750000000e-01 2.16079711914062e-01
36 4.55566406250000e-01 2.07540750503540e-01
37 4.36035156250000e-01 1.90126657485962e-01
38 4.32617187500000e-01 1.87157630920410e-01
39 3.77441406250000e-01 1.42462015151978e-01
40 3.24218750000000e-01 1.05117797851562e-01
41 3.05175781250000e-01 9.31322574615479e-02
42 3.41796875000000e-01 1.16825103759766e-01
43 3.17382812500000e-01 1.00731849670410e-01
44 2.73437500000000e-01 7.47680664062500e-02
45 2.43164062500000e-01 5.91287612915039e-02
46 2.91503906250000e-01 8.49745273590088e-02
47 2.83203125000000e-01 8.02040100097656e-02
48 3.21777343750000e-01 1.03540658950806e-01
49 2.84179687500000e-01 8.07580947875977e-02
50 3.67187500000000e-01 1.34826660156250e-01
51 3.62304687500000e-01 1.31264686584473e-01
52 3.27148437500000e-01 1.07026100158691e-01
53 3.16406250000000e-01 1.00112915039062e-01
54 2.86621093750000e-01 8.21516513824463e-02
55 2.44140625000000e-01 5.96046447753906e-02
56 2.15820312500000e-01 4.65784072875977e-02
57 2.42187500000000e-01 5.86547851562500e-02
58 2.84667968750000e-01 8.10358524322510e-02
59 2.61230468750000e-01 6.82413578033447e-02
60 2.71972656250000e-01 7.39691257476807e-02
61 2.75878906250000e-01 7.61091709136963e-02
62 2.87109375000000e-01 8.24317932128906e-02
63 2.45117187500000e-01 6.00824356079102e-02
64 2.75390625000000e-01 7.58399963378906e-02
65 2.77343750000000e-01 7.69195556640625e-02
66 2.96386718750000e-01 8.78450870513916e-02
67 3.48632812500000e-01 1.21544837951660e-01
68 4.66796875000000e-01 2.17899322509766e-01
69 4.24804687500000e-01 1.80459022521973e-01
70 3.90625000000000e-01 1.52587890625000e-01
71 3.83300781250000e-01 1.46919488906860e-01
72 4.20410156250000e-01 1.76744699478149e-01
73 4.76074218750000e-01 2.26646661758423e-01
74 4.77050781250000e-01 2.27577447891235e-01
75 4.26269531250000e-01 1.81705713272095e-01
76 4.50195312500000e-01 2.02675819396973e-01
77 4.11621093750000e-01 1.69431924819946e-01
78 3.95507812500000e-01 1.56426429748535e-01
79 4.33105468750000e-01 1.87580347061157e-01
80 4.17480468750000e-01 1.74289941787720e-01
81 4.84375000000000e-01 2.34619140625000e-01
82 5.30273437500000e-01 2.81189918518066e-01
83 4.89257812500000e-01 2.39373207092285e-01
84 5.85937500000000e-01 3.43322753906250e-01
85 5.62988281250000e-01 3.16955804824829e-01
86 5.38085937500000e-01 2.89536476135254e-01
87 4.91210937500000e-01 2.41288185119629e-01
88 4.91699218750000e-01 2.41768121719360e-01
89 4.93164062500000e-01 2.43210792541504e-01
90 4.62890625000000e-01 2.14267730712891e-01
91 4.53613281250000e-01 2.05765008926392e-01
92 4.36523437500000e-01 1.90552711486816e-01
93 3.94531250000000e-01 1.55654907226562e-01
94 3.15429687500000e-01 9.94958877563477e-02
95 2.47558593750000e-01 6.12852573394775e-02
96 3.38378906250000e-01 1.14500284194946e-01
97 3.71093750000000e-01 1.37710571289062e-01
98 3.56933593750000e-01 1.27401590347290e-01
99 3.08593750000000e-01 9.52301025390625e-02
100 3.16406250000000e-01 1.00112915039062e-01
101 3.85742187500000e-01 1.48797035217285e-01
102 3.38867187500000e-01 1.14830970764160e-01
103 2.95898437500000e-01 8.75558853149414e-02
104 2.33398437500000e-01 5.44748306274414e-02
105 1.76269531250000e-01 3.10709476470947e-02
106 2.60253906250000e-01 6.77320957183838e-02
107 2.51953125000000e-01 6.34803771972656e-02
108 2.87109375000000e-01 8.24317932128906e-02
109 3.01269531250000e-01 9.07633304595947e-02
110 2.36328125000000e-01 5.58509826660156e-02
111 2.52929687500000e-01 6.39734268188477e-02
112 2.87109375000000e-01 8.24317932128906e-02
113 2.33886718750000e-01 5.47029972076416e-02
114 2.21679687500000e-01 4.91418838500977e-02
115 2.62695312500000e-01 6.90088272094727e-02
116 2.33398437500000e-01 5.44748306274414e-02
117 2.76367187500000e-01 7.63788223266602e-02
118 3.03710937500000e-01 9.22403335571289e-02
119 2.55859375000000e-01 6.54640197753906e-02
120 2.36816406250000e-01 5.60820102691650e-02
121 2.47070312500000e-01 6.10437393188477e-02
122 2.50488281250000e-01 6.27443790435791e-02
123 3.34960937500000e-01 1.12198829650879e-01
124 3.16894531250000e-01 1.00422143936157e-01
125 2.92968750000000e-01 8.58306884765625e-02
126 2.64160156250000e-01 6.97805881500244e-02
127 2.42187500000000e-01 5.86547851562500e-02
128 2.58789062500000e-01 6.69717788696289e-02
129 1.68457031250000e-01 2.83777713775635e-02
130 1.49414062500000e-01 2.23245620727539e-02
131 1.68945312500000e-01 2.85425186157227e-02
132 1.44042968750000e-01 2.07483768463135e-02
133 1.83105468750000e-01 3.35276126861572e-02
134 1.58691406250000e-01 2.51829624176025e-02
135 1.39648437500000e-01 1.95016860961914e-02
136 1.13769531250000e-01 1.29435062408447e-02
137 1.45019531250000e-01 2.10306644439697e-02
138 1.75781250000000e-01 3.08990478515625e-02
139 1.51855468750000e-01 2.30600833892822e-02
140 2.68554687500000e-01 7.21216201782227e-02
141 2.64160156250000e-01 6.97805881500244e-02
142 2.90039062500000e-01 8.41226577758789e-02
143 2.71484375000000e-01 7.37037658691406e-02
144 2.64648437500000e-01 7.00387954711914e-02
145 2.08496093750000e-01 4.34706211090088e-02
146 2.57812500000000e-01 6.64672851562500e-02
147 2.07031250000000e-01 4.28619384765625e-02
148 1.75292968750000e-01 3.07276248931885e-02
149 1.70898437500000e-01 2.92062759399414e-02
150 1.48925781250000e-01 2.21788883209229e-02
151 2.06542968750000e-01 4.26599979400635e-02
152 1.75781250000000e-01 3.08990478515625e-02
153 2.36328125000000e-01 5.58509826660156e-02
154 2.80761718750000e-01 7.88271427154541e-02
155 2.36328125000000e-01 5.58509826660156e-02
156 2.23144531250000e-01 4.97934818267822e-02
157 2.08007812500000e-01 4.32672500610352e-02
158 1.79199218750000e-01 3.21123600006104e-02
159 1.93359375000000e-01 3.73878479003906e-02
160 1.82128906250000e-01 3.31709384918213e-02
161 1.41601562500000e-01 2.00510025024414e-02
162 1.50390625000000e-01 2.26173400878906e-02
163 1.96289062500000e-01 3.85293960571289e-02
164 2.33886718750000e-01 5.47029972076416e-02
165 2.60253906250000e-01 6.77320957183838e-02
166 2.50488281250000e-01 6.27443790435791e-02
167 1.83593750000000e-01 3.37066650390625e-02
168 1.52832031250000e-01 2.33576297760010e-02
169 1.66015625000000e-01 2.75611877441406e-02
170 1.66015625000000e-01 2.75611877441406e-02
171 1.37207031250000e-01 1.88257694244385e-02
172 3.51562500000000e-02 1.23596191406250e-03
173 4.88281250000000e-03 2.38418579101562e-05
174 9.76562500000000e-03 9.53674316406250e-05
175 9.76562500000000e-02 9.53674316406250e-03
176 2.97851562500000e-02 8.87155532836914e-04
177 3.07617187500000e-02 9.46283340454102e-04
178 6.05468750000000e-02 3.66592407226562e-03
179 4.88281250000000e-03 2.38418579101562e-05
180 4.83398437500000e-02 2.33674049377441e-03
181 9.66796875000000e-02 9.34696197509766e-03
182 9.47265625000000e-02 8.97312164306641e-03
183 1.31347656250000e-01 1.72522068023682e-02
184 6.34765625000000e-02 4.02927398681641e-03
185 4.88281250000000e-03 2.38418579101562e-05
186 1.23046875000000e-01 1.51405334472656e-02
187 6.83593750000000e-02 4.67300415039062e-03
188 1.03515625000000e-01 1.07154846191406e-02
189 1.80664062500000e-02 3.26395034790039e-04
190 3.41796875000000e-03 1.16825103759766e-05
191 4.63867187500000e-02 2.15172767639160e-03
192 4.73632812500000e-02 2.24328041076660e-03
193 5.95703125000000e-02 3.54862213134766e-03
194 3.36914062500000e-02 1.13511085510254e-03
195 4.24804687500000e-02 1.80459022521973e-03
196 4.78515625000000e-02 2.28977203369141e-03
197 7.81250000000000e-02 6.10351562500000e-03
198 8.98437500000000e-02 8.07189941406250e-03
199 1.28417968750000e-01 1.64911746978760e-02
200 1.66992187500000e-01 2.78863906860352e-02
201 1.25488281250000e-01 1.57473087310791e-02
202 1.04980468750000e-01 1.10208988189697e-02
203 1.25488281250000e-01 1.57473087310791e-02
204 1.42089843750000e-01 2.01895236968994e-02
205 1.05957031250000e-01 1.12268924713135e-02
206 8.83789062500000e-02 7.81083106994629e-03
207 1.35253906250000e-01 1.82936191558838e-02
208 9.91210937500000e-02 9.82499122619629e-03
209 9.52148437500000e-02 9.06586647033691e-03
210 9.13085937500000e-02 8.33725929260254e-03
211 1.00585937500000e-01 1.01175308227539e-02
212 1.63574218750000e-01 2.67565250396729e-02
213 1.11328125000000e-01 1.23939514160156e-02
214 1.29394531250000e-01 1.67429447174072e-02
215 1.20117187500000e-01 1.44281387329102e-02
216 1.15234375000000e-01 1.32789611816406e-02
217 1.28906250000000e-01 1.66168212890625e-02
218 8.44726562500000e-02 7.13562965393066e-03
219 4.54101562500000e-02 2.06208229064941e-03
220 9.76562500000000e-04 9.53674316406250e-07
221 4.19921875000000e-02 1.76334381103516e-03
222 7.61718750000000e-02 5.80215454101562e-03
223 2.58789062500000e-02 6.69717788696289e-04
224 6.39648437500000e-02 4.09150123596191e-03
225 9.91210937500000e-02 9.82499122619629e-03
226 2.24609375000000e-02 5.04493713378906e-04
227 4.58984375000000e-02 2.10666656494141e-03
228 6.00585937500000e-02 3.60703468322754e-03
229 1.01074218750000e-01 1.02159976959229e-02
230 4.10156250000000e-02 1.68228149414062e-03
231 3.22265625000000e-02 1.03855133056641e-03
232 1.75781250000000e-02 3.08990478515625e-04
233 7.47070312500000e-02 5.58114051818848e-03
234 1.16699218750000e-01 1.36187076568604e-02
235 1.56738281250000e-01 2.45668888092041e-02
236 7.66601562500000e-02 5.87677955627441e-03
237 2.78320312500000e-02 7.74621963500977e-04
238 1.12792968750000e-01 1.27222537994385e-02
239 9.61914062500000e-02 9.25278663635254e-03
240 1.20117187500000e-01 1.44281387329102e-02
241 2.08007812500000e-01 4.32672500610352e-02
242 1.34765625000000e-01 1.81617736816406e-02
243 1.36718750000000e-01 1.86920166015625e-02
244 5.27343750000000e-02 2.78091430664062e-03
245 2.29492187500000e-02 5.26666641235352e-04
246 4.88281250000000e-04 2.38418579101562e-07
247 2.73437500000000e-02 7.47680664062500e-04
248 2.73437500000000e-02 7.47680664062500e-04
249 4.44335937500000e-02 1.97434425354004e-03
250 2.39257812500000e-02 5.72443008422852e-04
251 3.85742187500000e-02 1.48797035217285e-03
252 3.71093750000000e-02 1.37710571289062e-03
253 8.15429687500000e-02 6.64925575256348e-03
254 9.61914062500000e-02 9.25278663635254e-03
255 7.08007812500000e-02 5.01275062561035e-03
256 9.96093750000000e-02 9.92202758789062e-03
257 7.95898437500000e-02 6.33454322814941e-03
258 9.57031250000000e-02 9.15908813476562e-03
259 1.18164062500000e-01 1.39627456665039e-02
260 6.05468750000000e-02 3.66592407226562e-03
261 6.39648437500000e-02 4.09150123596191e-03
262 7.47070312500000e-02 5.58114051818848e-03
263 1.57226562500000e-01 2.47201919555664e-02
264 1.31835937500000e-01 1.73807144165039e-02
265 8.64257812500000e-02 7.46941566467285e-03
266 1.13281250000000e-01 1.28326416015625e-02
267 1.86523437500000e-01 3.47909927368164e-02
268 1.51367187500000e-01 2.29120254516602e-02
269 2.03613281250000e-01 4.14583683013916e-02
270 2.09472656250000e-01 4.38787937164307e-02
271 1.71386718750000e-01 2.93734073638916e-02
272 2.78808593750000e-01 7.77342319488525e-02
273 2.85156250000000e-01 8.13140869140625e-02
274 2.60253906250000e-01 6.77320957183838e-02
275 2.55859375000000e-01 6.54640197753906e-02
276 2.74414062500000e-01 7.53030776977539e-02
277 2.50000000000000e-01 6.25000000000000e-02
278 2.62695312500000e-01 6.90088272094727e-02
279 2.75878906250000e-01 7.61091709136963e-02
280 2.24609375000000e-01 5.04493713378906e-02
281 1.82617187500000e-01 3.33490371704102e-02
282 1.96777343750000e-01 3.87213230133057e-02
283 1.68945312500000e-01 2.85425186157227e-02
284 2.21679687500000e-01 4.91418838500977e-02
285 2.98828125000000e-01 8.92982482910156e-02
286 2.89550781250000e-01 8.38396549224854e-02
287 2.92968750000000e-01 8.58306884765625e-02
288 3.31542968750000e-01 1.09920740127563e-01
289 3.33984375000000e-01 1.11545562744141e-01
290 3.07128906250000e-01 9.43281650543213e-02
291 3.21777343750000e-01 1.03540658950806e-01
292 3.65722656250000e-01 1.33753061294556e-01
293 3.58886718750000e-01 1.28799676895142e-01
294 3.69628906250000e-01 1.36625528335571e-01
295 3.90136718750000e-01 1.52206659317017e-01
296 4.18945312500000e-01 1.75515174865723e-01
297 4.14550781250000e-01 1.71852350234985e-01
298 4.84375000000000e-01 2.34619140625000e-01
299 4.58496093750000e-01 2.10218667984009e-01
300 4.45312500000000e-01 1.98303222656250e-01
301 4.82910156250000e-01 2.33202219009399e-01
302 5.10253906250000e-01 2.60359048843384e-01
303 5.36132812500000e-01 2.87438392639160e-01
304 4.99023437500000e-01 2.49024391174316e-01
305 5.43457031250000e-01 2.95345544815063e-01
306 4.80957031250000e-01 2.31319665908813e-01
307 4.60937500000000e-01 2.12463378906250e-01
308 4.61914062500000e-01 2.13364601135254e-01
309 4.79003906250000e-01 2.29444742202759e-01
310 5.50781250000000e-01 3.03359985351562e-01
311 5.28808593750000e-01 2.79638528823853e-01
312 5.37597656250000e-01 2.89011240005493e-01
313 4.82421875000000e-01 2.32730865478516e-01
314 4.65820312500000e-01 2.16988563537598e-01
315 4.29199218750000e-01 1.84211969375610e-01
316 4.37988281250000e-01 1.91833734512329e-01
317 4.75585937500000e-01 2.26181983947754e-01
318 5.27832031250000e-01 2.78606653213501e-01
319 5.12695312500000e-01 2.62856483459473e-01
320 4.45800781250000e-01 1.98738336563110e-01
321 4.42382812500000e-01 1.95702552795410e-01
322 4.04785156250000e-01 1.63851022720337e-01
323 3.96484375000000e-01 1.57199859619141e-01
324 3.94042968750000e-01 1.55269861221313e-01
325 3.72070312500000e-01 1.38436317443848e-01
326 4.16992187500000e-01 1.73882484436035e-01
327 3.42773437500000e-01 1.17493629455566e-01
328 3.84277343750000e-01 1.47669076919556e-01
329 4.09179687500000e-01 1.67428016662598e-01
330 3.88671875000000e-01 1.51065826416016e-01
331 4.56542968750000e-01 2.08431482315063e-01
332 4.17480468750000e-01 1.74289941787720e-01
333 4.42871093750000e-01 1.96134805679321e-01
334 4.14550781250000e-01 1.71852350234985e-01
335 3.78906250000000e-01 1.43569946289062e-01
336 4.31640625000000e-01 1.86313629150391e-01
337 3.45214843750000e-01 1.19173288345337e-01
338 4.18945312500000e-01 1.75515174865723e-01
339 3.93066406250000e-01 1.54501199722290e-01
340 3.61816406250000e-01 1.30911111831665e-01
341 3.43261718750000e-01 1.17828607559204e-01
342 2.78320312500000e-01 7.74621963500977e-02
343 2.62207031250000e-01 6.87525272369385e-02
344 3.16894531250000e-01 1.00422143936157e-01
345 2.96875000000000e-01 8.81347656250000e-02
346 3.93066406250000e-01 1.54501199722290e-01
347 3.64257812500000e-01 1.32683753967285e-01
348 3.09082031250000e-01 9.55317020416260e-02
349 3.00781250000000e-01 9.04693603515625e-02
350 3.08593750000000e-01 9.52301025390625e-02
351 2.98828125000000e-01 8.92982482910156e-02
352 2.64648437500000e-01 7.00387954711914e-02
353 3.42773437500000e-01 1.17493629455566e-01
354 3.65722656250000e-01 1.33753061294556e-01
355 3.60839843750000e-01 1.30205392837524e-01
356 3.35937500000000e-01 1.12854003906250e-01
357 3.67187500000000e-01 1.34826660156250e-01
358 3.72558593750000e-01 1.38799905776978e-01
359 3.58886718750000e-01 1.28799676895142e-01
360 3.65234375000000e-01 1.33396148681641e-01
361 3.37402343750000e-01 1.13840341567993e-01
362 3.64746093750000e-01 1.33039712905884e-01
363 4.09667968750000e-01 1.67827844619751e-01
364 3.96484375000000e-01 1.57199859619141e-01
365 4.07714843750000e-01 1.66231393814087e-01
366 4.02343750000000e-01 1.61880493164062e-01
367 4.23339843750000e-01 1.79216623306274e-01
368 4.49707031250000e-01 2.02236413955688e-01
369 4.16015625000000e-01 1.73069000244141e-01
370 3.28125000000000e-01 1.07666015625000e-01
371 2.57812500000000e-01 6.64672851562500e-02
372 2.81250000000000e-01 7.91015625000000e-02
373 2.80273437500000e-01 7.85531997680664e-02
374 3.14941406250000e-01 9.91880893707275e-02
375 3.24218750000000e-01 1.05117797851562e-01
376 2.97363281250000e-01 8.84249210357666e-02
377 3.50097656250000e-01 1.22568368911743e-01
378 2.81250000000000e-01 7.91015625000000e-02
379 3.47656250000000e-01 1.20864868164062e-01
380 2.99316406250000e-01 8.95903110504150e-02
381 2.95898437500000e-01 8.75558853149414e-02
382 3.30566406250000e-01 1.09274148941040e-01
383 2.78808593750000e-01 7.77342319488525e-02
384 2.76367187500000e-01 7.63788223266602e-02
385 2.58300781250000e-01 6.67192935943604e-02
386 2.67089843750000e-01 7.13369846343994e-02
387 2.84179687500000e-01 8.07580947875977e-02
388 3.36425781250000e-01 1.13182306289673e-01
389 3.66699218750000e-01 1.34468317031860e-01
390 3.76464843750000e-01 1.41725778579712e-01
391 3.53027343750000e-01 1.24628305435181e-01
392 4.04785156250000e-01 1.63851022720337e-01
393 4.03808593750000e-01 1.63061380386353e-01
394 3.53027343750000e-01 1.24628305435181e-01
395 3.65722656250000e-01 1.33753061294556e-01
396 3.87207031250000e-01 1.49929285049438e-01
397 4.18945312500000e-01 1.75515174865723e-01
398 3.84765625000000e-01 1.48044586181641e-01
399 2.98339843750000e-01 8.90066623687744e-02
400 3.25195312500000e-01 1.05751991271973e-01
401 3.53027343750000e-01 1.24628305435181e-01
402 3.27148437500000e-01 1.07026100158691e-01
403 3.65722656250000e-01 1.33753061294556e-01
404 3.75000000000000e-01 1.40625000000000e-01
405 3.91601562500000e-01 1.53351783752441e-01
406 4.01367187500000e-01 1.61095619201660e-01
407 3.85742187500000e-01 1.48797035217285e-01
408 4.43359375000000e-01 1.96567535400391e-01
409 4.03320312500000e-01 1.62667274475098e-01
410 4.22363281250000e-01 1.78390741348267e-01
411 4.43359375000000e-01 1.96567535400391e-01
412 4.61914062500000e-01 2.13364601135254e-01
413 4.32128906250000e-01 1.86735391616821e-01
414 4.13574218750000e-01 1.71043634414673e-01
415 3.43261718750000e-01 1.17828607559204e-01
416 2.30957031250000e-01 5.33411502838135e-02
417 3.07617187500000e-01 9.46283340454102e-02
418 3.40820312500000e-01 1.16158485412598e-01
419 3.13964843750000e-01 9.85739231109619e-02
420 3.55468750000000e-01 1.26358032226562e-01
421 3.10546875000000e-01 9.64393615722656e-02
422 1.90429687500000e-01 3.62634658813477e-02
423 2.37792968750000e-01 5.65454959869385e-02
424 1.93359375000000e-01 3.73878479003906e-02
425 2.42675781250000e-01 5.88915348052979e-02
426 3.09570312500000e-01 9.58337783813477e-02
427 2.82714843750000e-01 7.99276828765869e-02
428 2.80761718750000e-01 7.88271427154541e-02
429 2.73925781250000e-01 7.50353336334229e-02
430 2.78808593750000e-01 7.77342319488525e-02
431 2.57812500000000e-01 6.64672851562500e-02
432 2.57324218750000e-01 6.62157535552979e-02
433 2.30468750000000e-01 5.31158447265625e-02
434 3.33496093750000e-01 1.11219644546509e-01
435 3.95996093750000e-01 1.56812906265259e-01
436 3.87695312500000e-01 1.50307655334473e-01
437 3.81835937500000e-01 1.45798683166504e-01
438 3.73535156250000e-01 1.39528512954712e-01
439 3.33007812500000e-01 1.10894203186035e-01
440 3.91113281250000e-01 1.52969598770142e-01
441 3.84277343750000e-01 1.47669076919556e-01
442 3.35937500000000e-01 1.12854003906250e-01
443 3.85253906250000e-01 1.48420572280884e-01
444 4.02343750000000e-01 1.61880493164062e-01
445 4.17480468750000e-01 1.74289941787720e-01
446 4.22363281250000e-01 1.78390741348267e-01
447 4.35058593750000e-01 1.89275979995728e-01
448 3.90136718750000e-01 1.52206659317017e-01
449 3.76953125000000e-01 1.42093658447266e-01
450 3.92578125000000e-01 1.54117584228516e-01
451 3.70605468750000e-01 1.37348413467407e-01
452 3.81835937500000e-01 1.45798683166504e-01
453 3.88671875000000e-01 1.51065826416016e-01
454 3.96972656250000e-01 1.57587289810181e-01
455 3.34960937500000e-01 1.12198829650879e-01
456 4.02343750000000e-01 1.61880493164062e-01
457 4.26757812500000e-01 1.82122230529785e-01
458 3.97949218750000e-01 1.58363580703735e-01
459 3.65722656250000e-01 1.33753061294556e-01
460 3.91601562500000e-01 1.53351783752441e-01
461 4.42871093750000e-01 1.96134805679321e-01
462 5.21972656250000e-01 2.72455453872681e-01
463 4.94140625000000e-01 2.44174957275391e-01
464 5.41992187500000e-01 2.93755531311035e-01
465 5.27343750000000e-01 2.78091430664062e-01
466 5.37597656250000e-01 2.89011240005493e-01
467 5.23925781250000e-01 2.74498224258423e-01
468 5.26367187500000e-01 2.77062416076660e-01
469 5.32226562500000e-01 2.83265113830566e-01
470 5.17089843750000e-01 2.67381906509399e-01
471 5.56640625000000e-01 3.09848785400391e-01
472 5.98144531250000e-01 3.57776880264282e-01
473 5.76660156250000e-01 3.32536935806274e-01
474 6.25976562500000e-01 3.91846656799316e-01
475 5.80078125000000e-01 3.36490631103516e-01
476 6.20605468750000e-01 3.85151147842407e-01
477 6.46972656250000e-01 4.18573617935181e-01
478 6.51367187500000e-01 4.24279212951660e-01
479 6.56738281250000e-01 4.31305170059204e-01
480 6.99218750000000e-01 4.88906860351562e-01
481 7.20214843750000e-01 5.18709421157837e-01
482 7.04101562500000e-01 4.95759010314941e-01
483 7.24609375000000e-01 5.25058746337891e-01
484 7.55859375000000e-01 5.71323394775391e-01
485 7.39257812500000e-01 5.46502113342285e-01
486 6.98730468750000e-01 4.88224267959595e-01
487 7.55371093750000e-01 5.70585489273071e-01
488 7.73437500000000e-01 5.98205566406250e-01
489 7.23144531250000e-01 5.22938013076782e-01
490 6.64550781250000e-01 4.41627740859985e-01
491 7.38281250000000e-01 5.45059204101562e-01
492 6.98242187500000e-01 4.87542152404785e-01
493 7.06054687500000e-01 4.98513221740723e-01
494 6.01074218750000e-01 3.61290216445923e-01
495 5.76171875000000e-01 3.31974029541016e-01
496 5.92285156250000e-01 3.50801706314087e-01
497 5.82031250000000e-01 3.38760375976562e-01
498 6.32812500000000e-01 4.00451660156250e-01
499 6.16210937500000e-01 3.79715919494629e-01
500 5.62011718750000e-01 3.15857172012329e-01
501 5.28808593750000e-01 2.79638528823853e-01
502 5.48339843750000e-01 3.00676584243774e-01
503 5.95703125000000e-01 3.54862213134766e-01
504 6.25000000000000e-01 3.90625000000000e-01
505 6.07910156250000e-01 3.69554758071899e-01
506 5.72265625000000e-01 3.27487945556641e-01
507 5.57617187500000e-01 3.10936927795410e-01
508 5.17089843750000e-01 2.67381906509399e-01
509 5.88378906250000e-01 3.46189737319946e-01
510 6.78222656250000e-01 4.59985971450806e-01
511 7.08984375000000e-01 5.02658843994141e-01
512 7.33886718750000e-01 5.38589715957642e-01
513 7.43164062500000e-01 5.52292823791504e-01
514 7.04101562500000e-01 4.95759010314941e-01
515 6.95312500000000e-01 4.83459472656250e-01
516 6.10839843750000e-01 3.73125314712524e-01
517 5.81054687500000e-01 3.37624549865723e-01
518 5.39550781250000e-01 2.91115045547485e-01
519 5.85937500000000e-01 3.43322753906250e-01
520 5.33691406250000e-01 2.84826517105103e-01
521 5.81542968750000e-01 3.38192224502563e-01
522 5.05371093750000e-01 2.55399942398071e-01
523 5.13671875000000e-01 2.63858795166016e-01
524 4.85351562500000e-01 2.35566139221191e-01
525 5.64941406250000e-01 3.19158792495728e-01
526 5.34179687500000e-01 2.85347938537598e-01
527 5.60546875000000e-01 3.14212799072266e-01
528 5.08300781250000e-01 2.58369684219360e-01
529 5.57617187500000e-01 3.10936927795410e-01
530 4.34082031250000e-01 1.88427209854126e-01
531 3.46191406250000e-01 1.19848489761353e-01
532 3.75000000000000e-01 1.40625000000000e-01
533 3.75488281250000e-01 1.40991449356079e-01
534 3.87695312500000e-01 1.50307655334473e-01
535 4.11621093750000e-01 1.69431924819946e-01
536 4.51660156250000e-01 2.03996896743774e-01
537 4.03808593750000e-01 1.63061380386353e-01
538 3.66210937500000e-01 1.34110450744629e-01
539 2.92968750000000e-01 8.58306884765625e-02
540 3.28125000000000e-01 1.07666015625000e-01
541 3.25195312500000e-01 1.05751991271973e-01
542 3.80371093750000e-01 1.44682168960571e-01
543 4.12597656250000e-01 1.70236825942993e-01
544 4.43359375000000e-01 1.96567535400391e-01
545 4.84863281250000e-01 2.35092401504517e-01
546 4.78515625000000e-01 2.28977203369141e-01
547 4.54101562500000e-01 2.06208229064941e-01
548 4.25781250000000e-01 1.81289672851562e-01
549 4.09667968750000e-01 1.67827844619751e-01
550 3.70117187500000e-01 1.36986732482910e-01
551 3.30566406250000e-01 1.09274148941040e-01
552 3.40332031250000e-01 1.15825891494751e-01
553 3.47656250000000e-01 1.20864868164062e-01
554 4.16503906250000e-01 1.73475503921509e-01
555 4.40917968750000e-01 1.94408655166626e-01
556 4.53125000000000e-01 2.05322265625000e-01
557 4.33593750000000e-01 1.88003540039062e-01
558 3.89648437500000e-01 1.51825904846191e-01
559 4.76074218750000e-01 2.26646661758423e-01
560 4.59960937500000e-01 2.11564064025879e-01
561 4.87792968750000e-01 2.37941980361938e-01
562 4.44824218750000e-01 1.97868585586548e-01
563 3.70605468750000e-01 1.37348413467407e-01
564 3.70117187500000e-01 1.36986732482910e-01
565 3.50097656250000e-01 1.22568368911743e-01
566 3.62792968750000e-01 1.31618738174438e-01
567 3.80859375000000e-01 1.45053863525391e-01
568 3.15429687500000e-01 9.94958877563477e-02
569 3.71093750000000e-01 1.37710571289062e-01
570 4.21386718750000e-01 1.77566766738892e-01
571 4.14062500000000e-01 1.71447753906250e-01
572 4.05273437500000e-01 1.64246559143066e-01
573 4.56542968750000e-01 2.08431482315063e-01
574 4.97070312500000e-01 2.47078895568848e-01
575 4.42871093750000e-01 1.96134805679321e-01
576 5.15625000000000e-01 2.65869140625000e-01
577 4.99023437500000e-01 2.49024391174316e-01
578 5.15136718750000e-01 2.65365839004517e-01
579 4.87792968750000e-01 2.37941980361938e-01
580 4.66308593750000e-01 2.17443704605103e-01
581 4.52148437500000e-01 2.04438209533691e-01
582 5.28808593750000e-01 2.79638528823853e-01
583 4.92187500000000e-01 2.42248535156250e-01
584 5.26855468750000e-01 2.77576684951782e-01
585 6.35253906250000e-01 4.03547525405884e-01
586 5.97167968750000e-01 3.56609582901001e-01
587 6.04003906250000e-01 3.64820718765259e-01
588 5.97656250000000e-01 3.57192993164062e-01
589 5.11718750000000e-01 2.61856079101562e-01
590 5.62500000000000e-01 3.16406250000000e-01
591 5.60546875000000e-01 3.14212799072266e-01
592 5.54687500000000e-01 3.07678222656250e-01
593 5.63476562500000e-01 3.17505836486816e-01
594 5.32714843750000e-01 2.83785104751587e-01
595 5.64941406250000e-01 3.19158792495728e-01
596 5.57617187500000e-01 3.10936927795410e-01
597 5.40527343750000e-01 2.92169809341431e-01
598 5.62011718750000e-01 3.15857172012329e-01
599 5.09277343750000e-01 2.59363412857056e-01
600 4.96093750000000e-01 2.46109008789062e-01
601 4.86816406250000e-01 2.36990213394165e-01
602 4.75097656250000e-01 2.25717782974243e-01
603 4.58007812500000e-01 2.09771156311035e-01
604 4.85351562500000e-01 2.35566139221191e-01
605 5.21484375000000e-01 2.71945953369141e-01
606 5.28320312500000e-01 2.79122352600098e-01
607 5.43945312500000e-01 2.95876502990723e-01
608 6.25000000000000e-01 3.90625000000000e-01
609 6.55273437500000e-01 4.29383277893066e-01
610 6.45019531250000e-01 4.16050195693970e-01
611 5.95703125000000e-01 3.54862213134766e-01
612 6.17187500000000e-01 3.80920410156250e-01
613 6.00585937500000e-01 3.60703468322754e-01
614 6.45996093750000e-01 4.17310953140259e-01
615 6.69921875000000e-01 4.48795318603516e-01
616 6.65039062500000e-01 4.42276954650879e-01
617 6.18652343750000e-01 3.82730722427368e-01
618 6.17675781250000e-01 3.81523370742798e-01
619 6.64062500000000e-01 4.40979003906250e-01
620 7.33886718750000e-01 5.38589715957642e-01
621 6.69921875000000e-01 4.48795318603516e-01
622 6.57226562500000e-01 4.31946754455566e-01
623 6.90429687500000e-01 4.76693153381348e-01
624 7.15820312500000e-01 5.12398719787598e-01
625 7.09960937500000e-01 5.04044532775879e-01
626 6.40625000000000e-01 4.10400390625000e-01
627 6.50390625000000e-01 4.23007965087891e-01
628 6.82617187500000e-01 4.65966224670410e-01
629 6.73339843750000e-01 4.53386545181274e-01
630 6.82617187500000e-01 4.65966224670410e-01
631 7.02148437500000e-01 4.93012428283691e-01
632 7.00683593750000e-01 4.90957498550415e-01
633 6.75292968750000e-01 4.56020593643188e-01
634 6.91894531250000e-01 4.78718042373657e-01
635 6.72851562500000e-01 4.52729225158691e-01
636 6.88964843750000e-01 4.74672555923462e-01
637 6.76269531250000e-01 4.57340478897095e-01
638 6.46972656250000e-01 4.18573617935181e-01
639 5.32226562500000e-01 2.83265113830566e-01
640 5.50292968750000e-01 3.02822351455688e-01
641 5.52246093750000e-01 3.04975748062134e-01
642 4.96093750000000e-01 2.46109008789062e-01
643 5.36132812500000e-01 2.87438392639160e-01
644 5.31738281250000e-01 2.82745599746704e-01
645 4.81933593750000e-01 2.32259988784790e-01
646 4.76074218750000e-01 2.26646661758423e-01
647 5.10253906250000e-01 2.60359048843384e-01
648 5.31250000000000e-01 2.82226562500000e-01
649 5.41015625000000e-01 2.92697906494141e-01
650 5.75195312500000e-01 3.30849647521973e-01
651 5.89355468750000e-01 3.47339868545532e-01
652 6.10351562500000e-01 3.72529029846191e-01
653 6.68457031250000e-01 4.46834802627563e-01
654 6.99218750000000e-01 4.88906860351562e-01
655 7.17285156250000e-01 5.14497995376587e-01
656 7.07519531250000e-01 5.00583887100220e-01
657 7.29003906250000e-01 5.31446695327759e-01
658 7.49511718750000e-01 5.61767816543579e-01
659 6.78710937500000e-01 4.60648536682129e-01
660 6.74804687500000e-01 4.55361366271973e-01
661 7.33398437500000e-01 5.37873268127441e-01
662 6.72363281250000e-01 4.52072381973267e-01
663 7.07519531250000e-01 5.00583887100220e-01
664 6.93847656250000e-01 4.81424570083618e-01
665 6.88964843750000e-01 4.74672555923462e-01
666 6.77734375000000e-01 4.59323883056641e-01
667 6.65527343750000e-01 4.42926645278931e-01
668 6.54785156250000e-01 4.28743600845337e-01
669 5.91796875000000e-01 3.50223541259766e-01
670 6.08398437500000e-01 3.70148658752441e-01
671 5.68359375000000e-01 3.23032379150391e-01
672 5.01953125000000e-01 2.51956939697266e-01
673 5.76171875000000e-01 3.31974029541016e-01
674 5.93261718750000e-01 3.51959466934204e-01
675 6.25976562500000e-01 3.91846656799316e-01
676 6.80175781250000e-01 4.62639093399048e-01
677 6.22558593750000e-01 3.87579202651978e-01
678 5.89355468750000e-01 3.47339868545532e-01
679 5.46875000000000e-01 2.99072265625000e-01
680 5.94726562500000e-01 3.53699684143066e-01
681 5.93750000000000e-01 3.52539062500000e-01
682 5.71289062500000e-01 3.26371192932129e-01
683 5.23925781250000e-01 2.74498224258423e-01
684 4.81445312500000e-01 2.31789588928223e-01
685 5.20019531250000e-01 2.70420312881470e-01
686 4.87792968750000e-01 2.37941980361938e-01
687 5.20996093750000e-01 2.71436929702759e-01
688 5.08300781250000e-01 2.58369684219360e-01
689 5.19042968750000e-01 2.69405603408813e-01
690 5.69824218750000e-01 3.24699640274048e-01
691 5.29785156250000e-01 2.80672311782837e-01
692 4.97558593750000e-01 2.47564554214478e-01
693 5.46386718750000e-01 2.98538446426392e-01
694 5.06835937500000e-01 2.56882667541504e-01
695 5.77636718750000e-01 3.33664178848267e-01
696 5.71777343750000e-01 3.26929330825806e-01
697 6.07910156250000e-01 3.69554758071899e-01
698 6.18652343750000e-01 3.82730722427368e-01
699 5.73242187500000e-01 3.28606605529785e-01
700 5.41503906250000e-01 2.93226480484009e-01
701 4.77050781250000e-01 2.27577447891235e-01
702 4.71679687500000e-01 2.22481727600098e-01
703 5.17578125000000e-01 2.67887115478516e-01
704 5.41503906250000e-01 2.93226480484009e-01
705 5.58593750000000e-01 3.12026977539062e-01
706 5.39062500000000e-01 2.90588378906250e-01
707 4.97558593750000e-01 2.47564554214478e-01
708 4.75585937500000e-01 2.26181983947754e-01
709 5.36132812500000e-01 2.87438392639160e-01
710 5.36132812500000e-01 2.87438392639160e-01
711 4.90722656250000e-01 2.40808725357056e-01
712 4.85351562500000e-01 2.35566139221191e-01
713 4.66796875000000e-01 2.17899322509766e-01
714 4.17480468750000e-01 1.74289941787720e-01
715 5.43457031250000e-01 2.95345544815063e-01
716 5.90820312500000e-01 3.49068641662598e-01
717 5.63476562500000e-01 3.17505836486816e-01
718 5.63476562500000e-01 3.17505836486816e-01
719 5.46386718750000e-01 2.98538446426392e-01
720 4.75585937500000e-01 2.26181983947754e-01
721 4.76562500000000e-01 2.27111816406250e-01
722 4.74121093750000e-01 2.24790811538696e-01
723 4.95117187500000e-01 2.45141029357910e-01
724 4.30175781250000e-01 1.85051202774048e-01
725 4.29687500000000e-01 1.84631347656250e-01
726 4.76074218750000e-01 2.26646661758423e-01
727 5.12207031250000e-01 2.62356042861938e-01
728 4.46777343750000e-01 1.99609994888306e-01
729 4.06738281250000e-01 1.65436029434204e-01
730 4.05273437500000e-01 1.64246559143066e-01
731 3.90136718750000e-01 1.52206659317017e-01
732 3.64746093750000e-01 1.33039712905884e-01
733 3.72070312500000e-01 1.38436317443848e-01
734 3.21777343750000e-01 1.03540658950806e-01
735 3.37402343750000e-01 1.13840341567993e-01
736 3.82324218750000e-01 1.46171808242798e-01
737 3.39843750000000e-01 1.15493774414062e-01
738 3.33007812500000e-01 1.10894203186035e-01
739 3.17382812500000e-01 1.00731849670410e-01
740 3.24218750000000e-01 1.05117797851562e-01
741 2.99316406250000e-01 8.95903110504150e-02
742 3.26171875000000e-01 1.06388092041016e-01
743 3.42285156250000e-01 1.17159128189087e-01
744 3.53515625000000e-01 1.24973297119141e-01
745 3.98925781250000e-01 1.59141778945923e-01
746 3.66210937500000e-01 1.34110450744629e-01
747 3.74023437500000e-01 1.39893531799316e-01
748 4.46777343750000e-01 1.99609994888306e-01
749 4.57519531250000e-01 2.09324121475220e-01
750 4.88769531250000e-01 2.38895654678345e-01
751 5.52734375000000e-01 3.05515289306641e-01
752 5.85937500000000e-01 3.43322753906250e-01
753 5.90332031250000e-01 3.48491907119751e-01
754 5.86914062500000e-01 3.44468116760254e-01
755 5.37109375000000e-01 2.88486480712891e-01
756 4.92675781250000e-01 2.42729425430298e-01
757 4.80957031250000e-01 2.31319665908813e-01
758 5.14160156250000e-01 2.64360666275024e-01
759 4.64843750000000e-01 2.16079711914062e-01
760 4.57519531250000e-01 2.09324121475220e-01
761 4.44335937500000e-01 1.97434425354004e-01
762 4.27734375000000e-01 1.82956695556641e-01
763 4.41406250000000e-01 1.94839477539062e-01
764 4.48242187500000e-01 2.00921058654785e-01
765 4.14062500000000e-01 1.71447753906250e-01
766 4.10644531250000e-01 1.68628931045532e-01
767 4.44824218750000e-01 1.97868585586548e-01
768 4.70214843750000e-01 2.21101999282837e-01
769 5.00000000000000e-01 2.50000000000000e-01
770 5.76171875000000e-01 3.31974029541016e-01
771 5.94726562500000e-01 3.53699684143066e-01
772 6.03515625000000e-01 3.64231109619141e-01
773 6.06445312500000e-01 3.67775917053223e-01
774 6.63085937500000e-01 4.39682960510254e-01
775 6.43554687500000e-01 4.14162635803223e-01
776 6.42089843750000e-01 4.12279367446899e-01
777 5.83496093750000e-01 3.40467691421509e-01
778 6.66503906250000e-01 4.44227457046509e-01
779 6.27441406250000e-01 3.93682718276978e-01
780 6.50390625000000e-01 4.23007965087891e-01
781 6.28417968750000e-01 3.94909143447876e-01
782 6.71386718750000e-01 4.50760126113892e-01
783 6.18652343750000e-01 3.82730722427368e-01
784 5.67871093750000e-01 3.22477579116821e-01
785 5.81054687500000e-01 3.37624549865723e-01
786 5.46386718750000e-01 2.98538446426392e-01
787 5.44921875000000e-01 2.96939849853516e-01
788 4.95605468750000e-01 2.45624780654907e-01
789 5.55664062500000e-01 3.08762550354004e-01
790 6.40136718750000e-01 4.09775018692017e-01
791 5.68847656250000e-01 3.23587656021118e-01
792 5.86914062500000e-01 3.44468116760254e-01
793 6.39648437500000e-01 4.09150123596191e-01
794 6.16699218750000e-01 3.80317926406860e-01
795 6.04492187500000e-01 3.65410804748535e-01
796 6.05957031250000e-01 3.67183923721313e-01
797 6.37207031250000e-01 4.06032800674438e-01
798 5.89355468750000e-01 3.47339868545532e-01
799 5.56640625000000e-01 3.09848785400391e-01
800 5.49804687500000e-01 3.02285194396973e-01
801 5.18066406250000e-01 2.68392801284790e-01
802 5.76171875000000e-01 3.31974029541016e-01
803 6.40625000000000e-01 4.10400390625000e-01
804 5.99121093750000e-01 3.58946084976196e-01
805 5.18066406250000e-01 2.68392801284790e-01
806 5.62011718750000e-01 3.15857172012329e-01
807 5.80566406250000e-01 3.37057352066040e-01
808 5.44921875000000e-01 2.96939849853516e-01
809 6.04980468750000e-01 3.66001367568970e-01
810 5.94238281250000e-01 3.53119134902954e-01
811 5.58105468750000e-01 3.11481714248657e-01
812 6.09863281250000e-01 3.71933221817017e-01
813 6.78222656250000e-01 4.59985971450806e-01
814 6.21093750000000e-01 3.85757446289062e-01
815 6.52832031250000e-01 4.26189661026001e-01
816 6.61132812500000e-01 4.37096595764160e-01
817 6.58203125000000e-01 4.33231353759766e-01
818 6.30859375000000e-01 3.97983551025391e-01
819 7.27539062500000e-01 5.29313087463379e-01
820 6.48437500000000e-01 4.20471191406250e-01
821 6.66992187500000e-01 4.44878578186035e-01
822 7.00683593750000e-01 4.90957498550415e-01
823 6.74804687500000e-01 4.55361366271973e-01
824 6.18652343750000e-01 3.82730722427368e-01
825 5.95703125000000e-01 3.54862213134766e-01
826 5.25878906250000e-01 2.76548624038696e-01
827 5.05371093750000e-01 2.55399942398071e-01
828 4.79492187500000e-01 2.29912757873535e-01
829 4.24804687500000e-01 1.80459022521973e-01
830 4.56542968750000e-01 2.08431482315063e-01
831 4.86328125000000e-01 2.36515045166016e-01
832 4.64355468750000e-01 2.15626001358032e-01
833 3.98437500000000e-01 1.58752441406250e-01
834 3.89160156250000e-01 1.51445627212524e-01
835 3.28613281250000e-01 1.07986688613892e-01
836 4.35546875000000e-01 1.89701080322266e-01
837 3.75488281250000e-01 1.40991449356079e-01
838 3.08593750000000e-01 9.52301025390625e-02
839 3.47167968750000e-01 1.20525598526001e-01
840 3.15429687500000e-01 9.94958877563477e-02
841 3.04687500000000e-01 9.28344726562500e-02
842 3.52050781250000e-01 1.23939752578735e-01
843 4.16992187500000e-01 1.73882484436035e-01
844 4.28710937500000e-01 1.83793067932129e-01
845 4.81445312500000e-01 2.31789588928223e-01
846 4.95117187500000e-01 2.45141029357910e-01
847 4.92187500000000e-01 2.42248535156250e-01
848 5.64941406250000e-01 3.19158792495728e-01
849 5.32714843750000e-01 2.83785104751587e-01
850 5.09765625000000e-01 2.59860992431641e-01
851 4.96582031250000e-01 2.46593713760376e-01
852 5.39062500000000e-01 2.90588378906250e-01
853 5.47851562500000e-01 3.00141334533691e-01
854 5.52246093750000e-01 3.04975748062134e-01
855 5.68847656250000e-01 3.23587656021118e-01
856 6.49902343750000e-01 4.22373056411743e-01
857 6.48925781250000e-01 4.21104669570923e-01
858 6.01562500000000e-01 3.61877441406250e-01
859 5.12207031250000e-01 2.62356042861938e-01
860 5.47363281250000e-01 2.99606561660767e-01
861 5.43457031250000e-01 2.95345544815063e-01
862 5.40039062500000e-01 2.91642189025879e-01
863 5.86914062500000e-01 3.44468116760254e-01
864 5.20507812500000e-01 2.70928382873535e-01
865 5.22949218750000e-01 2.73475885391235e-01
866 5.09765625000000e-01 2.59860992431641e-01
867 5.86914062500000e-01 3.44468116760254e-01
868 5.75195312500000e-01 3.30849647521973e-01
869 5.76660156250000e-01 3.32536935806274e-01
870 5.81542968750000e-01 3.38192224502563e-01
871 6.15722656250000e-01 3.79114389419556e-01
872 6.25000000000000e-01 3.90625000000000e-01
873 5.61035156250000e-01 3.14760446548462e-01
874 5.42968750000000e-01 2.94815063476562e-01
875 5.48339843750000e-01 3.00676584243774e-01
876 5.72753906250000e-01 3.28047037124634e-01
877 6.23535156250000e-01 3.88796091079712e-01
878 5.50292968750000e-01 3.02822351455688e-01
879 5.08300781250000e-01 2.58369684219360e-01
880 5.29296875000000e-01 2.80155181884766e-01
881 5.51269531250000e-01 3.03898096084595e-01
882 5.54687500000000e-01 3.07678222656250e-01
883 5.11718750000000e-01 2.61856079101562e-01
884 5.34667968750000e-01 2.85869836807251e-01
885 6.13769531250000e-01 3.76713037490845e-01
886 6.42578125000000e-01 4.12906646728516e-01
887 5.87890625000000e-01 3.45615386962891e-01
888 6.85546875000000e-01 4.69974517822266e-01
889 6.16699218750000e-01 3.80317926406860e-01
890 6.25000000000000e-01 3.90625000000000e-01
891 6.09375000000000e-01 3.71337890625000e-01
892 6.04003906250000e-01 3.64820718765259e-01
893 6.10351562500000e-01 3.72529029846191e-01
894 6.34765625000000e-01 4.02927398681641e-01
895 5.99121093750000e-01 3.58946084976196e-01
896 5.80566406250000e-01 3.37057352066040e-01
897 5.82031250000000e-01 3.38760375976562e-01
898 5.98144531250000e-01 3.57776880264282e-01
899 5.92285156250000e-01 3.50801706314087e-01
900 5.80078125000000e-01 3.36490631103516e-01
901 5.83984375000000e-01 3.41037750244141e-01
902 5.64941406250000e-01 3.19158792495728e-01
903 5.59570312500000e-01 3.13118934631348e-01
904 5.95214843750000e-01 3.54280710220337e-01
905 5.86914062500000e-01 3.44468116760254e-01
906 5.14648437500000e-01 2.64863014221191e-01
907 5.31738281250000e-01 2.82745599746704e-01
908 5.07812500000000e-01 2.57873535156250e-01
909 5.09277343750000e-01 2.59363412857056e-01
910 5.47363281250000e-01 2.99606561660767e-01
911 4.78027343750000e-01 2.28510141372681e-01
912 4.95605468750000e-01 2.45624780654907e-01
913 5.65917968750000e-01 3.20263147354126e-01
914 5.84472656250000e-01 3.41608285903931e-01
915 5.90820312500000e-01 3.49068641662598e-01
916 5.97656250000000e-01 3.57192993164062e-01
917 6.16210937500000e-01 3.79715919494629e-01
918 5.69824218750000e-01 3.24699640274048e-01
919 5.26367187500000e-01 2.77062416076660e-01
920 4.65332031250000e-01 2.16533899307251e-01
921 5.17089843750000e-01 2.67381906509399e-01
922 5.26855468750000e-01 2.77576684951782e-01
923 5.43457031250000e-01 2.95345544815063e-01
924 5.35156250000000e-01 2.86392211914062e-01
925 5.95703125000000e-01 3.54862213134766e-01
926 5.49804687500000e-01 3.02285194396973e-01
927 4.96582031250000e-01 2.46593713760376e-01
928 4.55078125000000e-01 2.07096099853516e-01
929 4.92675781250000e-01 2.42729425430298e-01
930 4.62402343750000e-01 2.13815927505493e-01
931 4.06250000000000e-01 1.65039062500000e-01
932 4.01367187500000e-01 1.61095619201660e-01
933 5.07812500000000e-01 2.57873535156250e-01
934 4.66308593750000e-01 2.17443704605103e-01
935 4.50683593750000e-01 2.03115701675415e-01
936 4.31152343750000e-01 1.85892343521118e-01
937 4.31640625000000e-01 1.86313629150391e-01
938 4.23828125000000e-01 1.79630279541016e-01
939 4.76562500000000e-01 2.27111816406250e-01
940 5.50292968750000e-01 3.02822351455688e-01
941 5.28320312500000e-01 2.79122352600098e-01
942 5.45410156250000e-01 2.97472238540649e-01
943 4.69726562500000e-01 2.20643043518066e-01
944 4.68750000000000e-01 2.19726562500000e-01
945 4.73632812500000e-01 2.24328041076660e-01
946 3.99902343750000e-01 1.59921884536743e-01
947 3.95019531250000e-01 1.56040430068970e-01
948 4.02832031250000e-01 1.62273645401001e-01
949 4.38476562500000e-01 1.92261695861816e-01
950 5.41503906250000e-01 2.93226480484009e-01
951 5.25878906250000e-01 2.76548624038696e-01
952 5.84472656250000e-01 3.41608285903931e-01
953 6.10351562500000e-01 3.72529029846191e-01
954 5.37597656250000e-01 2.89011240005493e-01
955 4.93164062500000e-01 2.43210792541504e-01
956 4.79003906250000e-01 2.29444742202759e-01
957 4.57519531250000e-01 2.09324121475220e-01
958 4.30175781250000e-01 1.85051202774048e-01
959 4.34570312500000e-01 1.88851356506348e-01
960 4.03320312500000e-01 1.62667274475098e-01
961 4.35058593750000e-01 1.89275979995728e-01
962 4.37011718750000e-01 1.90979242324829e-01
963 4.56542968750000e-01 2.08431482315063e-01
964 4.54589843750000e-01 2.06651926040649e-01
965 4.93164062500000e-01 2.43210792541504e-01
966 5.59570312500000e-01 3.13118934631348e-01
967 5.34667968750000e-01 2.85869836807251e-01
968 4.77539062500000e-01 2.28043556213379e-01
969 4.52636718750000e-01 2.04879999160767e-01
970 4.54101562500000e-01 2.06208229064941e-01
971 4.40917968750000e-01 1.94408655166626e-01
972 4.54589843750000e-01 2.06651926040649e-01
973 4.02832031250000e-01 1.62273645401001e-01
974 4.06250000000000e-01 1.65039062500000e-01
975 4.91210937500000e-01 2.41288185119629e-01
976 5.59082031250000e-01 3.12572717666626e-01
977 4.91699218750000e-01 2.41768121719360e-01
978 4.66308593750000e-01 2.17443704605103e-01
979 4.90722656250000e-01 2.40808725357056e-01
980 4.80468750000000e-01 2.30850219726562e-01
981 5.12207031250000e-01 2.62356042861938e-01
982 4.60449218750000e-01 2.12013483047485e-01
983 5.07324218750000e-01 2.57377862930298e-01
984 5.89843750000000e-01 3.47915649414062e-01
985 5.72753906250000e-01 3.28047037124634e-01
986 5.61035156250000e-01 3.14760446548462e-01
987 6.15722656250000e-01 3.79114389419556e-01
988 5.96679687500000e-01 3.56026649475098e-01
989 5.97167968750000e-01 3.56609582901001e-01
990 5.87890625000000e-01 3.45615386962891e-01
991 6.07421875000000e-01 3.68961334228516e-01
992 6.35742187500000e-01 4.04168128967285e-01
993 6.23046875000000e-01 3.88187408447266e-01
994 6.23535156250000e-01 3.88796091079712e-01
995 5.63476562500000e-01 3.17505836486816e-01
996 5.23925781250000e-01 2.74498224258423e-01
997 5.26855468750000e-01 2.77576684951782e-01
998 4.58496093750000e-01 2.10218667984009e-01
999 4.83398437500000e-01 2.33674049377441e-01
