0 6.14746093750000e-01 3.77912759780884e-01
1 5.40527343750000e-01 2.92169809341431e-01
2 5.48828125000000e-01 3.01212310791016e-01
3 5.02441406250000e-01 2.52447366714478e-01
4 5.43457031250000e-01 2.95345544815063e-01
5 5.25390625000000e-01 2.76035308837891e-01
6 5.46875000000000e-01 2.99072265625000e-01
7 5.47363281250000e-01 2.99606561660767e-01
8 5.41992187500000e-01 2.93755531311035e-01
9 4.79492187500000e-01 2.29912757873535e-01
10 4.07226562500000e-01 1.65833473205566e-01
11 3.41796875000000e-01 1.16825103759766e-01
12 3.69140625000000e-01 1.36264801025391e-01
13 5.09277343750000e-01 2.59363412857056e-01
14 5.02441406250000e-01 2.52447366714478e-01
15 5.48339843750000e-01 3.00676584243774e-01
16 5.03906250000000e-01 2.53921508789062e-01
17 5.18554687500000e-01 2.68898963928223e-01
18 5.30761718750000e-01 2.81708002090454e-01
19 4.40917968750000e-01 1.94408655166626e-01
20 5.52734375000000e-01 3.05515289306641e-01
21 5.81054687500000e-01 3.37624549865723e-01
22 5.40039062500000e-01 2.91642189025879e-01
23 5.27832031250000e-01 2.78606653213501e-01
24 5.35644531250000e-01 2.86915063858032e-01
25 5.22460937500000e-01 2.72965431213379e-01
26 5.48828125000000e-01 3.01212310791016e-01
27 5.66894531250000e-01 3.21369409561157e-01
28 6.13769531250000e-01 3.76713037490845e-01
29 6.34765625000000e-01 4.02927398681641e-01
30 6.57226562500000e-01 4.31946754455566e-01
31 6.35742187500000e-01 4.04168128967285e-01
32 6.63574218750000e-01 4.40330743789673e-01
33 6.35253906250000e-01 4.03547525405884e-01
34 6.36230468750000e-01 4.04789209365845e-01
35 6.27441406250000e-01 3.93682718276978e-01
36 6.63085937500000e-01 4.39682960510254e-01
37 6.88964843750000e-01 4.74672555923462e-01
38 6.74316406250000e-01 4.54702615737915e-01
39 6.82617187500000e-01 4.65966224670410e-01
40 6.86523437500000e-01 4.71314430236816e-01
41 6.62109375000000e-01 4.38388824462891e-01
42 6.72851562500000e-01 4.52729225158691e-01
43 7.04101562500000e-01 4.95759010314941e-01
44 6.96289062500000e-01 4.84818458557129e-01
45 6.39648437500000e-01 4.09150123596191e-01
46 6.59667968750000e-01 4.35161828994751e-01
47 6.11816406250000e-01 3.74319314956665e-01
48 6.15722656250000e-01 3.79114389419556e-01
49 6.93847656250000e-01 4.81424570083618e-01
50 7.07519531250000e-01 5.00583887100220e-01
51 7.27539062500000e-01 5.29313087463379e-01
52 6.83105468750000e-01 4.66633081436157e-01
53 6.36230468750000e-01 4.04789209365845e-01
54 6.00585937500000e-01 3.60703468322754e-01
55 5.81542968750000e-01 3.38192224502563e-01
56 5.51269531250000e-01 3.03898096084595e-01
57 5.38574218750000e-01 2.90062189102173e-01
58 4.90722656250000e-01 2.40808725357056e-01
59 3.90136718750000e-01 1.52206659317017e-01
60 3.90625000000000e-01 1.52587890625000e-01
61 3.81347656250000e-01 1.45426034927368e-01
62 3.98925781250000e-01 1.59141778945923e-01
63 3.41796875000000e-01 1.16825103759766e-01
64 3.40332031250000e-01 1.15825891494751e-01
65 3.81347656250000e-01 1.45426034927368e-01
66 3.99414062500000e-01 1.59531593322754e-01
67 4.15039062500000e-01 1.72257423400879e-01
68 4.03320312500000e-01 1.62667274475098e-01
69 5.24902343750000e-01 2.75522470474243e-01
70 5.44433593750000e-01 2.96407938003540e-01
71 5.06347656250000e-01 2.56387948989868e-01
72 5.23437500000000e-01 2.73986816406250e-01
73 5.38574218750000e-01 2.90062189102173e-01
74 6.04003906250000e-01 3.64820718765259e-01
75 6.15234375000000e-01 3.78513336181641e-01
76 6.23046875000000e-01 3.88187408447266e-01
77 6.51367187500000e-01 4.24279212951660e-01
78 6.14257812500000e-01 3.77312660217285e-01
79 6.01562500000000e-01 3.61877441406250e-01
80 6.13769531250000e-01 3.76713037490845e-01
81 6.74316406250000e-01 4.54702615737915e-01
82 6.94824218750000e-01 4.82780694961548e-01
83 7.01171875000000e-01 4.91641998291016e-01
84 6.70410156250000e-01 4.49449777603149e-01
85 6.83593750000000e-01 4.67300415039062e-01
86 6.71386718750000e-01 4.50760126113892e-01
87 6.95800781250000e-01 4.84138727188110e-01
88 6.68457031250000e-01 4.46834802627563e-01
89 6.59667968750000e-01 4.35161828994751e-01
90 6.41113281250000e-01 4.11026239395142e-01
91 6.43554687500000e-01 4.14162635803223e-01
92 6.29882812500000e-01 3.96752357482910e-01
93 6.61621093750000e-01 4.37742471694946e-01
94 5.79101562500000e-01 3.35358619689941e-01
95 5.15136718750000e-01 2.65365839004517e-01
96 5.03417968750000e-01 2.53429651260376e-01
97 4.62402343750000e-01 2.13815927505493e-01
98 5.34179687500000e-01 2.85347938537598e-01
99 5.23925781250000e-01 2.74498224258423e-01
100 4.79003906250000e-01 2.29444742202759e-01
101 4.94628906250000e-01 2.44657754898071e-01
102 5.13183593750000e-01 2.63357400894165e-01
103 5.97167968750000e-01 3.56609582901001e-01
104 5.98144531250000e-01 3.57776880264282e-01
105 6.23046875000000e-01 3.88187408447266e-01
106 6.07910156250000e-01 3.69554758071899e-01
107 6.04003906250000e-01 3.64820718765259e-01
108 6.32812500000000e-01 4.00451660156250e-01
109 5.83984375000000e-01 3.41037750244141e-01
110 6.56250000000000e-01 4.30664062500000e-01
111 6.72363281250000e-01 4.52072381973267e-01
112 6.04492187500000e-01 3.65410804748535e-01
113 5.77148437500000e-01 3.33100318908691e-01
114 5.57617187500000e-01 3.10936927795410e-01
115 5.44433593750000e-01 2.96407938003540e-01
116 5.67871093750000e-01 3.22477579116821e-01
117 5.05859375000000e-01 2.55893707275391e-01
118 5.04882812500000e-01 2.54906654357910e-01
119 4.85351562500000e-01 2.35566139221191e-01
120 5.07812500000000e-01 2.57873535156250e-01
121 5.14648437500000e-01 2.64863014221191e-01
122 5.76171875000000e-01 3.31974029541016e-01
123 5.86914062500000e-01 3.44468116760254e-01
124 5.64453125000000e-01 3.18607330322266e-01
125 5.16601562500000e-01 2.66877174377441e-01
126 4.72656250000000e-01 2.23403930664062e-01
127 4.63378906250000e-01 2.14720010757446e-01
128 5.33203125000000e-01 2.84305572509766e-01
129 4.24316406250000e-01 1.80044412612915e-01
130 4.40917968750000e-01 1.94408655166626e-01
131 4.27734375000000e-01 1.82956695556641e-01
132 3.89648437500000e-01 1.51825904846191e-01
133 3.71093750000000e-01 1.37710571289062e-01
134 2.98828125000000e-01 8.92982482910156e-02
135 2.49511718750000e-01 6.22560977935791e-02
136 2.50000000000000e-01 6.25000000000000e-02
137 2.78320312500000e-01 7.74621963500977e-02
138 3.89160156250000e-01 1.51445627212524e-01
139 3.84277343750000e-01 1.47669076919556e-01
140 3.76464843750000e-01 1.41725778579712e-01
141 3.75976562500000e-01 1.41358375549316e-01
142 4.10644531250000e-01 1.68628931045532e-01
143 4.12109375000000e-01 1.69834136962891e-01
144 3.63769531250000e-01 1.32328271865845e-01
145 4.20898437500000e-01 1.77155494689941e-01
146 3.73535156250000e-01 1.39528512954712e-01
147 3.98925781250000e-01 1.59141778945923e-01
148 3.25683593750000e-01 1.06069803237915e-01
149 3.55957031250000e-01 1.26705408096313e-01
150 3.88671875000000e-01 1.51065826416016e-01
151 3.34960937500000e-01 1.12198829650879e-01
152 3.82324218750000e-01 1.46171808242798e-01
153 4.38476562500000e-01 1.92261695861816e-01
154 3.39355468750000e-01 1.15162134170532e-01
155 4.05273437500000e-01 1.64246559143066e-01
156 4.00390625000000e-01 1.60312652587891e-01
157 4.46777343750000e-01 1.99609994888306e-01
158 4.16503906250000e-01 1.73475503921509e-01
159 5.03906250000000e-01 2.53921508789062e-01
160 4.72656250000000e-01 2.23403930664062e-01
161 5.24902343750000e-01 2.75522470474243e-01
162 5.79101562500000e-01 3.35358619689941e-01
163 5.28320312500000e-01 2.79122352600098e-01
164 5.01953125000000e-01 2.51956939697266e-01
165 5.08789062500000e-01 2.58866310119629e-01
166 5.26855468750000e-01 2.77576684951782e-01
167 4.57519531250000e-01 2.09324121475220e-01
168 4.22363281250000e-01 1.78390741348267e-01
169 3.93554687500000e-01 1.54885292053223e-01
170 3.81347656250000e-01 1.45426034927368e-01
171 3.41308593750000e-01 1.16491556167603e-01
172 3.67187500000000e-01 1.34826660156250e-01
173 3.20800781250000e-01 1.02913141250610e-01
174 3.33496093750000e-01 1.11219644546509e-01
175 3.43750000000000e-01 1.18164062500000e-01
176 3.31054687500000e-01 1.09597206115723e-01
177 3.87695312500000e-01 1.50307655334473e-01
178 4.19921875000000e-01 1.76334381103516e-01
179 4.50195312500000e-01 2.02675819396973e-01
180 3.85742187500000e-01 1.48797035217285e-01
181 3.46679687500000e-01 1.20186805725098e-01
182 3.55957031250000e-01 1.26705408096313e-01
183 2.72949218750000e-01 7.45012760162354e-02
184 3.44238281250000e-01 1.18499994277954e-01
185 2.82226562500000e-01 7.96518325805664e-02
186 1.93359375000000e-01 3.73878479003906e-02
187 1.66015625000000e-01 2.75611877441406e-02
188 1.44042968750000e-01 2.07483768463135e-02
189 2.03613281250000e-01 4.14583683013916e-02
190 1.93359375000000e-01 3.73878479003906e-02
191 1.68945312500000e-01 2.85425186157227e-02
192 1.41601562500000e-01 2.00510025024414e-02
193 1.15234375000000e-01 1.32789611816406e-02
194 1.01562500000000e-01 1.03149414062500e-02
195 1.25488281250000e-01 1.57473087310791e-02
196 1.74316406250000e-01 3.03862094879150e-02
197 1.72851562500000e-01 2.98776626586914e-02
198 1.36718750000000e-01 1.86920166015625e-02
199 1.39160156250000e-01 1.93655490875244e-02
200 7.22656250000000e-02 5.22232055664062e-03
201 9.17968750000000e-02 8.42666625976562e-03
202 1.39160156250000e-01 1.93655490875244e-02
203 1.66503906250000e-01 2.77235507965088e-02
204 8.78906250000000e-02 7.72476196289062e-03
205 9.47265625000000e-02 8.97312164306641e-03
206 1.11816406250000e-01 1.25029087066650e-02
207 1.29394531250000e-01 1.67429447174072e-02
208 1.26464843750000e-01 1.59933567047119e-02
209 6.98242187500000e-02 4.87542152404785e-03
210 1.00585937500000e-01 1.01175308227539e-02
211 3.80859375000000e-02 1.45053863525391e-03
212 4.63867187500000e-02 2.15172767639160e-03
213 8.15429687500000e-02 6.64925575256348e-03
214 1.09863281250000e-01 1.20699405670166e-02
215 1.18652343750000e-01 1.40783786773682e-02
216 7.17773437500000e-02 5.15198707580566e-03
217 5.81054687500000e-02 3.37624549865723e-03
218 3.27148437500000e-02 1.07026100158691e-03
219 9.27734375000000e-02 8.60691070556641e-03
220 1.09863281250000e-01 1.20699405670166e-02
221 1.68457031250000e-01 2.83777713775635e-02
222 2.73437500000000e-01 7.47680664062500e-02
223 2.34375000000000e-01 5.49316406250000e-02
224 1.46972656250000e-01 2.16009616851807e-02
225 1.65527343750000e-01 2.73993015289307e-02
226 2.02148437500000e-01 4.08639907836914e-02
227 1.80175781250000e-01 3.24633121490479e-02
228 2.55371093750000e-01 6.52143955230713e-02
229 2.79785156250000e-01 7.82797336578369e-02
230 2.85644531250000e-01 8.15927982330322e-02
231 2.99316406250000e-01 8.95903110504150e-02
232 2.66601562500000e-01 7.10763931274414e-02
233 2.45117187500000e-01 6.00824356079102e-02
234 2.85156250000000e-01 8.13140869140625e-02
235 2.92968750000000e-01 8.58306884765625e-02
236 2.83691406250000e-01 8.04808139801025e-02
237 3.59863281250000e-01 1.29501581192017e-01
238 2.83203125000000e-01 8.02040100097656e-02
239 3.40332031250000e-01 1.15825891494751e-01
240 2.84179687500000e-01 8.07580947875977e-02
241 2.33886718750000e-01 5.47029972076416e-02
242 2.58789062500000e-01 6.69717788696289e-02
243 2.50976562500000e-01 6.29892349243164e-02
244 1.96777343750000e-01 3.87213230133057e-02
245 2.56347656250000e-01 6.57141208648682e-02
246 2.33398437500000e-01 5.44748306274414e-02
247 2.14355468750000e-01 4.59482669830322e-02
248 1.70410156250000e-01 2.90396213531494e-02
249 1.90429687500000e-01 3.62634658813477e-02
250 2.25097656250000e-01 5.06689548492432e-02
251 3.06640625000000e-01 9.40284729003906e-02
252 3.67187500000000e-01 1.34826660156250e-01
253 4.16503906250000e-01 1.73475503921509e-01
254 3.82812500000000e-01 1.46545410156250e-01
255 4.32617187500000e-01 1.87157630920410e-01
256 4.41406250000000e-01 1.94839477539062e-01
257 3.86230468750000e-01 1.49173974990845e-01
258 4.05273437500000e-01 1.64246559143066e-01
259 4.32617187500000e-01 1.87157630920410e-01
260 4.00390625000000e-01 1.60312652587891e-01
261 4.31152343750000e-01 1.85892343521118e-01
262 4.48730468750000e-01 2.01359033584595e-01
263 4.21386718750000e-01 1.77566766738892e-01
264 3.74511718750000e-01 1.40259027481079e-01
265 3.74511718750000e-01 1.40259027481079e-01
266 3.34960937500000e-01 1.12198829650879e-01
267 3.50097656250000e-01 1.22568368911743e-01
268 3.54003906250000e-01 1.25318765640259e-01
269 4.03320312500000e-01 1.62667274475098e-01
270 4.47753906250000e-01 2.00483560562134e-01
271 4.13085937500000e-01 1.70639991760254e-01
272 3.96484375000000e-01 1.57199859619141e-01
273 3.69628906250000e-01 1.36625528335571e-01
274 3.62304687500000e-01 1.31264686584473e-01
275 4.08203125000000e-01 1.66629791259766e-01
276 4.67285156250000e-01 2.18355417251587e-01
277 4.34082031250000e-01 1.88427209854126e-01
278 4.55078125000000e-01 2.07096099853516e-01
279 4.15527343750000e-01 1.72662973403931e-01
280 4.25292968750000e-01 1.80874109268188e-01
281 3.57421875000000e-01 1.27750396728516e-01
282 3.11523437500000e-01 9.70468521118164e-02
283 3.00292968750000e-01 9.01758670806885e-02
284 2.99804687500000e-01 8.98828506469727e-02
285 3.91113281250000e-01 1.52969598770142e-01
286 3.74023437500000e-01 1.39893531799316e-01
287 3.73535156250000e-01 1.39528512954712e-01
288 3.48144531250000e-01 1.21204614639282e-01
289 3.67187500000000e-01 1.34826660156250e-01
290 4.10156250000000e-01 1.68228149414062e-01
291 4.76562500000000e-01 2.27111816406250e-01
292 4.04296875000000e-01 1.63455963134766e-01
293 4.05273437500000e-01 1.64246559143066e-01
294 3.76464843750000e-01 1.41725778579712e-01
295 3.40820312500000e-01 1.16158485412598e-01
296 3.56445312500000e-01 1.27053260803223e-01
297 3.12988281250000e-01 9.79616641998291e-02
298 3.50097656250000e-01 1.22568368911743e-01
299 3.66210937500000e-01 1.34110450744629e-01
300 4.26757812500000e-01 1.82122230529785e-01
301 3.69628906250000e-01 1.36625528335571e-01
302 3.75488281250000e-01 1.40991449356079e-01
303 3.46679687500000e-01 1.20186805725098e-01
304 3.27148437500000e-01 1.07026100158691e-01
305 3.68652343750000e-01 1.35904550552368e-01
306 3.46191406250000e-01 1.19848489761353e-01
307 3.98437500000000e-01 1.58752441406250e-01
308 4.37011718750000e-01 1.90979242324829e-01
309 4.55078125000000e-01 2.07096099853516e-01
310 5.07812500000000e-01 2.57873535156250e-01
311 5.16601562500000e-01 2.66877174377441e-01
312 5.27832031250000e-01 2.78606653213501e-01
313 5.43945312500000e-01 2.95876502990723e-01
314 5.54687500000000e-01 3.07678222656250e-01
315 5.68847656250000e-01 3.23587656021118e-01
316 5.99121093750000e-01 3.58946084976196e-01
317 5.84472656250000e-01 3.41608285903931e-01
318 5.91308593750000e-01 3.49645853042603e-01
319 5.55664062500000e-01 3.08762550354004e-01
320 4.97070312500000e-01 2.47078895568848e-01
321 4.77050781250000e-01 2.27577447891235e-01
322 5.20996093750000e-01 2.71436929702759e-01
323 5.23437500000000e-01 2.73986816406250e-01
324 5.27343750000000e-01 2.78091430664062e-01
325 5.52246093750000e-01 3.04975748062134e-01
326 5.68847656250000e-01 3.23587656021118e-01
327 5.70312500000000e-01 3.25256347656250e-01
328 4.82421875000000e-01 2.32730865478516e-01
329 4.23339843750000e-01 1.79216623306274e-01
330 4.31640625000000e-01 1.86313629150391e-01
331 4.22851562500000e-01 1.78803443908691e-01
332 4.33593750000000e-01 1.88003540039062e-01
333 4.28222656250000e-01 1.83374643325806e-01
334 4.34570312500000e-01 1.88851356506348e-01
335 3.96484375000000e-01 1.57199859619141e-01
336 3.89648437500000e-01 1.51825904846191e-01
337 3.41308593750000e-01 1.16491556167603e-01
338 3.54003906250000e-01 1.25318765640259e-01
339 2.72949218750000e-01 7.45012760162354e-02
340 3.28125000000000e-01 1.07666015625000e-01
341 2.90527343750000e-01 8.44061374664307e-02
342 2.39746093750000e-01 5.74781894683838e-02
343 1.74316406250000e-01 3.03862094879150e-02
344 2.56835937500000e-01 6.59646987915039e-02
345 2.60253906250000e-01 6.77320957183838e-02
346 1.77734375000000e-01 3.15895080566406e-02
347 1.88476562500000e-01 3.55234146118164e-02
348 1.47460937500000e-01 2.17447280883789e-02
349 1.36718750000000e-01 1.86920166015625e-02
350 2.01660156250000e-01 4.06668186187744e-02
351 1.96777343750000e-01 3.87213230133057e-02
352 1.61621093750000e-01 2.61213779449463e-02
353 1.01074218750000e-01 1.02159976959229e-02
354 7.95898437500000e-02 6.33454322814941e-03
355 1.48437500000000e-01 2.20336914062500e-02
356 1.73828125000000e-01 3.02162170410156e-02
357 1.76269531250000e-01 3.10709476470947e-02
358 1.93847656250000e-01 3.75769138336182e-02
359 1.88964843750000e-01 3.57077121734619e-02
360 1.68457031250000e-01 2.83777713775635e-02
361 1.92871093750000e-01 3.71992588043213e-02
362 2.05566406250000e-01 4.22575473785400e-02
363 1.87988281250000e-01 3.53395938873291e-02
364 2.15332031250000e-01 4.63678836822510e-02
365 1.99218750000000e-01 3.96881103515625e-02
366 2.29492187500000e-01 5.26666641235352e-02
367 1.79687500000000e-01 3.22875976562500e-02
368 1.73828125000000e-01 3.02162170410156e-02
369 2.16796875000000e-01 4.70008850097656e-02
370 2.42187500000000e-01 5.86547851562500e-02
371 2.94921875000000e-01 8.69789123535156e-02
372 1.99707031250000e-01 3.98828983306885e-02
373 2.37304687500000e-01 5.63135147094727e-02
374 2.78320312500000e-01 7.74621963500977e-02
375 2.24121093750000e-01 5.02302646636963e-02
376 2.79785156250000e-01 7.82797336578369e-02
377 3.30566406250000e-01 1.09274148941040e-01
378 3.10546875000000e-01 9.64393615722656e-02
379 2.97851562500000e-01 8.87155532836914e-02
380 2.73437500000000e-01 7.47680664062500e-02
381 2.44628906250000e-01 5.98433017730713e-02
382 2.88574218750000e-01 8.32750797271729e-02
383 2.24609375000000e-01 5.04493713378906e-02
384 2.31933593750000e-01 5.37931919097900e-02
385 2.39746093750000e-01 5.74781894683838e-02
386 2.22167968750000e-01 4.93586063385010e-02
387 1.55273437500000e-01 2.41098403930664e-02
388 1.61621093750000e-01 2.61213779449463e-02
389 1.36718750000000e-01 1.86920166015625e-02
390 1.24511718750000e-01 1.55031681060791e-02
391 1.24511718750000e-01 1.55031681060791e-02
392 7.71484375000000e-02 5.95188140869141e-03
393 8.83789062500000e-02 7.81083106994629e-03
394 4.49218750000000e-02 2.01797485351562e-03
395 6.73828125000000e-02 4.54044342041016e-03
396 7.56835937500000e-02 5.72800636291504e-03
397 7.61718750000000e-02 5.80215454101562e-03
398 9.96093750000000e-02 9.92202758789062e-03
399 6.98242187500000e-02 4.87542152404785e-03
400 2.58789062500000e-02 6.69717788696289e-04
401 1.75781250000000e-02 3.08990478515625e-04
402 2.00195312500000e-02 4.00781631469727e-04
403 3.12500000000000e-02 9.76562500000000e-04
404 7.08007812500000e-02 5.01275062561035e-03
405 7.42187500000000e-02 5.50842285156250e-03
406 3.90625000000000e-02 1.52587890625000e-03
407 1.37207031250000e-01 1.88257694244385e-02
408 1.47460937500000e-01 2.17447280883789e-02
409 1.29882812500000e-01 1.68695449829102e-02
410 1.31347656250000e-01 1.72522068023682e-02
411 7.32421875000000e-02 5.36441802978516e-03
412 6.29882812500000e-02 3.96752357482910e-03
413 6.15234375000000e-02 3.78513336181641e-03
414 6.29882812500000e-02 3.96752357482910e-03
415 1.21582031250000e-01 1.47821903228760e-02
416 1.79687500000000e-01 3.22875976562500e-02
417 2.02636718750000e-01 4.10616397857666e-02
418 2.50488281250000e-01 6.27443790435791e-02
419 2.79296875000000e-01 7.80067443847656e-02
420 1.99707031250000e-01 3.98828983306885e-02
421 2.26562500000000e-01 5.13305664062500e-02
422 2.93457031250000e-01 8.61170291900635e-02
423 2.66601562500000e-01 7.10763931274414e-02
424 2.82226562500000e-01 7.96518325805664e-02
425 2.90039062500000e-01 8.41226577758789e-02
426 2.76855468750000e-01 7.66489505767822e-02
427 3.23242187500000e-01 1.04485511779785e-01
428 4.27246093750000e-01 1.82539224624634e-01
429 3.86718750000000e-01 1.49551391601562e-01
430 3.03710937500000e-01 9.22403335571289e-02
431 2.76367187500000e-01 7.63788223266602e-02
432 2.39746093750000e-01 5.74781894683838e-02
433 2.54882812500000e-01 6.49652481079102e-02
434 1.99707031250000e-01 3.98828983306885e-02
435 2.29492187500000e-01 5.26666641235352e-02
436 2.43164062500000e-01 5.91287612915039e-02
437 2.12402343750000e-01 4.51147556304932e-02
438 1.83593750000000e-01 3.37066650390625e-02
439 2.21191406250000e-01 4.89256381988525e-02
440 2.28515625000000e-01 5.22193908691406e-02
441 3.37890625000000e-01 1.14170074462891e-01
442 2.70019531250000e-01 7.29105472564697e-02
443 2.69531250000000e-01 7.26470947265625e-02
444 2.57812500000000e-01 6.64672851562500e-02
445 2.19238281250000e-01 4.80654239654541e-02
446 2.36816406250000e-01 5.60820102691650e-02
447 3.12011718750000e-01 9.73513126373291e-02
448 3.44726562500000e-01 1.18836402893066e-01
449 3.21289062500000e-01 1.03226661682129e-01
450 3.53515625000000e-01 1.24973297119141e-01
451 3.11523437500000e-01 9.70468521118164e-02
452 3.24707031250000e-01 1.05434656143188e-01
453 3.23242187500000e-01 1.04485511779785e-01
454 3.70605468750000e-01 1.37348413467407e-01
455 4.37011718750000e-01 1.90979242324829e-01
456 4.13085937500000e-01 1.70639991760254e-01
457 4.55566406250000e-01 2.07540750503540e-01
458 5.38085937500000e-01 2.89536476135254e-01
459 5.25390625000000e-01 2.76035308837891e-01
460 4.98535156250000e-01 2.48537302017212e-01
461 4.82421875000000e-01 2.32730865478516e-01
462 4.90234375000000e-01 2.40329742431641e-01
463 5.32714843750000e-01 2.83785104751587e-01
464 5.42968750000000e-01 2.94815063476562e-01
465 5.87402343750000e-01 3.45041513442993e-01
466 5.46875000000000e-01 2.99072265625000e-01
467 5.36621093750000e-01 2.87962198257446e-01
468 5.47363281250000e-01 2.99606561660767e-01
469 5.16601562500000e-01 2.66877174377441e-01
470 5.44433593750000e-01 2.96407938003540e-01
471 5.83496093750000e-01 3.40467691421509e-01
472 6.20117187500000e-01 3.84545326232910e-01
473 7.05078125000000e-01 4.97135162353516e-01
474 6.92382812500000e-01 4.79393959045410e-01
475 6.23046875000000e-01 3.88187408447266e-01
476 6.79199218750000e-01 4.61311578750610e-01
477 6.18652343750000e-01 3.82730722427368e-01
478 6.01074218750000e-01 3.61290216445923e-01
479 6.42089843750000e-01 4.12279367446899e-01
480 6.29394531250000e-01 3.96137475967407e-01
481 6.60156250000000e-01 4.35806274414062e-01
482 6.82617187500000e-01 4.65966224670410e-01
483 7.11425781250000e-01 5.06126642227173e-01
484 6.42578125000000e-01 4.12906646728516e-01
485 6.68945312500000e-01 4.47487831115723e-01
486 6.38183593750000e-01 4.07278299331665e-01
487 6.58203125000000e-01 4.33231353759766e-01
488 6.16699218750000e-01 3.80317926406860e-01
489 6.28906250000000e-01 3.95523071289062e-01
490 6.76757812500000e-01 4.58001136779785e-01
491 6.88476562500000e-01 4.73999977111816e-01
492 6.12792968750000e-01 3.75515222549438e-01
493 6.61132812500000e-01 4.37096595764160e-01
494 6.66015625000000e-01 4.43576812744141e-01
495 7.03125000000000e-01 4.94384765625000e-01
496 6.87500000000000e-01 4.72656250000000e-01
497 6.99218750000000e-01 4.88906860351562e-01
498 7.37304687500000e-01 5.43618202209473e-01
499 6.93847656250000e-01 4.81424570083618e-01
500 7.03613281250000e-01 4.95071649551392e-01
501 6.82128906250000e-01 4.65299844741821e-01
502 7.01171875000000e-01 4.91641998291016e-01
503 7.02148437500000e-01 4.93012428283691e-01
504 7.19726562500000e-01 5.18006324768066e-01
505 6.80175781250000e-01 4.62639093399048e-01
506 6.86035156250000e-01 4.70644235610962e-01
507 7.26562500000000e-01 5.27893066406250e-01
508 6.98730468750000e-01 4.88224267959595e-01
509 6.72851562500000e-01 4.52729225158691e-01
510 6.12304687500000e-01 3.74917030334473e-01
511 6.34765625000000e-01 4.02927398681641e-01
512 6.48437500000000e-01 4.20471191406250e-01
513 6.81640625000000e-01 4.64633941650391e-01
514 6.67968750000000e-01 4.46182250976562e-01
515 6.74316406250000e-01 4.54702615737915e-01
516 6.89941406250000e-01 4.76019144058228e-01
517 7.26562500000000e-01 5.27893066406250e-01
518 7.15820312500000e-01 5.12398719787598e-01
519 7.46093750000000e-01 5.56655883789062e-01
520 7.45117187500000e-01 5.55199623107910e-01
521 7.51464843750000e-01 5.64699411392212e-01
522 7.44628906250000e-01 5.54472208023071e-01
523 7.07519531250000e-01 5.00583887100220e-01
524 7.20703125000000e-01 5.19412994384766e-01
525 7.74414062500000e-01 5.99717140197754e-01
526 7.77343750000000e-01 6.04263305664062e-01
527 7.49511718750000e-01 5.61767816543579e-01
528 7.31933593750000e-01 5.35726785659790e-01
529 7.42675781250000e-01 5.51567316055298e-01
530 7.81250000000000e-01 6.10351562500000e-01
531 7.52929687500000e-01 5.66903114318848e-01
532 7.62695312500000e-01 5.81704139709473e-01
533 7.52441406250000e-01 5.66168069839478e-01
534 7.15820312500000e-01 5.12398719787598e-01
535 6.79687500000000e-01 4.61975097656250e-01
536 6.39160156250000e-01 4.08525705337524e-01
537 6.03515625000000e-01 3.64231109619141e-01
538 6.43066406250000e-01 4.13534402847290e-01
539 6.08398437500000e-01 3.70148658752441e-01
540 6.74804687500000e-01 4.55361366271973e-01
541 6.91894531250000e-01 4.78718042373657e-01
542 6.58691406250000e-01 4.33874368667603e-01
543 6.74316406250000e-01 4.54702615737915e-01
544 6.41113281250000e-01 4.11026239395142e-01
545 5.94238281250000e-01 3.53119134902954e-01
546 6.23046875000000e-01 3.88187408447266e-01
547 6.19140625000000e-01 3.83335113525391e-01
548 5.98632812500000e-01 3.58361244201660e-01
549 5.06347656250000e-01 2.56387948989868e-01
550 5.79589843750000e-01 3.35924386978149e-01
551 6.48925781250000e-01 4.21104669570923e-01
552 6.84570312500000e-01 4.68636512756348e-01
553 6.30371093750000e-01 3.97367715835571e-01
554 5.68847656250000e-01 3.23587656021118e-01
555 5.95703125000000e-01 3.54862213134766e-01
556 5.80566406250000e-01 3.37057352066040e-01
557 6.12792968750000e-01 3.75515222549438e-01
558 6.22070312500000e-01 3.86971473693848e-01
559 6.65039062500000e-01 4.42276954650879e-01
560 6.48437500000000e-01 4.20471191406250e-01
561 6.74804687500000e-01 4.55361366271973e-01
562 7.19238281250000e-01 5.17303705215454e-01
563 6.55761718750000e-01 4.30023431777954e-01
564 6.43066406250000e-01 4.13534402847290e-01
565 6.31347656250000e-01 3.98599863052368e-01
566 6.31347656250000e-01 3.98599863052368e-01
567 6.00097656250000e-01 3.60117197036743e-01
568 6.21093750000000e-01 3.85757446289062e-01
569 6.27441406250000e-01 3.93682718276978e-01
570 5.86914062500000e-01 3.44468116760254e-01
571 5.73242187500000e-01 3.28606605529785e-01
572 5.97167968750000e-01 3.56609582901001e-01
573 6.05957031250000e-01 3.67183923721313e-01
574 6.04980468750000e-01 3.66001367568970e-01
575 6.68457031250000e-01 4.46834802627563e-01
576 5.92285156250000e-01 3.50801706314087e-01
577 6.05468750000000e-01 3.66592407226562e-01
578 6.00585937500000e-01 3.60703468322754e-01
579 5.85937500000000e-01 3.43322753906250e-01
580 5.98144531250000e-01 3.57776880264282e-01
581 5.73730468750000e-01 3.29166650772095e-01
582 5.59570312500000e-01 3.13118934631348e-01
583 5.07812500000000e-01 2.57873535156250e-01
584 4.69238281250000e-01 2.20184564590454e-01
585 5.57617187500000e-01 3.10936927795410e-01
586 5.57617187500000e-01 3.10936927795410e-01
587 5.03906250000000e-01 2.53921508789062e-01
588 5.49804687500000e-01 3.02285194396973e-01
589 5.59570312500000e-01 3.13118934631348e-01
590 5.87890625000000e-01 3.45615386962891e-01
591 4.79492187500000e-01 2.29912757873535e-01
592 4.84375000000000e-01 2.34619140625000e-01
593 4.61425781250000e-01 2.12913751602173e-01
594 3.70605468750000e-01 1.37348413467407e-01
595 4.58984375000000e-01 2.10666656494141e-01
596 4.54101562500000e-01 2.06208229064941e-01
597 4.03320312500000e-01 1.62667274475098e-01
598 4.37011718750000e-01 1.90979242324829e-01
599 4.19921875000000e-01 1.76334381103516e-01
600 4.48730468750000e-01 2.01359033584595e-01
601 3.86230468750000e-01 1.49173974990845e-01
602 3.68164062500000e-01 1.35544776916504e-01
603 3.56445312500000e-01 1.27053260803223e-01
604 3.67675781250000e-01 1.35185480117798e-01
605 3.96972656250000e-01 1.57587289810181e-01
606 4.45800781250000e-01 1.98738336563110e-01
607 3.77929687500000e-01 1.42830848693848e-01
608 4.11132812500000e-01 1.69030189514160e-01
609 4.22851562500000e-01 1.78803443908691e-01
610 3.91601562500000e-01 1.53351783752441e-01
611 3.05664062500000e-01 9.34305191040039e-02
612 3.65234375000000e-01 1.33396148681641e-01
613 3.23242187500000e-01 1.04485511779785e-01
614 3.63281250000000e-01 1.31973266601562e-01
615 4.04785156250000e-01 1.63851022720337e-01
616 3.99902343750000e-01 1.59921884536743e-01
617 3.67187500000000e-01 1.34826660156250e-01
618 3.72070312500000e-01 1.38436317443848e-01
619 3.65722656250000e-01 1.33753061294556e-01
620 3.07128906250000e-01 9.43281650543213e-02
621 3.32031250000000e-01 1.10244750976562e-01
622 4.06250000000000e-01 1.65039062500000e-01
623 3.27636718750000e-01 1.07345819473267e-01
624 2.73925781250000e-01 7.50353336334229e-02
625 2.16796875000000e-01 4.70008850097656e-02
626 2.91015625000000e-01 8.46900939941406e-02
627 2.86132812500000e-01 8.18719863891602e-02
628 2.88085937500000e-01 8.29935073852539e-02
629 2.61230468750000e-01 6.82413578033447e-02
630 2.30957031250000e-01 5.33411502838135e-02
631 1.70898437500000e-01 2.92062759399414e-02
632 1.88476562500000e-01 3.55234146118164e-02
633 2.08984375000000e-01 4.36744689941406e-02
634 2.36328125000000e-01 5.58509826660156e-02
635 1.63574218750000e-01 2.67565250396729e-02
636 1.98730468750000e-01 3.94937992095947e-02
637 1.71875000000000e-01 2.95410156250000e-02
638 1.00097656250000e-01 1.00195407867432e-02
639 2.09472656250000e-01 4.38787937164307e-02
640 2.22656250000000e-01 4.95758056640625e-02
641 1.80175781250000e-01 3.24633121490479e-02
642 1.75781250000000e-01 3.08990478515625e-02
643 1.87011718750000e-01 3.49733829498291e-02
644 1.38183593750000e-01 1.90947055816650e-02
645 1.32812500000000e-01 1.76391601562500e-02
646 1.25000000000000e-01 1.56250000000000e-02
647 1.66015625000000e-01 2.75611877441406e-02
648 1.84082031250000e-01 3.38861942291260e-02
649 2.11425781250000e-01 4.47008609771729e-02
650 2.69042968750000e-01 7.23841190338135e-02
651 2.01660156250000e-01 4.06668186187744e-02
652 2.16796875000000e-01 4.70008850097656e-02
653 1.79199218750000e-01 3.21123600006104e-02
654 1.08886718750000e-01 1.18563175201416e-02
655 1.25976562500000e-01 1.58700942993164e-02
656 1.31835937500000e-02 1.73807144165039e-04
657 1.23046875000000e-01 1.51405334472656e-02
658 1.26953125000000e-01 1.61170959472656e-02
659 1.34765625000000e-01 1.81617736816406e-02
660 1.68945312500000e-01 2.85425186157227e-02
661 1.13281250000000e-01 1.28326416015625e-02
662 1.64550781250000e-01 2.70769596099854e-02
663 2.08007812500000e-01 4.32672500610352e-02
664 1.94335937500000e-01 3.77664566040039e-02
665 2.45117187500000e-01 6.00824356079102e-02
666 2.39257812500000e-01 5.72443008422852e-02
667 2.81250000000000e-01 7.91015625000000e-02
668 3.18847656250000e-01 1.01663827896118e-01
669 3.33984375000000e-01 1.11545562744141e-01
670 3.24218750000000e-01 1.05117797851562e-01
671 2.77832031250000e-01 7.71906375885010e-02
672 2.83691406250000e-01 8.04808139801025e-02
673 2.41699218750000e-01 5.84185123443604e-02
674 2.21679687500000e-01 4.91418838500977e-02
675 2.33886718750000e-01 5.47029972076416e-02
676 1.92871093750000e-01 3.71992588043213e-02
677 1.29882812500000e-01 1.68695449829102e-02
678 7.61718750000000e-02 5.80215454101562e-03
679 1.20605468750000e-01 1.45456790924072e-02
680 2.35839843750000e-01 5.56204319000244e-02
681 2.66601562500000e-01 7.10763931274414e-02
682 2.63671875000000e-01 6.95228576660156e-02
683 2.73437500000000e-01 7.47680664062500e-02
684 3.30078125000000e-01 1.08951568603516e-01
685 3.52539062500000e-01 1.24283790588379e-01
686 3.37402343750000e-01 1.13840341567993e-01
687 4.04785156250000e-01 1.63851022720337e-01
688 4.62890625000000e-01 2.14267730712891e-01
689 4.96582031250000e-01 2.46593713760376e-01
690 5.02929687500000e-01 2.52938270568848e-01
691 5.10742187500000e-01 2.60857582092285e-01
692 5.53710937500000e-01 3.06595802307129e-01
693 5.44433593750000e-01 2.96407938003540e-01
694 5.03417968750000e-01 2.53429651260376e-01
695 4.89746093750000e-01 2.39851236343384e-01
696 5.36621093750000e-01 2.87962198257446e-01
697 5.28808593750000e-01 2.79638528823853e-01
698 4.58496093750000e-01 2.10218667984009e-01
699 4.43359375000000e-01 1.96567535400391e-01
700 4.65332031250000e-01 2.16533899307251e-01
701 5.05859375000000e-01 2.55893707275391e-01
702 4.87792968750000e-01 2.37941980361938e-01
703 4.14550781250000e-01 1.71852350234985e-01
704 3.99902343750000e-01 1.59921884536743e-01
705 4.53125000000000e-01 2.05322265625000e-01
706 4.42382812500000e-01 1.95702552795410e-01
707 4.84863281250000e-01 2.35092401504517e-01
708 5.02441406250000e-01 2.52447366714478e-01
709 4.89746093750000e-01 2.39851236343384e-01
710 4.75097656250000e-01 2.25717782974243e-01
711 5.15625000000000e-01 2.65869140625000e-01
712 4.85839843750000e-01 2.36040353775024e-01
713 4.83886718750000e-01 2.34146356582642e-01
714 4.35058593750000e-01 1.89275979995728e-01
715 4.63378906250000e-01 2.14720010757446e-01
716 4.31152343750000e-01 1.85892343521118e-01
717 3.98925781250000e-01 1.59141778945923e-01
718 3.58886718750000e-01 1.28799676895142e-01
719 4.26757812500000e-01 1.82122230529785e-01
720 4.41894531250000e-01 1.95270776748657e-01
721 4.23339843750000e-01 1.79216623306274e-01
722 4.35058593750000e-01 1.89275979995728e-01
723 3.72558593750000e-01 1.38799905776978e-01
724 3.40820312500000e-01 1.16158485412598e-01
725 2.97363281250000e-01 8.84249210357666e-02
726 2.74902343750000e-01 7.55712985992432e-02
727 2.98828125000000e-01 8.92982482910156e-02
728 3.30078125000000e-01 1.08951568603516e-01
729 3.32031250000000e-01 1.10244750976562e-01
730 3.02734375000000e-01 9.16481018066406e-02
731 2.43164062500000e-01 5.91287612915039e-02
732 2.61718750000000e-01 6.84967041015625e-02
733 2.65136718750000e-01 7.02974796295166e-02
734 3.29101562500000e-01 1.08307838439941e-01
735 3.03710937500000e-01 9.22403335571289e-02
736 3.05175781250000e-01 9.31322574615479e-02
737 2.84667968750000e-01 8.10358524322510e-02
738 3.45703125000000e-01 1.19510650634766e-01
739 3.02246093750000e-01 9.13527011871338e-02
740 2.91992187500000e-01 8.52594375610352e-02
741 2.07519531250000e-01 4.30643558502197e-02
742 1.99707031250000e-01 3.98828983306885e-02
743 2.39746093750000e-01 5.74781894683838e-02
744 2.67578125000000e-01 7.15980529785156e-02
745 2.11914062500000e-01 4.49075698852539e-02
746 2.31445312500000e-01 5.35669326782227e-02
747 2.08007812500000e-01 4.32672500610352e-02
748 2.31445312500000e-01 5.35669326782227e-02
749 2.15332031250000e-01 4.63678836822510e-02
750 2.24609375000000e-01 5.04493713378906e-02
751 1.94824218750000e-01 3.79564762115479e-02
752 1.85546875000000e-01 3.44276428222656e-02
753 1.77734375000000e-01 3.15895080566406e-02
754 1.51367187500000e-01 2.29120254516602e-02
755 5.27343750000000e-02 2.78091430664062e-03
756 1.29394531250000e-01 1.67429447174072e-02
757 1.45019531250000e-01 2.10306644439697e-02
758 1.02539062500000e-01 1.05142593383789e-02
759 9.61914062500000e-02 9.25278663635254e-03
760 3.56445312500000e-02 1.27053260803223e-03
761 4.15039062500000e-02 1.72257423400879e-03
762 9.27734375000000e-03 8.60691070556641e-05
763 5.85937500000000e-02 3.43322753906250e-03
764 9.32617187500000e-02 8.69774818420410e-03
765 3.27148437500000e-02 1.07026100158691e-03
766 6.49414062500000e-02 4.21738624572754e-03
767 2.58789062500000e-02 6.69717788696289e-04
768 3.51562500000000e-02 1.23596191406250e-03
769 3.02734375000000e-02 9.16481018066406e-04
770 5.22460937500000e-02 2.72965431213379e-03
771 2.34375000000000e-02 5.49316406250000e-04
772 7.32421875000000e-03 5.36441802978516e-05
773 1.95312500000000e-02 3.81469726562500e-04
774 8.69140625000000e-02 7.55405426025391e-03
775 1.35253906250000e-01 1.82936191558838e-02
776 1.05957031250000e-01 1.12268924713135e-02
777 5.02929687500000e-02 2.52938270568848e-03
778 3.36914062500000e-02 1.13511085510254e-03
779 2.05078125000000e-02 4.20570373535156e-04
780 6.29882812500000e-02 3.96752357482910e-03
781 8.44726562500000e-02 7.13562965393066e-03
782 7.08007812500000e-02 5.01275062561035e-03
783 1.02050781250000e-01 1.04143619537354e-02
784 8.39843750000000e-02 7.05337524414062e-03
785 1.18652343750000e-01 1.40783786773682e-02
786 1.03027343750000e-01 1.06146335601807e-02
787 8.44726562500000e-02 7.13562965393066e-03
788 1.16699218750000e-01 1.36187076568604e-02
789 1.00585937500000e-01 1.01175308227539e-02
790 1.12792968750000e-01 1.27222537994385e-02
791 7.27539062500000e-02 5.29313087463379e-03
792 3.80859375000000e-02 1.45053863525391e-03
793 4.49218750000000e-02 2.01797485351562e-03
794 7.42187500000000e-02 5.50842285156250e-03
795 4.10156250000000e-02 1.68228149414062e-03
796 4.10156250000000e-02 1.68228149414062e-03
797 1.26953125000000e-02 1.61170959472656e-04
798 4.15039062500000e-02 1.72257423400879e-03
799 4.83398437500000e-02 2.33674049377441e-03
800 4.68750000000000e-02 2.19726562500000e-03
801 1.27929687500000e-01 1.63660049438477e-02
802 1.45507812500000e-01 2.11725234985352e-02
803 1.44042968750000e-01 2.07483768463135e-02
804 1.45996093750000e-01 2.13148593902588e-02
805 2.24609375000000e-01 5.04493713378906e-02
806 1.81152343750000e-01 3.28161716461182e-02
807 2.26074218750000e-01 5.11095523834229e-02
808 1.99218750000000e-01 3.96881103515625e-02
809 1.90429687500000e-01 3.62634658813477e-02
810 1.17187500000000e-01 1.37329101562500e-02
811 1.58203125000000e-01 2.50282287597656e-02
812 1.59179687500000e-01 2.53381729125977e-02
813 1.93847656250000e-01 3.75769138336182e-02
814 1.63574218750000e-01 2.67565250396729e-02
815 1.78222656250000e-01 3.17633152008057e-02
816 1.80175781250000e-01 3.24633121490479e-02
817 1.13769531250000e-01 1.29435062408447e-02
818 1.88964843750000e-01 3.57077121734619e-02
819 2.52441406250000e-01 6.37266635894775e-02
820 1.81640625000000e-01 3.29933166503906e-02
821 1.62597656250000e-01 2.64379978179932e-02
822 1.28417968750000e-01 1.64911746978760e-02
823 1.41113281250000e-01 1.99129581451416e-02
824 1.72363281250000e-01 2.97091007232666e-02
825 1.38183593750000e-01 1.90947055816650e-02
826 1.30859375000000e-01 1.71241760253906e-02
827 1.26464843750000e-01 1.59933567047119e-02
828 1.15234375000000e-01 1.32789611816406e-02
829 6.59179687500000e-02 4.34517860412598e-03
830 1.48925781250000e-01 2.21788883209229e-02
831 1.07910156250000e-01 1.16446018218994e-02
832 1.06445312500000e-01 1.13306045532227e-02
833 1.22070312500000e-01 1.49011611938477e-02
834 2.15820312500000e-01 4.65784072875977e-02
835 1.23535156250000e-01 1.52609348297119e-02
836 1.63085937500000e-01 2.65970230102539e-02
837 1.53808593750000e-01 2.36570835113525e-02
838 1.42578125000000e-01 2.03285217285156e-02
839 1.93847656250000e-01 3.75769138336182e-02
840 1.77734375000000e-01 3.15895080566406e-02
841 1.66015625000000e-01 2.75611877441406e-02
842 1.99707031250000e-01 3.98828983306885e-02
843 2.43164062500000e-01 5.91287612915039e-02
844 2.36816406250000e-01 5.60820102691650e-02
845 3.71093750000000e-01 1.37710571289062e-01
846 3.18847656250000e-01 1.01663827896118e-01
847 3.51074218750000e-01 1.23253107070923e-01
848 3.25683593750000e-01 1.06069803237915e-01
849 3.09570312500000e-01 9.58337783813477e-02
850 2.79785156250000e-01 7.82797336578369e-02
851 2.70019531250000e-01 7.29105472564697e-02
852 2.54394531250000e-01 6.47165775299072e-02
853 1.37207031250000e-01 1.88257694244385e-02
854 1.25000000000000e-01 1.56250000000000e-02
855 2.37792968750000e-01 5.65454959869385e-02
856 1.75292968750000e-01 3.07276248931885e-02
857 1.15722656250000e-01 1.33917331695557e-02
858 2.08984375000000e-01 4.36744689941406e-02
859 2.39746093750000e-01 5.74781894683838e-02
860 2.28027343750000e-01 5.19964694976807e-02
861 2.15332031250000e-01 4.63678836822510e-02
862 1.42578125000000e-01 2.03285217285156e-02
863 1.13769531250000e-01 1.29435062408447e-02
864 1.48437500000000e-01 2.20336914062500e-02
865 7.51953125000000e-02 5.65433502197266e-03
866 1.41601562500000e-02 2.00510025024414e-04
867 1.31835937500000e-02 1.73807144165039e-04
868 2.09960937500000e-02 4.40835952758789e-04
869 2.63671875000000e-02 6.95228576660156e-04
870 5.32226562500000e-02 2.83265113830566e-03
871 8.74023437500000e-02 7.63916969299316e-03
872 8.54492187500000e-02 7.30156898498535e-03
873 8.30078125000000e-02 6.89029693603516e-03
874 1.32812500000000e-01 1.76391601562500e-02
875 1.28906250000000e-01 1.66168212890625e-02
876 1.81640625000000e-01 3.29933166503906e-02
877 1.21093750000000e-01 1.46636962890625e-02
878 1.93847656250000e-01 3.75769138336182e-02
879 2.08496093750000e-01 4.34706211090088e-02
880 2.63671875000000e-01 6.95228576660156e-02
881 2.49511718750000e-01 6.22560977935791e-02
882 2.51464843750000e-01 6.32345676422119e-02
883 2.62695312500000e-01 6.90088272094727e-02
884 2.74414062500000e-01 7.53030776977539e-02
885 3.16894531250000e-01 1.00422143936157e-01
886 2.76855468750000e-01 7.66489505767822e-02
887 2.28515625000000e-01 5.22193908691406e-02
888 2.14355468750000e-01 4.59482669830322e-02
889 1.78222656250000e-01 3.17633152008057e-02
890 2.62695312500000e-01 6.90088272094727e-02
891 2.65625000000000e-01 7.05566406250000e-02
892 1.89941406250000e-01 3.60777378082275e-02
893 1.89453125000000e-01 3.58924865722656e-02
894 1.82128906250000e-01 3.31709384918213e-02
895 2.29003906250000e-01 5.24427890777588e-02
896 2.85156250000000e-01 8.13140869140625e-02
897 3.08593750000000e-01 9.52301025390625e-02
898 3.41308593750000e-01 1.16491556167603e-01
899 4.37500000000000e-01 1.91406250000000e-01
900 4.26269531250000e-01 1.81705713272095e-01
901 4.55566406250000e-01 2.07540750503540e-01
902 4.53613281250000e-01 2.05765008926392e-01
903 3.86230468750000e-01 1.49173974990845e-01
904 3.43261718750000e-01 1.17828607559204e-01
905 3.57421875000000e-01 1.27750396728516e-01
906 4.51660156250000e-01 2.03996896743774e-01
907 4.55078125000000e-01 2.07096099853516e-01
908 4.57031250000000e-01 2.08877563476562e-01
909 4.27246093750000e-01 1.82539224624634e-01
910 4.02343750000000e-01 1.61880493164062e-01
911 4.97558593750000e-01 2.47564554214478e-01
912 5.01953125000000e-01 2.51956939697266e-01
913 4.31640625000000e-01 1.86313629150391e-01
914 3.83789062500000e-01 1.47294044494629e-01
915 3.53027343750000e-01 1.24628305435181e-01
916 3.48144531250000e-01 1.21204614639282e-01
917 3.14453125000000e-01 9.88807678222656e-02
918 3.88183593750000e-01 1.50686502456665e-01
919 3.75488281250000e-01 1.40991449356079e-01
920 3.50585937500000e-01 1.22910499572754e-01
921 3.32519531250000e-01 1.10569238662720e-01
922 3.31542968750000e-01 1.09920740127563e-01
923 3.53027343750000e-01 1.24628305435181e-01
924 2.91992187500000e-01 8.52594375610352e-02
925 3.44238281250000e-01 1.18499994277954e-01
926 3.64257812500000e-01 1.32683753967285e-01
927 3.32031250000000e-01 1.10244750976562e-01
928 3.19335937500000e-01 1.01975440979004e-01
929 2.66601562500000e-01 7.10763931274414e-02
930 2.17773437500000e-01 4.74252700805664e-02
931 2.11914062500000e-01 4.49075698852539e-02
932 2.45117187500000e-01 6.00824356079102e-02
933 2.16796875000000e-01 4.70008850097656e-02
934 2.91503906250000e-01 8.49745273590088e-02
935 2.77343750000000e-01 7.69195556640625e-02
936 2.62207031250000e-01 6.87525272369385e-02
937 2.59277343750000e-01 6.72247409820557e-02
938 2.75390625000000e-01 7.58399963378906e-02
939 3.04199218750000e-01 9.25371646881104e-02
940 3.46191406250000e-01 1.19848489761353e-01
941 3.30566406250000e-01 1.09274148941040e-01
942 4.06250000000000e-01 1.65039062500000e-01
943 3.53515625000000e-01 1.24973297119141e-01
944 4.54101562500000e-01 2.06208229064941e-01
945 4.10644531250000e-01 1.68628931045532e-01
946 4.10644531250000e-01 1.68628931045532e-01
947 3.47167968750000e-01 1.20525598526001e-01
948 3.56445312500000e-01 1.27053260803223e-01
949 4.10644531250000e-01 1.68628931045532e-01
950 4.59472656250000e-01 2.11115121841431e-01
951 4.06250000000000e-01 1.65039062500000e-01
952 4.19433593750000e-01 1.75924539566040e-01
953 4.40917968750000e-01 1.94408655166626e-01
954 3.99902343750000e-01 1.59921884536743e-01
955 4.46777343750000e-01 1.99609994888306e-01
956 4.25292968750000e-01 1.80874109268188e-01
957 3.80859375000000e-01 1.45053863525391e-01
958 4.16015625000000e-01 1.73069000244141e-01
959 4.47265625000000e-01 2.00046539306641e-01
960 4.57031250000000e-01 2.08877563476562e-01
961 4.60937500000000e-01 2.12463378906250e-01
962 5.05859375000000e-01 2.55893707275391e-01
963 4.77539062500000e-01 2.28043556213379e-01
964 5.46386718750000e-01 2.98538446426392e-01
965 5.04394531250000e-01 2.54413843154907e-01
966 4.98046875000000e-01 2.48050689697266e-01
967 5.12695312500000e-01 2.62856483459473e-01
968 4.68261718750000e-01 2.19269037246704e-01
969 4.96582031250000e-01 2.46593713760376e-01
970 4.40429687500000e-01 1.93978309631348e-01
971 4.62402343750000e-01 2.13815927505493e-01
972 4.08691406250000e-01 1.67028665542603e-01
973 3.97460937500000e-01 1.57975196838379e-01
974 4.09667968750000e-01 1.67827844619751e-01
975 4.31152343750000e-01 1.85892343521118e-01
976 4.35546875000000e-01 1.89701080322266e-01
977 3.84765625000000e-01 1.48044586181641e-01
978 3.91601562500000e-01 1.53351783752441e-01
979 4.01855468750000e-01 1.61487817764282e-01
980 3.80859375000000e-01 1.45053863525391e-01
981 4.43847656250000e-01 1.97000741958618e-01
982 4.84375000000000e-01 2.34619140625000e-01
983 5.20019531250000e-01 2.70420312881470e-01
984 5.22949218750000e-01 2.73475885391235e-01
985 4.95117187500000e-01 2.45141029357910e-01
986 4.94628906250000e-01 2.44657754898071e-01
987 4.76562500000000e-01 2.27111816406250e-01
988 5.35644531250000e-01 2.86915063858032e-01
989 5.63476562500000e-01 3.17505836486816e-01
990 5.35644531250000e-01 2.86915063858032e-01
991 4.92675781250000e-01 2.42729425430298e-01
992 5.37109375000000e-01 2.88486480712891e-01
993 4.40429687500000e-01 1.93978309631348e-01
994 4.24316406250000e-01 1.80044412612915e-01
995 4.49707031250000e-01 2.02236413955688e-01
996 4.62402343750000e-01 2.13815927505493e-01
997 4.08203125000000e-01 1.66629791259766e-01
998 4.53125000000000e-01 2.05322265625000e-01
999 4.52148437500000e-01 2.04438209533691e-01
