0 3.63769531250000e-01 1.32328271865845e-01
1 3.19335937500000e-01 1.01975440979004e-01
2 3.02734375000000e-01 9.16481018066406e-02
3 3.30566406250000e-01 1.09274148941040e-01
4 4.15527343750000e-01 1.72662973403931e-01
5 4.21386718750000e-01 1.77566766738892e-01
6 4.01367187500000e-01 1.61095619201660e-01
7 3.91601562500000e-01 1.53351783752441e-01
8 3.34960937500000e-01 1.12198829650879e-01
9 2.98339843750000e-01 8.90066623687744e-02
10 3.47656250000000e-01 1.20864868164062e-01
11 4.03320312500000e-01 1.62667274475098e-01
12 3.45214843750000e-01 1.19173288345337e-01
13 3.54492187500000e-01 1.25664710998535e-01
14 3.61816406250000e-01 1.30911111831665e-01
15 3.41308593750000e-01 1.16491556167603e-01
16 3.45703125000000e-01 1.19510650634766e-01
17 3.50097656250000e-01 1.22568368911743e-01
18 3.74511718750000e-01 1.40259027481079e-01
19 3.43261718750000e-01 1.17828607559204e-01
20 3.89648437500000e-01 1.51825904846191e-01
21 4.87792968750000e-01 2.37941980361938e-01
22 4.67773437500000e-01 2.18811988830566e-01
23 5.20996093750000e-01 2.71436929702759e-01
24 5.25390625000000e-01 2.76035308837891e-01
25 5.20019531250000e-01 2.70420312881470e-01
26 4.13085937500000e-01 1.70639991760254e-01
27 4.40429687500000e-01 1.93978309631348e-01
28 4.44335937500000e-01 1.97434425354004e-01
29 4.73144531250000e-01 2.23865747451782e-01
30 4.62890625000000e-01 2.14267730712891e-01
31 5.28320312500000e-01 2.79122352600098e-01
32 4.80468750000000e-01 2.30850219726562e-01
33 4.26269531250000e-01 1.81705713272095e-01
34 4.21386718750000e-01 1.77566766738892e-01
35 3.96972656250000e-01 1.57587289810181e-01
36 3.25195312500000e-01 1.05751991271973e-01
37 3.03222656250000e-01 9.19439792633057e-02
38 2.40234375000000e-01 5.77125549316406e-02
39 2.64648437500000e-01 7.00387954711914e-02
40 2.85156250000000e-01 8.13140869140625e-02
41 2.31445312500000e-01 5.35669326782227e-02
42 2.16796875000000e-01 4.70008850097656e-02
43 2.13378906250000e-01 4.55305576324463e-02
44 2.52441406250000e-01 6.37266635894775e-02
45 2.41210937500000e-01 5.81827163696289e-02
46 3.24218750000000e-01 1.05117797851562e-01
47 3.94531250000000e-01 1.55654907226562e-01
48 4.17968750000000e-01 1.74697875976562e-01
49 4.31640625000000e-01 1.86313629150391e-01
50 4.85839843750000e-01 2.36040353775024e-01
51 5.23925781250000e-01 2.74498224258423e-01
52 5.55175781250000e-01 3.08220148086548e-01
53 5.50292968750000e-01 3.02822351455688e-01
54 5.62500000000000e-01 3.16406250000000e-01
55 5.55175781250000e-01 3.08220148086548e-01
56 5.33203125000000e-01 2.84305572509766e-01
57 4.71191406250000e-01 2.22021341323853e-01
58 4.96582031250000e-01 2.46593713760376e-01
59 5.62500000000000e-01 3.16406250000000e-01
60 5.56640625000000e-01 3.09848785400391e-01
61 5.71289062500000e-01 3.26371192932129e-01
62 5.29785156250000e-01 2.80672311782837e-01
63 5.34667968750000e-01 2.85869836807251e-01
64 5.36621093750000e-01 2.87962198257446e-01
65 5.41503906250000e-01 2.93226480484009e-01
66 5.26855468750000e-01 2.77576684951782e-01
67 5.06835937500000e-01 2.56882667541504e-01
68 5.05371093750000e-01 2.55399942398071e-01
69 4.28222656250000e-01 1.83374643325806e-01
70 4.22363281250000e-01 1.78390741348267e-01
71 4.20898437500000e-01 1.77155494689941e-01
72 3.49121093750000e-01 1.21885538101196e-01
73 2.88085937500000e-01 8.29935073852539e-02
74 2.70507812500000e-01 7.31744766235352e-02
75 3.53515625000000e-01 1.24973297119141e-01
76 3.47656250000000e-01 1.20864868164062e-01
77 3.86230468750000e-01 1.49173974990845e-01
78 4.04296875000000e-01 1.63455963134766e-01
79 3.85253906250000e-01 1.48420572280884e-01
80 3.88183593750000e-01 1.50686502456665e-01
81 3.91601562500000e-01 1.53351783752441e-01
82 4.01367187500000e-01 1.61095619201660e-01
83 4.25292968750000e-01 1.80874109268188e-01
84 4.72656250000000e-01 2.23403930664062e-01
85 5.35156250000000e-01 2.86392211914062e-01
86 5.13183593750000e-01 2.63357400894165e-01
87 5.24902343750000e-01 2.75522470474243e-01
88 5.31738281250000e-01 2.82745599746704e-01
89 5.60058593750000e-01 3.13665628433228e-01
90 5.31738281250000e-01 2.82745599746704e-01
91 4.77539062500000e-01 2.28043556213379e-01
92 4.47265625000000e-01 2.00046539306641e-01
93 4.44335937500000e-01 1.97434425354004e-01
94 3.85253906250000e-01 1.48420572280884e-01
95 3.95507812500000e-01 1.56426429748535e-01
96 3.48144531250000e-01 1.21204614639282e-01
97 4.58496093750000e-01 2.10218667984009e-01
98 3.63769531250000e-01 1.32328271865845e-01
99 3.33496093750000e-01 1.11219644546509e-01
100 3.33007812500000e-01 1.10894203186035e-01
101 3.45703125000000e-01 1.19510650634766e-01
102 3.42773437500000e-01 1.17493629455566e-01
103 3.59863281250000e-01 1.29501581192017e-01
104 4.00878906250000e-01 1.60703897476196e-01
105 3.95507812500000e-01 1.56426429748535e-01
106 3.95996093750000e-01 1.56812906265259e-01
107 4.13574218750000e-01 1.71043634414673e-01
108 4.61914062500000e-01 2.13364601135254e-01
109 4.38476562500000e-01 1.92261695861816e-01
110 3.98437500000000e-01 1.58752441406250e-01
111 3.71093750000000e-01 1.37710571289062e-01
112 3.75488281250000e-01 1.40991449356079e-01
113 4.11132812500000e-01 1.69030189514160e-01
114 4.14550781250000e-01 1.71852350234985e-01
115 4.24804687500000e-01 1.80459022521973e-01
116 3.88183593750000e-01 1.50686502456665e-01
117 3.24218750000000e-01 1.05117797851562e-01
118 3.39843750000000e-01 1.15493774414062e-01
119 3.15917968750000e-01 9.98041629791260e-02
120 3.14941406250000e-01 9.91880893707275e-02
121 3.25195312500000e-01 1.05751991271973e-01
122 3.46191406250000e-01 1.19848489761353e-01
123 3.48632812500000e-01 1.21544837951660e-01
124 4.03808593750000e-01 1.63061380386353e-01
125 4.07226562500000e-01 1.65833473205566e-01
126 4.10156250000000e-01 1.68228149414062e-01
127 4.56542968750000e-01 2.08431482315063e-01
128 4.77050781250000e-01 2.27577447891235e-01
129 4.59472656250000e-01 2.11115121841431e-01
130 4.11132812500000e-01 1.69030189514160e-01
131 4.07226562500000e-01 1.65833473205566e-01
132 4.25781250000000e-01 1.81289672851562e-01
133 4.44824218750000e-01 1.97868585586548e-01
134 4.51171875000000e-01 2.03556060791016e-01
135 4.81445312500000e-01 2.31789588928223e-01
136 5.04882812500000e-01 2.54906654357910e-01
137 5.68847656250000e-01 3.23587656021118e-01
138 5.26367187500000e-01 2.77062416076660e-01
139 5.58105468750000e-01 3.11481714248657e-01
140 5.78613281250000e-01 3.34793329238892e-01
141 5.48828125000000e-01 3.01212310791016e-01
142 5.77636718750000e-01 3.33664178848267e-01
143 5.35644531250000e-01 2.86915063858032e-01
144 4.86816406250000e-01 2.36990213394165e-01
145 5.70800781250000e-01 3.25813531875610e-01
146 5.87890625000000e-01 3.45615386962891e-01
147 6.13769531250000e-01 3.76713037490845e-01
148 6.13769531250000e-01 3.76713037490845e-01
149 5.78613281250000e-01 3.34793329238892e-01
150 6.16699218750000e-01 3.80317926406860e-01
151 6.14746093750000e-01 3.77912759780884e-01
152 6.12304687500000e-01 3.74917030334473e-01
153 6.48437500000000e-01 4.20471191406250e-01
154 6.43554687500000e-01 4.14162635803223e-01
155 6.75781250000000e-01 4.56680297851562e-01
156 7.37304687500000e-01 5.43618202209473e-01
157 7.16796875000000e-01 5.13797760009766e-01
158 7.60253906250000e-01 5.77986001968384e-01
159 7.33886718750000e-01 5.38589715957642e-01
160 7.33886718750000e-01 5.38589715957642e-01
161 6.89453125000000e-01 4.75345611572266e-01
162 6.93359375000000e-01 4.80747222900391e-01
163 6.90429687500000e-01 4.76693153381348e-01
164 6.83593750000000e-01 4.67300415039062e-01
165 7.05078125000000e-01 4.97135162353516e-01
166 6.77246093750000e-01 4.58662271499634e-01
167 6.33300781250000e-01 4.01069879531860e-01
168 6.25488281250000e-01 3.91235589981079e-01
169 6.01562500000000e-01 3.61877441406250e-01
170 6.15722656250000e-01 3.79114389419556e-01
171 6.65527343750000e-01 4.42926645278931e-01
172 6.51855468750000e-01 4.24915552139282e-01
173 6.18164062500000e-01 3.82126808166504e-01
174 6.14257812500000e-01 3.77312660217285e-01
175 6.61621093750000e-01 4.37742471694946e-01
176 6.85058593750000e-01 4.69305276870728e-01
177 7.17773437500000e-01 5.15198707580566e-01
178 7.33398437500000e-01 5.37873268127441e-01
179 7.02636718750000e-01 4.93698358535767e-01
180 7.11425781250000e-01 5.06126642227173e-01
181 7.00683593750000e-01 4.90957498550415e-01
182 6.87011718750000e-01 4.71985101699829e-01
183 7.10449218750000e-01 5.04738092422485e-01
184 7.32421875000000e-01 5.36441802978516e-01
185 7.30468750000000e-01 5.33584594726562e-01
186 6.68945312500000e-01 4.47487831115723e-01
187 6.64062500000000e-01 4.40979003906250e-01
188 6.29394531250000e-01 3.96137475967407e-01
189 6.40625000000000e-01 4.10400390625000e-01
190 6.51855468750000e-01 4.24915552139282e-01
191 6.57714843750000e-01 4.32588815689087e-01
192 6.18652343750000e-01 3.82730722427368e-01
193 5.91308593750000e-01 3.49645853042603e-01
194 6.15234375000000e-01 3.78513336181641e-01
195 5.92285156250000e-01 3.50801706314087e-01
196 4.96093750000000e-01 2.46109008789062e-01
197 5.76171875000000e-01 3.31974029541016e-01
198 5.37109375000000e-01 2.88486480712891e-01
199 5.89355468750000e-01 3.47339868545532e-01
200 6.01562500000000e-01 3.61877441406250e-01
201 6.12792968750000e-01 3.75515222549438e-01
202 5.26855468750000e-01 2.77576684951782e-01
203 5.52246093750000e-01 3.04975748062134e-01
204 5.32714843750000e-01 2.83785104751587e-01
205 5.25878906250000e-01 2.76548624038696e-01
206 5.21484375000000e-01 2.71945953369141e-01
207 5.61035156250000e-01 3.14760446548462e-01
208 5.81542968750000e-01 3.38192224502563e-01
209 5.72265625000000e-01 3.27487945556641e-01
210 5.20996093750000e-01 2.71436929702759e-01
211 4.94140625000000e-01 2.44174957275391e-01
212 4.70703125000000e-01 2.21561431884766e-01
213 4.61425781250000e-01 2.12913751602173e-01
214 4.66308593750000e-01 2.17443704605103e-01
215 4.81445312500000e-01 2.31789588928223e-01
216 4.49707031250000e-01 2.02236413955688e-01
217 4.80957031250000e-01 2.31319665908813e-01
218 4.68261718750000e-01 2.19269037246704e-01
219 3.95507812500000e-01 1.56426429748535e-01
220 3.71582031250000e-01 1.38073205947876e-01
221 3.27636718750000e-01 1.07345819473267e-01
222 3.46679687500000e-01 1.20186805725098e-01
223 3.26660156250000e-01 1.06706857681274e-01
224 3.12500000000000e-01 9.76562500000000e-02
225 2.35839843750000e-01 5.56204319000244e-02
226 1.82128906250000e-01 3.31709384918213e-02
227 1.87500000000000e-01 3.51562500000000e-02
228 1.14746093750000e-01 1.31666660308838e-02
229 1.56738281250000e-01 2.45668888092041e-02
230 9.17968750000000e-02 8.42666625976562e-03
231 8.34960937500000e-02 6.97159767150879e-03
232 1.10351562500000e-01 1.21774673461914e-02
233 9.81445312500000e-02 9.63234901428223e-03
234 1.27441406250000e-01 1.62413120269775e-02
235 1.04003906250000e-01 1.08168125152588e-02
236 3.56445312500000e-02 1.27053260803223e-03
237 4.88281250000000e-04 2.38418579101562e-07
238 7.56835937500000e-02 5.72800636291504e-03
239 7.27539062500000e-02 5.29313087463379e-03
240 1.30859375000000e-01 1.71241760253906e-02
241 1.71875000000000e-01 2.95410156250000e-02
242 1.67480468750000e-01 2.80497074127197e-02
243 8.44726562500000e-02 7.13562965393066e-03
244 1.74804687500000e-01 3.05566787719727e-02
245 2.11914062500000e-01 4.49075698852539e-02
246 9.76562500000000e-02 9.53674316406250e-03
247 6.39648437500000e-02 4.09150123596191e-03
248 1.04980468750000e-01 1.10208988189697e-02
249 5.37109375000000e-03 2.88486480712891e-05
250 3.90625000000000e-03 1.52587890625000e-05
251 3.56445312500000e-02 1.27053260803223e-03
252 5.37109375000000e-02 2.88486480712891e-03
253 1.22070312500000e-01 1.49011611938477e-02
254 1.76269531250000e-01 3.10709476470947e-02
255 1.48437500000000e-01 2.20336914062500e-02
256 1.27441406250000e-01 1.62413120269775e-02
257 1.43066406250000e-01 2.04679965972900e-02
258 1.02539062500000e-01 1.05142593383789e-02
259 9.42382812500000e-02 8.88085365295410e-03
260 4.54101562500000e-02 2.06208229064941e-03
261 6.10351562500000e-02 3.72529029846191e-03
262 2.44140625000000e-03 5.96046447753906e-06
263 5.85937500000000e-03 3.43322753906250e-05
264 1.41601562500000e-02 2.00510025024414e-04
265 3.32031250000000e-02 1.10244750976562e-03
266 3.51562500000000e-02 1.23596191406250e-03
267 6.49414062500000e-02 4.21738624572754e-03
268 2.39257812500000e-02 5.72443008422852e-04
269 6.44531250000000e-02 4.15420532226562e-03
270 3.22265625000000e-02 1.03855133056641e-03
271 1.36230468750000e-01 1.85587406158447e-02
272 1.19628906250000e-01 1.43110752105713e-02
273 1.42578125000000e-01 2.03285217285156e-02
274 7.71484375000000e-02 5.95188140869141e-03
275 5.76171875000000e-02 3.31974029541016e-03
276 9.66796875000000e-02 9.34696197509766e-03
277 7.95898437500000e-02 6.33454322814941e-03
278 6.64062500000000e-02 4.40979003906250e-03
279 1.66015625000000e-01 2.75611877441406e-02
280 1.50390625000000e-01 2.26173400878906e-02
281 1.74804687500000e-01 3.05566787719727e-02
282 1.37695312500000e-01 1.89599990844727e-02
283 1.08398437500000e-01 1.17502212524414e-02
284 1.38671875000000e-01 1.92298889160156e-02
285 1.07910156250000e-01 1.16446018218994e-02
286 1.74804687500000e-01 3.05566787719727e-02
287 1.79687500000000e-01 3.22875976562500e-02
288 2.68066406250000e-01 7.18595981597900e-02
289 2.93457031250000e-01 8.61170291900635e-02
290 2.72460937500000e-01 7.42349624633789e-02
291 2.24121093750000e-01 5.02302646636963e-02
292 1.88964843750000e-01 3.57077121734619e-02
293 1.83593750000000e-01 3.37066650390625e-02
294 9.27734375000000e-02 8.60691070556641e-03
295 4.88281250000000e-02 2.38418579101562e-03
296 1.18652343750000e-01 1.40783786773682e-02
297 1.16210937500000e-01 1.35049819946289e-02
298 1.59179687500000e-01 2.53381729125977e-02
299 1.81152343750000e-01 3.28161716461182e-02
300 9.22851562500000e-02 8.51655006408691e-03
301 2.73437500000000e-02 7.47680664062500e-04
302 2.34375000000000e-02 5.49316406250000e-04
303 1.75781250000000e-02 3.08990478515625e-04
304 1.95312500000000e-03 3.81469726562500e-06
305 6.15234375000000e-02 3.78513336181641e-03
306 6.39648437500000e-02 4.09150123596191e-03
307 3.32031250000000e-02 1.10244750976562e-03
308 2.68554687500000e-02 7.21216201782227e-04
309 6.39648437500000e-02 4.09150123596191e-03
310 6.00585937500000e-02 3.60703468322754e-03
311 7.08007812500000e-02 5.01275062561035e-03
312 9.32617187500000e-02 8.69774818420410e-03
313 5.56640625000000e-02 3.09848785400391e-03
314 1.82128906250000e-01 3.31709384918213e-02
315 2.20214843750000e-01 4.84945774078369e-02
316 2.02636718750000e-01 4.10616397857666e-02
317 2.33398437500000e-01 5.44748306274414e-02
318 2.35839843750000e-01 5.56204319000244e-02
319 2.32421875000000e-01 5.40199279785156e-02
320 2.39746093750000e-01 5.74781894683838e-02
321 2.67578125000000e-01 7.15980529785156e-02
322 1.92871093750000e-01 3.71992588043213e-02
323 2.17285156250000e-01 4.72128391265869e-02
324 2.88085937500000e-01 8.29935073852539e-02
325 2.73925781250000e-01 7.50353336334229e-02
326 2.41210937500000e-01 5.81827163696289e-02
327 2.35351562500000e-01 5.53903579711914e-02
328 2.50000000000000e-01 6.25000000000000e-02
329 2.96386718750000e-01 8.78450870513916e-02
330 3.39843750000000e-01 1.15493774414062e-01
331 3.08593750000000e-01 9.52301025390625e-02
332 2.57324218750000e-01 6.62157535552979e-02
333 2.25585937500000e-01 5.08890151977539e-02
334 1.95312500000000e-01 3.81469726562500e-02
335 1.74316406250000e-01 3.03862094879150e-02
336 1.27441406250000e-01 1.62413120269775e-02
337 2.46093750000000e-01 6.05621337890625e-02
338 2.48535156250000e-01 6.17697238922119e-02
339 3.08593750000000e-01 9.52301025390625e-02
340 2.63183593750000e-01 6.92656040191650e-02
341 2.76367187500000e-01 7.63788223266602e-02
342 2.16308593750000e-01 4.67894077301025e-02
343 2.84179687500000e-01 8.07580947875977e-02
344 2.69042968750000e-01 7.23841190338135e-02
345 2.00683593750000e-01 4.02739048004150e-02
346 1.88476562500000e-01 3.55234146118164e-02
347 2.37792968750000e-01 5.65454959869385e-02
348 2.43164062500000e-01 5.91287612915039e-02
349 1.90429687500000e-01 3.62634658813477e-02
350 2.56835937500000e-01 6.59646987915039e-02
351 2.37304687500000e-01 5.63135147094727e-02
352 2.24121093750000e-01 5.02302646636963e-02
353 2.06054687500000e-01 4.24585342407227e-02
354 2.51953125000000e-01 6.34803771972656e-02
355 2.52929687500000e-01 6.39734268188477e-02
356 3.42773437500000e-01 1.17493629455566e-01
357 2.71972656250000e-01 7.39691257476807e-02
358 1.98242187500000e-01 3.92999649047852e-02
359 1.87988281250000e-01 3.53395938873291e-02
360 1.53320312500000e-01 2.35071182250977e-02
361 1.67968750000000e-01 2.82135009765625e-02
362 1.53320312500000e-01 2.35071182250977e-02
363 1.97265625000000e-01 3.89137268066406e-02
364 1.25976562500000e-01 1.58700942993164e-02
365 1.16210937500000e-01 1.35049819946289e-02
366 1.56738281250000e-01 2.45668888092041e-02
367 2.17285156250000e-01 4.72128391265869e-02
368 2.10937500000000e-01 4.44946289062500e-02
369 1.83105468750000e-01 3.35276126861572e-02
370 2.15820312500000e-01 4.65784072875977e-02
371 2.91503906250000e-01 8.49745273590088e-02
372 3.41796875000000e-01 1.16825103759766e-01
373 3.30566406250000e-01 1.09274148941040e-01
374 3.35937500000000e-01 1.12854003906250e-01
375 3.58886718750000e-01 1.28799676895142e-01
376 3.69140625000000e-01 1.36264801025391e-01
377 3.16406250000000e-01 1.00112915039062e-01
378 2.92968750000000e-01 8.58306884765625e-02
379 2.80273437500000e-01 7.85531997680664e-02
380 2.97363281250000e-01 8.84249210357666e-02
381 2.12402343750000e-01 4.51147556304932e-02
382 1.90429687500000e-01 3.62634658813477e-02
383 2.04589843750000e-01 4.18570041656494e-02
384 1.98730468750000e-01 3.94937992095947e-02
385 2.18261718750000e-01 4.76381778717041e-02
386 2.42675781250000e-01 5.88915348052979e-02
387 2.44628906250000e-01 5.98433017730713e-02
388 1.78222656250000e-01 3.17633152008057e-02
389 1.11328125000000e-01 1.23939514160156e-02
390 1.05468750000000e-01 1.11236572265625e-02
391 6.54296875000000e-02 4.28104400634766e-03
392 6.93359375000000e-02 4.80747222900391e-03
393 1.54785156250000e-01 2.39584445953369e-02
394 1.45019531250000e-01 2.10306644439697e-02
395 1.35742187500000e-01 1.84259414672852e-02
396 1.66015625000000e-01 2.75611877441406e-02
397 1.58203125000000e-01 2.50282287597656e-02
398 1.07421875000000e-01 1.15394592285156e-02
399 1.58203125000000e-01 2.50282287597656e-02
400 1.74316406250000e-01 3.03862094879150e-02
401 1.48437500000000e-01 2.20336914062500e-02
402 1.89941406250000e-01 3.60777378082275e-02
403 7.66601562500000e-02 5.87677955627441e-03
404 1.11328125000000e-01 1.23939514160156e-02
405 1.66992187500000e-01 2.78863906860352e-02
406 1.67480468750000e-01 2.80497074127197e-02
407 2.09472656250000e-01 4.38787937164307e-02
408 2.10937500000000e-01 4.44946289062500e-02
409 1.65527343750000e-01 2.73993015289307e-02
410 1.66992187500000e-01 2.78863906860352e-02
411 1.51855468750000e-01 2.30600833892822e-02
412 1.30859375000000e-01 1.71241760253906e-02
413 1.72363281250000e-01 2.97091007232666e-02
414 9.91210937500000e-02 9.82499122619629e-03
415 1.20605468750000e-01 1.45456790924072e-02
416 1.34765625000000e-01 1.81617736816406e-02
417 1.63574218750000e-01 2.67565250396729e-02
418 1.96289062500000e-01 3.85293960571289e-02
419 1.62109375000000e-01 2.62794494628906e-02
420 1.57714843750000e-01 2.48739719390869e-02
421 1.03515625000000e-01 1.07154846191406e-02
422 3.12500000000000e-02 9.76562500000000e-04
423 2.49023437500000e-02 6.20126724243164e-04
424 7.42187500000000e-02 5.50842285156250e-03
425 6.83593750000000e-02 4.67300415039062e-03
426 4.58984375000000e-02 2.10666656494141e-03
427 4.93164062500000e-02 2.43210792541504e-03
428 4.49218750000000e-02 2.01797485351562e-03
429 5.90820312500000e-02 3.49068641662598e-03
430 1.11328125000000e-01 1.23939514160156e-02
431 2.08984375000000e-01 4.36744689941406e-02
432 2.05566406250000e-01 4.22575473785400e-02
433 1.73339843750000e-01 3.00467014312744e-02
434 2.32421875000000e-01 5.40199279785156e-02
435 1.43066406250000e-01 2.04679965972900e-02
436 1.63085937500000e-01 2.65970230102539e-02
437 2.06542968750000e-01 4.26599979400635e-02
438 2.71972656250000e-01 7.39691257476807e-02
439 2.69042968750000e-01 7.23841190338135e-02
440 3.42773437500000e-01 1.17493629455566e-01
441 3.42773437500000e-01 1.17493629455566e-01
442 3.27148437500000e-01 1.07026100158691e-01
443 3.31054687500000e-01 1.09597206115723e-01
444 3.56933593750000e-01 1.27401590347290e-01
445 4.28222656250000e-01 1.83374643325806e-01
446 4.58984375000000e-01 2.10666656494141e-01
447 5.16113281250000e-01 2.66372919082642e-01
448 5.49804687500000e-01 3.02285194396973e-01
449 4.70214843750000e-01 2.21101999282837e-01
450 4.60937500000000e-01 2.12463378906250e-01
451 4.52636718750000e-01 2.04879999160767e-01
452 4.80468750000000e-01 2.30850219726562e-01
453 5.01953125000000e-01 2.51956939697266e-01
454 4.84863281250000e-01 2.35092401504517e-01
455 4.91210937500000e-01 2.41288185119629e-01
456 5.44433593750000e-01 2.96407938003540e-01
457 5.65429687500000e-01 3.19710731506348e-01
458 5.70312500000000e-01 3.25256347656250e-01
459 6.02539062500000e-01 3.63053321838379e-01
460 5.60546875000000e-01 3.14212799072266e-01
461 5.83984375000000e-01 3.41037750244141e-01
462 6.19628906250000e-01 3.83939981460571e-01
463 6.27929687500000e-01 3.94295692443848e-01
464 6.21582031250000e-01 3.86364221572876e-01
465 6.36230468750000e-01 4.04789209365845e-01
466 6.55273437500000e-01 4.29383277893066e-01
467 5.99609375000000e-01 3.59531402587891e-01
468 6.20605468750000e-01 3.85151147842407e-01
469 6.33789062500000e-01 4.01688575744629e-01
470 6.41601562500000e-01 4.11652565002441e-01
471 6.28906250000000e-01 3.95523071289062e-01
472 5.95703125000000e-01 3.54862213134766e-01
473 6.10839843750000e-01 3.73125314712524e-01
474 6.73828125000000e-01 4.54044342041016e-01
475 6.23046875000000e-01 3.88187408447266e-01
476 5.86914062500000e-01 3.44468116760254e-01
477 5.49804687500000e-01 3.02285194396973e-01
478 5.35644531250000e-01 2.86915063858032e-01
479 5.21484375000000e-01 2.71945953369141e-01
480 5.26855468750000e-01 2.77576684951782e-01
481 5.10742187500000e-01 2.60857582092285e-01
482 5.39550781250000e-01 2.91115045547485e-01
483 5.11230468750000e-01 2.61356592178345e-01
484 4.96582031250000e-01 2.46593713760376e-01
485 5.00976562500000e-01 2.50977516174316e-01
486 4.82421875000000e-01 2.32730865478516e-01
487 4.48730468750000e-01 2.01359033584595e-01
488 4.38964843750000e-01 1.92690134048462e-01
489 4.86816406250000e-01 2.36990213394165e-01
490 4.80468750000000e-01 2.30850219726562e-01
491 4.76074218750000e-01 2.26646661758423e-01
492 4.79003906250000e-01 2.29444742202759e-01
493 4.76074218750000e-01 2.26646661758423e-01
494 4.90234375000000e-01 2.40329742431641e-01
495 5.09765625000000e-01 2.59860992431641e-01
496 5.45898437500000e-01 2.98005104064941e-01
497 5.80566406250000e-01 3.37057352066040e-01
498 5.55664062500000e-01 3.08762550354004e-01
499 5.86914062500000e-01 3.44468116760254e-01
500 5.75195312500000e-01 3.30849647521973e-01
501 5.81542968750000e-01 3.38192224502563e-01
502 5.53222656250000e-01 3.06055307388306e-01
503 5.49316406250000e-01 3.01748514175415e-01
504 5.77636718750000e-01 3.33664178848267e-01
505 5.33203125000000e-01 2.84305572509766e-01
506 5.02441406250000e-01 2.52447366714478e-01
507 5.33203125000000e-01 2.84305572509766e-01
508 5.38574218750000e-01 2.90062189102173e-01
509 5.06835937500000e-01 2.56882667541504e-01
510 5.36621093750000e-01 2.87962198257446e-01
511 5.75195312500000e-01 3.30849647521973e-01
512 5.69335937500000e-01 3.24143409729004e-01
513 5.84472656250000e-01 3.41608285903931e-01
514 5.11718750000000e-01 2.61856079101562e-01
515 5.15136718750000e-01 2.65365839004517e-01
516 6.00097656250000e-01 3.60117197036743e-01
517 6.46484375000000e-01 4.17942047119141e-01
518 6.04980468750000e-01 3.66001367568970e-01
519 6.12304687500000e-01 3.74917030334473e-01
520 6.58691406250000e-01 4.33874368667603e-01
521 6.63085937500000e-01 4.39682960510254e-01
522 6.81640625000000e-01 4.64633941650391e-01
523 7.07031250000000e-01 4.99893188476562e-01
524 7.13867187500000e-01 5.09606361389160e-01
525 6.81152343750000e-01 4.63968515396118e-01
526 6.73339843750000e-01 4.53386545181274e-01
527 6.45996093750000e-01 4.17310953140259e-01
528 6.85546875000000e-01 4.69974517822266e-01
529 7.22167968750000e-01 5.21526575088501e-01
530 7.64648437500000e-01 5.84687232971191e-01
531 7.35839843750000e-01 5.41460275650024e-01
532 7.76367187500000e-01 6.02746009826660e-01
533 7.54882812500000e-01 5.69848060607910e-01
534 7.63671875000000e-01 5.83194732666016e-01
535 7.59765625000000e-01 5.77243804931641e-01
536 7.59765625000000e-01 5.77243804931641e-01
537 7.46093750000000e-01 5.56655883789062e-01
538 7.17773437500000e-01 5.15198707580566e-01
539 6.88476562500000e-01 4.73999977111816e-01
540 7.11914062500000e-01 5.06821632385254e-01
541 7.00195312500000e-01 4.90273475646973e-01
542 6.95800781250000e-01 4.84138727188110e-01
543 6.09863281250000e-01 3.71933221817017e-01
544 5.45898437500000e-01 2.98005104064941e-01
545 6.24023437500000e-01 3.89405250549316e-01
546 5.98632812500000e-01 3.58361244201660e-01
547 5.78125000000000e-01 3.34228515625000e-01
548 6.42578125000000e-01 4.12906646728516e-01
549 6.38671875000000e-01 4.07901763916016e-01
550 7.12890625000000e-01 5.08213043212891e-01
551 6.60156250000000e-01 4.35806274414062e-01
552 6.30859375000000e-01 3.97983551025391e-01
553 6.45507812500000e-01 4.16680335998535e-01
554 6.33300781250000e-01 4.01069879531860e-01
555 6.58691406250000e-01 4.33874368667603e-01
556 5.90820312500000e-01 3.49068641662598e-01
557 5.71289062500000e-01 3.26371192932129e-01
558 6.19628906250000e-01 3.83939981460571e-01
559 5.75195312500000e-01 3.30849647521973e-01
560 6.11328125000000e-01 3.73722076416016e-01
561 6.93359375000000e-01 4.80747222900391e-01
562 7.50488281250000e-01 5.63232660293579e-01
563 7.64648437500000e-01 5.84687232971191e-01
564 6.87988281250000e-01 4.73327875137329e-01
565 6.29394531250000e-01 3.96137475967407e-01
566 6.39648437500000e-01 4.09150123596191e-01
567 5.59570312500000e-01 3.13118934631348e-01
568 5.92773437500000e-01 3.51380348205566e-01
569 5.33691406250000e-01 2.84826517105103e-01
570 5.42480468750000e-01 2.94285058975220e-01
571 5.96679687500000e-01 3.56026649475098e-01
572 6.35253906250000e-01 4.03547525405884e-01
573 6.76757812500000e-01 4.58001136779785e-01
574 6.24023437500000e-01 3.89405250549316e-01
575 5.90332031250000e-01 3.48491907119751e-01
576 5.63964843750000e-01 3.18056344985962e-01
577 6.00097656250000e-01 3.60117197036743e-01
578 5.90332031250000e-01 3.48491907119751e-01
579 5.93261718750000e-01 3.51959466934204e-01
580 6.29882812500000e-01 3.96752357482910e-01
581 6.41601562500000e-01 4.11652565002441e-01
582 6.87500000000000e-01 4.72656250000000e-01
583 6.22558593750000e-01 3.87579202651978e-01
584 6.96289062500000e-01 4.84818458557129e-01
585 6.55273437500000e-01 4.29383277893066e-01
586 6.33789062500000e-01 4.01688575744629e-01
587 6.27441406250000e-01 3.93682718276978e-01
588 6.73828125000000e-01 4.54044342041016e-01
589 6.45996093750000e-01 4.17310953140259e-01
590 6.73339843750000e-01 4.53386545181274e-01
591 6.22558593750000e-01 3.87579202651978e-01
592 6.08398437500000e-01 3.70148658752441e-01
593 6.24023437500000e-01 3.89405250549316e-01
594 6.02050781250000e-01 3.62465143203735e-01
595 5.92285156250000e-01 3.50801706314087e-01
596 6.99707031250000e-01 4.89589929580688e-01
597 6.93359375000000e-01 4.80747222900391e-01
598 7.40722656250000e-01 5.48670053482056e-01
599 7.17285156250000e-01 5.14497995376587e-01
600 7.08007812500000e-01 5.01275062561035e-01
601 6.69433593750000e-01 4.48141336441040e-01
602 6.59667968750000e-01 4.35161828994751e-01
603 5.92285156250000e-01 3.50801706314087e-01
604 6.55761718750000e-01 4.30023431777954e-01
605 6.52343750000000e-01 4.25552368164062e-01
606 6.60156250000000e-01 4.35806274414062e-01
607 5.76660156250000e-01 3.32536935806274e-01
608 5.54199218750000e-01 3.07136774063110e-01
609 5.71777343750000e-01 3.26929330825806e-01
610 6.40136718750000e-01 4.09775018692017e-01
611 6.90429687500000e-01 4.76693153381348e-01
612 6.53808593750000e-01 4.27465677261353e-01
613 6.72363281250000e-01 4.52072381973267e-01
614 6.59179687500000e-01 4.34517860412598e-01
615 6.80175781250000e-01 4.62639093399048e-01
616 6.47949218750000e-01 4.19838190078735e-01
617 7.16796875000000e-01 5.13797760009766e-01
618 7.51464843750000e-01 5.64699411392212e-01
619 7.31933593750000e-01 5.35726785659790e-01
620 6.55761718750000e-01 4.30023431777954e-01
621 6.26953125000000e-01 3.93070220947266e-01
622 6.58203125000000e-01 4.33231353759766e-01
623 6.53320312500000e-01 4.26827430725098e-01
624 6.19628906250000e-01 3.83939981460571e-01
625 6.15234375000000e-01 3.78513336181641e-01
626 6.15234375000000e-01 3.78513336181641e-01
627 6.17675781250000e-01 3.81523370742798e-01
628 6.73828125000000e-01 4.54044342041016e-01
629 6.46484375000000e-01 4.17942047119141e-01
630 6.45507812500000e-01 4.16680335998535e-01
631 7.11914062500000e-01 5.06821632385254e-01
632 6.57714843750000e-01 4.32588815689087e-01
633 6.17675781250000e-01 3.81523370742798e-01
634 6.47949218750000e-01 4.19838190078735e-01
635 6.97265625000000e-01 4.86179351806641e-01
636 6.45507812500000e-01 4.16680335998535e-01
637 5.75683593750000e-01 3.31411600112915e-01
638 5.62988281250000e-01 3.16955804824829e-01
639 5.79101562500000e-01 3.35358619689941e-01
640 5.13671875000000e-01 2.63858795166016e-01
641 5.79589843750000e-01 3.35924386978149e-01
642 6.67968750000000e-01 4.46182250976562e-01
643 6.32324218750000e-01 3.99833917617798e-01
644 5.26855468750000e-01 2.77576684951782e-01
645 5.33203125000000e-01 2.84305572509766e-01
646 4.97070312500000e-01 2.47078895568848e-01
647 4.06250000000000e-01 1.65039062500000e-01
648 3.84765625000000e-01 1.48044586181641e-01
649 4.10156250000000e-01 1.68228149414062e-01
650 4.20410156250000e-01 1.76744699478149e-01
651 3.46191406250000e-01 1.19848489761353e-01
652 3.24707031250000e-01 1.05434656143188e-01
653 3.42773437500000e-01 1.17493629455566e-01
654 4.11132812500000e-01 1.69030189514160e-01
655 4.62402343750000e-01 2.13815927505493e-01
656 4.85839843750000e-01 2.36040353775024e-01
657 5.70312500000000e-01 3.25256347656250e-01
658 5.36621093750000e-01 2.87962198257446e-01
659 5.81054687500000e-01 3.37624549865723e-01
660 5.89355468750000e-01 3.47339868545532e-01
661 5.90332031250000e-01 3.48491907119751e-01
662 6.09863281250000e-01 3.71933221817017e-01
663 6.39648437500000e-01 4.09150123596191e-01
664 6.71875000000000e-01 4.51416015625000e-01
665 6.21093750000000e-01 3.85757446289062e-01
666 6.25976562500000e-01 3.91846656799316e-01
667 5.48828125000000e-01 3.01212310791016e-01
668 5.02441406250000e-01 2.52447366714478e-01
669 5.29785156250000e-01 2.80672311782837e-01
670 4.31640625000000e-01 1.86313629150391e-01
671 4.11132812500000e-01 1.69030189514160e-01
672 3.95996093750000e-01 1.56812906265259e-01
673 4.55566406250000e-01 2.07540750503540e-01
674 4.70214843750000e-01 2.21101999282837e-01
675 4.84375000000000e-01 2.34619140625000e-01
676 4.37011718750000e-01 1.90979242324829e-01
677 4.56054687500000e-01 2.07985877990723e-01
678 4.54101562500000e-01 2.06208229064941e-01
679 3.33984375000000e-01 1.11545562744141e-01
680 2.81738281250000e-01 7.93764591217041e-02
681 3.30078125000000e-01 1.08951568603516e-01
682 3.97949218750000e-01 1.58363580703735e-01
683 3.61328125000000e-01 1.30558013916016e-01
684 3.56933593750000e-01 1.27401590347290e-01
685 3.70605468750000e-01 1.37348413467407e-01
686 3.59375000000000e-01 1.29150390625000e-01
687 3.66699218750000e-01 1.34468317031860e-01
688 4.24316406250000e-01 1.80044412612915e-01
689 4.36523437500000e-01 1.90552711486816e-01
690 4.88769531250000e-01 2.38895654678345e-01
691 4.97070312500000e-01 2.47078895568848e-01
692 4.77539062500000e-01 2.28043556213379e-01
693 4.63378906250000e-01 2.14720010757446e-01
694 4.92675781250000e-01 2.42729425430298e-01
695 5.36621093750000e-01 2.87962198257446e-01
696 5.34179687500000e-01 2.85347938537598e-01
697 4.27246093750000e-01 1.82539224624634e-01
698 3.89648437500000e-01 1.51825904846191e-01
699 4.37988281250000e-01 1.91833734512329e-01
700 4.79980468750000e-01 2.30381250381470e-01
701 4.68750000000000e-01 2.19726562500000e-01
702 5.20507812500000e-01 2.70928382873535e-01
703 5.35156250000000e-01 2.86392211914062e-01
704 5.54199218750000e-01 3.07136774063110e-01
705 4.95605468750000e-01 2.45624780654907e-01
706 4.38476562500000e-01 1.92261695861816e-01
707 4.06738281250000e-01 1.65436029434204e-01
708 3.46191406250000e-01 1.19848489761353e-01
709 3.00292968750000e-01 9.01758670806885e-02
710 3.52539062500000e-01 1.24283790588379e-01
711 3.24707031250000e-01 1.05434656143188e-01
712 2.98339843750000e-01 8.90066623687744e-02
713 3.16406250000000e-01 1.00112915039062e-01
714 3.07128906250000e-01 9.43281650543213e-02
715 3.03222656250000e-01 9.19439792633057e-02
716 2.90527343750000e-01 8.44061374664307e-02
717 2.66601562500000e-01 7.10763931274414e-02
718 2.51953125000000e-01 6.34803771972656e-02
719 2.75878906250000e-01 7.61091709136963e-02
720 3.32031250000000e-01 1.10244750976562e-01
721 3.26171875000000e-01 1.06388092041016e-01
722 2.98828125000000e-01 8.92982482910156e-02
723 2.97363281250000e-01 8.84249210357666e-02
724 3.34472656250000e-01 1.11871957778931e-01
725 3.55468750000000e-01 1.26358032226562e-01
726 3.26171875000000e-01 1.06388092041016e-01
727 3.15429687500000e-01 9.94958877563477e-02
728 3.68164062500000e-01 1.35544776916504e-01
729 3.05664062500000e-01 9.34305191040039e-02
730 3.45214843750000e-01 1.19173288345337e-01
731 3.33984375000000e-01 1.11545562744141e-01
732 2.82714843750000e-01 7.99276828765869e-02
733 2.79296875000000e-01 7.80067443847656e-02
734 3.14453125000000e-01 9.88807678222656e-02
735 3.53515625000000e-01 1.24973297119141e-01
736 4.37500000000000e-01 1.91406250000000e-01
737 4.92675781250000e-01 2.42729425430298e-01
738 4.10644531250000e-01 1.68628931045532e-01
739 3.19335937500000e-01 1.01975440979004e-01
740 3.69140625000000e-01 1.36264801025391e-01
741 3.77441406250000e-01 1.42462015151978e-01
742 4.23339843750000e-01 1.79216623306274e-01
743 4.18457031250000e-01 1.75106287002563e-01
744 4.55566406250000e-01 2.07540750503540e-01
745 4.52636718750000e-01 2.04879999160767e-01
746 3.49121093750000e-01 1.21885538101196e-01
747 3.27148437500000e-01 1.07026100158691e-01
748 3.39843750000000e-01 1.15493774414062e-01
749 3.75000000000000e-01 1.40625000000000e-01
750 3.38867187500000e-01 1.14830970764160e-01
751 2.93945312500000e-01 8.64038467407227e-02
752 2.81738281250000e-01 7.93764591217041e-02
753 3.01757812500000e-01 9.10577774047852e-02
754 3.01269531250000e-01 9.07633304595947e-02
755 2.77343750000000e-01 7.69195556640625e-02
756 2.63183593750000e-01 6.92656040191650e-02
757 2.41699218750000e-01 5.84185123443604e-02
758 2.07519531250000e-01 4.30643558502197e-02
759 1.81640625000000e-01 3.29933166503906e-02
760 2.25097656250000e-01 5.06689548492432e-02
761 2.26074218750000e-01 5.11095523834229e-02
762 2.31933593750000e-01 5.37931919097900e-02
763 2.94433593750000e-01 8.66911411285400e-02
764 2.91503906250000e-01 8.49745273590088e-02
765 3.33984375000000e-01 1.11545562744141e-01
766 3.00781250000000e-01 9.04693603515625e-02
767 2.89062500000000e-01 8.35571289062500e-02
768 2.76367187500000e-01 7.63788223266602e-02
769 3.11523437500000e-01 9.70468521118164e-02
770 3.17382812500000e-01 1.00731849670410e-01
771 3.09082031250000e-01 9.55317020416260e-02
772 3.26660156250000e-01 1.06706857681274e-01
773 3.12011718750000e-01 9.73513126373291e-02
774 2.29492187500000e-01 5.26666641235352e-02
775 2.77343750000000e-01 7.69195556640625e-02
776 2.81738281250000e-01 7.93764591217041e-02
777 3.13964843750000e-01 9.85739231109619e-02
778 4.18457031250000e-01 1.75106287002563e-01
779 3.99414062500000e-01 1.59531593322754e-01
780 3.45214843750000e-01 1.19173288345337e-01
781 3.25195312500000e-01 1.05751991271973e-01
782 4.29199218750000e-01 1.84211969375610e-01
783 4.07226562500000e-01 1.65833473205566e-01
784 4.38964843750000e-01 1.92690134048462e-01
785 3.17871093750000e-01 1.01042032241821e-01
786 3.18359375000000e-01 1.01352691650391e-01
787 3.12988281250000e-01 9.79616641998291e-02
788 4.25781250000000e-01 1.81289672851562e-01
789 4.40429687500000e-01 1.93978309631348e-01
790 4.24316406250000e-01 1.80044412612915e-01
791 4.86816406250000e-01 2.36990213394165e-01
792 4.66796875000000e-01 2.17899322509766e-01
793 4.46777343750000e-01 1.99609994888306e-01
794 4.49707031250000e-01 2.02236413955688e-01
795 4.71679687500000e-01 2.22481727600098e-01
796 4.88281250000000e-01 2.38418579101562e-01
797 5.32714843750000e-01 2.83785104751587e-01
798 5.21484375000000e-01 2.71945953369141e-01
799 5.38085937500000e-01 2.89536476135254e-01
800 4.88281250000000e-01 2.38418579101562e-01
801 4.92187500000000e-01 2.42248535156250e-01
802 5.12207031250000e-01 2.62356042861938e-01
803 5.07324218750000e-01 2.57377862930298e-01
804 5.52734375000000e-01 3.05515289306641e-01
805 4.77050781250000e-01 2.27577447891235e-01
806 4.92187500000000e-01 2.42248535156250e-01
807 5.06835937500000e-01 2.56882667541504e-01
808 5.70800781250000e-01 3.25813531875610e-01
809 5.91308593750000e-01 3.49645853042603e-01
810 5.99121093750000e-01 3.58946084976196e-01
811 6.45019531250000e-01 4.16050195693970e-01
812 5.90332031250000e-01 3.48491907119751e-01
813 5.83496093750000e-01 3.40467691421509e-01
814 4.93164062500000e-01 2.43210792541504e-01
815 5.25878906250000e-01 2.76548624038696e-01
816 5.62500000000000e-01 3.16406250000000e-01
817 5.38574218750000e-01 2.90062189102173e-01
818 5.57128906250000e-01 3.10392618179321e-01
819 5.23437500000000e-01 2.73986816406250e-01
820 5.11230468750000e-01 2.61356592178345e-01
821 5.50292968750000e-01 3.02822351455688e-01
822 5.62500000000000e-01 3.16406250000000e-01
823 4.76074218750000e-01 2.26646661758423e-01
824 4.68750000000000e-01 2.19726562500000e-01
825 4.49707031250000e-01 2.02236413955688e-01
826 4.35058593750000e-01 1.89275979995728e-01
827 4.54589843750000e-01 2.06651926040649e-01
828 4.13574218750000e-01 1.71043634414673e-01
829 4.24804687500000e-01 1.80459022521973e-01
830 4.30664062500000e-01 1.85471534729004e-01
831 4.07226562500000e-01 1.65833473205566e-01
832 3.92089843750000e-01 1.53734445571899e-01
833 3.73046875000000e-01 1.39163970947266e-01
834 4.47265625000000e-01 2.00046539306641e-01
835 4.11132812500000e-01 1.69030189514160e-01
836 3.95996093750000e-01 1.56812906265259e-01
837 3.57421875000000e-01 1.27750396728516e-01
838 3.34960937500000e-01 1.12198829650879e-01
839 3.47656250000000e-01 1.20864868164062e-01
840 3.63769531250000e-01 1.32328271865845e-01
841 3.89648437500000e-01 1.51825904846191e-01
842 4.09179687500000e-01 1.67428016662598e-01
843 4.41406250000000e-01 1.94839477539062e-01
844 4.11132812500000e-01 1.69030189514160e-01
845 4.37988281250000e-01 1.91833734512329e-01
846 4.00390625000000e-01 1.60312652587891e-01
847 4.65820312500000e-01 2.16988563537598e-01
848 4.70214843750000e-01 2.21101999282837e-01
849 4.70214843750000e-01 2.21101999282837e-01
850 4.99023437500000e-01 2.49024391174316e-01
851 5.58105468750000e-01 3.11481714248657e-01
852 5.80566406250000e-01 3.37057352066040e-01
853 5.49316406250000e-01 3.01748514175415e-01
854 5.48339843750000e-01 3.00676584243774e-01
855 4.62890625000000e-01 2.14267730712891e-01
856 4.36035156250000e-01 1.90126657485962e-01
857 4.24316406250000e-01 1.80044412612915e-01
858 3.76953125000000e-01 1.42093658447266e-01
859 4.46777343750000e-01 1.99609994888306e-01
860 4.50683593750000e-01 2.03115701675415e-01
861 4.54589843750000e-01 2.06651926040649e-01
862 3.90136718750000e-01 1.52206659317017e-01
863 4.11621093750000e-01 1.69431924819946e-01
864 4.19433593750000e-01 1.75924539566040e-01
865 4.55566406250000e-01 2.07540750503540e-01
866 4.76074218750000e-01 2.26646661758423e-01
867 5.34667968750000e-01 2.85869836807251e-01
868 5.68847656250000e-01 3.23587656021118e-01
869 5.90820312500000e-01 3.49068641662598e-01
870 5.89355468750000e-01 3.47339868545532e-01
871 5.71777343750000e-01 3.26929330825806e-01
872 6.04003906250000e-01 3.64820718765259e-01
873 6.61132812500000e-01 4.37096595764160e-01
874 6.77734375000000e-01 4.59323883056641e-01
875 6.45507812500000e-01 4.16680335998535e-01
876 6.58691406250000e-01 4.33874368667603e-01
877 6.98242187500000e-01 4.87542152404785e-01
878 6.98730468750000e-01 4.88224267959595e-01
879 7.18261718750000e-01 5.15899896621704e-01
880 7.21679687500000e-01 5.20821571350098e-01
881 6.77246093750000e-01 4.58662271499634e-01
882 7.29003906250000e-01 5.31446695327759e-01
883 7.31933593750000e-01 5.35726785659790e-01
884 6.35742187500000e-01 4.04168128967285e-01
885 6.73339843750000e-01 4.53386545181274e-01
886 7.19726562500000e-01 5.18006324768066e-01
887 7.49023437500000e-01 5.61036109924316e-01
888 7.36816406250000e-01 5.42898416519165e-01
889 7.32910156250000e-01 5.37157297134399e-01
890 7.09960937500000e-01 5.04044532775879e-01
891 6.78710937500000e-01 4.60648536682129e-01
892 6.71386718750000e-01 4.50760126113892e-01
893 6.98242187500000e-01 4.87542152404785e-01
894 7.19238281250000e-01 5.17303705215454e-01
895 6.64550781250000e-01 4.41627740859985e-01
896 6.59179687500000e-01 4.34517860412598e-01
897 6.07421875000000e-01 3.68961334228516e-01
898 6.01074218750000e-01 3.61290216445923e-01
899 5.34179687500000e-01 2.85347938537598e-01
900 5.33691406250000e-01 2.84826517105103e-01
901 5.40039062500000e-01 2.91642189025879e-01
902 5.10253906250000e-01 2.60359048843384e-01
903 5.03906250000000e-01 2.53921508789062e-01
904 4.82910156250000e-01 2.33202219009399e-01
905 4.80957031250000e-01 2.31319665908813e-01
906 5.09277343750000e-01 2.59363412857056e-01
907 5.07812500000000e-01 2.57873535156250e-01
908 4.41894531250000e-01 1.95270776748657e-01
909 4.71191406250000e-01 2.22021341323853e-01
910 4.63378906250000e-01 2.14720010757446e-01
911 4.78027343750000e-01 2.28510141372681e-01
912 4.81445312500000e-01 2.31789588928223e-01
913 5.50781250000000e-01 3.03359985351562e-01
914 6.16699218750000e-01 3.80317926406860e-01
915 5.95214843750000e-01 3.54280710220337e-01
916 5.58593750000000e-01 3.12026977539062e-01
917 5.38085937500000e-01 2.89536476135254e-01
918 4.80468750000000e-01 2.30850219726562e-01
919 5.41503906250000e-01 2.93226480484009e-01
920 4.83398437500000e-01 2.33674049377441e-01
921 4.38476562500000e-01 1.92261695861816e-01
922 4.94140625000000e-01 2.44174957275391e-01
923 4.73632812500000e-01 2.24328041076660e-01
924 5.61523437500000e-01 3.15308570861816e-01
925 5.43945312500000e-01 2.95876502990723e-01
926 5.62500000000000e-01 3.16406250000000e-01
927 6.24023437500000e-01 3.89405250549316e-01
928 6.59179687500000e-01 4.34517860412598e-01
929 6.17187500000000e-01 3.80920410156250e-01
930 5.81542968750000e-01 3.38192224502563e-01
931 5.45898437500000e-01 2.98005104064941e-01
932 5.37109375000000e-01 2.88486480712891e-01
933 5.55175781250000e-01 3.08220148086548e-01
934 5.12695312500000e-01 2.62856483459473e-01
935 5.79589843750000e-01 3.35924386978149e-01
936 5.68847656250000e-01 3.23587656021118e-01
937 5.53710937500000e-01 3.06595802307129e-01
938 6.25000000000000e-01 3.90625000000000e-01
939 5.93261718750000e-01 3.51959466934204e-01
940 5.86914062500000e-01 3.44468116760254e-01
941 6.09863281250000e-01 3.71933221817017e-01
942 6.12304687500000e-01 3.74917030334473e-01
943 5.60058593750000e-01 3.13665628433228e-01
944 5.98632812500000e-01 3.58361244201660e-01
945 5.89355468750000e-01 3.47339868545532e-01
946 5.47851562500000e-01 3.00141334533691e-01
947 5.04882812500000e-01 2.54906654357910e-01
948 5.00000000000000e-01 2.50000000000000e-01
949 5.04394531250000e-01 2.54413843154907e-01
950 4.87304687500000e-01 2.37465858459473e-01
951 4.76562500000000e-01 2.27111816406250e-01
952 4.66308593750000e-01 2.17443704605103e-01
953 4.66796875000000e-01 2.17899322509766e-01
954 4.91699218750000e-01 2.41768121719360e-01
955 5.19042968750000e-01 2.69405603408813e-01
956 4.66796875000000e-01 2.17899322509766e-01
957 5.10742187500000e-01 2.60857582092285e-01
958 5.03417968750000e-01 2.53429651260376e-01
959 4.90722656250000e-01 2.40808725357056e-01
960 4.98535156250000e-01 2.48537302017212e-01
961 5.14160156250000e-01 2.64360666275024e-01
962 5.62988281250000e-01 3.16955804824829e-01
963 5.44433593750000e-01 2.96407938003540e-01
964 5.23437500000000e-01 2.73986816406250e-01
965 5.51269531250000e-01 3.03898096084595e-01
966 5.31738281250000e-01 2.82745599746704e-01
967 5.80566406250000e-01 3.37057352066040e-01
968 5.88378906250000e-01 3.46189737319946e-01
969 5.24902343750000e-01 2.75522470474243e-01
970 4.96582031250000e-01 2.46593713760376e-01
971 4.73144531250000e-01 2.23865747451782e-01
972 4.67773437500000e-01 2.18811988830566e-01
973 5.09765625000000e-01 2.59860992431641e-01
974 5.23437500000000e-01 2.73986816406250e-01
975 5.51269531250000e-01 3.03898096084595e-01
976 5.80078125000000e-01 3.36490631103516e-01
977 5.49316406250000e-01 3.01748514175415e-01
978 5.77148437500000e-01 3.33100318908691e-01
979 5.38085937500000e-01 2.89536476135254e-01
980 5.34179687500000e-01 2.85347938537598e-01
981 5.63476562500000e-01 3.17505836486816e-01
982 5.50292968750000e-01 3.02822351455688e-01
983 5.52246093750000e-01 3.04975748062134e-01
984 6.15234375000000e-01 3.78513336181641e-01
985 5.81054687500000e-01 3.37624549865723e-01
986 6.32324218750000e-01 3.99833917617798e-01
987 7.09472656250000e-01 5.03351449966431e-01
988 6.50390625000000e-01 4.23007965087891e-01
989 6.49902343750000e-01 4.22373056411743e-01
990 6.77734375000000e-01 4.59323883056641e-01
991 6.73828125000000e-01 4.54044342041016e-01
992 6.86523437500000e-01 4.71314430236816e-01
993 7.22656250000000e-01 5.22232055664062e-01
994 7.09472656250000e-01 5.03351449966431e-01
995 7.33398437500000e-01 5.37873268127441e-01
996 7.38769531250000e-01 5.45780420303345e-01
997 7.62695312500000e-01 5.81704139709473e-01
998 7.45605468750000e-01 5.55927515029907e-01
999 7.03125000000000e-01 4.94384765625000e-01
