0 6.29882812500000e-01 3.96752357482910e-01
1 6.04980468750000e-01 3.66001367568970e-01
2 5.62500000000000e-01 3.16406250000000e-01
3 6.05957031250000e-01 3.67183923721313e-01
4 6.16210937500000e-01 3.79715919494629e-01
5 5.90820312500000e-01 3.49068641662598e-01
6 5.61035156250000e-01 3.14760446548462e-01
7 5.53710937500000e-01 3.06595802307129e-01
8 5.84960937500000e-01 3.42179298400879e-01
9 5.99121093750000e-01 3.58946084976196e-01
10 5.06835937500000e-01 2.56882667541504e-01
11 5.17578125000000e-01 2.67887115478516e-01
12 5.50781250000000e-01 3.03359985351562e-01
13 5.12207031250000e-01 2.62356042861938e-01
14 4.45312500000000e-01 1.98303222656250e-01
15 5.05371093750000e-01 2.55399942398071e-01
16 5.41015625000000e-01 2.92697906494141e-01
17 5.61035156250000e-01 3.14760446548462e-01
18 5.62500000000000e-01 3.16406250000000e-01
19 5.82031250000000e-01 3.38760375976562e-01
20 6.04492187500000e-01 3.65410804748535e-01
21 5.83496093750000e-01 3.40467691421509e-01
22 6.08886718750000e-01 3.70743036270142e-01
23 6.04492187500000e-01 3.65410804748535e-01
24 5.99609375000000e-01 3.59531402587891e-01
25 6.48925781250000e-01 4.21104669570923e-01
26 6.30859375000000e-01 3.97983551025391e-01
27 6.62597656250000e-01 4.39035654067993e-01
28 6.95312500000000e-01 4.83459472656250e-01
29 6.66992187500000e-01 4.44878578186035e-01
30 6.09863281250000e-01 3.71933221817017e-01
31 6.93359375000000e-01 4.80747222900391e-01
32 6.72363281250000e-01 4.52072381973267e-01
33 6.53320312500000e-01 4.26827430725098e-01
34 6.48437500000000e-01 4.20471191406250e-01
35 6.39648437500000e-01 4.09150123596191e-01
36 6.50390625000000e-01 4.23007965087891e-01
37 6.00097656250000e-01 3.60117197036743e-01
38 5.86425781250000e-01 3.43895196914673e-01
39 6.21582031250000e-01 3.86364221572876e-01
40 6.07421875000000e-01 3.68961334228516e-01
41 6.34277343750000e-01 4.02307748794556e-01
42 5.87402343750000e-01 3.45041513442993e-01
43 5.96679687500000e-01 3.56026649475098e-01
44 6.11816406250000e-01 3.74319314956665e-01
45 6.22558593750000e-01 3.87579202651978e-01
46 5.63476562500000e-01 3.17505836486816e-01
47 6.00097656250000e-01 3.60117197036743e-01
48 5.81054687500000e-01 3.37624549865723e-01
49 5.08789062500000e-01 2.58866310119629e-01
50 5.40039062500000e-01 2.91642189025879e-01
51 5.24414062500000e-01 2.75010108947754e-01
52 5.46875000000000e-01 2.99072265625000e-01
53 4.71191406250000e-01 2.22021341323853e-01
54 4.17480468750000e-01 1.74289941787720e-01
55 5.17578125000000e-01 2.67887115478516e-01
56 4.99511718750000e-01 2.49511957168579e-01
57 5.39550781250000e-01 2.91115045547485e-01
58 5.73242187500000e-01 3.28606605529785e-01
59 5.80078125000000e-01 3.36490631103516e-01
60 6.10351562500000e-01 3.72529029846191e-01
61 5.54687500000000e-01 3.07678222656250e-01
62 5.65429687500000e-01 3.19710731506348e-01
63 5.20507812500000e-01 2.70928382873535e-01
64 5.04394531250000e-01 2.54413843154907e-01
65 5.25878906250000e-01 2.76548624038696e-01
66 5.32714843750000e-01 2.83785104751587e-01
67 5.78613281250000e-01 3.34793329238892e-01
68 5.37597656250000e-01 2.89011240005493e-01
69 5.49316406250000e-01 3.01748514175415e-01
70 5.77148437500000e-01 3.33100318908691e-01
71 5.65429687500000e-01 3.19710731506348e-01
72 6.50390625000000e-01 4.23007965087891e-01
73 6.63574218750000e-01 4.40330743789673e-01
74 5.95214843750000e-01 3.54280710220337e-01
75 6.01074218750000e-01 3.61290216445923e-01
76 5.83496093750000e-01 3.40467691421509e-01
77 5.80078125000000e-01 3.36490631103516e-01
78 5.72753906250000e-01 3.28047037124634e-01
79 5.42968750000000e-01 2.94815063476562e-01
80 4.81445312500000e-01 2.31789588928223e-01
81 4.78515625000000e-01 2.28977203369141e-01
82 5.45898437500000e-01 2.98005104064941e-01
83 5.35644531250000e-01 2.86915063858032e-01
84 5.78613281250000e-01 3.34793329238892e-01
85 5.60546875000000e-01 3.14212799072266e-01
86 5.97167968750000e-01 3.56609582901001e-01
87 6.13281250000000e-01 3.76113891601562e-01
88 6.03515625000000e-01 3.64231109619141e-01
89 5.74707031250000e-01 3.30288171768188e-01
90 6.15234375000000e-01 3.78513336181641e-01
91 5.83007812500000e-01 3.39898109436035e-01
92 6.04492187500000e-01 3.65410804748535e-01
93 6.32324218750000e-01 3.99833917617798e-01
94 6.01562500000000e-01 3.61877441406250e-01
95 5.07324218750000e-01 2.57377862930298e-01
96 5.25390625000000e-01 2.76035308837891e-01
97 5.51757812500000e-01 3.04436683654785e-01
98 5.34667968750000e-01 2.85869836807251e-01
99 5.63964843750000e-01 3.18056344985962e-01
100 5.55175781250000e-01 3.08220148086548e-01
101 5.57128906250000e-01 3.10392618179321e-01
102 5.72753906250000e-01 3.28047037124634e-01
103 5.60058593750000e-01 3.13665628433228e-01
104 5.99609375000000e-01 3.59531402587891e-01
105 5.89355468750000e-01 3.47339868545532e-01
106 5.31738281250000e-01 2.82745599746704e-01
107 4.88281250000000e-01 2.38418579101562e-01
108 4.54101562500000e-01 2.06208229064941e-01
109 3.82324218750000e-01 1.46171808242798e-01
110 3.90136718750000e-01 1.52206659317017e-01
111 3.13476562500000e-01 9.82675552368164e-02
112 3.88183593750000e-01 1.50686502456665e-01
113 4.05273437500000e-01 1.64246559143066e-01
114 4.08203125000000e-01 1.66629791259766e-01
115 4.11621093750000e-01 1.69431924819946e-01
116 3.72558593750000e-01 1.38799905776978e-01
117 3.15429687500000e-01 9.94958877563477e-02
118 2.94433593750000e-01 8.66911411285400e-02
119 2.96386718750000e-01 8.78450870513916e-02
120 3.22753906250000e-01 1.04170083999634e-01
121 3.24707031250000e-01 1.05434656143188e-01
122 3.10546875000000e-01 9.64393615722656e-02
123 2.66113281250000e-01 7.08162784576416e-02
124 3.05175781250000e-01 9.31322574615479e-02
125 3.20800781250000e-01 1.02913141250610e-01
126 2.96875000000000e-01 8.81347656250000e-02
127 2.94433593750000e-01 8.66911411285400e-02
128 2.91503906250000e-01 8.49745273590088e-02
129 3.04199218750000e-01 9.25371646881104e-02
130 2.99804687500000e-01 8.98828506469727e-02
131 2.83203125000000e-01 8.02040100097656e-02
132 3.16894531250000e-01 1.00422143936157e-01
133 3.30078125000000e-01 1.08951568603516e-01
134 3.22265625000000e-01 1.03855133056641e-01
135 3.42773437500000e-01 1.17493629455566e-01
136 3.57910156250000e-01 1.28099679946899e-01
137 3.63769531250000e-01 1.32328271865845e-01
138 3.61816406250000e-01 1.30911111831665e-01
139 3.30566406250000e-01 1.09274148941040e-01
140 3.29589843750000e-01 1.08629465103149e-01
141 3.86230468750000e-01 1.49173974990845e-01
142 4.20898437500000e-01 1.77155494689941e-01
143 3.64746093750000e-01 1.33039712905884e-01
144 3.62792968750000e-01 1.31618738174438e-01
145 3.35937500000000e-01 1.12854003906250e-01
146 3.48144531250000e-01 1.21204614639282e-01
147 3.53027343750000e-01 1.24628305435181e-01
148 2.88085937500000e-01 8.29935073852539e-02
149 3.35937500000000e-01 1.12854003906250e-01
150 3.13476562500000e-01 9.82675552368164e-02
151 3.66699218750000e-01 1.34468317031860e-01
152 3.71093750000000e-01 1.37710571289062e-01
153 3.11523437500000e-01 9.70468521118164e-02
154 3.45214843750000e-01 1.19173288345337e-01
155 3.14941406250000e-01 9.91880893707275e-02
156 3.65234375000000e-01 1.33396148681641e-01
157 3.70605468750000e-01 1.37348413467407e-01
158 3.60351562500000e-01 1.29853248596191e-01
159 4.15527343750000e-01 1.72662973403931e-01
160 4.61914062500000e-01 2.13364601135254e-01
161 4.24804687500000e-01 1.80459022521973e-01
162 3.88671875000000e-01 1.51065826416016e-01
163 3.86230468750000e-01 1.49173974990845e-01
164 4.01367187500000e-01 1.61095619201660e-01
165 3.87207031250000e-01 1.49929285049438e-01
166 4.43847656250000e-01 1.97000741958618e-01
167 4.38476562500000e-01 1.92261695861816e-01
168 4.83886718750000e-01 2.34146356582642e-01
169 5.31738281250000e-01 2.82745599746704e-01
170 4.81933593750000e-01 2.32259988784790e-01
171 5.42968750000000e-01 2.94815063476562e-01
172 6.39160156250000e-01 4.08525705337524e-01
173 6.13281250000000e-01 3.76113891601562e-01
174 5.86425781250000e-01 3.43895196914673e-01
175 6.03515625000000e-01 3.64231109619141e-01
176 6.30371093750000e-01 3.97367715835571e-01
177 5.46386718750000e-01 2.98538446426392e-01
178 5.36621093750000e-01 2.87962198257446e-01
179 5.45898437500000e-01 2.98005104064941e-01
180 5.53222656250000e-01 3.06055307388306e-01
181 5.33691406250000e-01 2.84826517105103e-01
182 6.26953125000000e-01 3.93070220947266e-01
183 7.07031250000000e-01 4.99893188476562e-01
184 6.77246093750000e-01 4.58662271499634e-01
185 6.97265625000000e-01 4.86179351806641e-01
186 7.18750000000000e-01 5.16601562500000e-01
187 7.97363281250000e-01 6.35788202285767e-01
188 7.29003906250000e-01 5.31446695327759e-01
189 7.62207031250000e-01 5.80959558486938e-01
190 7.57812500000000e-01 5.74279785156250e-01
191 7.12402343750000e-01 5.07517099380493e-01
192 6.54785156250000e-01 4.28743600845337e-01
193 6.65039062500000e-01 4.42276954650879e-01
194 6.68945312500000e-01 4.47487831115723e-01
195 6.44531250000000e-01 4.15420532226562e-01
196 6.36718750000000e-01 4.05410766601562e-01
197 6.69921875000000e-01 4.48795318603516e-01
198 6.18164062500000e-01 3.82126808166504e-01
199 6.33300781250000e-01 4.01069879531860e-01
200 6.01562500000000e-01 3.61877441406250e-01
201 6.63085937500000e-01 4.39682960510254e-01
202 6.56250000000000e-01 4.30664062500000e-01
203 5.57128906250000e-01 3.10392618179321e-01
204 5.81054687500000e-01 3.37624549865723e-01
205 5.21972656250000e-01 2.72455453872681e-01
206 5.26367187500000e-01 2.77062416076660e-01
207 5.47851562500000e-01 3.00141334533691e-01
208 5.21972656250000e-01 2.72455453872681e-01
209 5.82031250000000e-01 3.38760375976562e-01
210 5.44433593750000e-01 2.96407938003540e-01
211 5.29296875000000e-01 2.80155181884766e-01
212 5.06347656250000e-01 2.56387948989868e-01
213 5.85449218750000e-01 3.42750787734985e-01
214 6.14746093750000e-01 3.77912759780884e-01
215 6.19140625000000e-01 3.83335113525391e-01
216 6.35253906250000e-01 4.03547525405884e-01
217 6.12792968750000e-01 3.75515222549438e-01
218 6.30371093750000e-01 3.97367715835571e-01
219 6.00585937500000e-01 3.60703468322754e-01
220 6.13769531250000e-01 3.76713037490845e-01
221 6.73828125000000e-01 4.54044342041016e-01
222 6.40625000000000e-01 4.10400390625000e-01
223 6.78222656250000e-01 4.59985971450806e-01
224 6.98242187500000e-01 4.87542152404785e-01
225 6.74316406250000e-01 4.54702615737915e-01
226 6.78710937500000e-01 4.60648536682129e-01
227 6.57714843750000e-01 4.32588815689087e-01
228 6.58203125000000e-01 4.33231353759766e-01
229 6.66503906250000e-01 4.44227457046509e-01
230 5.86425781250000e-01 3.43895196914673e-01
231 5.50781250000000e-01 3.03359985351562e-01
232 5.82519531250000e-01 3.39329004287720e-01
233 5.48339843750000e-01 3.00676584243774e-01
234 5.96679687500000e-01 3.56026649475098e-01
235 5.52246093750000e-01 3.04975748062134e-01
236 5.68359375000000e-01 3.23032379150391e-01
237 4.75585937500000e-01 2.26181983947754e-01
238 4.30175781250000e-01 1.85051202774048e-01
239 4.89257812500000e-01 2.39373207092285e-01
240 5.02929687500000e-01 2.52938270568848e-01
241 5.03417968750000e-01 2.53429651260376e-01
242 4.86816406250000e-01 2.36990213394165e-01
243 4.21386718750000e-01 1.77566766738892e-01
244 4.43847656250000e-01 1.97000741958618e-01
245 4.84863281250000e-01 2.35092401504517e-01
246 4.95605468750000e-01 2.45624780654907e-01
247 4.80468750000000e-01 2.30850219726562e-01
248 4.81933593750000e-01 2.32259988784790e-01
249 5.24414062500000e-01 2.75010108947754e-01
250 5.03906250000000e-01 2.53921508789062e-01
251 5.08789062500000e-01 2.58866310119629e-01
252 5.72753906250000e-01 3.28047037124634e-01
253 5.69824218750000e-01 3.24699640274048e-01
254 6.54785156250000e-01 4.28743600845337e-01
255 6.31347656250000e-01 3.98599863052368e-01
256 6.23046875000000e-01 3.88187408447266e-01
257 6.32324218750000e-01 3.99833917617798e-01
258 6.01562500000000e-01 3.61877441406250e-01
259 6.13281250000000e-01 3.76113891601562e-01
260 6.05957031250000e-01 3.67183923721313e-01
261 5.94726562500000e-01 3.53699684143066e-01
262 5.68847656250000e-01 3.23587656021118e-01
263 6.00097656250000e-01 3.60117197036743e-01
264 5.66894531250000e-01 3.21369409561157e-01
265 6.00585937500000e-01 3.60703468322754e-01
266 5.93750000000000e-01 3.52539062500000e-01
267 6.21093750000000e-01 3.85757446289062e-01
268 5.93261718750000e-01 3.51959466934204e-01
269 6.15234375000000e-01 3.78513336181641e-01
270 5.67871093750000e-01 3.22477579116821e-01
271 5.21972656250000e-01 2.72455453872681e-01
272 5.65429687500000e-01 3.19710731506348e-01
273 5.83007812500000e-01 3.39898109436035e-01
274 5.41015625000000e-01 2.92697906494141e-01
275 5.70312500000000e-01 3.25256347656250e-01
276 6.46484375000000e-01 4.17942047119141e-01
277 6.42089843750000e-01 4.12279367446899e-01
278 6.35253906250000e-01 4.03547525405884e-01
279 7.10449218750000e-01 5.04738092422485e-01
280 7.29492187500000e-01 5.32158851623535e-01
281 7.14355468750000e-01 5.10303735733032e-01
282 6.91406250000000e-01 4.78042602539062e-01
283 7.10937500000000e-01 5.05432128906250e-01
284 6.77246093750000e-01 4.58662271499634e-01
285 6.34765625000000e-01 4.02927398681641e-01
286 6.44531250000000e-01 4.15420532226562e-01
287 6.12304687500000e-01 3.74917030334473e-01
288 6.29394531250000e-01 3.96137475967407e-01
289 7.18261718750000e-01 5.15899896621704e-01
290 7.05566406250000e-01 4.97823953628540e-01
291 7.00683593750000e-01 4.90957498550415e-01
292 6.28906250000000e-01 3.95523071289062e-01
293 6.38671875000000e-01 4.07901763916016e-01
294 6.20605468750000e-01 3.85151147842407e-01
295 6.33300781250000e-01 4.01069879531860e-01
296 6.21582031250000e-01 3.86364221572876e-01
297 6.79687500000000e-01 4.61975097656250e-01
298 6.02050781250000e-01 3.62465143203735e-01
299 5.79101562500000e-01 3.35358619689941e-01
300 5.97167968750000e-01 3.56609582901001e-01
301 5.73730468750000e-01 3.29166650772095e-01
302 5.99609375000000e-01 3.59531402587891e-01
303 6.12792968750000e-01 3.75515222549438e-01
304 6.10839843750000e-01 3.73125314712524e-01
305 6.85546875000000e-01 4.69974517822266e-01
306 5.72753906250000e-01 3.28047037124634e-01
307 5.36132812500000e-01 2.87438392639160e-01
308 5.51269531250000e-01 3.03898096084595e-01
309 5.12207031250000e-01 2.62356042861938e-01
310 4.74121093750000e-01 2.24790811538696e-01
311 4.73144531250000e-01 2.23865747451782e-01
312 4.68261718750000e-01 2.19269037246704e-01
313 4.75097656250000e-01 2.25717782974243e-01
314 5.50781250000000e-01 3.03359985351562e-01
315 5.30761718750000e-01 2.81708002090454e-01
316 5.36132812500000e-01 2.87438392639160e-01
317 5.96191406250000e-01 3.55444192886353e-01
318 6.30371093750000e-01 3.97367715835571e-01
319 6.96289062500000e-01 4.84818458557129e-01
320 6.90429687500000e-01 4.76693153381348e-01
321 6.68945312500000e-01 4.47487831115723e-01
322 6.45996093750000e-01 4.17310953140259e-01
323 6.60644531250000e-01 4.36451196670532e-01
324 5.68359375000000e-01 3.23032379150391e-01
325 5.75683593750000e-01 3.31411600112915e-01
326 5.44433593750000e-01 2.96407938003540e-01
327 5.73730468750000e-01 3.29166650772095e-01
328 5.88867187500000e-01 3.46764564514160e-01
329 5.83984375000000e-01 3.41037750244141e-01
330 5.78125000000000e-01 3.34228515625000e-01
331 5.92285156250000e-01 3.50801706314087e-01
332 6.36718750000000e-01 4.05410766601562e-01
333 5.96679687500000e-01 3.56026649475098e-01
334 6.77734375000000e-01 4.59323883056641e-01
335 7.39746093750000e-01 5.47224283218384e-01
336 7.21679687500000e-01 5.20821571350098e-01
337 7.39257812500000e-01 5.46502113342285e-01
338 7.20214843750000e-01 5.18709421157837e-01
339 7.45117187500000e-01 5.55199623107910e-01
340 6.99707031250000e-01 4.89589929580688e-01
341 6.90917968750000e-01 4.77367639541626e-01
342 6.65039062500000e-01 4.42276954650879e-01
343 6.93847656250000e-01 4.81424570083618e-01
344 7.19726562500000e-01 5.18006324768066e-01
345 6.86035156250000e-01 4.70644235610962e-01
346 6.89453125000000e-01 4.75345611572266e-01
347 6.95312500000000e-01 4.83459472656250e-01
348 6.91894531250000e-01 4.78718042373657e-01
349 7.35351562500000e-01 5.40741920471191e-01
350 7.03613281250000e-01 4.95071649551392e-01
351 6.57226562500000e-01 4.31946754455566e-01
352 6.98242187500000e-01 4.87542152404785e-01
353 6.52343750000000e-01 4.25552368164062e-01
354 5.92773437500000e-01 3.51380348205566e-01
355 5.53222656250000e-01 3.06055307388306e-01
356 5.87890625000000e-01 3.45615386962891e-01
357 5.28808593750000e-01 2.79638528823853e-01
358 5.85937500000000e-01 3.43322753906250e-01
359 5.61035156250000e-01 3.14760446548462e-01
360 5.83496093750000e-01 3.40467691421509e-01
361 5.19531250000000e-01 2.69912719726562e-01
362 5.24902343750000e-01 2.75522470474243e-01
363 4.29199218750000e-01 1.84211969375610e-01
364 4.63378906250000e-01 2.14720010757446e-01
365 4.14550781250000e-01 1.71852350234985e-01
366 3.71093750000000e-01 1.37710571289062e-01
367 3.66699218750000e-01 1.34468317031860e-01
368 3.84765625000000e-01 1.48044586181641e-01
369 3.84765625000000e-01 1.48044586181641e-01
370 3.29101562500000e-01 1.08307838439941e-01
371 3.61328125000000e-01 1.30558013916016e-01
372 3.97460937500000e-01 1.57975196838379e-01
373 3.64746093750000e-01 1.33039712905884e-01
374 4.21386718750000e-01 1.77566766738892e-01
375 4.58496093750000e-01 2.10218667984009e-01
376 4.15039062500000e-01 1.72257423400879e-01
377 4.13574218750000e-01 1.71043634414673e-01
378 5.00000000000000e-01 2.50000000000000e-01
379 5.36132812500000e-01 2.87438392639160e-01
380 5.31250000000000e-01 2.82226562500000e-01
381 5.24414062500000e-01 2.75010108947754e-01
382 6.07421875000000e-01 3.68961334228516e-01
383 5.88867187500000e-01 3.46764564514160e-01
384 6.25000000000000e-01 3.90625000000000e-01
385 6.08398437500000e-01 3.70148658752441e-01
386 6.45996093750000e-01 4.17310953140259e-01
387 6.83105468750000e-01 4.66633081436157e-01
388 6.43554687500000e-01 4.14162635803223e-01
389 5.97656250000000e-01 3.57192993164062e-01
390 6.29882812500000e-01 3.96752357482910e-01
391 6.33300781250000e-01 4.01069879531860e-01
392 6.93359375000000e-01 4.80747222900391e-01
393 7.15820312500000e-01 5.12398719787598e-01
394 6.85546875000000e-01 4.69974517822266e-01
395 6.74804687500000e-01 4.55361366271973e-01
396 6.49902343750000e-01 4.22373056411743e-01
397 7.10449218750000e-01 5.04738092422485e-01
398 6.89941406250000e-01 4.76019144058228e-01
399 6.66992187500000e-01 4.44878578186035e-01
400 6.83593750000000e-01 4.67300415039062e-01
401 6.96289062500000e-01 4.84818458557129e-01
402 6.46972656250000e-01 4.18573617935181e-01
403 6.86523437500000e-01 4.71314430236816e-01
404 6.97265625000000e-01 4.86179351806641e-01
405 7.20703125000000e-01 5.19412994384766e-01
406 7.25585937500000e-01 5.26474952697754e-01
407 6.52832031250000e-01 4.26189661026001e-01
408 6.42578125000000e-01 4.12906646728516e-01
409 6.81640625000000e-01 4.64633941650391e-01
410 7.24121093750000e-01 5.24351358413696e-01
411 7.55859375000000e-01 5.71323394775391e-01
412 6.93359375000000e-01 4.80747222900391e-01
413 5.92285156250000e-01 3.50801706314087e-01
414 5.95703125000000e-01 3.54862213134766e-01
415 6.54785156250000e-01 4.28743600845337e-01
416 6.71386718750000e-01 4.50760126113892e-01
417 6.11328125000000e-01 3.73722076416016e-01
418 5.69335937500000e-01 3.24143409729004e-01
419 4.74609375000000e-01 2.25254058837891e-01
420 4.37500000000000e-01 1.91406250000000e-01
421 4.40429687500000e-01 1.93978309631348e-01
422 3.97949218750000e-01 1.58363580703735e-01
423 4.16992187500000e-01 1.73882484436035e-01
424 4.21386718750000e-01 1.77566766738892e-01
425 3.89160156250000e-01 1.51445627212524e-01
426 4.24804687500000e-01 1.80459022521973e-01
427 4.13085937500000e-01 1.70639991760254e-01
428 4.02343750000000e-01 1.61880493164062e-01
429 3.35937500000000e-01 1.12854003906250e-01
430 3.72558593750000e-01 1.38799905776978e-01
431 3.81347656250000e-01 1.45426034927368e-01
432 3.85742187500000e-01 1.48797035217285e-01
433 4.52636718750000e-01 2.04879999160767e-01
434 3.89648437500000e-01 1.51825904846191e-01
435 4.19433593750000e-01 1.75924539566040e-01
436 3.99414062500000e-01 1.59531593322754e-01
437 3.47167968750000e-01 1.20525598526001e-01
438 3.12988281250000e-01 9.79616641998291e-02
439 2.55859375000000e-01 6.54640197753906e-02
440 3.39355468750000e-01 1.15162134170532e-01
441 3.88183593750000e-01 1.50686502456665e-01
442 4.15527343750000e-01 1.72662973403931e-01
443 3.68652343750000e-01 1.35904550552368e-01
444 3.45703125000000e-01 1.19510650634766e-01
445 3.65722656250000e-01 1.33753061294556e-01
446 3.12011718750000e-01 9.73513126373291e-02
447 2.72460937500000e-01 7.42349624633789e-02
448 3.98437500000000e-01 1.58752441406250e-01
449 4.05761718750000e-01 1.64642572402954e-01
450 4.48730468750000e-01 2.01359033584595e-01
451 4.67773437500000e-01 2.18811988830566e-01
452 4.51660156250000e-01 2.03996896743774e-01
453 4.03320312500000e-01 1.62667274475098e-01
454 4.25781250000000e-01 1.81289672851562e-01
455 4.78515625000000e-01 2.28977203369141e-01
456 5.31250000000000e-01 2.82226562500000e-01
457 5.65429687500000e-01 3.19710731506348e-01
458 6.12304687500000e-01 3.74917030334473e-01
459 5.90332031250000e-01 3.48491907119751e-01
460 6.41601562500000e-01 4.11652565002441e-01
461 6.12792968750000e-01 3.75515222549438e-01
462 5.99121093750000e-01 3.58946084976196e-01
463 5.91308593750000e-01 3.49645853042603e-01
464 6.44042968750000e-01 4.14791345596313e-01
465 7.02148437500000e-01 4.93012428283691e-01
466 6.49902343750000e-01 4.22373056411743e-01
467 6.70898437500000e-01 4.50104713439941e-01
468 6.50390625000000e-01 4.23007965087891e-01
469 6.90429687500000e-01 4.76693153381348e-01
470 6.21093750000000e-01 3.85757446289062e-01
471 6.40136718750000e-01 4.09775018692017e-01
472 6.49414062500000e-01 4.21738624572754e-01
473 6.91406250000000e-01 4.78042602539062e-01
474 7.36328125000000e-01 5.42179107666016e-01
475 7.47558593750000e-01 5.58843851089478e-01
476 7.53906250000000e-01 5.68374633789062e-01
477 7.10937500000000e-01 5.05432128906250e-01
478 7.08496093750000e-01 5.01966714859009e-01
479 6.76269531250000e-01 4.57340478897095e-01
480 6.65039062500000e-01 4.42276954650879e-01
481 6.52343750000000e-01 4.25552368164062e-01
482 6.97753906250000e-01 4.86860513687134e-01
483 6.88964843750000e-01 4.74672555923462e-01
484 6.92871093750000e-01 4.80070352554321e-01
485 7.03613281250000e-01 4.95071649551392e-01
486 6.89941406250000e-01 4.76019144058228e-01
487 6.68945312500000e-01 4.47487831115723e-01
488 6.05957031250000e-01 3.67183923721313e-01
489 6.30859375000000e-01 3.97983551025391e-01
490 6.30859375000000e-01 3.97983551025391e-01
491 5.50292968750000e-01 3.02822351455688e-01
492 5.39550781250000e-01 2.91115045547485e-01
493 6.14746093750000e-01 3.77912759780884e-01
494 5.96191406250000e-01 3.55444192886353e-01
495 6.20605468750000e-01 3.85151147842407e-01
496 6.22558593750000e-01 3.87579202651978e-01
497 5.85449218750000e-01 3.42750787734985e-01
498 5.99609375000000e-01 3.59531402587891e-01
499 5.94238281250000e-01 3.53119134902954e-01
500 6.04980468750000e-01 3.66001367568970e-01
501 6.07910156250000e-01 3.69554758071899e-01
502 6.45019531250000e-01 4.16050195693970e-01
503 6.74316406250000e-01 4.54702615737915e-01
504 6.64550781250000e-01 4.41627740859985e-01
505 6.88476562500000e-01 4.73999977111816e-01
506 6.65039062500000e-01 4.42276954650879e-01
507 6.74316406250000e-01 4.54702615737915e-01
508 7.00195312500000e-01 4.90273475646973e-01
509 6.96289062500000e-01 4.84818458557129e-01
510 7.55371093750000e-01 5.70585489273071e-01
511 7.19726562500000e-01 5.18006324768066e-01
512 7.37304687500000e-01 5.43618202209473e-01
513 6.76269531250000e-01 4.57340478897095e-01
514 6.79687500000000e-01 4.61975097656250e-01
515 6.42089843750000e-01 4.12279367446899e-01
516 6.67968750000000e-01 4.46182250976562e-01
517 6.52343750000000e-01 4.25552368164062e-01
518 6.25976562500000e-01 3.91846656799316e-01
519 6.26464843750000e-01 3.92458200454712e-01
520 6.46972656250000e-01 4.18573617935181e-01
521 6.71386718750000e-01 4.50760126113892e-01
522 6.53808593750000e-01 4.27465677261353e-01
523 6.59667968750000e-01 4.35161828994751e-01
524 7.03613281250000e-01 4.95071649551392e-01
525 6.32324218750000e-01 3.99833917617798e-01
526 6.22070312500000e-01 3.86971473693848e-01
527 6.59179687500000e-01 4.34517860412598e-01
528 6.63085937500000e-01 4.39682960510254e-01
529 6.89941406250000e-01 4.76019144058228e-01
530 7.85156250000000e-01 6.16470336914062e-01
531 7.44628906250000e-01 5.54472208023071e-01
532 7.04589843750000e-01 4.96446847915649e-01
533 7.08496093750000e-01 5.01966714859009e-01
534 7.55371093750000e-01 5.70585489273071e-01
535 7.51464843750000e-01 5.64699411392212e-01
536 7.00195312500000e-01 4.90273475646973e-01
537 6.21582031250000e-01 3.86364221572876e-01
538 6.64550781250000e-01 4.41627740859985e-01
539 6.84570312500000e-01 4.68636512756348e-01
540 6.21582031250000e-01 3.86364221572876e-01
541 6.77246093750000e-01 4.58662271499634e-01
542 7.07031250000000e-01 4.99893188476562e-01
543 6.80175781250000e-01 4.62639093399048e-01
544 6.86523437500000e-01 4.71314430236816e-01
545 6.54296875000000e-01 4.28104400634766e-01
546 6.62597656250000e-01 4.39035654067993e-01
547 6.95800781250000e-01 4.84138727188110e-01
548 6.63574218750000e-01 4.40330743789673e-01
549 6.56738281250000e-01 4.31305170059204e-01
550 6.21093750000000e-01 3.85757446289062e-01
551 6.50878906250000e-01 4.23643350601196e-01
552 6.64550781250000e-01 4.41627740859985e-01
553 6.11816406250000e-01 3.74319314956665e-01
554 6.54296875000000e-01 4.28104400634766e-01
555 7.09960937500000e-01 5.04044532775879e-01
556 6.89453125000000e-01 4.75345611572266e-01
557 6.76757812500000e-01 4.58001136779785e-01
558 6.57226562500000e-01 4.31946754455566e-01
559 6.97753906250000e-01 4.86860513687134e-01
560 7.09472656250000e-01 5.03351449966431e-01
561 7.12890625000000e-01 5.08213043212891e-01
562 7.03125000000000e-01 4.94384765625000e-01
563 7.21191406250000e-01 5.20117044448853e-01
564 6.75292968750000e-01 4.56020593643188e-01
565 7.37304687500000e-01 5.43618202209473e-01
566 6.65039062500000e-01 4.42276954650879e-01
567 7.02148437500000e-01 4.93012428283691e-01
568 6.70898437500000e-01 4.50104713439941e-01
569 6.37207031250000e-01 4.06032800674438e-01
570 6.06445312500000e-01 3.67775917053223e-01
571 5.86425781250000e-01 3.43895196914673e-01
572 5.80078125000000e-01 3.36490631103516e-01
573 5.69335937500000e-01 3.24143409729004e-01
574 5.44921875000000e-01 2.96939849853516e-01
575 5.06347656250000e-01 2.56387948989868e-01
576 3.80371093750000e-01 1.44682168960571e-01
577 3.75488281250000e-01 1.40991449356079e-01
578 4.48242187500000e-01 2.00921058654785e-01
579 3.79882812500000e-01 1.44310951232910e-01
580 4.00390625000000e-01 1.60312652587891e-01
581 4.16015625000000e-01 1.73069000244141e-01
582 3.90625000000000e-01 1.52587890625000e-01
583 3.85253906250000e-01 1.48420572280884e-01
584 3.75000000000000e-01 1.40625000000000e-01
585 4.22363281250000e-01 1.78390741348267e-01
586 3.55468750000000e-01 1.26358032226562e-01
587 3.63769531250000e-01 1.32328271865845e-01
588 3.31054687500000e-01 1.09597206115723e-01
589 2.52441406250000e-01 6.37266635894775e-02
590 2.86132812500000e-01 8.18719863891602e-02
591 3.11523437500000e-01 9.70468521118164e-02
592 3.14941406250000e-01 9.91880893707275e-02
593 2.70507812500000e-01 7.31744766235352e-02
594 2.63671875000000e-01 6.95228576660156e-02
595 2.45605468750000e-01 6.03220462799072e-02
596 2.65625000000000e-01 7.05566406250000e-02
597 2.80761718750000e-01 7.88271427154541e-02
598 3.24218750000000e-01 1.05117797851562e-01
599 3.24218750000000e-01 1.05117797851562e-01
600 3.38378906250000e-01 1.14500284194946e-01
601 4.09667968750000e-01 1.67827844619751e-01
602 3.85742187500000e-01 1.48797035217285e-01
603 3.97460937500000e-01 1.57975196838379e-01
604 4.08203125000000e-01 1.66629791259766e-01
605 3.66699218750000e-01 1.34468317031860e-01
606 3.41308593750000e-01 1.16491556167603e-01
607 3.37402343750000e-01 1.13840341567993e-01
608 3.26660156250000e-01 1.06706857681274e-01
609 3.76464843750000e-01 1.41725778579712e-01
610 3.62304687500000e-01 1.31264686584473e-01
611 3.72070312500000e-01 1.38436317443848e-01
612 3.37890625000000e-01 1.14170074462891e-01
613 3.82324218750000e-01 1.46171808242798e-01
614 3.98925781250000e-01 1.59141778945923e-01
615 3.62304687500000e-01 1.31264686584473e-01
616 3.51074218750000e-01 1.23253107070923e-01
617 3.66699218750000e-01 1.34468317031860e-01
618 3.15429687500000e-01 9.94958877563477e-02
619 2.63183593750000e-01 6.92656040191650e-02
620 3.49121093750000e-01 1.21885538101196e-01
621 3.47167968750000e-01 1.20525598526001e-01
622 3.33496093750000e-01 1.11219644546509e-01
623 3.09082031250000e-01 9.55317020416260e-02
624 3.55957031250000e-01 1.26705408096313e-01
625 3.83300781250000e-01 1.46919488906860e-01
626 4.22363281250000e-01 1.78390741348267e-01
627 3.23242187500000e-01 1.04485511779785e-01
628 3.04687500000000e-01 9.28344726562500e-02
629 3.33496093750000e-01 1.11219644546509e-01
630 3.36914062500000e-01 1.13511085510254e-01
631 3.35449218750000e-01 1.12526178359985e-01
632 3.48632812500000e-01 1.21544837951660e-01
633 3.39843750000000e-01 1.15493774414062e-01
634 2.75390625000000e-01 7.58399963378906e-02
635 2.87109375000000e-01 8.24317932128906e-02
636 2.78320312500000e-01 7.74621963500977e-02
637 3.21777343750000e-01 1.03540658950806e-01
638 3.54003906250000e-01 1.25318765640259e-01
639 3.88183593750000e-01 1.50686502456665e-01
640 4.04296875000000e-01 1.63455963134766e-01
641 4.29687500000000e-01 1.84631347656250e-01
642 4.20898437500000e-01 1.77155494689941e-01
643 3.55957031250000e-01 1.26705408096313e-01
644 3.51074218750000e-01 1.23253107070923e-01
645 4.16015625000000e-01 1.73069000244141e-01
646 4.10156250000000e-01 1.68228149414062e-01
647 3.31054687500000e-01 1.09597206115723e-01
648 3.11035156250000e-01 9.67428684234619e-02
649 2.72460937500000e-01 7.42349624633789e-02
650 3.01757812500000e-01 9.10577774047852e-02
651 3.39843750000000e-01 1.15493774414062e-01
652 3.68652343750000e-01 1.35904550552368e-01
653 4.04785156250000e-01 1.63851022720337e-01
654 4.39453125000000e-01 1.93119049072266e-01
655 4.26269531250000e-01 1.81705713272095e-01
656 4.92187500000000e-01 2.42248535156250e-01
657 4.70214843750000e-01 2.21101999282837e-01
658 4.98535156250000e-01 2.48537302017212e-01
659 6.11328125000000e-01 3.73722076416016e-01
660 6.49414062500000e-01 4.21738624572754e-01
661 5.86914062500000e-01 3.44468116760254e-01
662 6.59667968750000e-01 4.35161828994751e-01
663 6.76269531250000e-01 4.57340478897095e-01
664 6.15234375000000e-01 3.78513336181641e-01
665 5.95703125000000e-01 3.54862213134766e-01
666 5.52246093750000e-01 3.04975748062134e-01
667 5.98632812500000e-01 3.58361244201660e-01
668 6.28417968750000e-01 3.94909143447876e-01
669 6.49902343750000e-01 4.22373056411743e-01
670 6.44531250000000e-01 4.15420532226562e-01
671 6.02539062500000e-01 3.63053321838379e-01
672 5.47851562500000e-01 3.00141334533691e-01
673 5.67382812500000e-01 3.21923255920410e-01
674 5.42968750000000e-01 2.94815063476562e-01
675 5.04394531250000e-01 2.54413843154907e-01
676 4.75585937500000e-01 2.26181983947754e-01
677 4.90722656250000e-01 2.40808725357056e-01
678 5.17089843750000e-01 2.67381906509399e-01
679 5.01464843750000e-01 2.51466989517212e-01
680 5.64453125000000e-01 3.18607330322266e-01
681 5.63476562500000e-01 3.17505836486816e-01
682 5.34667968750000e-01 2.85869836807251e-01
683 6.20117187500000e-01 3.84545326232910e-01
684 6.40136718750000e-01 4.09775018692017e-01
685 6.14257812500000e-01 3.77312660217285e-01
686 6.17187500000000e-01 3.80920410156250e-01
687 5.81542968750000e-01 3.38192224502563e-01
688 5.50292968750000e-01 3.02822351455688e-01
689 5.23925781250000e-01 2.74498224258423e-01
690 5.51757812500000e-01 3.04436683654785e-01
691 5.77636718750000e-01 3.33664178848267e-01
692 5.19531250000000e-01 2.69912719726562e-01
693 5.59082031250000e-01 3.12572717666626e-01
694 6.01074218750000e-01 3.61290216445923e-01
695 5.84472656250000e-01 3.41608285903931e-01
696 6.53808593750000e-01 4.27465677261353e-01
697 6.28417968750000e-01 3.94909143447876e-01
698 6.14257812500000e-01 3.77312660217285e-01
699 6.59179687500000e-01 4.34517860412598e-01
700 6.83593750000000e-01 4.67300415039062e-01
701 7.65625000000000e-01 5.86181640625000e-01
702 7.37304687500000e-01 5.43618202209473e-01
703 7.50976562500000e-01 5.63965797424316e-01
704 6.85058593750000e-01 4.69305276870728e-01
705 7.24609375000000e-01 5.25058746337891e-01
706 7.52929687500000e-01 5.66903114318848e-01
707 7.71484375000000e-01 5.95188140869141e-01
708 7.26562500000000e-01 5.27893066406250e-01
709 7.17285156250000e-01 5.14497995376587e-01
710 7.07031250000000e-01 4.99893188476562e-01
711 6.62597656250000e-01 4.39035654067993e-01
712 7.00195312500000e-01 4.90273475646973e-01
713 6.93847656250000e-01 4.81424570083618e-01
714 7.27539062500000e-01 5.29313087463379e-01
715 7.67089843750000e-01 5.88426828384399e-01
716 7.55859375000000e-01 5.71323394775391e-01
717 7.13867187500000e-01 5.09606361389160e-01
718 6.52832031250000e-01 4.26189661026001e-01
719 6.80175781250000e-01 4.62639093399048e-01
720 6.20605468750000e-01 3.85151147842407e-01
721 6.41601562500000e-01 4.11652565002441e-01
722 5.84960937500000e-01 3.42179298400879e-01
723 5.92285156250000e-01 3.50801706314087e-01
724 5.69824218750000e-01 3.24699640274048e-01
725 6.46484375000000e-01 4.17942047119141e-01
726 6.00097656250000e-01 3.60117197036743e-01
727 6.07910156250000e-01 3.69554758071899e-01
728 5.97656250000000e-01 3.57192993164062e-01
729 6.23046875000000e-01 3.88187408447266e-01
730 6.42578125000000e-01 4.12906646728516e-01
731 6.31835937500000e-01 3.99216651916504e-01
732 6.32812500000000e-01 4.00451660156250e-01
733 6.28906250000000e-01 3.95523071289062e-01
734 6.40625000000000e-01 4.10400390625000e-01
735 6.35253906250000e-01 4.03547525405884e-01
736 6.20117187500000e-01 3.84545326232910e-01
737 6.63574218750000e-01 4.40330743789673e-01
738 6.76269531250000e-01 4.57340478897095e-01
739 7.01171875000000e-01 4.91641998291016e-01
740 6.72363281250000e-01 4.52072381973267e-01
741 6.34765625000000e-01 4.02927398681641e-01
742 5.59570312500000e-01 3.13118934631348e-01
743 6.11816406250000e-01 3.74319314956665e-01
744 6.32324218750000e-01 3.99833917617798e-01
745 6.07421875000000e-01 3.68961334228516e-01
746 6.45019531250000e-01 4.16050195693970e-01
747 6.04003906250000e-01 3.64820718765259e-01
748 6.22070312500000e-01 3.86971473693848e-01
749 6.61132812500000e-01 4.37096595764160e-01
750 7.00683593750000e-01 4.90957498550415e-01
751 7.05566406250000e-01 4.97823953628540e-01
752 6.84082031250000e-01 4.67968225479126e-01
753 6.69433593750000e-01 4.48141336441040e-01
754 6.19628906250000e-01 3.83939981460571e-01
755 5.37597656250000e-01 2.89011240005493e-01
756 5.21972656250000e-01 2.72455453872681e-01
757 4.57031250000000e-01 2.08877563476562e-01
758 4.55566406250000e-01 2.07540750503540e-01
759 4.75097656250000e-01 2.25717782974243e-01
760 4.34570312500000e-01 1.88851356506348e-01
761 4.40917968750000e-01 1.94408655166626e-01
762 4.67285156250000e-01 2.18355417251587e-01
763 4.78027343750000e-01 2.28510141372681e-01
764 4.54101562500000e-01 2.06208229064941e-01
765 4.50683593750000e-01 2.03115701675415e-01
766 4.69726562500000e-01 2.20643043518066e-01
767 4.36523437500000e-01 1.90552711486816e-01
768 4.10156250000000e-01 1.68228149414062e-01
769 4.41406250000000e-01 1.94839477539062e-01
770 4.58984375000000e-01 2.10666656494141e-01
771 4.01367187500000e-01 1.61095619201660e-01
772 3.96972656250000e-01 1.57587289810181e-01
773 4.06250000000000e-01 1.65039062500000e-01
774 4.59960937500000e-01 2.11564064025879e-01
775 4.68750000000000e-01 2.19726562500000e-01
776 4.29199218750000e-01 1.84211969375610e-01
777 4.96093750000000e-01 2.46109008789062e-01
778 5.66406250000000e-01 3.20816040039062e-01
779 5.55175781250000e-01 3.08220148086548e-01
780 5.31738281250000e-01 2.82745599746704e-01
781 5.34179687500000e-01 2.85347938537598e-01
782 5.27343750000000e-01 2.78091430664062e-01
783 5.66894531250000e-01 3.21369409561157e-01
784 6.00585937500000e-01 3.60703468322754e-01
785 5.79101562500000e-01 3.35358619689941e-01
786 5.60546875000000e-01 3.14212799072266e-01
787 4.90722656250000e-01 2.40808725357056e-01
788 4.73144531250000e-01 2.23865747451782e-01
789 5.16113281250000e-01 2.66372919082642e-01
790 5.49804687500000e-01 3.02285194396973e-01
791 5.34179687500000e-01 2.85347938537598e-01
792 4.94628906250000e-01 2.44657754898071e-01
793 5.32226562500000e-01 2.83265113830566e-01
794 5.30761718750000e-01 2.81708002090454e-01
795 5.39062500000000e-01 2.90588378906250e-01
796 5.23437500000000e-01 2.73986816406250e-01
797 5.56640625000000e-01 3.09848785400391e-01
798 6.32324218750000e-01 3.99833917617798e-01
799 6.14746093750000e-01 3.77912759780884e-01
800 6.98242187500000e-01 4.87542152404785e-01
801 7.06054687500000e-01 4.98513221740723e-01
802 7.04589843750000e-01 4.96446847915649e-01
803 6.96289062500000e-01 4.84818458557129e-01
804 6.50878906250000e-01 4.23643350601196e-01
805 6.58203125000000e-01 4.33231353759766e-01
806 5.99609375000000e-01 3.59531402587891e-01
807 6.65527343750000e-01 4.42926645278931e-01
808 6.71875000000000e-01 4.51416015625000e-01
809 7.26074218750000e-01 5.27183771133423e-01
810 7.33886718750000e-01 5.38589715957642e-01
811 7.21191406250000e-01 5.20117044448853e-01
812 7.23144531250000e-01 5.22938013076782e-01
813 6.80664062500000e-01 4.63303565979004e-01
814 6.81640625000000e-01 4.64633941650391e-01
815 6.63574218750000e-01 4.40330743789673e-01
816 6.84570312500000e-01 4.68636512756348e-01
817 6.85546875000000e-01 4.69974517822266e-01
818 6.82128906250000e-01 4.65299844741821e-01
819 6.62109375000000e-01 4.38388824462891e-01
820 6.45019531250000e-01 4.16050195693970e-01
821 6.47949218750000e-01 4.19838190078735e-01
822 6.42089843750000e-01 4.12279367446899e-01
823 6.34765625000000e-01 4.02927398681641e-01
824 6.35253906250000e-01 4.03547525405884e-01
825 6.09375000000000e-01 3.71337890625000e-01
826 6.23535156250000e-01 3.88796091079712e-01
827 6.32324218750000e-01 3.99833917617798e-01
828 5.99609375000000e-01 3.59531402587891e-01
829 6.08886718750000e-01 3.70743036270142e-01
830 5.19531250000000e-01 2.69912719726562e-01
831 5.78613281250000e-01 3.34793329238892e-01
832 5.44921875000000e-01 2.96939849853516e-01
833 5.91308593750000e-01 3.49645853042603e-01
834 5.68359375000000e-01 3.23032379150391e-01
835 5.95214843750000e-01 3.54280710220337e-01
836 5.74218750000000e-01 3.29727172851562e-01
837 5.96679687500000e-01 3.56026649475098e-01
838 6.05468750000000e-01 3.66592407226562e-01
839 5.74218750000000e-01 3.29727172851562e-01
840 5.50292968750000e-01 3.02822351455688e-01
841 5.93750000000000e-01 3.52539062500000e-01
842 6.49414062500000e-01 4.21738624572754e-01
843 6.25000000000000e-01 3.90625000000000e-01
844 5.24414062500000e-01 2.75010108947754e-01
845 5.22460937500000e-01 2.72965431213379e-01
846 5.03906250000000e-01 2.53921508789062e-01
847 5.14160156250000e-01 2.64360666275024e-01
848 4.54101562500000e-01 2.06208229064941e-01
849 5.20996093750000e-01 2.71436929702759e-01
850 4.95605468750000e-01 2.45624780654907e-01
851 4.57519531250000e-01 2.09324121475220e-01
852 5.08789062500000e-01 2.58866310119629e-01
853 5.07324218750000e-01 2.57377862930298e-01
854 5.10742187500000e-01 2.60857582092285e-01
855 5.31738281250000e-01 2.82745599746704e-01
856 4.15527343750000e-01 1.72662973403931e-01
857 4.25781250000000e-01 1.81289672851562e-01
858 4.24804687500000e-01 1.80459022521973e-01
859 3.36425781250000e-01 1.13182306289673e-01
860 2.29492187500000e-01 5.26666641235352e-02
861 2.65136718750000e-01 7.02974796295166e-02
862 2.53906250000000e-01 6.44683837890625e-02
863 2.97363281250000e-01 8.84249210357666e-02
864 2.94433593750000e-01 8.66911411285400e-02
865 2.53906250000000e-01 6.44683837890625e-02
866 3.11523437500000e-01 9.70468521118164e-02
867 2.78808593750000e-01 7.77342319488525e-02
868 2.70996093750000e-01 7.34388828277588e-02
869 2.10937500000000e-01 4.44946289062500e-02
870 2.06542968750000e-01 4.26599979400635e-02
871 2.18750000000000e-01 4.78515625000000e-02
872 2.51953125000000e-01 6.34803771972656e-02
873 1.88476562500000e-01 3.55234146118164e-02
874 2.06542968750000e-01 4.26599979400635e-02
875 1.45996093750000e-01 2.13148593902588e-02
876 2.68554687500000e-01 7.21216201782227e-02
877 2.84179687500000e-01 8.07580947875977e-02
878 2.34863281250000e-01 5.51607608795166e-02
879 2.65625000000000e-01 7.05566406250000e-02
880 2.72949218750000e-01 7.45012760162354e-02
881 3.48632812500000e-01 1.21544837951660e-01
882 4.01367187500000e-01 1.61095619201660e-01
883 3.62304687500000e-01 1.31264686584473e-01
884 3.45214843750000e-01 1.19173288345337e-01
885 3.56445312500000e-01 1.27053260803223e-01
886 4.14062500000000e-01 1.71447753906250e-01
887 3.78906250000000e-01 1.43569946289062e-01
888 3.22753906250000e-01 1.04170083999634e-01
889 2.51464843750000e-01 6.32345676422119e-02
890 2.63671875000000e-01 6.95228576660156e-02
891 3.05664062500000e-01 9.34305191040039e-02
892 3.38378906250000e-01 1.14500284194946e-01
893 2.99804687500000e-01 8.98828506469727e-02
894 3.68652343750000e-01 1.35904550552368e-01
895 3.38867187500000e-01 1.14830970764160e-01
896 3.74023437500000e-01 1.39893531799316e-01
897 3.54003906250000e-01 1.25318765640259e-01
898 3.82324218750000e-01 1.46171808242798e-01
899 4.52148437500000e-01 2.04438209533691e-01
900 3.23242187500000e-01 1.04485511779785e-01
901 2.92968750000000e-01 8.58306884765625e-02
902 3.24218750000000e-01 1.05117797851562e-01
903 4.49218750000000e-01 2.01797485351562e-01
904 3.90625000000000e-01 1.52587890625000e-01
905 4.26757812500000e-01 1.82122230529785e-01
906 4.34570312500000e-01 1.88851356506348e-01
907 4.06250000000000e-01 1.65039062500000e-01
908 4.02343750000000e-01 1.61880493164062e-01
909 4.02343750000000e-01 1.61880493164062e-01
910 4.13574218750000e-01 1.71043634414673e-01
911 3.43750000000000e-01 1.18164062500000e-01
912 3.25683593750000e-01 1.06069803237915e-01
913 3.13476562500000e-01 9.82675552368164e-02
914 3.86718750000000e-01 1.49551391601562e-01
915 4.17480468750000e-01 1.74289941787720e-01
916 3.71582031250000e-01 1.38073205947876e-01
917 4.24316406250000e-01 1.80044412612915e-01
918 3.99902343750000e-01 1.59921884536743e-01
919 3.80859375000000e-01 1.45053863525391e-01
920 3.69140625000000e-01 1.36264801025391e-01
921 4.32617187500000e-01 1.87157630920410e-01
922 3.91113281250000e-01 1.52969598770142e-01
923 3.87695312500000e-01 1.50307655334473e-01
924 3.47656250000000e-01 1.20864868164062e-01
925 3.31054687500000e-01 1.09597206115723e-01
926 3.00781250000000e-01 9.04693603515625e-02
927 2.53906250000000e-01 6.44683837890625e-02
928 2.78320312500000e-01 7.74621963500977e-02
929 2.75390625000000e-01 7.58399963378906e-02
930 3.55957031250000e-01 1.26705408096313e-01
931 4.11621093750000e-01 1.69431924819946e-01
932 3.99414062500000e-01 1.59531593322754e-01
933 4.51660156250000e-01 2.03996896743774e-01
934 4.69726562500000e-01 2.20643043518066e-01
935 5.23437500000000e-01 2.73986816406250e-01
936 5.10253906250000e-01 2.60359048843384e-01
937 5.58105468750000e-01 3.11481714248657e-01
938 5.26367187500000e-01 2.77062416076660e-01
939 5.16601562500000e-01 2.66877174377441e-01
940 4.93652343750000e-01 2.43692636489868e-01
941 5.49804687500000e-01 3.02285194396973e-01
942 5.83496093750000e-01 3.40467691421509e-01
943 5.84960937500000e-01 3.42179298400879e-01
944 6.41601562500000e-01 4.11652565002441e-01
945 6.80175781250000e-01 4.62639093399048e-01
946 6.92382812500000e-01 4.79393959045410e-01
947 7.02148437500000e-01 4.93012428283691e-01
948 6.65039062500000e-01 4.42276954650879e-01
949 6.84082031250000e-01 4.67968225479126e-01
950 7.21679687500000e-01 5.20821571350098e-01
951 6.99707031250000e-01 4.89589929580688e-01
952 7.39746093750000e-01 5.47224283218384e-01
953 6.90429687500000e-01 4.76693153381348e-01
954 7.32421875000000e-01 5.36441802978516e-01
955 7.01171875000000e-01 4.91641998291016e-01
956 6.84082031250000e-01 4.67968225479126e-01
957 6.66015625000000e-01 4.43576812744141e-01
958 6.36230468750000e-01 4.04789209365845e-01
959 6.71386718750000e-01 4.50760126113892e-01
960 6.80175781250000e-01 4.62639093399048e-01
961 6.58203125000000e-01 4.33231353759766e-01
962 6.64062500000000e-01 4.40979003906250e-01
963 6.32812500000000e-01 4.00451660156250e-01
964 6.36230468750000e-01 4.04789209365845e-01
965 5.98144531250000e-01 3.57776880264282e-01
966 6.63085937500000e-01 4.39682960510254e-01
967 6.79199218750000e-01 4.61311578750610e-01
968 6.67968750000000e-01 4.46182250976562e-01
969 6.99707031250000e-01 4.89589929580688e-01
970 7.34863281250000e-01 5.40024042129517e-01
971 7.50000000000000e-01 5.62500000000000e-01
972 6.82617187500000e-01 4.65966224670410e-01
973 6.93359375000000e-01 4.80747222900391e-01
974 6.92382812500000e-01 4.79393959045410e-01
975 7.20703125000000e-01 5.19412994384766e-01
976 7.11425781250000e-01 5.06126642227173e-01
977 6.76269531250000e-01 4.57340478897095e-01
978 6.72851562500000e-01 4.52729225158691e-01
979 6.16699218750000e-01 3.80317926406860e-01
980 6.99707031250000e-01 4.89589929580688e-01
981 7.21191406250000e-01 5.20117044448853e-01
982 7.12890625000000e-01 5.08213043212891e-01
983 7.29980468750000e-01 5.32871484756470e-01
984 7.02636718750000e-01 4.93698358535767e-01
985 7.22167968750000e-01 5.21526575088501e-01
986 7.25585937500000e-01 5.26474952697754e-01
987 6.90917968750000e-01 4.77367639541626e-01
988 6.72851562500000e-01 4.52729225158691e-01
989 6.70410156250000e-01 4.49449777603149e-01
990 7.07031250000000e-01 4.99893188476562e-01
991 7.31933593750000e-01 5.35726785659790e-01
992 7.02148437500000e-01 4.93012428283691e-01
993 6.38183593750000e-01 4.07278299331665e-01
994 6.94335937500000e-01 4.82102394104004e-01
995 6.55273437500000e-01 4.29383277893066e-01
996 5.89843750000000e-01 3.47915649414062e-01
997 5.77148437500000e-01 3.33100318908691e-01
998 6.08886718750000e-01 3.70743036270142e-01
999 6.90917968750000e-01 4.77367639541626e-01
