0 7.09472656250000e-01 5.03351449966431e-01
1 6.99707031250000e-01 4.89589929580688e-01
2 6.69921875000000e-01 4.48795318603516e-01
3 6.43066406250000e-01 4.13534402847290e-01
4 6.87988281250000e-01 4.73327875137329e-01
5 6.63085937500000e-01 4.39682960510254e-01
6 6.72851562500000e-01 4.52729225158691e-01
7 6.29394531250000e-01 3.96137475967407e-01
8 6.56250000000000e-01 4.30664062500000e-01
9 6.50878906250000e-01 4.23643350601196e-01
10 6.64062500000000e-01 4.40979003906250e-01
11 6.34277343750000e-01 4.02307748794556e-01
12 6.24023437500000e-01 3.89405250549316e-01
13 6.44531250000000e-01 4.15420532226562e-01
14 5.98632812500000e-01 3.58361244201660e-01
15 6.08886718750000e-01 3.70743036270142e-01
16 6.30371093750000e-01 3.97367715835571e-01
17 6.77734375000000e-01 4.59323883056641e-01
18 6.04980468750000e-01 3.66001367568970e-01
19 6.23535156250000e-01 3.88796091079712e-01
20 5.98144531250000e-01 3.57776880264282e-01
21 5.88867187500000e-01 3.46764564514160e-01
22 6.00585937500000e-01 3.60703468322754e-01
23 5.80566406250000e-01 3.37057352066040e-01
24 5.63964843750000e-01 3.18056344985962e-01
25 5.62988281250000e-01 3.16955804824829e-01
26 5.22460937500000e-01 2.72965431213379e-01
27 5.03417968750000e-01 2.53429651260376e-01
28 5.26855468750000e-01 2.77576684951782e-01
29 6.36718750000000e-01 4.05410766601562e-01
30 6.09375000000000e-01 3.71337890625000e-01
31 6.58203125000000e-01 4.33231353759766e-01
32 6.42089843750000e-01 4.12279367446899e-01
33 6.87500000000000e-01 4.72656250000000e-01
34 6.74804687500000e-01 4.55361366271973e-01
35 7.17285156250000e-01 5.14497995376587e-01
36 6.91894531250000e-01 4.78718042373657e-01
37 6.84570312500000e-01 4.68636512756348e-01
38 6.52343750000000e-01 4.25552368164062e-01
39 6.36230468750000e-01 4.04789209365845e-01
40 6.01562500000000e-01 3.61877441406250e-01
41 6.23046875000000e-01 3.88187408447266e-01
42 6.04980468750000e-01 3.66001367568970e-01
43 6.14257812500000e-01 3.77312660217285e-01
44 6.53808593750000e-01 4.27465677261353e-01
45 6.46972656250000e-01 4.18573617935181e-01
46 6.53320312500000e-01 4.26827430725098e-01
47 6.11328125000000e-01 3.73722076416016e-01
48 5.45410156250000e-01 2.97472238540649e-01
49 5.29296875000000e-01 2.80155181884766e-01
50 5.32714843750000e-01 2.83785104751587e-01
51 5.45410156250000e-01 2.97472238540649e-01
52 4.71191406250000e-01 2.22021341323853e-01
53 5.44433593750000e-01 2.96407938003540e-01
54 5.48828125000000e-01 3.01212310791016e-01
55 4.85351562500000e-01 2.35566139221191e-01
56 4.95117187500000e-01 2.45141029357910e-01
57 4.41406250000000e-01 1.94839477539062e-01
58 4.59472656250000e-01 2.11115121841431e-01
59 4.41894531250000e-01 1.95270776748657e-01
60 4.39453125000000e-01 1.93119049072266e-01
61 4.79980468750000e-01 2.30381250381470e-01
62 4.85351562500000e-01 2.35566139221191e-01
63 5.10742187500000e-01 2.60857582092285e-01
64 5.65917968750000e-01 3.20263147354126e-01
65 5.50781250000000e-01 3.03359985351562e-01
66 5.81054687500000e-01 3.37624549865723e-01
67 5.06835937500000e-01 2.56882667541504e-01
68 5.85449218750000e-01 3.42750787734985e-01
69 5.55175781250000e-01 3.08220148086548e-01
70 5.46386718750000e-01 2.98538446426392e-01
71 5.36621093750000e-01 2.87962198257446e-01
72 5.48828125000000e-01 3.01212310791016e-01
73 5.42480468750000e-01 2.94285058975220e-01
74 5.16601562500000e-01 2.66877174377441e-01
75 5.46386718750000e-01 2.98538446426392e-01
76 5.61523437500000e-01 3.15308570861816e-01
77 6.07421875000000e-01 3.68961334228516e-01
78 5.81542968750000e-01 3.38192224502563e-01
79 5.57128906250000e-01 3.10392618179321e-01
80 4.94140625000000e-01 2.44174957275391e-01
81 4.73144531250000e-01 2.23865747451782e-01
82 4.16503906250000e-01 1.73475503921509e-01
83 3.77929687500000e-01 1.42830848693848e-01
84 3.86718750000000e-01 1.49551391601562e-01
85 3.97949218750000e-01 1.58363580703735e-01
86 3.95019531250000e-01 1.56040430068970e-01
87 3.59863281250000e-01 1.29501581192017e-01
88 3.93066406250000e-01 1.54501199722290e-01
89 4.28710937500000e-01 1.83793067932129e-01
90 3.68164062500000e-01 1.35544776916504e-01
91 4.18945312500000e-01 1.75515174865723e-01
92 3.54492187500000e-01 1.25664710998535e-01
93 3.82324218750000e-01 1.46171808242798e-01
94 3.79394531250000e-01 1.43940210342407e-01
95 4.06738281250000e-01 1.65436029434204e-01
96 5.09765625000000e-01 2.59860992431641e-01
97 4.97558593750000e-01 2.47564554214478e-01
98 4.90234375000000e-01 2.40329742431641e-01
99 4.33105468750000e-01 1.87580347061157e-01
100 4.36035156250000e-01 1.90126657485962e-01
101 3.86230468750000e-01 1.49173974990845e-01
102 3.72070312500000e-01 1.38436317443848e-01
103 3.73535156250000e-01 1.39528512954712e-01
104 3.61816406250000e-01 1.30911111831665e-01
105 3.63769531250000e-01 1.32328271865845e-01
106 3.26171875000000e-01 1.06388092041016e-01
107 2.64648437500000e-01 7.00387954711914e-02
108 2.38281250000000e-01 5.67779541015625e-02
109 2.49023437500000e-01 6.20126724243164e-02
110 2.21679687500000e-01 4.91418838500977e-02
111 1.94824218750000e-01 3.79564762115479e-02
112 2.22656250000000e-01 4.95758056640625e-02
113 1.82128906250000e-01 3.31709384918213e-02
114 2.21191406250000e-01 4.89256381988525e-02
115 2.76855468750000e-01 7.66489505767822e-02
116 1.64062500000000e-01 2.69165039062500e-02
117 2.67089843750000e-01 7.13369846343994e-02
118 3.07128906250000e-01 9.43281650543213e-02
119 2.56835937500000e-01 6.59646987915039e-02
120 2.16796875000000e-01 4.70008850097656e-02
121 2.14355468750000e-01 4.59482669830322e-02
122 1.10839843750000e-01 1.22854709625244e-02
123 1.51367187500000e-01 2.29120254516602e-02
124 1.51367187500000e-01 2.29120254516602e-02
125 1.02539062500000e-01 1.05142593383789e-02
126 1.83105468750000e-01 3.35276126861572e-02
127 2.21679687500000e-01 4.91418838500977e-02
128 2.27539062500000e-01 5.17740249633789e-02
129 2.58300781250000e-01 6.67192935943604e-02
130 2.29003906250000e-01 5.24427890777588e-02
131 2.46582031250000e-01 6.08026981353760e-02
132 2.36328125000000e-01 5.58509826660156e-02
133 2.12402343750000e-01 4.51147556304932e-02
134 1.00097656250000e-01 1.00195407867432e-02
135 1.07910156250000e-01 1.16446018218994e-02
136 1.47949218750000e-01 2.18889713287354e-02
137 1.39160156250000e-01 1.93655490875244e-02
138 1.43554687500000e-01 2.06079483032227e-02
139 1.63574218750000e-01 2.67565250396729e-02
140 1.91894531250000e-01 3.68235111236572e-02
141 2.18750000000000e-01 4.78515625000000e-02
142 2.19238281250000e-01 4.80654239654541e-02
143 2.44140625000000e-01 5.96046447753906e-02
144 2.08984375000000e-01 4.36744689941406e-02
145 1.85546875000000e-01 3.44276428222656e-02
146 2.26074218750000e-01 5.11095523834229e-02
147 2.09472656250000e-01 4.38787937164307e-02
148 3.10546875000000e-01 9.64393615722656e-02
149 3.44238281250000e-01 1.18499994277954e-01
150 3.74511718750000e-01 1.40259027481079e-01
151 3.75488281250000e-01 1.40991449356079e-01
152 2.95410156250000e-01 8.72671604156494e-02
153 3.80859375000000e-01 1.45053863525391e-01
154 4.08203125000000e-01 1.66629791259766e-01
155 4.28222656250000e-01 1.83374643325806e-01
156 4.93652343750000e-01 2.43692636489868e-01
157 4.81933593750000e-01 2.32259988784790e-01
158 4.61425781250000e-01 2.12913751602173e-01
159 4.94628906250000e-01 2.44657754898071e-01
160 4.13574218750000e-01 1.71043634414673e-01
161 3.81835937500000e-01 1.45798683166504e-01
162 3.29101562500000e-01 1.08307838439941e-01
163 3.07617187500000e-01 9.46283340454102e-02
164 2.82714843750000e-01 7.99276828765869e-02
165 2.96386718750000e-01 8.78450870513916e-02
166 3.56933593750000e-01 1.27401590347290e-01
167 2.59765625000000e-01 6.74781799316406e-02
168 2.88574218750000e-01 8.32750797271729e-02
169 3.11523437500000e-01 9.70468521118164e-02
170 2.94433593750000e-01 8.66911411285400e-02
171 2.96875000000000e-01 8.81347656250000e-02
172 3.30078125000000e-01 1.08951568603516e-01
173 3.20800781250000e-01 1.02913141250610e-01
174 3.60351562500000e-01 1.29853248596191e-01
175 3.92089843750000e-01 1.53734445571899e-01
176 3.27148437500000e-01 1.07026100158691e-01
177 3.12988281250000e-01 9.79616641998291e-02
178 2.57324218750000e-01 6.62157535552979e-02
179 3.23242187500000e-01 1.04485511779785e-01
180 3.48632812500000e-01 1.21544837951660e-01
181 3.31054687500000e-01 1.09597206115723e-01
182 3.80371093750000e-01 1.44682168960571e-01
183 3.95996093750000e-01 1.56812906265259e-01
184 4.72167968750000e-01 2.22942590713501e-01
185 4.77050781250000e-01 2.27577447891235e-01
186 4.73632812500000e-01 2.24328041076660e-01
187 4.36523437500000e-01 1.90552711486816e-01
188 5.25878906250000e-01 2.76548624038696e-01
189 4.15527343750000e-01 1.72662973403931e-01
190 4.27246093750000e-01 1.82539224624634e-01
191 4.47265625000000e-01 2.00046539306641e-01
192 4.37011718750000e-01 1.90979242324829e-01
193 4.76074218750000e-01 2.26646661758423e-01
194 4.73144531250000e-01 2.23865747451782e-01
195 3.93066406250000e-01 1.54501199722290e-01
196 4.45800781250000e-01 1.98738336563110e-01
197 4.12597656250000e-01 1.70236825942993e-01
198 4.68261718750000e-01 2.19269037246704e-01
199 4.55078125000000e-01 2.07096099853516e-01
200 4.14550781250000e-01 1.71852350234985e-01
201 3.91113281250000e-01 1.52969598770142e-01
202 3.62792968750000e-01 1.31618738174438e-01
203 2.43164062500000e-01 5.91287612915039e-02
204 2.95410156250000e-01 8.72671604156494e-02
205 3.05175781250000e-01 9.31322574615479e-02
206 2.91503906250000e-01 8.49745273590088e-02
207 2.88085937500000e-01 8.29935073852539e-02
208 2.31933593750000e-01 5.37931919097900e-02
209 2.80761718750000e-01 7.88271427154541e-02
210 2.40722656250000e-01 5.79473972320557e-02
211 2.30957031250000e-01 5.33411502838135e-02
212 2.52441406250000e-01 6.37266635894775e-02
213 2.53906250000000e-01 6.44683837890625e-02
214 1.95312500000000e-01 3.81469726562500e-02
215 2.10937500000000e-01 4.44946289062500e-02
216 2.29980468750000e-01 5.28910160064697e-02
217 1.84570312500000e-01 3.40662002563477e-02
218 1.98730468750000e-01 3.94937992095947e-02
219 2.60253906250000e-01 6.77320957183838e-02
220 2.10449218750000e-01 4.42888736724854e-02
221 2.31445312500000e-01 5.35669326782227e-02
222 2.50488281250000e-01 6.27443790435791e-02
223 2.46582031250000e-01 6.08026981353760e-02
224 3.16894531250000e-01 1.00422143936157e-01
225 3.50097656250000e-01 1.22568368911743e-01
226 3.60839843750000e-01 1.30205392837524e-01
227 3.95019531250000e-01 1.56040430068970e-01
228 3.26660156250000e-01 1.06706857681274e-01
229 3.23242187500000e-01 1.04485511779785e-01
230 3.08593750000000e-01 9.52301025390625e-02
231 2.85644531250000e-01 8.15927982330322e-02
232 3.52050781250000e-01 1.23939752578735e-01
233 3.94531250000000e-01 1.55654907226562e-01
234 4.37500000000000e-01 1.91406250000000e-01
235 4.12109375000000e-01 1.69834136962891e-01
236 4.18945312500000e-01 1.75515174865723e-01
237 4.28710937500000e-01 1.83793067932129e-01
238 4.89257812500000e-01 2.39373207092285e-01
239 4.61914062500000e-01 2.13364601135254e-01
240 3.59863281250000e-01 1.29501581192017e-01
241 4.03808593750000e-01 1.63061380386353e-01
242 3.55468750000000e-01 1.26358032226562e-01
243 3.85253906250000e-01 1.48420572280884e-01
244 3.38867187500000e-01 1.14830970764160e-01
245 3.77929687500000e-01 1.42830848693848e-01
246 4.14062500000000e-01 1.71447753906250e-01
247 3.49609375000000e-01 1.22226715087891e-01
248 2.37304687500000e-01 5.63135147094727e-02
249 2.49511718750000e-01 6.22560977935791e-02
250 2.26074218750000e-01 5.11095523834229e-02
251 2.00195312500000e-01 4.00781631469727e-02
252 2.10449218750000e-01 4.42888736724854e-02
253 2.56347656250000e-01 6.57141208648682e-02
254 2.89062500000000e-01 8.35571289062500e-02
255 2.84179687500000e-01 8.07580947875977e-02
256 2.96386718750000e-01 8.78450870513916e-02
257 3.47656250000000e-01 1.20864868164062e-01
258 3.19824218750000e-01 1.02287530899048e-01
259 3.38378906250000e-01 1.14500284194946e-01
260 3.00781250000000e-01 9.04693603515625e-02
261 3.42773437500000e-01 1.17493629455566e-01
262 4.08203125000000e-01 1.66629791259766e-01
263 3.60839843750000e-01 1.30205392837524e-01
264 3.93554687500000e-01 1.54885292053223e-01
265 5.00976562500000e-01 2.50977516174316e-01
266 5.24414062500000e-01 2.75010108947754e-01
267 5.90820312500000e-01 3.49068641662598e-01
268 5.45410156250000e-01 2.97472238540649e-01
269 4.95117187500000e-01 2.45141029357910e-01
270 5.52246093750000e-01 3.04975748062134e-01
271 6.01562500000000e-01 3.61877441406250e-01
272 5.46386718750000e-01 2.98538446426392e-01
273 5.69335937500000e-01 3.24143409729004e-01
274 5.15625000000000e-01 2.65869140625000e-01
275 4.58496093750000e-01 2.10218667984009e-01
276 5.55175781250000e-01 3.08220148086548e-01
277 4.67773437500000e-01 2.18811988830566e-01
278 5.69824218750000e-01 3.24699640274048e-01
279 5.34667968750000e-01 2.85869836807251e-01
280 5.31738281250000e-01 2.82745599746704e-01
281 4.60449218750000e-01 2.12013483047485e-01
282 4.61425781250000e-01 2.12913751602173e-01
283 4.84863281250000e-01 2.35092401504517e-01
284 4.60449218750000e-01 2.12013483047485e-01
285 4.71191406250000e-01 2.22021341323853e-01
286 4.84863281250000e-01 2.35092401504517e-01
287 5.17089843750000e-01 2.67381906509399e-01
288 4.98046875000000e-01 2.48050689697266e-01
289 5.33691406250000e-01 2.84826517105103e-01
290 5.43945312500000e-01 2.95876502990723e-01
291 4.91699218750000e-01 2.41768121719360e-01
292 5.21484375000000e-01 2.71945953369141e-01
293 5.76660156250000e-01 3.32536935806274e-01
294 5.86425781250000e-01 3.43895196914673e-01
295 6.64550781250000e-01 4.41627740859985e-01
296 6.37695312500000e-01 4.06655311584473e-01
297 6.34277343750000e-01 4.02307748794556e-01
298 6.29882812500000e-01 3.96752357482910e-01
299 6.88964843750000e-01 4.74672555923462e-01
300 6.95312500000000e-01 4.83459472656250e-01
301 5.61523437500000e-01 3.15308570861816e-01
302 6.25000000000000e-01 3.90625000000000e-01
303 6.04003906250000e-01 3.64820718765259e-01
304 5.01464843750000e-01 2.51466989517212e-01
305 4.61425781250000e-01 2.12913751602173e-01
306 4.93652343750000e-01 2.43692636489868e-01
307 4.67285156250000e-01 2.18355417251587e-01
308 4.91210937500000e-01 2.41288185119629e-01
309 4.06250000000000e-01 1.65039062500000e-01
310 4.22363281250000e-01 1.78390741348267e-01
311 4.55566406250000e-01 2.07540750503540e-01
312 4.30664062500000e-01 1.85471534729004e-01
313 4.76562500000000e-01 2.27111816406250e-01
314 5.01464843750000e-01 2.51466989517212e-01
315 4.50195312500000e-01 2.02675819396973e-01
316 4.37500000000000e-01 1.91406250000000e-01
317 4.74609375000000e-01 2.25254058837891e-01
318 4.84375000000000e-01 2.34619140625000e-01
319 4.04785156250000e-01 1.63851022720337e-01
320 3.71093750000000e-01 1.37710571289062e-01
321 4.08691406250000e-01 1.67028665542603e-01
322 4.18945312500000e-01 1.75515174865723e-01
323 4.58007812500000e-01 2.09771156311035e-01
324 4.47265625000000e-01 2.00046539306641e-01
325 4.34082031250000e-01 1.88427209854126e-01
326 5.10253906250000e-01 2.60359048843384e-01
327 4.89257812500000e-01 2.39373207092285e-01
328 4.94628906250000e-01 2.44657754898071e-01
329 4.65820312500000e-01 2.16988563537598e-01
330 4.93164062500000e-01 2.43210792541504e-01
331 4.45800781250000e-01 1.98738336563110e-01
332 4.42871093750000e-01 1.96134805679321e-01
333 4.45800781250000e-01 1.98738336563110e-01
334 4.45312500000000e-01 1.98303222656250e-01
335 4.58007812500000e-01 2.09771156311035e-01
336 4.81933593750000e-01 2.32259988784790e-01
337 4.60449218750000e-01 2.12013483047485e-01
338 4.37500000000000e-01 1.91406250000000e-01
339 4.96582031250000e-01 2.46593713760376e-01
340 3.86718750000000e-01 1.49551391601562e-01
341 3.57910156250000e-01 1.28099679946899e-01
342 4.15527343750000e-01 1.72662973403931e-01
343 4.59472656250000e-01 2.11115121841431e-01
344 4.77050781250000e-01 2.27577447891235e-01
345 4.93164062500000e-01 2.43210792541504e-01
346 5.47363281250000e-01 2.99606561660767e-01
347 4.79492187500000e-01 2.29912757873535e-01
348 4.34082031250000e-01 1.88427209854126e-01
349 3.95507812500000e-01 1.56426429748535e-01
350 4.33105468750000e-01 1.87580347061157e-01
351 4.64355468750000e-01 2.15626001358032e-01
352 4.59472656250000e-01 2.11115121841431e-01
353 5.19042968750000e-01 2.69405603408813e-01
354 5.57128906250000e-01 3.10392618179321e-01
355 5.19042968750000e-01 2.69405603408813e-01
356 5.20507812500000e-01 2.70928382873535e-01
357 4.80957031250000e-01 2.31319665908813e-01
358 5.58105468750000e-01 3.11481714248657e-01
359 5.47363281250000e-01 2.99606561660767e-01
360 5.58593750000000e-01 3.12026977539062e-01
361 5.79101562500000e-01 3.35358619689941e-01
362 5.77636718750000e-01 3.33664178848267e-01
363 5.53222656250000e-01 3.06055307388306e-01
364 5.84960937500000e-01 3.42179298400879e-01
365 5.95214843750000e-01 3.54280710220337e-01
366 6.55273437500000e-01 4.29383277893066e-01
367 6.55761718750000e-01 4.30023431777954e-01
368 6.35742187500000e-01 4.04168128967285e-01
369 5.67382812500000e-01 3.21923255920410e-01
370 6.01562500000000e-01 3.61877441406250e-01
371 5.06347656250000e-01 2.56387948989868e-01
372 5.27343750000000e-01 2.78091430664062e-01
373 5.30273437500000e-01 2.81189918518066e-01
374 5.66406250000000e-01 3.20816040039062e-01
375 5.45410156250000e-01 2.97472238540649e-01
376 5.44433593750000e-01 2.96407938003540e-01
377 5.42968750000000e-01 2.94815063476562e-01
378 5.50292968750000e-01 3.02822351455688e-01
379 5.08789062500000e-01 2.58866310119629e-01
380 4.88769531250000e-01 2.38895654678345e-01
381 4.98535156250000e-01 2.48537302017212e-01
382 4.59472656250000e-01 2.11115121841431e-01
383 4.72656250000000e-01 2.23403930664062e-01
384 4.89746093750000e-01 2.39851236343384e-01
385 4.56542968750000e-01 2.08431482315063e-01
386 4.61425781250000e-01 2.12913751602173e-01
387 5.58105468750000e-01 3.11481714248657e-01
388 5.69335937500000e-01 3.24143409729004e-01
389 5.92285156250000e-01 3.50801706314087e-01
390 5.83496093750000e-01 3.40467691421509e-01
391 5.85449218750000e-01 3.42750787734985e-01
392 6.18652343750000e-01 3.82730722427368e-01
393 5.97167968750000e-01 3.56609582901001e-01
394 6.16210937500000e-01 3.79715919494629e-01
395 6.03515625000000e-01 3.64231109619141e-01
396 5.53222656250000e-01 3.06055307388306e-01
397 5.67871093750000e-01 3.22477579116821e-01
398 5.83984375000000e-01 3.41037750244141e-01
399 6.64062500000000e-01 4.40979003906250e-01
400 6.69921875000000e-01 4.48795318603516e-01
401 6.80175781250000e-01 4.62639093399048e-01
402 6.59667968750000e-01 4.35161828994751e-01
403 6.44042968750000e-01 4.14791345596313e-01
404 6.50878906250000e-01 4.23643350601196e-01
405 6.96289062500000e-01 4.84818458557129e-01
406 7.41699218750000e-01 5.50117731094360e-01
407 7.39746093750000e-01 5.47224283218384e-01
408 6.64062500000000e-01 4.40979003906250e-01
409 6.94335937500000e-01 4.82102394104004e-01
410 7.26074218750000e-01 5.27183771133423e-01
411 6.98730468750000e-01 4.88224267959595e-01
412 7.01660156250000e-01 4.92326974868774e-01
413 7.41210937500000e-01 5.49393653869629e-01
414 7.11425781250000e-01 5.06126642227173e-01
415 7.04589843750000e-01 4.96446847915649e-01
416 7.29492187500000e-01 5.32158851623535e-01
417 6.83593750000000e-01 4.67300415039062e-01
418 6.87988281250000e-01 4.73327875137329e-01
419 6.56250000000000e-01 4.30664062500000e-01
420 6.35742187500000e-01 4.04168128967285e-01
421 6.62109375000000e-01 4.38388824462891e-01
422 7.40722656250000e-01 5.48670053482056e-01
423 7.19726562500000e-01 5.18006324768066e-01
424 7.40722656250000e-01 5.48670053482056e-01
425 7.57324218750000e-01 5.73539972305298e-01
426 7.66113281250000e-01 5.86929559707642e-01
427 7.49023437500000e-01 5.61036109924316e-01
428 7.27539062500000e-01 5.29313087463379e-01
429 7.49511718750000e-01 5.61767816543579e-01
430 7.07031250000000e-01 4.99893188476562e-01
431 7.23632812500000e-01 5.23644447326660e-01
432 7.15820312500000e-01 5.12398719787598e-01
433 6.77734375000000e-01 4.59323883056641e-01
434 6.12304687500000e-01 3.74917030334473e-01
435 6.13769531250000e-01 3.76713037490845e-01
436 6.11328125000000e-01 3.73722076416016e-01
437 6.80664062500000e-01 4.63303565979004e-01
438 6.60644531250000e-01 4.36451196670532e-01
439 6.25000000000000e-01 3.90625000000000e-01
440 5.95214843750000e-01 3.54280710220337e-01
441 5.59082031250000e-01 3.12572717666626e-01
442 5.73730468750000e-01 3.29166650772095e-01
443 5.21972656250000e-01 2.72455453872681e-01
444 5.32226562500000e-01 2.83265113830566e-01
445 5.33203125000000e-01 2.84305572509766e-01
446 5.74707031250000e-01 3.30288171768188e-01
447 5.18066406250000e-01 2.68392801284790e-01
448 5.73730468750000e-01 3.29166650772095e-01
449 6.45507812500000e-01 4.16680335998535e-01
450 6.11816406250000e-01 3.74319314956665e-01
451 5.90820312500000e-01 3.49068641662598e-01
452 5.82031250000000e-01 3.38760375976562e-01
453 5.92285156250000e-01 3.50801706314087e-01
454 5.62988281250000e-01 3.16955804824829e-01
455 6.21582031250000e-01 3.86364221572876e-01
456 5.62011718750000e-01 3.15857172012329e-01
457 5.63964843750000e-01 3.18056344985962e-01
458 5.40039062500000e-01 2.91642189025879e-01
459 4.73144531250000e-01 2.23865747451782e-01
460 4.69238281250000e-01 2.20184564590454e-01
461 4.68750000000000e-01 2.19726562500000e-01
462 4.16015625000000e-01 1.73069000244141e-01
463 4.29687500000000e-01 1.84631347656250e-01
464 4.13085937500000e-01 1.70639991760254e-01
465 3.92578125000000e-01 1.54117584228516e-01
466 4.31152343750000e-01 1.85892343521118e-01
467 3.84277343750000e-01 1.47669076919556e-01
468 3.37402343750000e-01 1.13840341567993e-01
469 3.95019531250000e-01 1.56040430068970e-01
470 4.24804687500000e-01 1.80459022521973e-01
471 4.14550781250000e-01 1.71852350234985e-01
472 4.14062500000000e-01 1.71447753906250e-01
473 4.20410156250000e-01 1.76744699478149e-01
474 3.78417968750000e-01 1.43200159072876e-01
475 3.42773437500000e-01 1.17493629455566e-01
476 3.94042968750000e-01 1.55269861221313e-01
477 4.02343750000000e-01 1.61880493164062e-01
478 3.68652343750000e-01 1.35904550552368e-01
479 4.00878906250000e-01 1.60703897476196e-01
480 4.06250000000000e-01 1.65039062500000e-01
481 4.17480468750000e-01 1.74289941787720e-01
482 4.52636718750000e-01 2.04879999160767e-01
483 4.56542968750000e-01 2.08431482315063e-01
484 3.83300781250000e-01 1.46919488906860e-01
485 3.69628906250000e-01 1.36625528335571e-01
486 3.79882812500000e-01 1.44310951232910e-01
487 3.63769531250000e-01 1.32328271865845e-01
488 3.35449218750000e-01 1.12526178359985e-01
489 3.56933593750000e-01 1.27401590347290e-01
490 3.09570312500000e-01 9.58337783813477e-02
491 2.78808593750000e-01 7.77342319488525e-02
492 2.07031250000000e-01 4.28619384765625e-02
493 1.82617187500000e-01 3.33490371704102e-02
494 1.80664062500000e-01 3.26395034790039e-02
495 1.74316406250000e-01 3.03862094879150e-02
496 1.71875000000000e-01 2.95410156250000e-02
497 2.17285156250000e-01 4.72128391265869e-02
498 2.47070312500000e-01 6.10437393188477e-02
499 2.06542968750000e-01 4.26599979400635e-02
500 1.87500000000000e-01 3.51562500000000e-02
501 2.20703125000000e-01 4.87098693847656e-02
502 1.79687500000000e-01 3.22875976562500e-02
503 2.01171875000000e-01 4.04701232910156e-02
504 1.53320312500000e-01 2.35071182250977e-02
505 2.92968750000000e-01 8.58306884765625e-02
506 3.34472656250000e-01 1.11871957778931e-01
507 3.55468750000000e-01 1.26358032226562e-01
508 4.10156250000000e-01 1.68228149414062e-01
509 4.23828125000000e-01 1.79630279541016e-01
510 3.97949218750000e-01 1.58363580703735e-01
511 4.23828125000000e-01 1.79630279541016e-01
512 4.51660156250000e-01 2.03996896743774e-01
513 4.72656250000000e-01 2.23403930664062e-01
514 3.65234375000000e-01 1.33396148681641e-01
515 4.05761718750000e-01 1.64642572402954e-01
516 4.26269531250000e-01 1.81705713272095e-01
517 4.21875000000000e-01 1.77978515625000e-01
518 4.45800781250000e-01 1.98738336563110e-01
519 4.15527343750000e-01 1.72662973403931e-01
520 4.70214843750000e-01 2.21101999282837e-01
521 5.07812500000000e-01 2.57873535156250e-01
522 5.18066406250000e-01 2.68392801284790e-01
523 5.98144531250000e-01 3.57776880264282e-01
524 5.51269531250000e-01 3.03898096084595e-01
525 5.90820312500000e-01 3.49068641662598e-01
526 5.91308593750000e-01 3.49645853042603e-01
527 5.50292968750000e-01 3.02822351455688e-01
528 4.95117187500000e-01 2.45141029357910e-01
529 4.48730468750000e-01 2.01359033584595e-01
530 4.79003906250000e-01 2.29444742202759e-01
531 3.98437500000000e-01 1.58752441406250e-01
532 4.52636718750000e-01 2.04879999160767e-01
533 4.52148437500000e-01 2.04438209533691e-01
534 4.68750000000000e-01 2.19726562500000e-01
535 3.99902343750000e-01 1.59921884536743e-01
536 3.93066406250000e-01 1.54501199722290e-01
537 3.77929687500000e-01 1.42830848693848e-01
538 3.71093750000000e-01 1.37710571289062e-01
539 3.81835937500000e-01 1.45798683166504e-01
540 3.54003906250000e-01 1.25318765640259e-01
541 4.15527343750000e-01 1.72662973403931e-01
542 4.25781250000000e-01 1.81289672851562e-01
543 4.36035156250000e-01 1.90126657485962e-01
544 3.95019531250000e-01 1.56040430068970e-01
545 4.04785156250000e-01 1.63851022720337e-01
546 4.09179687500000e-01 1.67428016662598e-01
547 5.04882812500000e-01 2.54906654357910e-01
548 4.31152343750000e-01 1.85892343521118e-01
549 4.12109375000000e-01 1.69834136962891e-01
550 3.62304687500000e-01 1.31264686584473e-01
551 2.85156250000000e-01 8.13140869140625e-02
552 3.27148437500000e-01 1.07026100158691e-01
553 3.99902343750000e-01 1.59921884536743e-01
554 4.77539062500000e-01 2.28043556213379e-01
555 4.67773437500000e-01 2.18811988830566e-01
556 5.01953125000000e-01 2.51956939697266e-01
557 4.47753906250000e-01 2.00483560562134e-01
558 4.82421875000000e-01 2.32730865478516e-01
559 5.36132812500000e-01 2.87438392639160e-01
560 5.39550781250000e-01 2.91115045547485e-01
561 4.82421875000000e-01 2.32730865478516e-01
562 4.75585937500000e-01 2.26181983947754e-01
563 4.47265625000000e-01 2.00046539306641e-01
564 4.41894531250000e-01 1.95270776748657e-01
565 4.70214843750000e-01 2.21101999282837e-01
566 5.12207031250000e-01 2.62356042861938e-01
567 4.97558593750000e-01 2.47564554214478e-01
568 5.37109375000000e-01 2.88486480712891e-01
569 5.70312500000000e-01 3.25256347656250e-01
570 6.05957031250000e-01 3.67183923721313e-01
571 5.34179687500000e-01 2.85347938537598e-01
572 5.83496093750000e-01 3.40467691421509e-01
573 6.41601562500000e-01 4.11652565002441e-01
574 6.42089843750000e-01 4.12279367446899e-01
575 6.64062500000000e-01 4.40979003906250e-01
576 6.76757812500000e-01 4.58001136779785e-01
577 7.03125000000000e-01 4.94384765625000e-01
578 6.43066406250000e-01 4.13534402847290e-01
579 6.41601562500000e-01 4.11652565002441e-01
580 6.44531250000000e-01 4.15420532226562e-01
581 6.32812500000000e-01 4.00451660156250e-01
582 5.93261718750000e-01 3.51959466934204e-01
583 5.53710937500000e-01 3.06595802307129e-01
584 5.05859375000000e-01 2.55893707275391e-01
585 4.96093750000000e-01 2.46109008789062e-01
586 4.65332031250000e-01 2.16533899307251e-01
587 4.44335937500000e-01 1.97434425354004e-01
588 4.35058593750000e-01 1.89275979995728e-01
589 4.28710937500000e-01 1.83793067932129e-01
590 3.86230468750000e-01 1.49173974990845e-01
591 3.51074218750000e-01 1.23253107070923e-01
592 3.95019531250000e-01 1.56040430068970e-01
593 3.68164062500000e-01 1.35544776916504e-01
594 3.61816406250000e-01 1.30911111831665e-01
595 3.10058593750000e-01 9.61363315582275e-02
596 3.11035156250000e-01 9.67428684234619e-02
597 2.65625000000000e-01 7.05566406250000e-02
598 2.62207031250000e-01 6.87525272369385e-02
599 2.40722656250000e-01 5.79473972320557e-02
600 2.67578125000000e-01 7.15980529785156e-02
601 1.89941406250000e-01 3.60777378082275e-02
602 2.57324218750000e-01 6.62157535552979e-02
603 1.56250000000000e-01 2.44140625000000e-02
604 1.41113281250000e-01 1.99129581451416e-02
605 1.33789062500000e-01 1.78995132446289e-02
606 1.55273437500000e-01 2.41098403930664e-02
607 1.17187500000000e-01 1.37329101562500e-02
608 1.20605468750000e-01 1.45456790924072e-02
609 1.29882812500000e-01 1.68695449829102e-02
610 1.66992187500000e-01 2.78863906860352e-02
611 2.11914062500000e-01 4.49075698852539e-02
612 1.06445312500000e-01 1.13306045532227e-02
613 2.14355468750000e-01 4.59482669830322e-02
614 1.26953125000000e-01 1.61170959472656e-02
615 1.33300781250000e-01 1.77690982818604e-02
616 1.11328125000000e-01 1.23939514160156e-02
617 9.17968750000000e-02 8.42666625976562e-03
618 3.71093750000000e-02 1.37710571289062e-03
619 2.92968750000000e-03 8.58306884765625e-06
620 4.39453125000000e-02 1.93119049072266e-03
621 2.97851562500000e-02 8.87155532836914e-04
622 4.34570312500000e-02 1.88851356506348e-03
623 6.29882812500000e-02 3.96752357482910e-03
624 1.75781250000000e-02 3.08990478515625e-04
625 5.85937500000000e-03 3.43322753906250e-05
626 2.63671875000000e-02 6.95228576660156e-04
627 1.90429687500000e-02 3.62634658813477e-04
628 4.88281250000000e-02 2.38418579101562e-03
629 2.63671875000000e-02 6.95228576660156e-04
630 5.61523437500000e-02 3.15308570861816e-03
631 7.81250000000000e-03 6.10351562500000e-05
632 1.85546875000000e-02 3.44276428222656e-04
633 5.02929687500000e-02 2.52938270568848e-03
634 6.49414062500000e-02 4.21738624572754e-03
635 8.74023437500000e-02 7.63916969299316e-03
636 1.29394531250000e-01 1.67429447174072e-02
637 1.38183593750000e-01 1.90947055816650e-02
638 1.28417968750000e-01 1.64911746978760e-02
639 1.87988281250000e-01 3.53395938873291e-02
640 1.99707031250000e-01 3.98828983306885e-02
641 2.39257812500000e-01 5.72443008422852e-02
642 2.09960937500000e-01 4.40835952758789e-02
643 2.03613281250000e-01 4.14583683013916e-02
644 2.13867187500000e-01 4.57391738891602e-02
645 2.04101562500000e-01 4.16574478149414e-02
646 2.27539062500000e-01 5.17740249633789e-02
647 2.41699218750000e-01 5.84185123443604e-02
648 2.90039062500000e-01 8.41226577758789e-02
649 3.39355468750000e-01 1.15162134170532e-01
650 2.75390625000000e-01 7.58399963378906e-02
651 3.48144531250000e-01 1.21204614639282e-01
652 3.55468750000000e-01 1.26358032226562e-01
653 3.05664062500000e-01 9.34305191040039e-02
654 3.36425781250000e-01 1.13182306289673e-01
655 3.01757812500000e-01 9.10577774047852e-02
656 3.03710937500000e-01 9.22403335571289e-02
657 3.74023437500000e-01 1.39893531799316e-01
658 3.75488281250000e-01 1.40991449356079e-01
659 4.77539062500000e-01 2.28043556213379e-01
660 4.02343750000000e-01 1.61880493164062e-01
661 3.99902343750000e-01 1.59921884536743e-01
662 4.08203125000000e-01 1.66629791259766e-01
663 3.97460937500000e-01 1.57975196838379e-01
664 3.96484375000000e-01 1.57199859619141e-01
665 3.70117187500000e-01 1.36986732482910e-01
666 3.59375000000000e-01 1.29150390625000e-01
667 3.51074218750000e-01 1.23253107070923e-01
668 3.77441406250000e-01 1.42462015151978e-01
669 3.66699218750000e-01 1.34468317031860e-01
670 3.57421875000000e-01 1.27750396728516e-01
671 3.15917968750000e-01 9.98041629791260e-02
672 2.89062500000000e-01 8.35571289062500e-02
673 2.90527343750000e-01 8.44061374664307e-02
674 2.58789062500000e-01 6.69717788696289e-02
675 3.11035156250000e-01 9.67428684234619e-02
676 3.17382812500000e-01 1.00731849670410e-01
677 4.36035156250000e-01 1.90126657485962e-01
678 4.02343750000000e-01 1.61880493164062e-01
679 3.73046875000000e-01 1.39163970947266e-01
680 3.11035156250000e-01 9.67428684234619e-02
681 3.89160156250000e-01 1.51445627212524e-01
682 4.38476562500000e-01 1.92261695861816e-01
683 4.07226562500000e-01 1.65833473205566e-01
684 4.24316406250000e-01 1.80044412612915e-01
685 4.26269531250000e-01 1.81705713272095e-01
686 5.01953125000000e-01 2.51956939697266e-01
687 4.25292968750000e-01 1.80874109268188e-01
688 5.02441406250000e-01 2.52447366714478e-01
689 4.81933593750000e-01 2.32259988784790e-01
690 5.17578125000000e-01 2.67887115478516e-01
691 5.29785156250000e-01 2.80672311782837e-01
692 5.37597656250000e-01 2.89011240005493e-01
693 6.04003906250000e-01 3.64820718765259e-01
694 6.03515625000000e-01 3.64231109619141e-01
695 5.92285156250000e-01 3.50801706314087e-01
696 6.29882812500000e-01 3.96752357482910e-01
697 5.95703125000000e-01 3.54862213134766e-01
698 6.06445312500000e-01 3.67775917053223e-01
699 5.92773437500000e-01 3.51380348205566e-01
700 5.63476562500000e-01 3.17505836486816e-01
701 4.99023437500000e-01 2.49024391174316e-01
702 5.45898437500000e-01 2.98005104064941e-01
703 5.36132812500000e-01 2.87438392639160e-01
704 5.54199218750000e-01 3.07136774063110e-01
705 5.49804687500000e-01 3.02285194396973e-01
706 4.97558593750000e-01 2.47564554214478e-01
707 4.65332031250000e-01 2.16533899307251e-01
708 5.12207031250000e-01 2.62356042861938e-01
709 5.51757812500000e-01 3.04436683654785e-01
710 5.53222656250000e-01 3.06055307388306e-01
711 5.15625000000000e-01 2.65869140625000e-01
712 5.65429687500000e-01 3.19710731506348e-01
713 5.76171875000000e-01 3.31974029541016e-01
714 5.65917968750000e-01 3.20263147354126e-01
715 6.27929687500000e-01 3.94295692443848e-01
716 6.37207031250000e-01 4.06032800674438e-01
717 6.23535156250000e-01 3.88796091079712e-01
718 6.68457031250000e-01 4.46834802627563e-01
719 5.90332031250000e-01 3.48491907119751e-01
720 5.04882812500000e-01 2.54906654357910e-01
721 4.89257812500000e-01 2.39373207092285e-01
722 4.35546875000000e-01 1.89701080322266e-01
723 4.61914062500000e-01 2.13364601135254e-01
724 4.15527343750000e-01 1.72662973403931e-01
725 3.93554687500000e-01 1.54885292053223e-01
726 4.18945312500000e-01 1.75515174865723e-01
727 4.38476562500000e-01 1.92261695861816e-01
728 4.47265625000000e-01 2.00046539306641e-01
729 4.27734375000000e-01 1.82956695556641e-01
730 4.19921875000000e-01 1.76334381103516e-01
731 4.47753906250000e-01 2.00483560562134e-01
732 4.85839843750000e-01 2.36040353775024e-01
733 4.25781250000000e-01 1.81289672851562e-01
734 4.15039062500000e-01 1.72257423400879e-01
735 4.81933593750000e-01 2.32259988784790e-01
736 4.78515625000000e-01 2.28977203369141e-01
737 4.86816406250000e-01 2.36990213394165e-01
738 5.32714843750000e-01 2.83785104751587e-01
739 5.78125000000000e-01 3.34228515625000e-01
740 5.70800781250000e-01 3.25813531875610e-01
741 6.28906250000000e-01 3.95523071289062e-01
742 6.25976562500000e-01 3.91846656799316e-01
743 6.64550781250000e-01 4.41627740859985e-01
744 6.49902343750000e-01 4.22373056411743e-01
745 6.16699218750000e-01 3.80317926406860e-01
746 6.74804687500000e-01 4.55361366271973e-01
747 6.86523437500000e-01 4.71314430236816e-01
748 6.85058593750000e-01 4.69305276870728e-01
749 6.86035156250000e-01 4.70644235610962e-01
750 7.03613281250000e-01 4.95071649551392e-01
751 6.37207031250000e-01 4.06032800674438e-01
752 6.68945312500000e-01 4.47487831115723e-01
753 7.12890625000000e-01 5.08213043212891e-01
754 6.57714843750000e-01 4.32588815689087e-01
755 6.39160156250000e-01 4.08525705337524e-01
756 7.04589843750000e-01 4.96446847915649e-01
757 7.14843750000000e-01 5.11001586914062e-01
758 6.97753906250000e-01 4.86860513687134e-01
759 6.17187500000000e-01 3.80920410156250e-01
760 5.77636718750000e-01 3.33664178848267e-01
761 5.83007812500000e-01 3.39898109436035e-01
762 6.23535156250000e-01 3.88796091079712e-01
763 6.24511718750000e-01 3.90014886856079e-01
764 6.12792968750000e-01 3.75515222549438e-01
765 6.54785156250000e-01 4.28743600845337e-01
766 6.78710937500000e-01 4.60648536682129e-01
767 6.86035156250000e-01 4.70644235610962e-01
768 6.90429687500000e-01 4.76693153381348e-01
769 6.58691406250000e-01 4.33874368667603e-01
770 6.27929687500000e-01 3.94295692443848e-01
771 6.41601562500000e-01 4.11652565002441e-01
772 6.46972656250000e-01 4.18573617935181e-01
773 6.64062500000000e-01 4.40979003906250e-01
774 6.77734375000000e-01 4.59323883056641e-01
775 6.38671875000000e-01 4.07901763916016e-01
776 5.90820312500000e-01 3.49068641662598e-01
777 5.57128906250000e-01 3.10392618179321e-01
778 5.72753906250000e-01 3.28047037124634e-01
779 5.39550781250000e-01 2.91115045547485e-01
780 4.45800781250000e-01 1.98738336563110e-01
781 5.03417968750000e-01 2.53429651260376e-01
782 4.68261718750000e-01 2.19269037246704e-01
783 4.89257812500000e-01 2.39373207092285e-01
784 4.50683593750000e-01 2.03115701675415e-01
785 4.16992187500000e-01 1.73882484436035e-01
786 5.10742187500000e-01 2.60857582092285e-01
787 4.64355468750000e-01 2.15626001358032e-01
788 4.57031250000000e-01 2.08877563476562e-01
789 4.05761718750000e-01 1.64642572402954e-01
790 4.06738281250000e-01 1.65436029434204e-01
791 4.03320312500000e-01 1.62667274475098e-01
792 4.31152343750000e-01 1.85892343521118e-01
793 4.25292968750000e-01 1.80874109268188e-01
794 4.82910156250000e-01 2.33202219009399e-01
795 4.93652343750000e-01 2.43692636489868e-01
796 4.65332031250000e-01 2.16533899307251e-01
797 5.56640625000000e-01 3.09848785400391e-01
798 6.05468750000000e-01 3.66592407226562e-01
799 5.77148437500000e-01 3.33100318908691e-01
800 6.77246093750000e-01 4.58662271499634e-01
801 6.79199218750000e-01 4.61311578750610e-01
802 6.35742187500000e-01 4.04168128967285e-01
803 5.21972656250000e-01 2.72455453872681e-01
804 5.74218750000000e-01 3.29727172851562e-01
805 6.02050781250000e-01 3.62465143203735e-01
806 6.24023437500000e-01 3.89405250549316e-01
807 6.37695312500000e-01 4.06655311584473e-01
808 6.01562500000000e-01 3.61877441406250e-01
809 5.33691406250000e-01 2.84826517105103e-01
810 5.90332031250000e-01 3.48491907119751e-01
811 5.99609375000000e-01 3.59531402587891e-01
812 6.16210937500000e-01 3.79715919494629e-01
813 5.64453125000000e-01 3.18607330322266e-01
814 5.42968750000000e-01 2.94815063476562e-01
815 5.63964843750000e-01 3.18056344985962e-01
816 5.62988281250000e-01 3.16955804824829e-01
817 6.27441406250000e-01 3.93682718276978e-01
818 5.31250000000000e-01 2.82226562500000e-01
819 5.10742187500000e-01 2.60857582092285e-01
820 5.39062500000000e-01 2.90588378906250e-01
821 6.08398437500000e-01 3.70148658752441e-01
822 5.61523437500000e-01 3.15308570861816e-01
823 5.55664062500000e-01 3.08762550354004e-01
824 5.56152343750000e-01 3.09305429458618e-01
825 5.06347656250000e-01 2.56387948989868e-01
826 5.02929687500000e-01 2.52938270568848e-01
827 4.56542968750000e-01 2.08431482315063e-01
828 4.55566406250000e-01 2.07540750503540e-01
829 5.10742187500000e-01 2.60857582092285e-01
830 5.69824218750000e-01 3.24699640274048e-01
831 5.65429687500000e-01 3.19710731506348e-01
832 6.13281250000000e-01 3.76113891601562e-01
833 5.18554687500000e-01 2.68898963928223e-01
834 5.33691406250000e-01 2.84826517105103e-01
835 5.58105468750000e-01 3.11481714248657e-01
836 5.82519531250000e-01 3.39329004287720e-01
837 5.51757812500000e-01 3.04436683654785e-01
838 5.02929687500000e-01 2.52938270568848e-01
839 5.43457031250000e-01 2.95345544815063e-01
840 5.41015625000000e-01 2.92697906494141e-01
841 5.75683593750000e-01 3.31411600112915e-01
842 5.17089843750000e-01 2.67381906509399e-01
843 4.60449218750000e-01 2.12013483047485e-01
844 4.66796875000000e-01 2.17899322509766e-01
845 4.16015625000000e-01 1.73069000244141e-01
846 4.23339843750000e-01 1.79216623306274e-01
847 3.97460937500000e-01 1.57975196838379e-01
848 3.72558593750000e-01 1.38799905776978e-01
849 3.73046875000000e-01 1.39163970947266e-01
850 3.46191406250000e-01 1.19848489761353e-01
851 3.60839843750000e-01 1.30205392837524e-01
852 3.53027343750000e-01 1.24628305435181e-01
853 3.65234375000000e-01 1.33396148681641e-01
854 3.39355468750000e-01 1.15162134170532e-01
855 3.25195312500000e-01 1.05751991271973e-01
856 3.16406250000000e-01 1.00112915039062e-01
857 3.08593750000000e-01 9.52301025390625e-02
858 3.19335937500000e-01 1.01975440979004e-01
859 3.53515625000000e-01 1.24973297119141e-01
860 2.98828125000000e-01 8.92982482910156e-02
861 3.11523437500000e-01 9.70468521118164e-02
862 3.68652343750000e-01 1.35904550552368e-01
863 4.00878906250000e-01 1.60703897476196e-01
864 3.73535156250000e-01 1.39528512954712e-01
865 4.13574218750000e-01 1.71043634414673e-01
866 4.38476562500000e-01 1.92261695861816e-01
867 3.55957031250000e-01 1.26705408096313e-01
868 3.67675781250000e-01 1.35185480117798e-01
869 3.42285156250000e-01 1.17159128189087e-01
870 3.65722656250000e-01 1.33753061294556e-01
871 3.11035156250000e-01 9.67428684234619e-02
872 4.00878906250000e-01 1.60703897476196e-01
873 3.55957031250000e-01 1.26705408096313e-01
874 3.36425781250000e-01 1.13182306289673e-01
875 2.64160156250000e-01 6.97805881500244e-02
876 3.65234375000000e-01 1.33396148681641e-01
877 4.22363281250000e-01 1.78390741348267e-01
878 4.82910156250000e-01 2.33202219009399e-01
879 4.87304687500000e-01 2.37465858459473e-01
880 4.58007812500000e-01 2.09771156311035e-01
881 4.40917968750000e-01 1.94408655166626e-01
882 4.55566406250000e-01 2.07540750503540e-01
883 4.76074218750000e-01 2.26646661758423e-01
884 5.34179687500000e-01 2.85347938537598e-01
885 5.51757812500000e-01 3.04436683654785e-01
886 5.55175781250000e-01 3.08220148086548e-01
887 5.24414062500000e-01 2.75010108947754e-01
888 4.75585937500000e-01 2.26181983947754e-01
889 4.12597656250000e-01 1.70236825942993e-01
890 4.38476562500000e-01 1.92261695861816e-01
891 3.57910156250000e-01 1.28099679946899e-01
892 3.92578125000000e-01 1.54117584228516e-01
893 3.69628906250000e-01 1.36625528335571e-01
894 3.94531250000000e-01 1.55654907226562e-01
895 3.86718750000000e-01 1.49551391601562e-01
896 3.02734375000000e-01 9.16481018066406e-02
897 2.52929687500000e-01 6.39734268188477e-02
898 2.10937500000000e-01 4.44946289062500e-02
899 2.32421875000000e-01 5.40199279785156e-02
900 2.11425781250000e-01 4.47008609771729e-02
901 1.96289062500000e-01 3.85293960571289e-02
902 1.78710937500000e-01 3.19375991821289e-02
903 1.21582031250000e-01 1.47821903228760e-02
904 1.32812500000000e-01 1.76391601562500e-02
905 1.67480468750000e-01 2.80497074127197e-02
906 1.30371093750000e-01 1.69966220855713e-02
907 1.12792968750000e-01 1.27222537994385e-02
908 1.15722656250000e-01 1.33917331695557e-02
909 1.44042968750000e-01 2.07483768463135e-02
910 1.40625000000000e-01 1.97753906250000e-02
911 1.46484375000000e-01 2.14576721191406e-02
912 1.52343750000000e-01 2.32086181640625e-02
913 1.78222656250000e-01 3.17633152008057e-02
914 1.43554687500000e-01 2.06079483032227e-02
915 1.44531250000000e-01 2.08892822265625e-02
916 1.57226562500000e-01 2.47201919555664e-02
917 1.78710937500000e-01 3.19375991821289e-02
918 1.61621093750000e-01 2.61213779449463e-02
919 2.46093750000000e-01 6.05621337890625e-02
920 2.05078125000000e-01 4.20570373535156e-02
921 2.20214843750000e-01 4.84945774078369e-02
922 2.47070312500000e-01 6.10437393188477e-02
923 1.97265625000000e-01 3.89137268066406e-02
924 1.62597656250000e-01 2.64379978179932e-02
925 1.08886718750000e-01 1.18563175201416e-02
926 7.66601562500000e-02 5.87677955627441e-03
927 8.05664062500000e-02 6.49094581604004e-03
928 7.76367187500000e-02 6.02746009826660e-03
929 1.18164062500000e-01 1.39627456665039e-02
930 1.38671875000000e-01 1.92298889160156e-02
931 1.26953125000000e-01 1.61170959472656e-02
932 1.74804687500000e-01 3.05566787719727e-02
933 1.87011718750000e-01 3.49733829498291e-02
934 2.65136718750000e-01 7.02974796295166e-02
935 2.33398437500000e-01 5.44748306274414e-02
936 3.44238281250000e-01 1.18499994277954e-01
937 2.97363281250000e-01 8.84249210357666e-02
938 3.64746093750000e-01 1.33039712905884e-01
939 4.16992187500000e-01 1.73882484436035e-01
940 3.72070312500000e-01 1.38436317443848e-01
941 4.21386718750000e-01 1.77566766738892e-01
942 4.36523437500000e-01 1.90552711486816e-01
943 3.93066406250000e-01 1.54501199722290e-01
944 3.97949218750000e-01 1.58363580703735e-01
945 4.35058593750000e-01 1.89275979995728e-01
946 4.28222656250000e-01 1.83374643325806e-01
947 4.63378906250000e-01 2.14720010757446e-01
948 3.90625000000000e-01 1.52587890625000e-01
949 4.08203125000000e-01 1.66629791259766e-01
950 3.90136718750000e-01 1.52206659317017e-01
951 3.71582031250000e-01 1.38073205947876e-01
952 4.10156250000000e-01 1.68228149414062e-01
953 4.09667968750000e-01 1.67827844619751e-01
954 4.39453125000000e-01 1.93119049072266e-01
955 4.62890625000000e-01 2.14267730712891e-01
956 4.77050781250000e-01 2.27577447891235e-01
957 4.80957031250000e-01 2.31319665908813e-01
958 5.01953125000000e-01 2.51956939697266e-01
959 5.20507812500000e-01 2.70928382873535e-01
960 5.04394531250000e-01 2.54413843154907e-01
961 5.14648437500000e-01 2.64863014221191e-01
962 5.75195312500000e-01 3.30849647521973e-01
963 6.00585937500000e-01 3.60703468322754e-01
964 5.91308593750000e-01 3.49645853042603e-01
965 5.67382812500000e-01 3.21923255920410e-01
966 4.86328125000000e-01 2.36515045166016e-01
967 5.20996093750000e-01 2.71436929702759e-01
968 5.67382812500000e-01 3.21923255920410e-01
969 5.20507812500000e-01 2.70928382873535e-01
970 5.40527343750000e-01 2.92169809341431e-01
971 5.58105468750000e-01 3.11481714248657e-01
972 5.62500000000000e-01 3.16406250000000e-01
973 5.39550781250000e-01 2.91115045547485e-01
974 5.00488281250000e-01 2.50488519668579e-01
975 5.09765625000000e-01 2.59860992431641e-01
976 5.00488281250000e-01 2.50488519668579e-01
977 5.53710937500000e-01 3.06595802307129e-01
978 5.59082031250000e-01 3.12572717666626e-01
979 5.37597656250000e-01 2.89011240005493e-01
980 5.11230468750000e-01 2.61356592178345e-01
981 4.90234375000000e-01 2.40329742431641e-01
982 4.87792968750000e-01 2.37941980361938e-01
983 4.86328125000000e-01 2.36515045166016e-01
984 4.97070312500000e-01 2.47078895568848e-01
985 4.35546875000000e-01 1.89701080322266e-01
986 4.08691406250000e-01 1.67028665542603e-01
987 5.16113281250000e-01 2.66372919082642e-01
988 5.11718750000000e-01 2.61856079101562e-01
989 5.47363281250000e-01 2.99606561660767e-01
990 4.98535156250000e-01 2.48537302017212e-01
991 4.51171875000000e-01 2.03556060791016e-01
992 4.74609375000000e-01 2.25254058837891e-01
993 5.16113281250000e-01 2.66372919082642e-01
994 5.72265625000000e-01 3.27487945556641e-01
995 6.04003906250000e-01 3.64820718765259e-01
996 6.27441406250000e-01 3.93682718276978e-01
997 6.33300781250000e-01 4.01069879531860e-01
998 5.94238281250000e-01 3.53119134902954e-01
999 5.98144531250000e-01 3.57776880264282e-01
