0 6.93847656250000e-01 4.81424570083618e-01
1 6.41113281250000e-01 4.11026239395142e-01
2 5.83007812500000e-01 3.39898109436035e-01
3 6.33300781250000e-01 4.01069879531860e-01
4 6.46484375000000e-01 4.17942047119141e-01
5 6.15722656250000e-01 3.79114389419556e-01
6 6.38183593750000e-01 4.07278299331665e-01
7 6.52832031250000e-01 4.26189661026001e-01
8 6.34765625000000e-01 4.02927398681641e-01
9 5.69824218750000e-01 3.24699640274048e-01
10 5.50292968750000e-01 3.02822351455688e-01
11 6.22070312500000e-01 3.86971473693848e-01
12 6.84082031250000e-01 4.67968225479126e-01
13 7.22656250000000e-01 5.22232055664062e-01
14 7.56835937500000e-01 5.72800636291504e-01
15 7.37792968750000e-01 5.44338464736938e-01
16 7.16796875000000e-01 5.13797760009766e-01
17 7.22656250000000e-01 5.22232055664062e-01
18 7.55371093750000e-01 5.70585489273071e-01
19 7.23144531250000e-01 5.22938013076782e-01
20 6.79199218750000e-01 4.61311578750610e-01
21 6.99707031250000e-01 4.89589929580688e-01
22 6.52832031250000e-01 4.26189661026001e-01
23 6.57226562500000e-01 4.31946754455566e-01
24 6.74804687500000e-01 4.55361366271973e-01
25 6.17187500000000e-01 3.80920410156250e-01
26 6.73339843750000e-01 4.53386545181274e-01
27 6.89453125000000e-01 4.75345611572266e-01
28 6.73828125000000e-01 4.54044342041016e-01
29 6.43554687500000e-01 4.14162635803223e-01
30 7.04589843750000e-01 4.96446847915649e-01
31 6.45507812500000e-01 4.16680335998535e-01
32 6.38183593750000e-01 4.07278299331665e-01
33 5.99121093750000e-01 3.58946084976196e-01
34 5.93750000000000e-01 3.52539062500000e-01
35 6.20605468750000e-01 3.85151147842407e-01
36 5.96679687500000e-01 3.56026649475098e-01
37 5.69335937500000e-01 3.24143409729004e-01
38 5.75683593750000e-01 3.31411600112915e-01
39 5.66894531250000e-01 3.21369409561157e-01
40 5.04394531250000e-01 2.54413843154907e-01
41 5.33691406250000e-01 2.84826517105103e-01
42 5.72753906250000e-01 3.28047037124634e-01
43 5.65429687500000e-01 3.19710731506348e-01
44 6.05957031250000e-01 3.67183923721313e-01
45 6.57714843750000e-01 4.32588815689087e-01
46 5.92285156250000e-01 3.50801706314087e-01
47 5.78613281250000e-01 3.34793329238892e-01
48 5.95214843750000e-01 3.54280710220337e-01
49 6.17675781250000e-01 3.81523370742798e-01
50 6.34277343750000e-01 4.02307748794556e-01
51 5.97656250000000e-01 3.57192993164062e-01
52 6.00585937500000e-01 3.60703468322754e-01
53 6.19628906250000e-01 3.83939981460571e-01
54 6.36718750000000e-01 4.05410766601562e-01
55 6.71875000000000e-01 4.51416015625000e-01
56 6.47460937500000e-01 4.19205665588379e-01
57 6.29882812500000e-01 3.96752357482910e-01
58 5.83984375000000e-01 3.41037750244141e-01
59 5.38574218750000e-01 2.90062189102173e-01
60 5.63964843750000e-01 3.18056344985962e-01
61 5.23437500000000e-01 2.73986816406250e-01
62 5.03906250000000e-01 2.53921508789062e-01
63 5.00976562500000e-01 2.50977516174316e-01
64 5.00976562500000e-01 2.50977516174316e-01
65 5.43457031250000e-01 2.95345544815063e-01
66 5.34667968750000e-01 2.85869836807251e-01
67 5.67382812500000e-01 3.21923255920410e-01
68 5.53710937500000e-01 3.06595802307129e-01
69 5.67871093750000e-01 3.22477579116821e-01
70 5.37597656250000e-01 2.89011240005493e-01
71 5.16113281250000e-01 2.66372919082642e-01
72 5.79101562500000e-01 3.35358619689941e-01
73 5.85937500000000e-01 3.43322753906250e-01
74 5.47851562500000e-01 3.00141334533691e-01
75 5.60546875000000e-01 3.14212799072266e-01
76 6.26464843750000e-01 3.92458200454712e-01
77 5.51269531250000e-01 3.03898096084595e-01
78 5.88867187500000e-01 3.46764564514160e-01
79 5.73242187500000e-01 3.28606605529785e-01
80 5.17578125000000e-01 2.67887115478516e-01
81 5.50781250000000e-01 3.03359985351562e-01
82 5.81542968750000e-01 3.38192224502563e-01
83 5.96191406250000e-01 3.55444192886353e-01
84 5.57617187500000e-01 3.10936927795410e-01
85 5.08300781250000e-01 2.58369684219360e-01
86 5.36132812500000e-01 2.87438392639160e-01
87 5.29785156250000e-01 2.80672311782837e-01
88 5.50292968750000e-01 3.02822351455688e-01
89 5.41992187500000e-01 2.93755531311035e-01
90 5.03417968750000e-01 2.53429651260376e-01
91 4.57031250000000e-01 2.08877563476562e-01
92 4.85839843750000e-01 2.36040353775024e-01
93 5.02929687500000e-01 2.52938270568848e-01
94 5.31250000000000e-01 2.82226562500000e-01
95 5.34667968750000e-01 2.85869836807251e-01
96 5.69335937500000e-01 3.24143409729004e-01
97 5.85449218750000e-01 3.42750787734985e-01
98 5.49316406250000e-01 3.01748514175415e-01
99 5.37109375000000e-01 2.88486480712891e-01
100 5.12207031250000e-01 2.62356042861938e-01
101 5.09277343750000e-01 2.59363412857056e-01
102 5.58105468750000e-01 3.11481714248657e-01
103 5.36132812500000e-01 2.87438392639160e-01
104 5.09277343750000e-01 2.59363412857056e-01
105 5.30273437500000e-01 2.81189918518066e-01
106 6.11328125000000e-01 3.73722076416016e-01
107 6.45507812500000e-01 4.16680335998535e-01
108 6.11328125000000e-01 3.73722076416016e-01
109 5.79101562500000e-01 3.35358619689941e-01
110 5.53222656250000e-01 3.06055307388306e-01
111 5.27343750000000e-01 2.78091430664062e-01
112 5.81542968750000e-01 3.38192224502563e-01
113 5.94238281250000e-01 3.53119134902954e-01
114 5.95214843750000e-01 3.54280710220337e-01
115 5.99121093750000e-01 3.58946084976196e-01
116 6.04003906250000e-01 3.64820718765259e-01
117 5.72753906250000e-01 3.28047037124634e-01
118 5.62011718750000e-01 3.15857172012329e-01
119 5.53222656250000e-01 3.06055307388306e-01
120 5.41992187500000e-01 2.93755531311035e-01
121 5.44433593750000e-01 2.96407938003540e-01
122 5.48828125000000e-01 3.01212310791016e-01
123 5.67871093750000e-01 3.22477579116821e-01
124 5.59082031250000e-01 3.12572717666626e-01
125 6.44531250000000e-01 4.15420532226562e-01
126 5.42968750000000e-01 2.94815063476562e-01
127 5.87402343750000e-01 3.45041513442993e-01
128 6.17187500000000e-01 3.80920410156250e-01
129 6.54785156250000e-01 4.28743600845337e-01
130 6.60644531250000e-01 4.36451196670532e-01
131 6.76757812500000e-01 4.58001136779785e-01
132 7.18750000000000e-01 5.16601562500000e-01
133 7.39746093750000e-01 5.47224283218384e-01
134 7.46582031250000e-01 5.57384729385376e-01
135 7.14843750000000e-01 5.11001586914062e-01
136 6.57714843750000e-01 4.32588815689087e-01
137 6.57226562500000e-01 4.31946754455566e-01
138 6.76757812500000e-01 4.58001136779785e-01
139 7.13378906250000e-01 5.08909463882446e-01
140 7.21191406250000e-01 5.20117044448853e-01
141 6.90429687500000e-01 4.76693153381348e-01
142 6.77246093750000e-01 4.58662271499634e-01
143 6.23535156250000e-01 3.88796091079712e-01
144 5.83007812500000e-01 3.39898109436035e-01
145 5.85937500000000e-01 3.43322753906250e-01
146 5.50781250000000e-01 3.03359985351562e-01
147 5.80566406250000e-01 3.37057352066040e-01
148 5.87402343750000e-01 3.45041513442993e-01
149 5.79101562500000e-01 3.35358619689941e-01
150 5.99609375000000e-01 3.59531402587891e-01
151 5.53222656250000e-01 3.06055307388306e-01
152 6.01562500000000e-01 3.61877441406250e-01
153 5.89355468750000e-01 3.47339868545532e-01
154 5.49804687500000e-01 3.02285194396973e-01
155 5.55664062500000e-01 3.08762550354004e-01
156 6.11328125000000e-01 3.73722076416016e-01
157 6.33789062500000e-01 4.01688575744629e-01
158 6.59667968750000e-01 4.35161828994751e-01
159 6.83593750000000e-01 4.67300415039062e-01
160 7.22656250000000e-01 5.22232055664062e-01
161 7.20703125000000e-01 5.19412994384766e-01
162 6.68457031250000e-01 4.46834802627563e-01
163 6.74804687500000e-01 4.55361366271973e-01
164 6.81152343750000e-01 4.63968515396118e-01
165 6.41113281250000e-01 4.11026239395142e-01
166 6.23046875000000e-01 3.88187408447266e-01
167 6.61621093750000e-01 4.37742471694946e-01
168 6.68457031250000e-01 4.46834802627563e-01
169 7.18750000000000e-01 5.16601562500000e-01
170 6.59667968750000e-01 4.35161828994751e-01
171 6.04003906250000e-01 3.64820718765259e-01
172 6.56250000000000e-01 4.30664062500000e-01
173 5.95703125000000e-01 3.54862213134766e-01
174 5.94726562500000e-01 3.53699684143066e-01
175 6.85546875000000e-01 4.69974517822266e-01
176 6.38671875000000e-01 4.07901763916016e-01
177 6.92382812500000e-01 4.79393959045410e-01
178 6.85546875000000e-01 4.69974517822266e-01
179 6.94824218750000e-01 4.82780694961548e-01
180 7.52441406250000e-01 5.66168069839478e-01
181 6.98242187500000e-01 4.87542152404785e-01
182 6.19140625000000e-01 3.83335113525391e-01
183 5.31738281250000e-01 2.82745599746704e-01
184 5.41503906250000e-01 2.93226480484009e-01
185 6.36718750000000e-01 4.05410766601562e-01
186 6.50390625000000e-01 4.23007965087891e-01
187 5.71777343750000e-01 3.26929330825806e-01
188 6.17675781250000e-01 3.81523370742798e-01
189 6.55273437500000e-01 4.29383277893066e-01
190 6.17675781250000e-01 3.81523370742798e-01
191 6.01562500000000e-01 3.61877441406250e-01
192 5.28808593750000e-01 2.79638528823853e-01
193 4.44335937500000e-01 1.97434425354004e-01
194 5.14160156250000e-01 2.64360666275024e-01
195 4.90234375000000e-01 2.40329742431641e-01
196 4.59472656250000e-01 2.11115121841431e-01
197 4.63867187500000e-01 2.15172767639160e-01
198 4.35058593750000e-01 1.89275979995728e-01
199 5.15136718750000e-01 2.65365839004517e-01
200 5.65917968750000e-01 3.20263147354126e-01
201 4.98535156250000e-01 2.48537302017212e-01
202 5.50292968750000e-01 3.02822351455688e-01
203 6.25000000000000e-01 3.90625000000000e-01
204 6.16210937500000e-01 3.79715919494629e-01
205 6.25976562500000e-01 3.91846656799316e-01
206 6.48437500000000e-01 4.20471191406250e-01
207 5.74218750000000e-01 3.29727172851562e-01
208 6.58691406250000e-01 4.33874368667603e-01
209 6.80175781250000e-01 4.62639093399048e-01
210 6.52832031250000e-01 4.26189661026001e-01
211 6.57226562500000e-01 4.31946754455566e-01
212 6.70898437500000e-01 4.50104713439941e-01
213 6.73339843750000e-01 4.53386545181274e-01
214 6.96777343750000e-01 4.85498666763306e-01
215 6.62109375000000e-01 4.38388824462891e-01
216 6.61132812500000e-01 4.37096595764160e-01
217 6.50878906250000e-01 4.23643350601196e-01
218 5.75683593750000e-01 3.31411600112915e-01
219 5.18554687500000e-01 2.68898963928223e-01
220 5.14160156250000e-01 2.64360666275024e-01
221 5.12207031250000e-01 2.62356042861938e-01
222 4.96582031250000e-01 2.46593713760376e-01
223 4.75097656250000e-01 2.25717782974243e-01
224 4.95117187500000e-01 2.45141029357910e-01
225 5.47363281250000e-01 2.99606561660767e-01
226 5.39062500000000e-01 2.90588378906250e-01
227 5.29785156250000e-01 2.80672311782837e-01
228 5.72753906250000e-01 3.28047037124634e-01
229 5.71777343750000e-01 3.26929330825806e-01
230 6.19628906250000e-01 3.83939981460571e-01
231 5.97167968750000e-01 3.56609582901001e-01
232 6.26953125000000e-01 3.93070220947266e-01
233 6.18652343750000e-01 3.82730722427368e-01
234 5.62011718750000e-01 3.15857172012329e-01
235 5.44921875000000e-01 2.96939849853516e-01
236 5.58593750000000e-01 3.12026977539062e-01
237 4.98046875000000e-01 2.48050689697266e-01
238 4.64355468750000e-01 2.15626001358032e-01
239 4.77539062500000e-01 2.28043556213379e-01
240 4.67773437500000e-01 2.18811988830566e-01
241 4.33105468750000e-01 1.87580347061157e-01
242 4.12109375000000e-01 1.69834136962891e-01
243 3.78417968750000e-01 1.43200159072876e-01
244 4.20410156250000e-01 1.76744699478149e-01
245 4.02343750000000e-01 1.61880493164062e-01
246 4.33593750000000e-01 1.88003540039062e-01
247 4.14550781250000e-01 1.71852350234985e-01
248 4.21386718750000e-01 1.77566766738892e-01
249 3.87207031250000e-01 1.49929285049438e-01
250 4.04296875000000e-01 1.63455963134766e-01
251 4.64355468750000e-01 2.15626001358032e-01
252 4.88281250000000e-01 2.38418579101562e-01
253 5.68847656250000e-01 3.23587656021118e-01
254 6.23535156250000e-01 3.88796091079712e-01
255 6.06933593750000e-01 3.68368387222290e-01
256 5.61523437500000e-01 3.15308570861816e-01
257 5.79101562500000e-01 3.35358619689941e-01
258 5.32714843750000e-01 2.83785104751587e-01
259 5.39062500000000e-01 2.90588378906250e-01
260 5.87890625000000e-01 3.45615386962891e-01
261 5.50781250000000e-01 3.03359985351562e-01
262 5.62988281250000e-01 3.16955804824829e-01
263 5.18066406250000e-01 2.68392801284790e-01
264 5.81542968750000e-01 3.38192224502563e-01
265 5.99609375000000e-01 3.59531402587891e-01
266 5.89355468750000e-01 3.47339868545532e-01
267 6.10839843750000e-01 3.73125314712524e-01
268 6.39648437500000e-01 4.09150123596191e-01
269 6.31347656250000e-01 3.98599863052368e-01
270 6.28906250000000e-01 3.95523071289062e-01
271 6.14257812500000e-01 3.77312660217285e-01
272 5.94726562500000e-01 3.53699684143066e-01
273 5.92773437500000e-01 3.51380348205566e-01
274 5.60058593750000e-01 3.13665628433228e-01
275 5.09277343750000e-01 2.59363412857056e-01
276 4.94628906250000e-01 2.44657754898071e-01
277 5.37109375000000e-01 2.88486480712891e-01
278 5.34667968750000e-01 2.85869836807251e-01
279 5.40527343750000e-01 2.92169809341431e-01
280 5.33203125000000e-01 2.84305572509766e-01
281 5.88867187500000e-01 3.46764564514160e-01
282 5.87890625000000e-01 3.45615386962891e-01
283 6.01562500000000e-01 3.61877441406250e-01
284 6.20605468750000e-01 3.85151147842407e-01
285 6.01562500000000e-01 3.61877441406250e-01
286 6.88964843750000e-01 4.74672555923462e-01
287 6.45996093750000e-01 4.17310953140259e-01
288 6.29882812500000e-01 3.96752357482910e-01
289 6.34277343750000e-01 4.02307748794556e-01
290 6.36718750000000e-01 4.05410766601562e-01
291 5.98632812500000e-01 3.58361244201660e-01
292 6.11328125000000e-01 3.73722076416016e-01
293 6.64062500000000e-01 4.40979003906250e-01
294 6.56738281250000e-01 4.31305170059204e-01
295 6.20117187500000e-01 3.84545326232910e-01
296 6.42578125000000e-01 4.12906646728516e-01
297 5.50292968750000e-01 3.02822351455688e-01
298 5.34667968750000e-01 2.85869836807251e-01
299 5.02929687500000e-01 2.52938270568848e-01
300 5.41503906250000e-01 2.93226480484009e-01
301 5.22460937500000e-01 2.72965431213379e-01
302 4.84375000000000e-01 2.34619140625000e-01
303 4.62402343750000e-01 2.13815927505493e-01
304 4.56054687500000e-01 2.07985877990723e-01
305 4.40429687500000e-01 1.93978309631348e-01
306 3.71093750000000e-01 1.37710571289062e-01
307 3.70117187500000e-01 1.36986732482910e-01
308 4.38476562500000e-01 1.92261695861816e-01
309 4.87792968750000e-01 2.37941980361938e-01
310 4.30175781250000e-01 1.85051202774048e-01
311 4.65820312500000e-01 2.16988563537598e-01
312 4.52636718750000e-01 2.04879999160767e-01
313 3.83300781250000e-01 1.46919488906860e-01
314 2.88085937500000e-01 8.29935073852539e-02
315 2.73437500000000e-01 7.47680664062500e-02
316 2.94921875000000e-01 8.69789123535156e-02
317 2.57324218750000e-01 6.62157535552979e-02
318 2.41210937500000e-01 5.81827163696289e-02
319 2.52441406250000e-01 6.37266635894775e-02
320 2.78320312500000e-01 7.74621963500977e-02
321 2.27050781250000e-01 5.15520572662354e-02
322 2.21679687500000e-01 4.91418838500977e-02
323 2.26074218750000e-01 5.11095523834229e-02
324 2.75390625000000e-01 7.58399963378906e-02
325 2.43652343750000e-01 5.93664646148682e-02
326 3.03710937500000e-01 9.22403335571289e-02
327 3.36425781250000e-01 1.13182306289673e-01
328 3.20800781250000e-01 1.02913141250610e-01
329 3.00781250000000e-01 9.04693603515625e-02
330 3.00781250000000e-01 9.04693603515625e-02
331 3.20312500000000e-01 1.02600097656250e-01
332 3.29101562500000e-01 1.08307838439941e-01
333 3.32031250000000e-01 1.10244750976562e-01
334 2.81250000000000e-01 7.91015625000000e-02
335 3.04687500000000e-01 9.28344726562500e-02
336 3.01757812500000e-01 9.10577774047852e-02
337 2.53417968750000e-01 6.42206668853760e-02
338 1.87500000000000e-01 3.51562500000000e-02
339 3.28125000000000e-01 1.07666015625000e-01
340 3.12500000000000e-01 9.76562500000000e-02
341 3.36914062500000e-01 1.13511085510254e-01
342 3.15917968750000e-01 9.98041629791260e-02
343 3.30078125000000e-01 1.08951568603516e-01
344 5.03906250000000e-01 2.53921508789062e-01
345 4.40429687500000e-01 1.93978309631348e-01
346 3.76953125000000e-01 1.42093658447266e-01
347 4.28222656250000e-01 1.83374643325806e-01
348 4.06250000000000e-01 1.65039062500000e-01
349 4.09179687500000e-01 1.67428016662598e-01
350 4.48242187500000e-01 2.00921058654785e-01
351 4.75585937500000e-01 2.26181983947754e-01
352 4.67285156250000e-01 2.18355417251587e-01
353 3.98437500000000e-01 1.58752441406250e-01
354 4.24316406250000e-01 1.80044412612915e-01
355 4.44824218750000e-01 1.97868585586548e-01
356 4.26757812500000e-01 1.82122230529785e-01
357 3.84765625000000e-01 1.48044586181641e-01
358 3.76953125000000e-01 1.42093658447266e-01
359 3.58886718750000e-01 1.28799676895142e-01
360 4.23828125000000e-01 1.79630279541016e-01
361 4.56054687500000e-01 2.07985877990723e-01
362 5.12695312500000e-01 2.62856483459473e-01
363 5.19042968750000e-01 2.69405603408813e-01
364 4.20898437500000e-01 1.77155494689941e-01
365 4.46289062500000e-01 1.99173927307129e-01
366 5.04882812500000e-01 2.54906654357910e-01
367 4.68750000000000e-01 2.19726562500000e-01
368 4.45800781250000e-01 1.98738336563110e-01
369 4.74609375000000e-01 2.25254058837891e-01
370 4.72167968750000e-01 2.22942590713501e-01
371 4.24804687500000e-01 1.80459022521973e-01
372 4.40917968750000e-01 1.94408655166626e-01
373 4.79492187500000e-01 2.29912757873535e-01
374 4.48242187500000e-01 2.00921058654785e-01
375 4.08691406250000e-01 1.67028665542603e-01
376 4.44335937500000e-01 1.97434425354004e-01
377 4.47753906250000e-01 2.00483560562134e-01
378 4.30664062500000e-01 1.85471534729004e-01
379 3.82812500000000e-01 1.46545410156250e-01
380 4.39941406250000e-01 1.93548440933228e-01
381 5.00000000000000e-01 2.50000000000000e-01
382 5.20507812500000e-01 2.70928382873535e-01
383 5.28320312500000e-01 2.79122352600098e-01
384 5.26855468750000e-01 2.77576684951782e-01
385 5.35156250000000e-01 2.86392211914062e-01
386 5.54199218750000e-01 3.07136774063110e-01
387 5.32226562500000e-01 2.83265113830566e-01
388 5.04882812500000e-01 2.54906654357910e-01
389 5.21972656250000e-01 2.72455453872681e-01
390 4.35546875000000e-01 1.89701080322266e-01
391 4.96582031250000e-01 2.46593713760376e-01
392 4.41406250000000e-01 1.94839477539062e-01
393 4.49218750000000e-01 2.01797485351562e-01
394 4.08203125000000e-01 1.66629791259766e-01
395 3.87207031250000e-01 1.49929285049438e-01
396 3.42285156250000e-01 1.17159128189087e-01
397 2.71484375000000e-01 7.37037658691406e-02
398 3.69628906250000e-01 1.36625528335571e-01
399 4.10156250000000e-01 1.68228149414062e-01
400 3.76464843750000e-01 1.41725778579712e-01
401 4.38476562500000e-01 1.92261695861816e-01
402 4.53125000000000e-01 2.05322265625000e-01
403 4.62890625000000e-01 2.14267730712891e-01
404 5.18066406250000e-01 2.68392801284790e-01
405 5.48828125000000e-01 3.01212310791016e-01
406 5.22460937500000e-01 2.72965431213379e-01
407 5.17089843750000e-01 2.67381906509399e-01
408 5.53710937500000e-01 3.06595802307129e-01
409 4.97070312500000e-01 2.47078895568848e-01
410 4.95117187500000e-01 2.45141029357910e-01
411 4.43359375000000e-01 1.96567535400391e-01
412 4.58496093750000e-01 2.10218667984009e-01
413 3.85742187500000e-01 1.48797035217285e-01
414 3.89648437500000e-01 1.51825904846191e-01
415 3.50585937500000e-01 1.22910499572754e-01
416 3.66699218750000e-01 1.34468317031860e-01
417 2.65625000000000e-01 7.05566406250000e-02
418 2.91503906250000e-01 8.49745273590088e-02
419 2.17773437500000e-01 4.74252700805664e-02
420 1.79199218750000e-01 3.21123600006104e-02
421 1.97753906250000e-01 3.91066074371338e-02
422 2.24121093750000e-01 5.02302646636963e-02
423 2.24121093750000e-01 5.02302646636963e-02
424 1.81640625000000e-01 3.29933166503906e-02
425 1.87988281250000e-01 3.53395938873291e-02
426 1.84082031250000e-01 3.38861942291260e-02
427 1.79687500000000e-01 3.22875976562500e-02
428 3.04199218750000e-01 9.25371646881104e-02
429 3.29589843750000e-01 1.08629465103149e-01
430 2.85644531250000e-01 8.15927982330322e-02
431 1.98242187500000e-01 3.92999649047852e-02
432 2.62207031250000e-01 6.87525272369385e-02
433 3.06640625000000e-01 9.40284729003906e-02
434 3.33984375000000e-01 1.11545562744141e-01
435 4.07226562500000e-01 1.65833473205566e-01
436 4.60937500000000e-01 2.12463378906250e-01
437 4.46289062500000e-01 1.99173927307129e-01
438 4.47753906250000e-01 2.00483560562134e-01
439 3.85742187500000e-01 1.48797035217285e-01
440 3.62792968750000e-01 1.31618738174438e-01
441 3.65722656250000e-01 1.33753061294556e-01
442 3.18847656250000e-01 1.01663827896118e-01
443 3.85742187500000e-01 1.48797035217285e-01
444 3.62792968750000e-01 1.31618738174438e-01
445 4.00390625000000e-01 1.60312652587891e-01
446 3.75976562500000e-01 1.41358375549316e-01
447 4.64843750000000e-01 2.16079711914062e-01
448 4.17480468750000e-01 1.74289941787720e-01
449 4.46289062500000e-01 1.99173927307129e-01
450 3.91113281250000e-01 1.52969598770142e-01
451 4.02832031250000e-01 1.62273645401001e-01
452 4.37500000000000e-01 1.91406250000000e-01
453 4.63867187500000e-01 2.15172767639160e-01
454 5.25390625000000e-01 2.76035308837891e-01
455 5.76171875000000e-01 3.31974029541016e-01
456 5.60058593750000e-01 3.13665628433228e-01
457 5.82031250000000e-01 3.38760375976562e-01
458 5.63476562500000e-01 3.17505836486816e-01
459 5.68847656250000e-01 3.23587656021118e-01
460 5.30761718750000e-01 2.81708002090454e-01
461 5.59082031250000e-01 3.12572717666626e-01
462 5.44433593750000e-01 2.96407938003540e-01
463 5.94726562500000e-01 3.53699684143066e-01
464 5.59082031250000e-01 3.12572717666626e-01
465 6.22558593750000e-01 3.87579202651978e-01
466 6.22070312500000e-01 3.86971473693848e-01
467 6.67968750000000e-01 4.46182250976562e-01
468 6.68945312500000e-01 4.47487831115723e-01
469 6.18164062500000e-01 3.82126808166504e-01
470 6.37695312500000e-01 4.06655311584473e-01
471 5.83496093750000e-01 3.40467691421509e-01
472 6.27441406250000e-01 3.93682718276978e-01
473 5.55664062500000e-01 3.08762550354004e-01
474 5.74218750000000e-01 3.29727172851562e-01
475 5.88378906250000e-01 3.46189737319946e-01
476 5.93750000000000e-01 3.52539062500000e-01
477 5.21484375000000e-01 2.71945953369141e-01
478 5.54687500000000e-01 3.07678222656250e-01
479 5.40039062500000e-01 2.91642189025879e-01
480 5.23925781250000e-01 2.74498224258423e-01
481 5.80566406250000e-01 3.37057352066040e-01
482 5.81054687500000e-01 3.37624549865723e-01
483 5.47851562500000e-01 3.00141334533691e-01
484 5.92773437500000e-01 3.51380348205566e-01
485 5.85449218750000e-01 3.42750787734985e-01
486 6.01074218750000e-01 3.61290216445923e-01
487 5.47363281250000e-01 2.99606561660767e-01
488 5.31250000000000e-01 2.82226562500000e-01
489 4.80957031250000e-01 2.31319665908813e-01
490 4.74609375000000e-01 2.25254058837891e-01
491 4.60449218750000e-01 2.12013483047485e-01
492 5.27343750000000e-01 2.78091430664062e-01
493 5.68847656250000e-01 3.23587656021118e-01
494 5.99121093750000e-01 3.58946084976196e-01
495 6.41601562500000e-01 4.11652565002441e-01
496 6.11816406250000e-01 3.74319314956665e-01
497 5.78613281250000e-01 3.34793329238892e-01
498 5.84960937500000e-01 3.42179298400879e-01
499 6.42089843750000e-01 4.12279367446899e-01
500 6.81640625000000e-01 4.64633941650391e-01
501 6.74316406250000e-01 4.54702615737915e-01
502 6.89453125000000e-01 4.75345611572266e-01
503 5.34179687500000e-01 2.85347938537598e-01
504 5.93750000000000e-01 3.52539062500000e-01
505 6.04003906250000e-01 3.64820718765259e-01
506 6.32812500000000e-01 4.00451660156250e-01
507 6.34765625000000e-01 4.02927398681641e-01
508 6.46484375000000e-01 4.17942047119141e-01
509 6.37695312500000e-01 4.06655311584473e-01
510 6.33789062500000e-01 4.01688575744629e-01
511 6.52343750000000e-01 4.25552368164062e-01
512 6.82128906250000e-01 4.65299844741821e-01
513 7.24609375000000e-01 5.25058746337891e-01
514 7.09960937500000e-01 5.04044532775879e-01
515 7.38281250000000e-01 5.45059204101562e-01
516 6.50878906250000e-01 4.23643350601196e-01
517 6.48925781250000e-01 4.21104669570923e-01
518 6.81640625000000e-01 4.64633941650391e-01
519 6.46484375000000e-01 4.17942047119141e-01
520 6.43066406250000e-01 4.13534402847290e-01
521 6.16210937500000e-01 3.79715919494629e-01
522 6.14257812500000e-01 3.77312660217285e-01
523 6.37207031250000e-01 4.06032800674438e-01
524 6.40136718750000e-01 4.09775018692017e-01
525 6.70410156250000e-01 4.49449777603149e-01
526 6.53320312500000e-01 4.26827430725098e-01
527 6.14746093750000e-01 3.77912759780884e-01
528 5.99121093750000e-01 3.58946084976196e-01
529 6.11816406250000e-01 3.74319314956665e-01
530 5.80078125000000e-01 3.36490631103516e-01
531 6.37695312500000e-01 4.06655311584473e-01
532 6.40136718750000e-01 4.09775018692017e-01
533 6.42089843750000e-01 4.12279367446899e-01
534 6.01074218750000e-01 3.61290216445923e-01
535 6.27929687500000e-01 3.94295692443848e-01
536 6.20117187500000e-01 3.84545326232910e-01
537 5.78125000000000e-01 3.34228515625000e-01
538 5.43457031250000e-01 2.95345544815063e-01
539 5.55175781250000e-01 3.08220148086548e-01
540 5.46875000000000e-01 2.99072265625000e-01
541 5.13671875000000e-01 2.63858795166016e-01
542 5.98144531250000e-01 3.57776880264282e-01
543 5.17578125000000e-01 2.67887115478516e-01
544 5.38574218750000e-01 2.90062189102173e-01
545 5.47851562500000e-01 3.00141334533691e-01
546 5.29296875000000e-01 2.80155181884766e-01
547 5.20996093750000e-01 2.71436929702759e-01
548 5.62011718750000e-01 3.15857172012329e-01
549 5.80078125000000e-01 3.36490631103516e-01
550 5.81542968750000e-01 3.38192224502563e-01
551 5.85937500000000e-01 3.43322753906250e-01
552 6.44042968750000e-01 4.14791345596313e-01
553 6.71386718750000e-01 4.50760126113892e-01
554 7.08007812500000e-01 5.01275062561035e-01
555 6.63085937500000e-01 4.39682960510254e-01
556 6.83105468750000e-01 4.66633081436157e-01
557 6.77246093750000e-01 4.58662271499634e-01
558 6.78710937500000e-01 4.60648536682129e-01
559 6.43066406250000e-01 4.13534402847290e-01
560 5.91308593750000e-01 3.49645853042603e-01
561 5.64453125000000e-01 3.18607330322266e-01
562 5.76660156250000e-01 3.32536935806274e-01
563 5.26367187500000e-01 2.77062416076660e-01
564 5.01464843750000e-01 2.51466989517212e-01
565 5.18554687500000e-01 2.68898963928223e-01
566 5.40039062500000e-01 2.91642189025879e-01
567 5.04394531250000e-01 2.54413843154907e-01
568 4.89257812500000e-01 2.39373207092285e-01
569 5.29296875000000e-01 2.80155181884766e-01
570 5.99121093750000e-01 3.58946084976196e-01
571 5.78125000000000e-01 3.34228515625000e-01
572 5.56640625000000e-01 3.09848785400391e-01
573 5.34667968750000e-01 2.85869836807251e-01
574 6.07910156250000e-01 3.69554758071899e-01
575 5.55664062500000e-01 3.08762550354004e-01
576 5.32226562500000e-01 2.83265113830566e-01
577 5.71777343750000e-01 3.26929330825806e-01
578 5.76171875000000e-01 3.31974029541016e-01
579 5.48339843750000e-01 3.00676584243774e-01
580 5.49804687500000e-01 3.02285194396973e-01
581 6.09863281250000e-01 3.71933221817017e-01
582 6.61132812500000e-01 4.37096595764160e-01
583 6.31347656250000e-01 3.98599863052368e-01
584 5.80078125000000e-01 3.36490631103516e-01
585 6.17187500000000e-01 3.80920410156250e-01
586 6.15722656250000e-01 3.79114389419556e-01
587 6.43554687500000e-01 4.14162635803223e-01
588 6.41113281250000e-01 4.11026239395142e-01
589 6.27929687500000e-01 3.94295692443848e-01
590 6.22558593750000e-01 3.87579202651978e-01
591 5.40527343750000e-01 2.92169809341431e-01
592 5.53222656250000e-01 3.06055307388306e-01
593 5.44921875000000e-01 2.96939849853516e-01
594 5.08300781250000e-01 2.58369684219360e-01
595 5.47363281250000e-01 2.99606561660767e-01
596 5.12695312500000e-01 2.62856483459473e-01
597 4.91699218750000e-01 2.41768121719360e-01
598 5.20507812500000e-01 2.70928382873535e-01
599 5.80078125000000e-01 3.36490631103516e-01
600 6.22070312500000e-01 3.86971473693848e-01
601 6.39160156250000e-01 4.08525705337524e-01
602 6.82128906250000e-01 4.65299844741821e-01
603 6.37207031250000e-01 4.06032800674438e-01
604 6.17187500000000e-01 3.80920410156250e-01
605 6.67968750000000e-01 4.46182250976562e-01
606 6.58203125000000e-01 4.33231353759766e-01
607 6.59179687500000e-01 4.34517860412598e-01
608 6.39648437500000e-01 4.09150123596191e-01
609 6.34277343750000e-01 4.02307748794556e-01
610 6.34277343750000e-01 4.02307748794556e-01
611 5.77148437500000e-01 3.33100318908691e-01
612 4.80468750000000e-01 2.30850219726562e-01
613 5.52246093750000e-01 3.04975748062134e-01
614 3.86718750000000e-01 1.49551391601562e-01
615 4.10156250000000e-01 1.68228149414062e-01
616 5.00976562500000e-01 2.50977516174316e-01
617 4.78515625000000e-01 2.28977203369141e-01
618 4.92675781250000e-01 2.42729425430298e-01
619 4.84863281250000e-01 2.35092401504517e-01
620 5.56152343750000e-01 3.09305429458618e-01
621 6.08886718750000e-01 3.70743036270142e-01
622 6.19140625000000e-01 3.83335113525391e-01
623 6.66015625000000e-01 4.43576812744141e-01
624 6.51855468750000e-01 4.24915552139282e-01
625 6.68457031250000e-01 4.46834802627563e-01
626 6.25488281250000e-01 3.91235589981079e-01
627 6.13769531250000e-01 3.76713037490845e-01
628 6.06933593750000e-01 3.68368387222290e-01
629 5.59082031250000e-01 3.12572717666626e-01
630 5.89843750000000e-01 3.47915649414062e-01
631 5.58105468750000e-01 3.11481714248657e-01
632 5.15136718750000e-01 2.65365839004517e-01
633 5.93750000000000e-01 3.52539062500000e-01
634 5.82519531250000e-01 3.39329004287720e-01
635 5.97656250000000e-01 3.57192993164062e-01
636 5.75195312500000e-01 3.30849647521973e-01
637 5.49316406250000e-01 3.01748514175415e-01
638 4.45800781250000e-01 1.98738336563110e-01
639 5.34667968750000e-01 2.85869836807251e-01
640 5.69335937500000e-01 3.24143409729004e-01
641 5.04882812500000e-01 2.54906654357910e-01
642 5.14160156250000e-01 2.64360666275024e-01
643 5.88378906250000e-01 3.46189737319946e-01
644 5.49804687500000e-01 3.02285194396973e-01
645 5.75683593750000e-01 3.31411600112915e-01
646 5.69824218750000e-01 3.24699640274048e-01
647 5.62500000000000e-01 3.16406250000000e-01
648 5.44433593750000e-01 2.96407938003540e-01
649 5.34179687500000e-01 2.85347938537598e-01
650 5.29785156250000e-01 2.80672311782837e-01
651 5.57617187500000e-01 3.10936927795410e-01
652 5.10742187500000e-01 2.60857582092285e-01
653 5.26367187500000e-01 2.77062416076660e-01
654 5.83984375000000e-01 3.41037750244141e-01
655 5.78613281250000e-01 3.34793329238892e-01
656 5.69824218750000e-01 3.24699640274048e-01
657 5.76171875000000e-01 3.31974029541016e-01
658 5.84472656250000e-01 3.41608285903931e-01
659 5.59570312500000e-01 3.13118934631348e-01
660 5.83984375000000e-01 3.41037750244141e-01
661 5.63964843750000e-01 3.18056344985962e-01
662 6.08886718750000e-01 3.70743036270142e-01
663 5.41992187500000e-01 2.93755531311035e-01
664 5.31250000000000e-01 2.82226562500000e-01
665 5.33691406250000e-01 2.84826517105103e-01
666 5.63964843750000e-01 3.18056344985962e-01
667 4.94628906250000e-01 2.44657754898071e-01
668 4.88769531250000e-01 2.38895654678345e-01
669 5.85449218750000e-01 3.42750787734985e-01
670 6.04492187500000e-01 3.65410804748535e-01
671 5.88378906250000e-01 3.46189737319946e-01
672 5.11718750000000e-01 2.61856079101562e-01
673 4.83398437500000e-01 2.33674049377441e-01
674 5.31738281250000e-01 2.82745599746704e-01
675 5.30761718750000e-01 2.81708002090454e-01
676 5.46386718750000e-01 2.98538446426392e-01
677 5.66406250000000e-01 3.20816040039062e-01
678 5.49316406250000e-01 3.01748514175415e-01
679 5.38574218750000e-01 2.90062189102173e-01
680 5.14648437500000e-01 2.64863014221191e-01
681 5.37597656250000e-01 2.89011240005493e-01
682 5.80078125000000e-01 3.36490631103516e-01
683 5.93261718750000e-01 3.51959466934204e-01
684 5.27343750000000e-01 2.78091430664062e-01
685 5.40527343750000e-01 2.92169809341431e-01
686 5.50292968750000e-01 3.02822351455688e-01
687 5.80566406250000e-01 3.37057352066040e-01
688 5.06835937500000e-01 2.56882667541504e-01
689 5.39550781250000e-01 2.91115045547485e-01
690 5.21484375000000e-01 2.71945953369141e-01
691 4.58496093750000e-01 2.10218667984009e-01
692 5.05371093750000e-01 2.55399942398071e-01
693 4.91210937500000e-01 2.41288185119629e-01
694 4.49707031250000e-01 2.02236413955688e-01
695 5.01464843750000e-01 2.51466989517212e-01
696 4.56054687500000e-01 2.07985877990723e-01
697 4.15527343750000e-01 1.72662973403931e-01
698 4.04296875000000e-01 1.63455963134766e-01
699 4.26269531250000e-01 1.81705713272095e-01
700 4.52148437500000e-01 2.04438209533691e-01
701 5.16113281250000e-01 2.66372919082642e-01
702 4.96093750000000e-01 2.46109008789062e-01
703 5.20507812500000e-01 2.70928382873535e-01
704 5.43945312500000e-01 2.95876502990723e-01
705 5.78613281250000e-01 3.34793329238892e-01
706 5.88867187500000e-01 3.46764564514160e-01
707 5.88867187500000e-01 3.46764564514160e-01
708 5.54199218750000e-01 3.07136774063110e-01
709 5.53222656250000e-01 3.06055307388306e-01
710 5.82031250000000e-01 3.38760375976562e-01
711 5.79589843750000e-01 3.35924386978149e-01
712 5.67871093750000e-01 3.22477579116821e-01
713 5.44433593750000e-01 2.96407938003540e-01
714 5.28808593750000e-01 2.79638528823853e-01
715 5.57128906250000e-01 3.10392618179321e-01
716 5.79589843750000e-01 3.35924386978149e-01
717 5.44921875000000e-01 2.96939849853516e-01
718 5.09277343750000e-01 2.59363412857056e-01
719 5.06347656250000e-01 2.56387948989868e-01
720 5.05859375000000e-01 2.55893707275391e-01
721 4.33593750000000e-01 1.88003540039062e-01
722 4.58984375000000e-01 2.10666656494141e-01
723 4.46289062500000e-01 1.99173927307129e-01
724 4.40917968750000e-01 1.94408655166626e-01
725 3.76953125000000e-01 1.42093658447266e-01
726 3.33984375000000e-01 1.11545562744141e-01
727 3.34960937500000e-01 1.12198829650879e-01
728 3.72070312500000e-01 1.38436317443848e-01
729 4.00878906250000e-01 1.60703897476196e-01
730 4.05761718750000e-01 1.64642572402954e-01
731 4.06738281250000e-01 1.65436029434204e-01
732 4.08691406250000e-01 1.67028665542603e-01
733 3.68164062500000e-01 1.35544776916504e-01
734 3.54003906250000e-01 1.25318765640259e-01
735 4.07226562500000e-01 1.65833473205566e-01
736 4.16992187500000e-01 1.73882484436035e-01
737 4.19921875000000e-01 1.76334381103516e-01
738 3.92089843750000e-01 1.53734445571899e-01
739 4.61425781250000e-01 2.12913751602173e-01
740 4.74609375000000e-01 2.25254058837891e-01
741 5.35644531250000e-01 2.86915063858032e-01
742 5.27343750000000e-01 2.78091430664062e-01
743 5.29785156250000e-01 2.80672311782837e-01
744 5.90332031250000e-01 3.48491907119751e-01
745 5.08300781250000e-01 2.58369684219360e-01
746 5.37109375000000e-01 2.88486480712891e-01
747 4.72656250000000e-01 2.23403930664062e-01
748 4.16992187500000e-01 1.73882484436035e-01
749 4.49218750000000e-01 2.01797485351562e-01
750 4.13574218750000e-01 1.71043634414673e-01
751 4.80468750000000e-01 2.30850219726562e-01
752 4.94628906250000e-01 2.44657754898071e-01
753 4.32128906250000e-01 1.86735391616821e-01
754 4.41406250000000e-01 1.94839477539062e-01
755 5.26855468750000e-01 2.77576684951782e-01
756 5.05371093750000e-01 2.55399942398071e-01
757 5.00976562500000e-01 2.50977516174316e-01
758 4.62402343750000e-01 2.13815927505493e-01
759 3.83789062500000e-01 1.47294044494629e-01
760 3.34472656250000e-01 1.11871957778931e-01
761 4.01855468750000e-01 1.61487817764282e-01
762 4.12597656250000e-01 1.70236825942993e-01
763 3.96972656250000e-01 1.57587289810181e-01
764 3.98437500000000e-01 1.58752441406250e-01
765 3.98437500000000e-01 1.58752441406250e-01
766 4.41894531250000e-01 1.95270776748657e-01
767 4.04785156250000e-01 1.63851022720337e-01
768 4.20898437500000e-01 1.77155494689941e-01
769 3.95996093750000e-01 1.56812906265259e-01
770 3.54492187500000e-01 1.25664710998535e-01
771 3.52050781250000e-01 1.23939752578735e-01
772 3.28613281250000e-01 1.07986688613892e-01
773 3.42285156250000e-01 1.17159128189087e-01
774 3.34472656250000e-01 1.11871957778931e-01
775 3.17871093750000e-01 1.01042032241821e-01
776 3.49121093750000e-01 1.21885538101196e-01
777 4.06738281250000e-01 1.65436029434204e-01
778 4.28710937500000e-01 1.83793067932129e-01
779 4.19433593750000e-01 1.75924539566040e-01
780 4.79980468750000e-01 2.30381250381470e-01
781 4.12109375000000e-01 1.69834136962891e-01
782 3.88671875000000e-01 1.51065826416016e-01
783 3.49609375000000e-01 1.22226715087891e-01
784 3.91601562500000e-01 1.53351783752441e-01
785 3.09570312500000e-01 9.58337783813477e-02
786 3.12500000000000e-01 9.76562500000000e-02
787 3.41796875000000e-01 1.16825103759766e-01
788 3.12011718750000e-01 9.73513126373291e-02
789 3.29589843750000e-01 1.08629465103149e-01
790 2.50488281250000e-01 6.27443790435791e-02
791 3.22265625000000e-01 1.03855133056641e-01
792 3.56445312500000e-01 1.27053260803223e-01
793 3.29101562500000e-01 1.08307838439941e-01
794 3.11035156250000e-01 9.67428684234619e-02
795 2.80761718750000e-01 7.88271427154541e-02
796 2.85644531250000e-01 8.15927982330322e-02
797 3.05664062500000e-01 9.34305191040039e-02
798 3.44238281250000e-01 1.18499994277954e-01
799 3.49121093750000e-01 1.21885538101196e-01
800 2.91015625000000e-01 8.46900939941406e-02
801 2.86132812500000e-01 8.18719863891602e-02
802 3.71582031250000e-01 1.38073205947876e-01
803 3.19824218750000e-01 1.02287530899048e-01
804 3.77929687500000e-01 1.42830848693848e-01
805 3.34472656250000e-01 1.11871957778931e-01
806 2.93457031250000e-01 8.61170291900635e-02
807 3.48144531250000e-01 1.21204614639282e-01
808 3.33496093750000e-01 1.11219644546509e-01
809 3.68164062500000e-01 1.35544776916504e-01
810 4.51171875000000e-01 2.03556060791016e-01
811 4.70703125000000e-01 2.21561431884766e-01
812 4.69238281250000e-01 2.20184564590454e-01
813 4.85351562500000e-01 2.35566139221191e-01
814 5.37597656250000e-01 2.89011240005493e-01
815 5.75683593750000e-01 3.31411600112915e-01
816 5.69824218750000e-01 3.24699640274048e-01
817 6.26953125000000e-01 3.93070220947266e-01
818 6.56250000000000e-01 4.30664062500000e-01
819 6.57226562500000e-01 4.31946754455566e-01
820 7.13378906250000e-01 5.08909463882446e-01
821 7.00683593750000e-01 4.90957498550415e-01
822 7.39746093750000e-01 5.47224283218384e-01
823 8.06640625000000e-01 6.50669097900391e-01
824 7.64648437500000e-01 5.84687232971191e-01
825 7.18261718750000e-01 5.15899896621704e-01
826 7.59765625000000e-01 5.77243804931641e-01
827 6.82617187500000e-01 4.65966224670410e-01
828 6.82128906250000e-01 4.65299844741821e-01
829 6.82617187500000e-01 4.65966224670410e-01
830 7.68066406250000e-01 5.89926004409790e-01
831 7.42187500000000e-01 5.50842285156250e-01
832 7.09960937500000e-01 5.04044532775879e-01
833 7.08984375000000e-01 5.02658843994141e-01
834 7.26562500000000e-01 5.27893066406250e-01
835 7.60253906250000e-01 5.77986001968384e-01
836 7.24609375000000e-01 5.25058746337891e-01
837 6.87500000000000e-01 4.72656250000000e-01
838 6.23046875000000e-01 3.88187408447266e-01
839 6.47460937500000e-01 4.19205665588379e-01
840 7.22167968750000e-01 5.21526575088501e-01
841 7.04589843750000e-01 4.96446847915649e-01
842 6.56738281250000e-01 4.31305170059204e-01
843 6.48925781250000e-01 4.21104669570923e-01
844 6.15722656250000e-01 3.79114389419556e-01
845 6.85546875000000e-01 4.69974517822266e-01
846 6.77246093750000e-01 4.58662271499634e-01
847 6.75292968750000e-01 4.56020593643188e-01
848 7.04589843750000e-01 4.96446847915649e-01
849 6.38183593750000e-01 4.07278299331665e-01
850 6.10839843750000e-01 3.73125314712524e-01
851 6.20117187500000e-01 3.84545326232910e-01
852 5.95703125000000e-01 3.54862213134766e-01
853 6.12304687500000e-01 3.74917030334473e-01
854 6.13769531250000e-01 3.76713037490845e-01
855 6.87011718750000e-01 4.71985101699829e-01
856 6.77734375000000e-01 4.59323883056641e-01
857 7.32421875000000e-01 5.36441802978516e-01
858 7.37792968750000e-01 5.44338464736938e-01
859 7.04589843750000e-01 4.96446847915649e-01
860 6.70410156250000e-01 4.49449777603149e-01
861 7.02636718750000e-01 4.93698358535767e-01
862 6.87988281250000e-01 4.73327875137329e-01
863 6.61621093750000e-01 4.37742471694946e-01
864 6.14257812500000e-01 3.77312660217285e-01
865 5.59570312500000e-01 3.13118934631348e-01
866 4.72656250000000e-01 2.23403930664062e-01
867 5.12695312500000e-01 2.62856483459473e-01
868 5.16113281250000e-01 2.66372919082642e-01
869 4.62402343750000e-01 2.13815927505493e-01
870 5.13183593750000e-01 2.63357400894165e-01
871 4.53125000000000e-01 2.05322265625000e-01
872 4.75585937500000e-01 2.26181983947754e-01
873 4.79980468750000e-01 2.30381250381470e-01
874 4.38964843750000e-01 1.92690134048462e-01
875 4.18457031250000e-01 1.75106287002563e-01
876 3.95019531250000e-01 1.56040430068970e-01
877 3.79394531250000e-01 1.43940210342407e-01
878 3.75488281250000e-01 1.40991449356079e-01
879 3.60351562500000e-01 1.29853248596191e-01
880 4.38964843750000e-01 1.92690134048462e-01
881 4.04296875000000e-01 1.63455963134766e-01
882 3.34960937500000e-01 1.12198829650879e-01
883 4.08203125000000e-01 1.66629791259766e-01
884 3.85742187500000e-01 1.48797035217285e-01
885 3.78906250000000e-01 1.43569946289062e-01
886 4.28710937500000e-01 1.83793067932129e-01
887 4.83886718750000e-01 2.34146356582642e-01
888 4.85351562500000e-01 2.35566139221191e-01
889 5.49316406250000e-01 3.01748514175415e-01
890 4.81445312500000e-01 2.31789588928223e-01
891 4.64355468750000e-01 2.15626001358032e-01
892 4.55078125000000e-01 2.07096099853516e-01
893 4.47265625000000e-01 2.00046539306641e-01
894 4.36035156250000e-01 1.90126657485962e-01
895 4.73632812500000e-01 2.24328041076660e-01
896 4.91210937500000e-01 2.41288185119629e-01
897 5.01464843750000e-01 2.51466989517212e-01
898 5.11718750000000e-01 2.61856079101562e-01
899 5.31738281250000e-01 2.82745599746704e-01
900 5.74218750000000e-01 3.29727172851562e-01
901 5.41992187500000e-01 2.93755531311035e-01
902 5.79589843750000e-01 3.35924386978149e-01
903 6.03027343750000e-01 3.63641977310181e-01
904 6.33300781250000e-01 4.01069879531860e-01
905 6.65527343750000e-01 4.42926645278931e-01
906 6.52832031250000e-01 4.26189661026001e-01
907 6.15234375000000e-01 3.78513336181641e-01
908 6.66992187500000e-01 4.44878578186035e-01
909 6.80664062500000e-01 4.63303565979004e-01
910 6.52832031250000e-01 4.26189661026001e-01
911 6.51855468750000e-01 4.24915552139282e-01
912 6.87500000000000e-01 4.72656250000000e-01
913 6.95312500000000e-01 4.83459472656250e-01
914 7.16308593750000e-01 5.13098001480103e-01
915 7.68554687500000e-01 5.90676307678223e-01
916 7.47558593750000e-01 5.58843851089478e-01
917 7.44140625000000e-01 5.53745269775391e-01
918 7.58789062500000e-01 5.75760841369629e-01
919 6.58203125000000e-01 4.33231353759766e-01
920 6.49414062500000e-01 4.21738624572754e-01
921 6.56250000000000e-01 4.30664062500000e-01
922 6.25976562500000e-01 3.91846656799316e-01
923 6.03515625000000e-01 3.64231109619141e-01
924 6.35742187500000e-01 4.04168128967285e-01
925 5.75683593750000e-01 3.31411600112915e-01
926 5.87890625000000e-01 3.45615386962891e-01
927 5.76660156250000e-01 3.32536935806274e-01
928 5.67871093750000e-01 3.22477579116821e-01
929 6.70898437500000e-01 4.50104713439941e-01
930 6.64550781250000e-01 4.41627740859985e-01
931 6.50390625000000e-01 4.23007965087891e-01
932 6.56738281250000e-01 4.31305170059204e-01
933 6.36230468750000e-01 4.04789209365845e-01
934 5.10742187500000e-01 2.60857582092285e-01
935 5.05859375000000e-01 2.55893707275391e-01
936 4.60937500000000e-01 2.12463378906250e-01
937 4.57031250000000e-01 2.08877563476562e-01
938 4.37500000000000e-01 1.91406250000000e-01
939 4.26269531250000e-01 1.81705713272095e-01
940 4.30175781250000e-01 1.85051202774048e-01
941 4.08691406250000e-01 1.67028665542603e-01
942 4.04785156250000e-01 1.63851022720337e-01
943 4.34082031250000e-01 1.88427209854126e-01
944 3.75976562500000e-01 1.41358375549316e-01
945 4.11132812500000e-01 1.69030189514160e-01
946 4.17480468750000e-01 1.74289941787720e-01
947 4.21875000000000e-01 1.77978515625000e-01
948 3.70117187500000e-01 1.36986732482910e-01
949 3.65234375000000e-01 1.33396148681641e-01
950 4.01367187500000e-01 1.61095619201660e-01
951 3.72070312500000e-01 1.38436317443848e-01
952 3.74511718750000e-01 1.40259027481079e-01
953 4.42382812500000e-01 1.95702552795410e-01
954 3.84765625000000e-01 1.48044586181641e-01
955 3.99414062500000e-01 1.59531593322754e-01
956 3.96972656250000e-01 1.57587289810181e-01
957 3.52539062500000e-01 1.24283790588379e-01
958 2.97851562500000e-01 8.87155532836914e-02
959 2.62207031250000e-01 6.87525272369385e-02
960 2.75390625000000e-01 7.58399963378906e-02
961 3.05175781250000e-01 9.31322574615479e-02
962 2.29492187500000e-01 5.26666641235352e-02
963 3.33007812500000e-01 1.10894203186035e-01
964 3.46191406250000e-01 1.19848489761353e-01
965 2.79785156250000e-01 7.82797336578369e-02
966 3.36425781250000e-01 1.13182306289673e-01
967 3.02734375000000e-01 9.16481018066406e-02
968 3.90136718750000e-01 1.52206659317017e-01
969 3.85253906250000e-01 1.48420572280884e-01
970 4.50195312500000e-01 2.02675819396973e-01
971 4.59472656250000e-01 2.11115121841431e-01
972 4.31640625000000e-01 1.86313629150391e-01
973 4.71191406250000e-01 2.22021341323853e-01
974 4.69238281250000e-01 2.20184564590454e-01
975 4.54589843750000e-01 2.06651926040649e-01
976 5.38574218750000e-01 2.90062189102173e-01
977 5.26855468750000e-01 2.77576684951782e-01
978 5.61523437500000e-01 3.15308570861816e-01
979 5.24414062500000e-01 2.75010108947754e-01
980 5.07812500000000e-01 2.57873535156250e-01
981 5.45410156250000e-01 2.97472238540649e-01
982 5.22949218750000e-01 2.73475885391235e-01
983 5.15136718750000e-01 2.65365839004517e-01
984 4.97070312500000e-01 2.47078895568848e-01
985 4.40429687500000e-01 1.93978309631348e-01
986 4.30175781250000e-01 1.85051202774048e-01
987 4.47265625000000e-01 2.00046539306641e-01
988 4.52636718750000e-01 2.04879999160767e-01
989 5.25878906250000e-01 2.76548624038696e-01
990 4.63378906250000e-01 2.14720010757446e-01
991 4.63867187500000e-01 2.15172767639160e-01
992 4.56542968750000e-01 2.08431482315063e-01
993 5.20019531250000e-01 2.70420312881470e-01
994 5.36132812500000e-01 2.87438392639160e-01
995 5.26367187500000e-01 2.77062416076660e-01
996 5.72265625000000e-01 3.27487945556641e-01
997 6.38183593750000e-01 4.07278299331665e-01
998 6.58203125000000e-01 4.33231353759766e-01
999 6.38671875000000e-01 4.07901763916016e-01
