0 5.42480468750000e-01 2.94285058975220e-01
1 5.12695312500000e-01 2.62856483459473e-01
2 5.19531250000000e-01 2.69912719726562e-01
3 5.02441406250000e-01 2.52447366714478e-01
4 4.87304687500000e-01 2.37465858459473e-01
5 5.34667968750000e-01 2.85869836807251e-01
6 5.11718750000000e-01 2.61856079101562e-01
7 5.12695312500000e-01 2.62856483459473e-01
8 5.07812500000000e-01 2.57873535156250e-01
9 5.20019531250000e-01 2.70420312881470e-01
10 5.21484375000000e-01 2.71945953369141e-01
11 5.48828125000000e-01 3.01212310791016e-01
12 5.48828125000000e-01 3.01212310791016e-01
13 5.41503906250000e-01 2.93226480484009e-01
14 5.44433593750000e-01 2.96407938003540e-01
15 5.86914062500000e-01 3.44468116760254e-01
16 5.23437500000000e-01 2.73986816406250e-01
17 5.42480468750000e-01 2.94285058975220e-01
18 6.42089843750000e-01 4.12279367446899e-01
19 6.22558593750000e-01 3.87579202651978e-01
20 6.39160156250000e-01 4.08525705337524e-01
21 6.08886718750000e-01 3.70743036270142e-01
22 5.81542968750000e-01 3.38192224502563e-01
23 5.75195312500000e-01 3.30849647521973e-01
24 6.00585937500000e-01 3.60703468322754e-01
25 5.63964843750000e-01 3.18056344985962e-01
26 4.96582031250000e-01 2.46593713760376e-01
27 4.89746093750000e-01 2.39851236343384e-01
28 4.58007812500000e-01 2.09771156311035e-01
29 4.39941406250000e-01 1.93548440933228e-01
30 3.21777343750000e-01 1.03540658950806e-01
31 3.63769531250000e-01 1.32328271865845e-01
32 3.88671875000000e-01 1.51065826416016e-01
33 4.30175781250000e-01 1.85051202774048e-01
34 4.34082031250000e-01 1.88427209854126e-01
35 4.28222656250000e-01 1.83374643325806e-01
36 3.76953125000000e-01 1.42093658447266e-01
37 3.84765625000000e-01 1.48044586181641e-01
38 3.25195312500000e-01 1.05751991271973e-01
39 3.36425781250000e-01 1.13182306289673e-01
40 3.72558593750000e-01 1.38799905776978e-01
41 4.13085937500000e-01 1.70639991760254e-01
42 3.81835937500000e-01 1.45798683166504e-01
43 3.39843750000000e-01 1.15493774414062e-01
44 2.78320312500000e-01 7.74621963500977e-02
45 3.08593750000000e-01 9.52301025390625e-02
46 2.95410156250000e-01 8.72671604156494e-02
47 3.18359375000000e-01 1.01352691650391e-01
48 3.61816406250000e-01 1.30911111831665e-01
49 2.94921875000000e-01 8.69789123535156e-02
50 2.89062500000000e-01 8.35571289062500e-02
51 3.73046875000000e-01 1.39163970947266e-01
52 3.77441406250000e-01 1.42462015151978e-01
53 3.80859375000000e-01 1.45053863525391e-01
54 4.18945312500000e-01 1.75515174865723e-01
55 3.67187500000000e-01 1.34826660156250e-01
56 4.73632812500000e-01 2.24328041076660e-01
57 3.43261718750000e-01 1.17828607559204e-01
58 3.34472656250000e-01 1.11871957778931e-01
59 3.18359375000000e-01 1.01352691650391e-01
60 2.91503906250000e-01 8.49745273590088e-02
61 2.55371093750000e-01 6.52143955230713e-02
62 2.73925781250000e-01 7.50353336334229e-02
63 2.58300781250000e-01 6.67192935943604e-02
64 2.66601562500000e-01 7.10763931274414e-02
65 2.57812500000000e-01 6.64672851562500e-02
66 1.59667968750000e-01 2.54938602447510e-02
67 1.75781250000000e-01 3.08990478515625e-02
68 2.06542968750000e-01 4.26599979400635e-02
69 1.93847656250000e-01 3.75769138336182e-02
70 1.60156250000000e-01 2.56500244140625e-02
71 1.60644531250000e-01 2.58066654205322e-02
72 2.49023437500000e-01 6.20126724243164e-02
73 2.41210937500000e-01 5.81827163696289e-02
74 2.32421875000000e-01 5.40199279785156e-02
75 2.38281250000000e-01 5.67779541015625e-02
76 1.63085937500000e-01 2.65970230102539e-02
77 1.58691406250000e-01 2.51829624176025e-02
78 1.30371093750000e-01 1.69966220855713e-02
79 1.16210937500000e-01 1.35049819946289e-02
80 1.53320312500000e-01 2.35071182250977e-02
81 1.24511718750000e-01 1.55031681060791e-02
82 1.39648437500000e-01 1.95016860961914e-02
83 9.08203125000000e-02 8.24832916259766e-03
84 1.50390625000000e-01 2.26173400878906e-02
85 1.04980468750000e-01 1.10208988189697e-02
86 5.32226562500000e-02 2.83265113830566e-03
87 2.39257812500000e-02 5.72443008422852e-04
88 6.29882812500000e-02 3.96752357482910e-03
89 1.12792968750000e-01 1.27222537994385e-02
90 8.25195312500000e-02 6.80947303771973e-03
91 5.46875000000000e-02 2.99072265625000e-03
92 1.26953125000000e-02 1.61170959472656e-04
93 1.26953125000000e-02 1.61170959472656e-04
94 6.68945312500000e-02 4.47487831115723e-03
95 1.43066406250000e-01 2.04679965972900e-02
96 1.22558593750000e-01 1.50206089019775e-02
97 2.83203125000000e-02 8.02040100097656e-04
98 7.56835937500000e-02 5.72800636291504e-03
99 4.54101562500000e-02 2.06208229064941e-03
100 4.44335937500000e-02 1.97434425354004e-03
101 5.61523437500000e-02 3.15308570861816e-03
102 3.90625000000000e-02 1.52587890625000e-03
103 1.75781250000000e-02 3.08990478515625e-04
104 9.27734375000000e-03 8.60691070556641e-05
105 4.10156250000000e-02 1.68228149414062e-03
106 3.95507812500000e-02 1.56426429748535e-03
107 1.90429687500000e-02 3.62634658813477e-04
108 1.12304687500000e-02 1.26123428344727e-04
109 5.95703125000000e-02 3.54862213134766e-03
110 1.95312500000000e-02 3.81469726562500e-04
111 3.07617187500000e-02 9.46283340454102e-04
112 4.05273437500000e-02 1.64246559143066e-03
113 3.27148437500000e-02 1.07026100158691e-03
114 3.51562500000000e-02 1.23596191406250e-03
115 8.78906250000000e-03 7.72476196289062e-05
116 3.75976562500000e-02 1.41358375549316e-03
117 2.05078125000000e-02 4.20570373535156e-04
118 3.85742187500000e-02 1.48797035217285e-03
119 5.76171875000000e-02 3.31974029541016e-03
120 1.26464843750000e-01 1.59933567047119e-02
121 1.64550781250000e-01 2.70769596099854e-02
122 1.57714843750000e-01 2.48739719390869e-02
123 1.18164062500000e-01 1.39627456665039e-02
124 2.18750000000000e-01 4.78515625000000e-02
125 2.79785156250000e-01 7.82797336578369e-02
126 2.35351562500000e-01 5.53903579711914e-02
127 2.67089843750000e-01 7.13369846343994e-02
128 2.61718750000000e-01 6.84967041015625e-02
129 2.89062500000000e-01 8.35571289062500e-02
130 2.86132812500000e-01 8.18719863891602e-02
131 1.85546875000000e-01 3.44276428222656e-02
132 1.99218750000000e-01 3.96881103515625e-02
133 2.11425781250000e-01 4.47008609771729e-02
134 1.25976562500000e-01 1.58700942993164e-02
135 1.27441406250000e-01 1.62413120269775e-02
136 1.61621093750000e-01 2.61213779449463e-02
137 1.38183593750000e-01 1.90947055816650e-02
138 2.03613281250000e-01 4.14583683013916e-02
139 2.10449218750000e-01 4.42888736724854e-02
140 1.87988281250000e-01 3.53395938873291e-02
141 1.45996093750000e-01 2.13148593902588e-02
142 1.88964843750000e-01 3.57077121734619e-02
143 1.79199218750000e-01 3.21123600006104e-02
144 9.27734375000000e-02 8.60691070556641e-03
145 3.02734375000000e-02 9.16481018066406e-04
146 4.78515625000000e-02 2.28977203369141e-03
147 4.39453125000000e-02 1.93119049072266e-03
148 5.37109375000000e-02 2.88486480712891e-03
149 9.32617187500000e-02 8.69774818420410e-03
150 7.08007812500000e-02 5.01275062561035e-03
151 1.41601562500000e-02 2.00510025024414e-04
152 2.97851562500000e-02 8.87155532836914e-04
153 3.46679687500000e-02 1.20186805725098e-03
154 9.57031250000000e-02 9.15908813476562e-03
155 6.10351562500000e-02 3.72529029846191e-03
156 8.10546875000000e-02 6.56986236572266e-03
157 4.93164062500000e-02 2.43210792541504e-03
158 4.44335937500000e-02 1.97434425354004e-03
159 9.27734375000000e-02 8.60691070556641e-03
160 3.56445312500000e-02 1.27053260803223e-03
161 2.97851562500000e-02 8.87155532836914e-04
162 2.29492187500000e-02 5.26666641235352e-04
163 2.73437500000000e-02 7.47680664062500e-04
164 5.02929687500000e-02 2.52938270568848e-03
165 1.03027343750000e-01 1.06146335601807e-02
166 4.68750000000000e-02 2.19726562500000e-03
167 1.70898437500000e-02 2.92062759399414e-04
168 3.80859375000000e-02 1.45053863525391e-03
169 3.17382812500000e-02 1.00731849670410e-03
170 3.85742187500000e-02 1.48797035217285e-03
171 4.15039062500000e-02 1.72257423400879e-03
172 2.97851562500000e-02 8.87155532836914e-04
173 1.56250000000000e-02 2.44140625000000e-04
174 6.83593750000000e-03 4.67300415039062e-05
175 3.90625000000000e-02 1.52587890625000e-03
176 4.63867187500000e-02 2.15172767639160e-03
177 1.80664062500000e-02 3.26395034790039e-04
178 8.00781250000000e-02 6.41250610351562e-03
179 9.52148437500000e-02 9.06586647033691e-03
180 1.51855468750000e-01 2.30600833892822e-02
181 1.38671875000000e-01 1.92298889160156e-02
182 7.71484375000000e-02 5.95188140869141e-03
183 1.18652343750000e-01 1.40783786773682e-02
184 9.13085937500000e-02 8.33725929260254e-03
185 5.12695312500000e-02 2.62856483459473e-03
186 5.81054687500000e-02 3.37624549865723e-03
187 8.44726562500000e-02 7.13562965393066e-03
188 1.24511718750000e-01 1.55031681060791e-02
189 3.36914062500000e-02 1.13511085510254e-03
190 4.34570312500000e-02 1.88851356506348e-03
191 5.61523437500000e-02 3.15308570861816e-03
192 3.80859375000000e-02 1.45053863525391e-03
193 3.36914062500000e-02 1.13511085510254e-03
194 7.81250000000000e-03 6.10351562500000e-05
195 9.76562500000000e-04 9.53674316406250e-07
196 4.34570312500000e-02 1.88851356506348e-03
197 6.44531250000000e-02 4.15420532226562e-03
198 9.76562500000000e-02 9.53674316406250e-03
199 1.26953125000000e-02 1.61170959472656e-04
200 2.92968750000000e-02 8.58306884765625e-04
201 4.39453125000000e-03 1.93119049072266e-05
202 2.44140625000000e-02 5.96046447753906e-04
203 2.44140625000000e-03 5.96046447753906e-06
204 6.54296875000000e-02 4.28104400634766e-03
205 1.95312500000000e-03 3.81469726562500e-06
206 7.42187500000000e-02 5.50842285156250e-03
207 5.81054687500000e-02 3.37624549865723e-03
208 4.05273437500000e-02 1.64246559143066e-03
209 7.32421875000000e-02 5.36441802978516e-03
210 2.00195312500000e-02 4.00781631469727e-04
211 5.37109375000000e-02 2.88486480712891e-03
212 8.78906250000000e-02 7.72476196289062e-03
213 5.27343750000000e-02 2.78091430664062e-03
214 1.90429687500000e-02 3.62634658813477e-04
215 6.25000000000000e-02 3.90625000000000e-03
216 9.96093750000000e-02 9.92202758789062e-03
217 1.02050781250000e-01 1.04143619537354e-02
218 1.68457031250000e-01 2.83777713775635e-02
219 2.13378906250000e-01 4.55305576324463e-02
220 2.93457031250000e-01 8.61170291900635e-02
221 3.42285156250000e-01 1.17159128189087e-01
222 3.47167968750000e-01 1.20525598526001e-01
223 3.04199218750000e-01 9.25371646881104e-02
224 2.97363281250000e-01 8.84249210357666e-02
225 3.58886718750000e-01 1.28799676895142e-01
226 3.66699218750000e-01 1.34468317031860e-01
227 3.68164062500000e-01 1.35544776916504e-01
228 3.15429687500000e-01 9.94958877563477e-02
229 3.12500000000000e-01 9.76562500000000e-02
230 3.34472656250000e-01 1.11871957778931e-01
231 3.68164062500000e-01 1.35544776916504e-01
232 3.45214843750000e-01 1.19173288345337e-01
233 3.12988281250000e-01 9.79616641998291e-02
234 3.78906250000000e-01 1.43569946289062e-01
235 2.61230468750000e-01 6.82413578033447e-02
236 2.50976562500000e-01 6.29892349243164e-02
237 1.73828125000000e-01 3.02162170410156e-02
238 1.78222656250000e-01 3.17633152008057e-02
239 2.11914062500000e-01 4.49075698852539e-02
240 2.08984375000000e-01 4.36744689941406e-02
241 1.63574218750000e-01 2.67565250396729e-02
242 2.57812500000000e-01 6.64672851562500e-02
243 1.82617187500000e-01 3.33490371704102e-02
244 1.21582031250000e-01 1.47821903228760e-02
245 7.22656250000000e-02 5.22232055664062e-03
246 5.81054687500000e-02 3.37624549865723e-03
247 7.22656250000000e-02 5.22232055664062e-03
248 3.56445312500000e-02 1.27053260803223e-03
249 7.03125000000000e-02 4.94384765625000e-03
250 4.83398437500000e-02 2.33674049377441e-03
251 2.92968750000000e-02 8.58306884765625e-04
252 4.49218750000000e-02 2.01797485351562e-03
253 4.83398437500000e-02 2.33674049377441e-03
254 4.54101562500000e-02 2.06208229064941e-03
255 1.90429687500000e-02 3.62634658813477e-04
256 3.17382812500000e-02 1.00731849670410e-03
257 1.26953125000000e-02 1.61170959472656e-04
258 2.44140625000000e-02 5.96046447753906e-04
259 7.08007812500000e-02 5.01275062561035e-03
260 5.81054687500000e-02 3.37624549865723e-03
261 3.75976562500000e-02 1.41358375549316e-03
262 5.17578125000000e-02 2.67887115478516e-03
263 2.63671875000000e-02 6.95228576660156e-04
264 7.27539062500000e-02 5.29313087463379e-03
265 2.09960937500000e-02 4.40835952758789e-04
266 2.92968750000000e-03 8.58306884765625e-06
267 5.85937500000000e-03 3.43322753906250e-05
268 2.92968750000000e-03 8.58306884765625e-06
269 9.76562500000000e-04 9.53674316406250e-07
270 4.49218750000000e-02 2.01797485351562e-03
271 6.93359375000000e-02 4.80747222900391e-03
272 6.39648437500000e-02 4.09150123596191e-03
273 4.29687500000000e-02 1.84631347656250e-03
274 6.83593750000000e-03 4.67300415039062e-05
275 4.00390625000000e-02 1.60312652587891e-03
276 2.88085937500000e-02 8.29935073852539e-04
277 1.46484375000000e-03 2.14576721191406e-06
278 4.78515625000000e-02 2.28977203369141e-03
279 5.07812500000000e-02 2.57873535156250e-03
280 9.76562500000000e-02 9.53674316406250e-03
281 7.66601562500000e-02 5.87677955627441e-03
282 9.91210937500000e-02 9.82499122619629e-03
283 9.13085937500000e-02 8.33725929260254e-03
284 1.02539062500000e-02 1.05142593383789e-04
285 9.76562500000000e-03 9.53674316406250e-05
286 1.70898437500000e-02 2.92062759399414e-04
287 2.78320312500000e-02 7.74621963500977e-04
288 4.29687500000000e-02 1.84631347656250e-03
289 6.54296875000000e-02 4.28104400634766e-03
290 1.02539062500000e-01 1.05142593383789e-02
291 5.61523437500000e-02 3.15308570861816e-03
292 9.52148437500000e-02 9.06586647033691e-03
293 1.13281250000000e-01 1.28326416015625e-02
294 5.90820312500000e-02 3.49068641662598e-03
295 4.10156250000000e-02 1.68228149414062e-03
296 7.22656250000000e-02 5.22232055664062e-03
297 8.00781250000000e-02 6.41250610351562e-03
298 2.92968750000000e-02 8.58306884765625e-04
299 4.68750000000000e-02 2.19726562500000e-03
300 4.24804687500000e-02 1.80459022521973e-03
301 5.85937500000000e-02 3.43322753906250e-03
302 9.91210937500000e-02 9.82499122619629e-03
303 6.05468750000000e-02 3.66592407226562e-03
304 1.63574218750000e-01 2.67565250396729e-02
305 2.05078125000000e-01 4.20570373535156e-02
306 1.92871093750000e-01 3.71992588043213e-02
307 1.86523437500000e-01 3.47909927368164e-02
308 1.44042968750000e-01 2.07483768463135e-02
309 1.09863281250000e-01 1.20699405670166e-02
310 1.76269531250000e-01 3.10709476470947e-02
311 1.67480468750000e-01 2.80497074127197e-02
312 2.26562500000000e-01 5.13305664062500e-02
313 2.20703125000000e-01 4.87098693847656e-02
314 1.90429687500000e-01 3.62634658813477e-02
315 1.88964843750000e-01 3.57077121734619e-02
316 2.64160156250000e-01 6.97805881500244e-02
317 2.42187500000000e-01 5.86547851562500e-02
318 2.39746093750000e-01 5.74781894683838e-02
319 2.26074218750000e-01 5.11095523834229e-02
320 1.85546875000000e-01 3.44276428222656e-02
321 1.61132812500000e-01 2.59637832641602e-02
322 1.60156250000000e-01 2.56500244140625e-02
323 1.15234375000000e-01 1.32789611816406e-02
324 9.76562500000000e-02 9.53674316406250e-03
325 1.57714843750000e-01 2.48739719390869e-02
326 1.20117187500000e-01 1.44281387329102e-02
327 1.31347656250000e-01 1.72522068023682e-02
328 7.08007812500000e-02 5.01275062561035e-03
329 7.27539062500000e-02 5.29313087463379e-03
330 1.80664062500000e-02 3.26395034790039e-04
331 2.49023437500000e-02 6.20126724243164e-04
332 7.22656250000000e-02 5.22232055664062e-03
333 9.37500000000000e-02 8.78906250000000e-03
334 3.51562500000000e-02 1.23596191406250e-03
335 1.53320312500000e-01 2.35071182250977e-02
336 1.75781250000000e-01 3.08990478515625e-02
337 1.66992187500000e-01 2.78863906860352e-02
338 1.61621093750000e-01 2.61213779449463e-02
339 1.78222656250000e-01 3.17633152008057e-02
340 1.95800781250000e-01 3.83379459381104e-02
341 1.25976562500000e-01 1.58700942993164e-02
342 1.60644531250000e-01 2.58066654205322e-02
343 1.47949218750000e-01 2.18889713287354e-02
344 1.05957031250000e-01 1.12268924713135e-02
345 1.39160156250000e-01 1.93655490875244e-02
346 8.69140625000000e-02 7.55405426025391e-03
347 6.44531250000000e-02 4.15420532226562e-03
348 6.44531250000000e-02 4.15420532226562e-03
349 6.00585937500000e-02 3.60703468322754e-03
350 1.95312500000000e-03 3.81469726562500e-06
351 4.73632812500000e-02 2.24328041076660e-03
352 2.49023437500000e-02 6.20126724243164e-04
353 1.59667968750000e-01 2.54938602447510e-02
354 1.68457031250000e-01 2.83777713775635e-02
355 1.54785156250000e-01 2.39584445953369e-02
356 1.91894531250000e-01 3.68235111236572e-02
357 1.66015625000000e-01 2.75611877441406e-02
358 1.58691406250000e-01 2.51829624176025e-02
359 9.17968750000000e-02 8.42666625976562e-03
360 9.03320312500000e-02 8.15987586975098e-03
361 1.43554687500000e-01 2.06079483032227e-02
362 8.74023437500000e-02 7.63916969299316e-03
363 6.78710937500000e-02 4.60648536682129e-03
364 7.12890625000000e-02 5.08213043212891e-03
365 5.51757812500000e-02 3.04436683654785e-03
366 4.15039062500000e-02 1.72257423400879e-03
367 7.17773437500000e-02 5.15198707580566e-03
368 8.39843750000000e-02 7.05337524414062e-03
369 1.92382812500000e-01 3.70111465454102e-02
370 1.69921875000000e-01 2.88734436035156e-02
371 1.54296875000000e-01 2.38075256347656e-02
372 1.15722656250000e-01 1.33917331695557e-02
373 1.58203125000000e-01 2.50282287597656e-02
374 1.89453125000000e-01 3.58924865722656e-02
375 2.24609375000000e-01 5.04493713378906e-02
376 2.69531250000000e-01 7.26470947265625e-02
377 2.37792968750000e-01 5.65454959869385e-02
378 2.64160156250000e-01 6.97805881500244e-02
379 2.88574218750000e-01 8.32750797271729e-02
380 2.27050781250000e-01 5.15520572662354e-02
381 2.12402343750000e-01 4.51147556304932e-02
382 2.23632812500000e-01 5.00116348266602e-02
383 2.39257812500000e-01 5.72443008422852e-02
384 2.34863281250000e-01 5.51607608795166e-02
385 2.09960937500000e-01 4.40835952758789e-02
386 2.53906250000000e-01 6.44683837890625e-02
387 2.05078125000000e-01 4.20570373535156e-02
388 2.24121093750000e-01 5.02302646636963e-02
389 2.49023437500000e-01 6.20126724243164e-02
390 2.80273437500000e-01 7.85531997680664e-02
391 2.80273437500000e-01 7.85531997680664e-02
392 3.27148437500000e-01 1.07026100158691e-01
393 2.97851562500000e-01 8.87155532836914e-02
394 2.91992187500000e-01 8.52594375610352e-02
395 2.66113281250000e-01 7.08162784576416e-02
396 3.30078125000000e-01 1.08951568603516e-01
397 3.12500000000000e-01 9.76562500000000e-02
398 2.92968750000000e-01 8.58306884765625e-02
399 2.91992187500000e-01 8.52594375610352e-02
400 3.68652343750000e-01 1.35904550552368e-01
401 4.19921875000000e-01 1.76334381103516e-01
402 4.17968750000000e-01 1.74697875976562e-01
403 4.34082031250000e-01 1.88427209854126e-01
404 4.21875000000000e-01 1.77978515625000e-01
405 4.62402343750000e-01 2.13815927505493e-01
406 4.19433593750000e-01 1.75924539566040e-01
407 4.04296875000000e-01 1.63455963134766e-01
408 3.42773437500000e-01 1.17493629455566e-01
409 3.48632812500000e-01 1.21544837951660e-01
410 3.43261718750000e-01 1.17828607559204e-01
411 3.56445312500000e-01 1.27053260803223e-01
412 2.54882812500000e-01 6.49652481079102e-02
413 1.84570312500000e-01 3.40662002563477e-02
414 2.20214843750000e-01 4.84945774078369e-02
415 2.01171875000000e-01 4.04701232910156e-02
416 2.30468750000000e-01 5.31158447265625e-02
417 1.99707031250000e-01 3.98828983306885e-02
418 1.93847656250000e-01 3.75769138336182e-02
419 1.71875000000000e-01 2.95410156250000e-02
420 2.07519531250000e-01 4.30643558502197e-02
421 1.96289062500000e-01 3.85293960571289e-02
422 2.33886718750000e-01 5.47029972076416e-02
423 2.55371093750000e-01 6.52143955230713e-02
424 2.27050781250000e-01 5.15520572662354e-02
425 2.36328125000000e-01 5.58509826660156e-02
426 2.12402343750000e-01 4.51147556304932e-02
427 2.16308593750000e-01 4.67894077301025e-02
428 1.66503906250000e-01 2.77235507965088e-02
429 2.24609375000000e-01 5.04493713378906e-02
430 2.06542968750000e-01 4.26599979400635e-02
431 1.90917968750000e-01 3.64496707916260e-02
432 2.41210937500000e-01 5.81827163696289e-02
433 2.51464843750000e-01 6.32345676422119e-02
434 2.74414062500000e-01 7.53030776977539e-02
435 2.61718750000000e-01 6.84967041015625e-02
436 2.29980468750000e-01 5.28910160064697e-02
437 2.59765625000000e-01 6.74781799316406e-02
438 2.35351562500000e-01 5.53903579711914e-02
439 2.22167968750000e-01 4.93586063385010e-02
440 2.35839843750000e-01 5.56204319000244e-02
441 2.20214843750000e-01 4.84945774078369e-02
442 2.50000000000000e-01 6.25000000000000e-02
443 2.95898437500000e-01 8.75558853149414e-02
444 3.19335937500000e-01 1.01975440979004e-01
445 2.86132812500000e-01 8.18719863891602e-02
446 3.29101562500000e-01 1.08307838439941e-01
447 3.28125000000000e-01 1.07666015625000e-01
448 2.66601562500000e-01 7.10763931274414e-02
449 2.80761718750000e-01 7.88271427154541e-02
450 2.76855468750000e-01 7.66489505767822e-02
451 1.75781250000000e-01 3.08990478515625e-02
452 2.03125000000000e-01 4.12597656250000e-02
453 2.17773437500000e-01 4.74252700805664e-02
454 2.54882812500000e-01 6.49652481079102e-02
455 2.16308593750000e-01 4.67894077301025e-02
456 1.92871093750000e-01 3.71992588043213e-02
457 1.55273437500000e-01 2.41098403930664e-02
458 1.58203125000000e-01 2.50282287597656e-02
459 1.67968750000000e-01 2.82135009765625e-02
460 1.60156250000000e-01 2.56500244140625e-02
461 1.89941406250000e-01 3.60777378082275e-02
462 1.97753906250000e-01 3.91066074371338e-02
463 1.55761718750000e-01 2.42617130279541e-02
464 1.88476562500000e-01 3.55234146118164e-02
465 2.59277343750000e-01 6.72247409820557e-02
466 3.01269531250000e-01 9.07633304595947e-02
467 2.34375000000000e-01 5.49316406250000e-02
468 2.30957031250000e-01 5.33411502838135e-02
469 2.58300781250000e-01 6.67192935943604e-02
470 3.15917968750000e-01 9.98041629791260e-02
471 4.11132812500000e-01 1.69030189514160e-01
472 3.44726562500000e-01 1.18836402893066e-01
473 3.62304687500000e-01 1.31264686584473e-01
474 3.72558593750000e-01 1.38799905776978e-01
475 3.33496093750000e-01 1.11219644546509e-01
476 2.96875000000000e-01 8.81347656250000e-02
477 3.07128906250000e-01 9.43281650543213e-02
478 3.16406250000000e-01 1.00112915039062e-01
479 2.44628906250000e-01 5.98433017730713e-02
480 2.51953125000000e-01 6.34803771972656e-02
481 2.09960937500000e-01 4.40835952758789e-02
482 1.92382812500000e-01 3.70111465454102e-02
483 1.85546875000000e-01 3.44276428222656e-02
484 1.27441406250000e-01 1.62413120269775e-02
485 1.24511718750000e-01 1.55031681060791e-02
486 2.27539062500000e-01 5.17740249633789e-02
487 3.40820312500000e-01 1.16158485412598e-01
488 2.94433593750000e-01 8.66911411285400e-02
489 3.32031250000000e-01 1.10244750976562e-01
490 3.64257812500000e-01 1.32683753967285e-01
491 4.29687500000000e-01 1.84631347656250e-01
492 4.99023437500000e-01 2.49024391174316e-01
493 4.50195312500000e-01 2.02675819396973e-01
494 4.71191406250000e-01 2.22021341323853e-01
495 4.53613281250000e-01 2.05765008926392e-01
496 4.82421875000000e-01 2.32730865478516e-01
497 5.34179687500000e-01 2.85347938537598e-01
498 5.43945312500000e-01 2.95876502990723e-01
499 5.74218750000000e-01 3.29727172851562e-01
500 5.83496093750000e-01 3.40467691421509e-01
501 5.35644531250000e-01 2.86915063858032e-01
502 5.61035156250000e-01 3.14760446548462e-01
503 5.85937500000000e-01 3.43322753906250e-01
504 5.73730468750000e-01 3.29166650772095e-01
505 6.45507812500000e-01 4.16680335998535e-01
506 5.93750000000000e-01 3.52539062500000e-01
507 5.89355468750000e-01 3.47339868545532e-01
508 5.85449218750000e-01 3.42750787734985e-01
509 6.90917968750000e-01 4.77367639541626e-01
510 7.09960937500000e-01 5.04044532775879e-01
511 7.17773437500000e-01 5.15198707580566e-01
512 7.06054687500000e-01 4.98513221740723e-01
513 7.27050781250000e-01 5.28602838516235e-01
514 7.39746093750000e-01 5.47224283218384e-01
515 7.27539062500000e-01 5.29313087463379e-01
516 7.67578125000000e-01 5.89176177978516e-01
517 7.76855468750000e-01 6.03504419326782e-01
518 7.58300781250000e-01 5.75020074844360e-01
519 6.69433593750000e-01 4.48141336441040e-01
520 6.95800781250000e-01 4.84138727188110e-01
521 6.92382812500000e-01 4.79393959045410e-01
522 6.84082031250000e-01 4.67968225479126e-01
523 6.87011718750000e-01 4.71985101699829e-01
524 6.47460937500000e-01 4.19205665588379e-01
525 6.89453125000000e-01 4.75345611572266e-01
526 6.11816406250000e-01 3.74319314956665e-01
527 6.37695312500000e-01 4.06655311584473e-01
528 6.94824218750000e-01 4.82780694961548e-01
529 6.48925781250000e-01 4.21104669570923e-01
530 6.47949218750000e-01 4.19838190078735e-01
531 6.55761718750000e-01 4.30023431777954e-01
532 6.40136718750000e-01 4.09775018692017e-01
533 5.64453125000000e-01 3.18607330322266e-01
534 5.56640625000000e-01 3.09848785400391e-01
535 5.55664062500000e-01 3.08762550354004e-01
536 5.38085937500000e-01 2.89536476135254e-01
537 5.31738281250000e-01 2.82745599746704e-01
538 4.86328125000000e-01 2.36515045166016e-01
539 4.58007812500000e-01 2.09771156311035e-01
540 4.69238281250000e-01 2.20184564590454e-01
541 5.39550781250000e-01 2.91115045547485e-01
542 6.01074218750000e-01 3.61290216445923e-01
543 5.69824218750000e-01 3.24699640274048e-01
544 5.54199218750000e-01 3.07136774063110e-01
545 5.07324218750000e-01 2.57377862930298e-01
546 5.66894531250000e-01 3.21369409561157e-01
547 6.03027343750000e-01 3.63641977310181e-01
548 5.79101562500000e-01 3.35358619689941e-01
549 5.39062500000000e-01 2.90588378906250e-01
550 5.39550781250000e-01 2.91115045547485e-01
551 5.92773437500000e-01 3.51380348205566e-01
552 6.67968750000000e-01 4.46182250976562e-01
553 6.58203125000000e-01 4.33231353759766e-01
554 6.76269531250000e-01 4.57340478897095e-01
555 6.90429687500000e-01 4.76693153381348e-01
556 5.62988281250000e-01 3.16955804824829e-01
557 5.86914062500000e-01 3.44468116760254e-01
558 5.45410156250000e-01 2.97472238540649e-01
559 6.04492187500000e-01 3.65410804748535e-01
560 5.41992187500000e-01 2.93755531311035e-01
561 5.74218750000000e-01 3.29727172851562e-01
562 6.22070312500000e-01 3.86971473693848e-01
563 5.85449218750000e-01 3.42750787734985e-01
564 5.83007812500000e-01 3.39898109436035e-01
565 6.13281250000000e-01 3.76113891601562e-01
566 6.40625000000000e-01 4.10400390625000e-01
567 6.27929687500000e-01 3.94295692443848e-01
568 5.92773437500000e-01 3.51380348205566e-01
569 5.64941406250000e-01 3.19158792495728e-01
570 6.09863281250000e-01 3.71933221817017e-01
571 5.92773437500000e-01 3.51380348205566e-01
572 6.73339843750000e-01 4.53386545181274e-01
573 6.48925781250000e-01 4.21104669570923e-01
574 6.61621093750000e-01 4.37742471694946e-01
575 6.24511718750000e-01 3.90014886856079e-01
576 6.56250000000000e-01 4.30664062500000e-01
577 6.71386718750000e-01 4.50760126113892e-01
578 6.25976562500000e-01 3.91846656799316e-01
579 6.47949218750000e-01 4.19838190078735e-01
580 6.14257812500000e-01 3.77312660217285e-01
581 6.61132812500000e-01 4.37096595764160e-01
582 6.54785156250000e-01 4.28743600845337e-01
583 6.35253906250000e-01 4.03547525405884e-01
584 6.20605468750000e-01 3.85151147842407e-01
585 6.20117187500000e-01 3.84545326232910e-01
586 6.21582031250000e-01 3.86364221572876e-01
587 5.76660156250000e-01 3.32536935806274e-01
588 5.67382812500000e-01 3.21923255920410e-01
589 4.94140625000000e-01 2.44174957275391e-01
590 5.28808593750000e-01 2.79638528823853e-01
591 5.48828125000000e-01 3.01212310791016e-01
592 5.62988281250000e-01 3.16955804824829e-01
593 5.78613281250000e-01 3.34793329238892e-01
594 5.31250000000000e-01 2.82226562500000e-01
595 5.31738281250000e-01 2.82745599746704e-01
596 5.40527343750000e-01 2.92169809341431e-01
597 6.34277343750000e-01 4.02307748794556e-01
598 6.56738281250000e-01 4.31305170059204e-01
599 6.84082031250000e-01 4.67968225479126e-01
600 7.32421875000000e-01 5.36441802978516e-01
601 6.83105468750000e-01 4.66633081436157e-01
602 6.56738281250000e-01 4.31305170059204e-01
603 6.51367187500000e-01 4.24279212951660e-01
604 6.26953125000000e-01 3.93070220947266e-01
605 6.29394531250000e-01 3.96137475967407e-01
606 6.39648437500000e-01 4.09150123596191e-01
607 6.20117187500000e-01 3.84545326232910e-01
608 5.91308593750000e-01 3.49645853042603e-01
609 5.22460937500000e-01 2.72965431213379e-01
610 5.14648437500000e-01 2.64863014221191e-01
611 5.42968750000000e-01 2.94815063476562e-01
612 5.16601562500000e-01 2.66877174377441e-01
613 5.56640625000000e-01 3.09848785400391e-01
614 5.30273437500000e-01 2.81189918518066e-01
615 5.59570312500000e-01 3.13118934631348e-01
616 5.93261718750000e-01 3.51959466934204e-01
617 6.47949218750000e-01 4.19838190078735e-01
618 6.46972656250000e-01 4.18573617935181e-01
619 7.09472656250000e-01 5.03351449966431e-01
620 6.94335937500000e-01 4.82102394104004e-01
621 6.93847656250000e-01 4.81424570083618e-01
622 6.54785156250000e-01 4.28743600845337e-01
623 6.91406250000000e-01 4.78042602539062e-01
624 7.02636718750000e-01 4.93698358535767e-01
625 6.70410156250000e-01 4.49449777603149e-01
626 6.90917968750000e-01 4.77367639541626e-01
627 6.33300781250000e-01 4.01069879531860e-01
628 6.36718750000000e-01 4.05410766601562e-01
629 6.76269531250000e-01 4.57340478897095e-01
630 6.53808593750000e-01 4.27465677261353e-01
631 6.77734375000000e-01 4.59323883056641e-01
632 7.18261718750000e-01 5.15899896621704e-01
633 7.35351562500000e-01 5.40741920471191e-01
634 7.44628906250000e-01 5.54472208023071e-01
635 6.06445312500000e-01 3.67775917053223e-01
636 6.69921875000000e-01 4.48795318603516e-01
637 6.73339843750000e-01 4.53386545181274e-01
638 6.86035156250000e-01 4.70644235610962e-01
639 6.88964843750000e-01 4.74672555923462e-01
640 6.79687500000000e-01 4.61975097656250e-01
641 6.80175781250000e-01 4.62639093399048e-01
642 6.59179687500000e-01 4.34517860412598e-01
643 6.02050781250000e-01 3.62465143203735e-01
644 5.31738281250000e-01 2.82745599746704e-01
645 5.80078125000000e-01 3.36490631103516e-01
646 6.04003906250000e-01 3.64820718765259e-01
647 5.73242187500000e-01 3.28606605529785e-01
648 5.59082031250000e-01 3.12572717666626e-01
649 6.03515625000000e-01 3.64231109619141e-01
650 6.28417968750000e-01 3.94909143447876e-01
651 7.01171875000000e-01 4.91641998291016e-01
652 6.43066406250000e-01 4.13534402847290e-01
653 6.38183593750000e-01 4.07278299331665e-01
654 6.30371093750000e-01 3.97367715835571e-01
655 6.43066406250000e-01 4.13534402847290e-01
656 6.37695312500000e-01 4.06655311584473e-01
657 6.86523437500000e-01 4.71314430236816e-01
658 6.69433593750000e-01 4.48141336441040e-01
659 6.71386718750000e-01 4.50760126113892e-01
660 5.91796875000000e-01 3.50223541259766e-01
661 6.27441406250000e-01 3.93682718276978e-01
662 5.89355468750000e-01 3.47339868545532e-01
663 5.66406250000000e-01 3.20816040039062e-01
664 5.26855468750000e-01 2.77576684951782e-01
665 4.38476562500000e-01 1.92261695861816e-01
666 4.23339843750000e-01 1.79216623306274e-01
667 4.27246093750000e-01 1.82539224624634e-01
668 4.77539062500000e-01 2.28043556213379e-01
669 4.38964843750000e-01 1.92690134048462e-01
670 4.63378906250000e-01 2.14720010757446e-01
671 4.36035156250000e-01 1.90126657485962e-01
672 4.71679687500000e-01 2.22481727600098e-01
673 4.40429687500000e-01 1.93978309631348e-01
674 4.24804687500000e-01 1.80459022521973e-01
675 4.09667968750000e-01 1.67827844619751e-01
676 4.11132812500000e-01 1.69030189514160e-01
677 3.60351562500000e-01 1.29853248596191e-01
678 3.00292968750000e-01 9.01758670806885e-02
679 2.98339843750000e-01 8.90066623687744e-02
680 3.16894531250000e-01 1.00422143936157e-01
681 3.42773437500000e-01 1.17493629455566e-01
682 3.79882812500000e-01 1.44310951232910e-01
683 3.49609375000000e-01 1.22226715087891e-01
684 3.04199218750000e-01 9.25371646881104e-02
685 3.77441406250000e-01 1.42462015151978e-01
686 3.41796875000000e-01 1.16825103759766e-01
687 4.64355468750000e-01 2.15626001358032e-01
688 3.83789062500000e-01 1.47294044494629e-01
689 3.66210937500000e-01 1.34110450744629e-01
690 4.71191406250000e-01 2.22021341323853e-01
691 4.66796875000000e-01 2.17899322509766e-01
692 4.31640625000000e-01 1.86313629150391e-01
693 4.45312500000000e-01 1.98303222656250e-01
694 4.31152343750000e-01 1.85892343521118e-01
695 4.06250000000000e-01 1.65039062500000e-01
696 3.29589843750000e-01 1.08629465103149e-01
697 3.35937500000000e-01 1.12854003906250e-01
698 3.13476562500000e-01 9.82675552368164e-02
699 3.76464843750000e-01 1.41725778579712e-01
700 3.11035156250000e-01 9.67428684234619e-02
701 2.71972656250000e-01 7.39691257476807e-02
702 2.97363281250000e-01 8.84249210357666e-02
703 2.53417968750000e-01 6.42206668853760e-02
704 2.55859375000000e-01 6.54640197753906e-02
705 1.99707031250000e-01 3.98828983306885e-02
706 1.42578125000000e-01 2.03285217285156e-02
707 1.21093750000000e-01 1.46636962890625e-02
708 1.45507812500000e-01 2.11725234985352e-02
709 2.35839843750000e-01 5.56204319000244e-02
710 3.10546875000000e-01 9.64393615722656e-02
711 2.67089843750000e-01 7.13369846343994e-02
712 2.08984375000000e-01 4.36744689941406e-02
713 1.92382812500000e-01 3.70111465454102e-02
714 2.32910156250000e-01 5.42471408843994e-02
715 2.45605468750000e-01 6.03220462799072e-02
716 2.35351562500000e-01 5.53903579711914e-02
717 2.85156250000000e-01 8.13140869140625e-02
718 3.45703125000000e-01 1.19510650634766e-01
719 3.24218750000000e-01 1.05117797851562e-01
720 3.68164062500000e-01 1.35544776916504e-01
721 4.53125000000000e-01 2.05322265625000e-01
722 4.35546875000000e-01 1.89701080322266e-01
723 5.07812500000000e-01 2.57873535156250e-01
724 5.23925781250000e-01 2.74498224258423e-01
725 5.01464843750000e-01 2.51466989517212e-01
726 5.29296875000000e-01 2.80155181884766e-01
727 5.13671875000000e-01 2.63858795166016e-01
728 5.28320312500000e-01 2.79122352600098e-01
729 4.75585937500000e-01 2.26181983947754e-01
730 4.88281250000000e-01 2.38418579101562e-01
731 4.35058593750000e-01 1.89275979995728e-01
732 4.83398437500000e-01 2.33674049377441e-01
733 4.73144531250000e-01 2.23865747451782e-01
734 3.99902343750000e-01 1.59921884536743e-01
735 4.19433593750000e-01 1.75924539566040e-01
736 4.32617187500000e-01 1.87157630920410e-01
737 4.83398437500000e-01 2.33674049377441e-01
738 4.51660156250000e-01 2.03996896743774e-01
739 5.15136718750000e-01 2.65365839004517e-01
740 5.75683593750000e-01 3.31411600112915e-01
741 5.04882812500000e-01 2.54906654357910e-01
742 5.15136718750000e-01 2.65365839004517e-01
743 4.92187500000000e-01 2.42248535156250e-01
744 4.40429687500000e-01 1.93978309631348e-01
745 4.45312500000000e-01 1.98303222656250e-01
746 5.00488281250000e-01 2.50488519668579e-01
747 5.93750000000000e-01 3.52539062500000e-01
748 6.26953125000000e-01 3.93070220947266e-01
749 5.75683593750000e-01 3.31411600112915e-01
750 5.68359375000000e-01 3.23032379150391e-01
751 5.78613281250000e-01 3.34793329238892e-01
752 5.44921875000000e-01 2.96939849853516e-01
753 5.36621093750000e-01 2.87962198257446e-01
754 5.23437500000000e-01 2.73986816406250e-01
755 5.01464843750000e-01 2.51466989517212e-01
756 5.07324218750000e-01 2.57377862930298e-01
757 5.32226562500000e-01 2.83265113830566e-01
758 4.86816406250000e-01 2.36990213394165e-01
759 4.63378906250000e-01 2.14720010757446e-01
760 4.47753906250000e-01 2.00483560562134e-01
761 4.16503906250000e-01 1.73475503921509e-01
762 4.57519531250000e-01 2.09324121475220e-01
763 4.91699218750000e-01 2.41768121719360e-01
764 4.80957031250000e-01 2.31319665908813e-01
765 4.79980468750000e-01 2.30381250381470e-01
766 4.23828125000000e-01 1.79630279541016e-01
767 4.23828125000000e-01 1.79630279541016e-01
768 4.32617187500000e-01 1.87157630920410e-01
769 4.49218750000000e-01 2.01797485351562e-01
770 4.50195312500000e-01 2.02675819396973e-01
771 4.31640625000000e-01 1.86313629150391e-01
772 4.19433593750000e-01 1.75924539566040e-01
773 3.71093750000000e-01 1.37710571289062e-01
774 4.36035156250000e-01 1.90126657485962e-01
775 3.79394531250000e-01 1.43940210342407e-01
776 3.96484375000000e-01 1.57199859619141e-01
777 4.57031250000000e-01 2.08877563476562e-01
778 3.69628906250000e-01 1.36625528335571e-01
779 3.43261718750000e-01 1.17828607559204e-01
780 3.78906250000000e-01 1.43569946289062e-01
781 3.28613281250000e-01 1.07986688613892e-01
782 2.49511718750000e-01 6.22560977935791e-02
783 2.86621093750000e-01 8.21516513824463e-02
784 2.49023437500000e-01 6.20126724243164e-02
785 2.47070312500000e-01 6.10437393188477e-02
786 2.41699218750000e-01 5.84185123443604e-02
787 2.73437500000000e-01 7.47680664062500e-02
788 2.36816406250000e-01 5.60820102691650e-02
789 2.48535156250000e-01 6.17697238922119e-02
790 2.90527343750000e-01 8.44061374664307e-02
791 2.45117187500000e-01 6.00824356079102e-02
792 2.07519531250000e-01 4.30643558502197e-02
793 2.20214843750000e-01 4.84945774078369e-02
794 1.88964843750000e-01 3.57077121734619e-02
795 1.73339843750000e-01 3.00467014312744e-02
796 1.95800781250000e-01 3.83379459381104e-02
797 1.15234375000000e-01 1.32789611816406e-02
798 1.41601562500000e-01 2.00510025024414e-02
799 1.68945312500000e-01 2.85425186157227e-02
800 2.20703125000000e-01 4.87098693847656e-02
801 1.78710937500000e-01 3.19375991821289e-02
802 3.03222656250000e-01 9.19439792633057e-02
803 2.81250000000000e-01 7.91015625000000e-02
804 3.01269531250000e-01 9.07633304595947e-02
805 2.47558593750000e-01 6.12852573394775e-02
806 2.89062500000000e-01 8.35571289062500e-02
807 2.47558593750000e-01 6.12852573394775e-02
808 2.05078125000000e-01 4.20570373535156e-02
809 2.01171875000000e-01 4.04701232910156e-02
810 1.82128906250000e-01 3.31709384918213e-02
811 1.45996093750000e-01 2.13148593902588e-02
812 1.15234375000000e-01 1.32789611816406e-02
813 1.27929687500000e-01 1.63660049438477e-02
814 6.83593750000000e-02 4.67300415039062e-03
815 1.13281250000000e-01 1.28326416015625e-02
816 1.02050781250000e-01 1.04143619537354e-02
817 1.85546875000000e-01 3.44276428222656e-02
818 2.26074218750000e-01 5.11095523834229e-02
819 2.42187500000000e-01 5.86547851562500e-02
820 1.88964843750000e-01 3.57077121734619e-02
821 1.39160156250000e-01 1.93655490875244e-02
822 1.77246093750000e-01 3.14161777496338e-02
823 2.18750000000000e-01 4.78515625000000e-02
824 1.56738281250000e-01 2.45668888092041e-02
825 2.17285156250000e-01 4.72128391265869e-02
826 2.25097656250000e-01 5.06689548492432e-02
827 1.79199218750000e-01 3.21123600006104e-02
828 1.93359375000000e-01 3.73878479003906e-02
829 1.87988281250000e-01 3.53395938873291e-02
830 1.78222656250000e-01 3.17633152008057e-02
831 1.13769531250000e-01 1.29435062408447e-02
832 9.27734375000000e-02 8.60691070556641e-03
833 1.03027343750000e-01 1.06146335601807e-02
834 7.81250000000000e-03 6.10351562500000e-05
835 8.20312500000000e-02 6.72912597656250e-03
836 1.01562500000000e-01 1.03149414062500e-02
837 1.51367187500000e-01 2.29120254516602e-02
838 1.52832031250000e-01 2.33576297760010e-02
839 2.35351562500000e-01 5.53903579711914e-02
840 2.14843750000000e-01 4.61578369140625e-02
841 1.95312500000000e-01 3.81469726562500e-02
842 2.94921875000000e-01 8.69789123535156e-02
843 3.22265625000000e-01 1.03855133056641e-01
844 3.07617187500000e-01 9.46283340454102e-02
845 2.89062500000000e-01 8.35571289062500e-02
846 3.31542968750000e-01 1.09920740127563e-01
847 3.58886718750000e-01 1.28799676895142e-01
848 4.14550781250000e-01 1.71852350234985e-01
849 4.64843750000000e-01 2.16079711914062e-01
850 4.88769531250000e-01 2.38895654678345e-01
851 5.03906250000000e-01 2.53921508789062e-01
852 4.32128906250000e-01 1.86735391616821e-01
853 5.41015625000000e-01 2.92697906494141e-01
854 6.13281250000000e-01 3.76113891601562e-01
855 5.91796875000000e-01 3.50223541259766e-01
856 5.52246093750000e-01 3.04975748062134e-01
857 5.57617187500000e-01 3.10936927795410e-01
858 5.25878906250000e-01 2.76548624038696e-01
859 4.71191406250000e-01 2.22021341323853e-01
860 4.73144531250000e-01 2.23865747451782e-01
861 4.31152343750000e-01 1.85892343521118e-01
862 3.79394531250000e-01 1.43940210342407e-01
863 3.99414062500000e-01 1.59531593322754e-01
864 3.26171875000000e-01 1.06388092041016e-01
865 3.48144531250000e-01 1.21204614639282e-01
866 3.78417968750000e-01 1.43200159072876e-01
867 3.49609375000000e-01 1.22226715087891e-01
868 3.75976562500000e-01 1.41358375549316e-01
869 4.51171875000000e-01 2.03556060791016e-01
870 5.22460937500000e-01 2.72965431213379e-01
871 5.59082031250000e-01 3.12572717666626e-01
872 5.03417968750000e-01 2.53429651260376e-01
873 5.11230468750000e-01 2.61356592178345e-01
874 4.51171875000000e-01 2.03556060791016e-01
875 4.30175781250000e-01 1.85051202774048e-01
876 4.40429687500000e-01 1.93978309631348e-01
877 4.36523437500000e-01 1.90552711486816e-01
878 4.90722656250000e-01 2.40808725357056e-01
879 4.90722656250000e-01 2.40808725357056e-01
880 4.65820312500000e-01 2.16988563537598e-01
881 4.20410156250000e-01 1.76744699478149e-01
882 4.30175781250000e-01 1.85051202774048e-01
883 3.66210937500000e-01 1.34110450744629e-01
884 3.84765625000000e-01 1.48044586181641e-01
885 3.58398437500000e-01 1.28449440002441e-01
886 2.90527343750000e-01 8.44061374664307e-02
887 3.13476562500000e-01 9.82675552368164e-02
888 2.79296875000000e-01 7.80067443847656e-02
889 2.68066406250000e-01 7.18595981597900e-02
890 2.74414062500000e-01 7.53030776977539e-02
891 3.12011718750000e-01 9.73513126373291e-02
892 3.92578125000000e-01 1.54117584228516e-01
893 3.68652343750000e-01 1.35904550552368e-01
894 4.18457031250000e-01 1.75106287002563e-01
895 4.40429687500000e-01 1.93978309631348e-01
896 4.17968750000000e-01 1.74697875976562e-01
897 4.02832031250000e-01 1.62273645401001e-01
898 4.38964843750000e-01 1.92690134048462e-01
899 4.74121093750000e-01 2.24790811538696e-01
900 4.67773437500000e-01 2.18811988830566e-01
901 4.54589843750000e-01 2.06651926040649e-01
902 5.60058593750000e-01 3.13665628433228e-01
903 5.78125000000000e-01 3.34228515625000e-01
904 5.55664062500000e-01 3.08762550354004e-01
905 5.83496093750000e-01 3.40467691421509e-01
906 6.21093750000000e-01 3.85757446289062e-01
907 6.35742187500000e-01 4.04168128967285e-01
908 6.89941406250000e-01 4.76019144058228e-01
909 6.97265625000000e-01 4.86179351806641e-01
910 6.87500000000000e-01 4.72656250000000e-01
911 7.20214843750000e-01 5.18709421157837e-01
912 6.61621093750000e-01 4.37742471694946e-01
913 7.35351562500000e-01 5.40741920471191e-01
914 7.05566406250000e-01 4.97823953628540e-01
915 7.13867187500000e-01 5.09606361389160e-01
916 7.06054687500000e-01 4.98513221740723e-01
917 7.18750000000000e-01 5.16601562500000e-01
918 7.33886718750000e-01 5.38589715957642e-01
919 6.87500000000000e-01 4.72656250000000e-01
920 7.10449218750000e-01 5.04738092422485e-01
921 7.05078125000000e-01 4.97135162353516e-01
922 6.86035156250000e-01 4.70644235610962e-01
923 7.58789062500000e-01 5.75760841369629e-01
924 7.43652343750000e-01 5.53018808364868e-01
925 6.66992187500000e-01 4.44878578186035e-01
926 7.25585937500000e-01 5.26474952697754e-01
927 7.02636718750000e-01 4.93698358535767e-01
928 6.41601562500000e-01 4.11652565002441e-01
929 5.64453125000000e-01 3.18607330322266e-01
930 5.78125000000000e-01 3.34228515625000e-01
931 6.15722656250000e-01 3.79114389419556e-01
932 5.90820312500000e-01 3.49068641662598e-01
933 5.56152343750000e-01 3.09305429458618e-01
934 5.80078125000000e-01 3.36490631103516e-01
935 6.11816406250000e-01 3.74319314956665e-01
936 6.31347656250000e-01 3.98599863052368e-01
937 6.08398437500000e-01 3.70148658752441e-01
938 5.66894531250000e-01 3.21369409561157e-01
939 5.58105468750000e-01 3.11481714248657e-01
940 5.83496093750000e-01 3.40467691421509e-01
941 5.20019531250000e-01 2.70420312881470e-01
942 5.29296875000000e-01 2.80155181884766e-01
943 5.20507812500000e-01 2.70928382873535e-01
944 4.83886718750000e-01 2.34146356582642e-01
945 5.22949218750000e-01 2.73475885391235e-01
946 5.56152343750000e-01 3.09305429458618e-01
947 6.11328125000000e-01 3.73722076416016e-01
948 6.20117187500000e-01 3.84545326232910e-01
949 6.35253906250000e-01 4.03547525405884e-01
950 6.04003906250000e-01 3.64820718765259e-01
951 5.71777343750000e-01 3.26929330825806e-01
952 5.71777343750000e-01 3.26929330825806e-01
953 6.13281250000000e-01 3.76113891601562e-01
954 5.95703125000000e-01 3.54862213134766e-01
955 5.60058593750000e-01 3.13665628433228e-01
956 6.10839843750000e-01 3.73125314712524e-01
957 6.07421875000000e-01 3.68961334228516e-01
958 6.40136718750000e-01 4.09775018692017e-01
959 6.09863281250000e-01 3.71933221817017e-01
960 6.25976562500000e-01 3.91846656799316e-01
961 6.40136718750000e-01 4.09775018692017e-01
962 6.22070312500000e-01 3.86971473693848e-01
963 6.57226562500000e-01 4.31946754455566e-01
964 6.10839843750000e-01 3.73125314712524e-01
965 5.70312500000000e-01 3.25256347656250e-01
966 5.00976562500000e-01 2.50977516174316e-01
967 6.03027343750000e-01 3.63641977310181e-01
968 5.90332031250000e-01 3.48491907119751e-01
969 6.44531250000000e-01 4.15420532226562e-01
970 6.51855468750000e-01 4.24915552139282e-01
971 6.29882812500000e-01 3.96752357482910e-01
972 6.60156250000000e-01 4.35806274414062e-01
973 6.87011718750000e-01 4.71985101699829e-01
974 7.01171875000000e-01 4.91641998291016e-01
975 6.89941406250000e-01 4.76019144058228e-01
976 6.82617187500000e-01 4.65966224670410e-01
977 6.44531250000000e-01 4.15420532226562e-01
978 6.44531250000000e-01 4.15420532226562e-01
979 6.96289062500000e-01 4.84818458557129e-01
980 6.71386718750000e-01 4.50760126113892e-01
981 6.89453125000000e-01 4.75345611572266e-01
982 6.76269531250000e-01 4.57340478897095e-01
983 5.96191406250000e-01 3.55444192886353e-01
984 6.30859375000000e-01 3.97983551025391e-01
985 6.72363281250000e-01 4.52072381973267e-01
986 6.97753906250000e-01 4.86860513687134e-01
987 6.90429687500000e-01 4.76693153381348e-01
988 6.18164062500000e-01 3.82126808166504e-01
989 6.57714843750000e-01 4.32588815689087e-01
990 7.03613281250000e-01 4.95071649551392e-01
991 7.13867187500000e-01 5.09606361389160e-01
992 7.54882812500000e-01 5.69848060607910e-01
993 7.74902343750000e-01 6.00473642349243e-01
994 7.36328125000000e-01 5.42179107666016e-01
995 7.15820312500000e-01 5.12398719787598e-01
996 6.28906250000000e-01 3.95523071289062e-01
997 6.15234375000000e-01 3.78513336181641e-01
998 6.18164062500000e-01 3.82126808166504e-01
999 6.17187500000000e-01 3.80920410156250e-01
