0 6.23046875000000e-01 3.88187408447266e-01
1 6.43066406250000e-01 4.13534402847290e-01
2 6.10839843750000e-01 3.73125314712524e-01
3 5.91308593750000e-01 3.49645853042603e-01
4 6.18164062500000e-01 3.82126808166504e-01
5 5.73242187500000e-01 3.28606605529785e-01
6 5.50292968750000e-01 3.02822351455688e-01
7 5.74218750000000e-01 3.29727172851562e-01
8 5.39062500000000e-01 2.90588378906250e-01
9 5.39550781250000e-01 2.91115045547485e-01
10 5.56152343750000e-01 3.09305429458618e-01
11 5.24902343750000e-01 2.75522470474243e-01
12 5.59082031250000e-01 3.12572717666626e-01
13 5.54199218750000e-01 3.07136774063110e-01
14 5.75683593750000e-01 3.31411600112915e-01
15 6.05957031250000e-01 3.67183923721313e-01
16 6.09863281250000e-01 3.71933221817017e-01
17 5.60546875000000e-01 3.14212799072266e-01
18 5.41015625000000e-01 2.92697906494141e-01
19 5.53710937500000e-01 3.06595802307129e-01
20 5.43945312500000e-01 2.95876502990723e-01
21 5.55175781250000e-01 3.08220148086548e-01
22 6.09863281250000e-01 3.71933221817017e-01
23 5.55664062500000e-01 3.08762550354004e-01
24 5.62988281250000e-01 3.16955804824829e-01
25 5.79101562500000e-01 3.35358619689941e-01
26 6.10839843750000e-01 3.73125314712524e-01
27 5.14160156250000e-01 2.64360666275024e-01
28 5.86425781250000e-01 3.43895196914673e-01
29 5.16113281250000e-01 2.66372919082642e-01
30 5.15136718750000e-01 2.65365839004517e-01
31 5.11718750000000e-01 2.61856079101562e-01
32 5.71777343750000e-01 3.26929330825806e-01
33 5.24414062500000e-01 2.75010108947754e-01
34 4.88769531250000e-01 2.38895654678345e-01
35 4.68750000000000e-01 2.19726562500000e-01
36 3.72070312500000e-01 1.38436317443848e-01
37 4.30175781250000e-01 1.85051202774048e-01
38 4.05273437500000e-01 1.64246559143066e-01
39 4.58496093750000e-01 2.10218667984009e-01
40 3.91113281250000e-01 1.52969598770142e-01
41 3.93554687500000e-01 1.54885292053223e-01
42 3.38867187500000e-01 1.14830970764160e-01
43 3.42773437500000e-01 1.17493629455566e-01
44 3.30078125000000e-01 1.08951568603516e-01
45 3.14941406250000e-01 9.91880893707275e-02
46 4.24804687500000e-01 1.80459022521973e-01
47 3.62304687500000e-01 1.31264686584473e-01
48 3.88183593750000e-01 1.50686502456665e-01
49 3.32519531250000e-01 1.10569238662720e-01
50 3.47167968750000e-01 1.20525598526001e-01
51 3.38378906250000e-01 1.14500284194946e-01
52 3.44238281250000e-01 1.18499994277954e-01
53 3.40820312500000e-01 1.16158485412598e-01
54 3.23242187500000e-01 1.04485511779785e-01
55 3.43750000000000e-01 1.18164062500000e-01
56 3.59375000000000e-01 1.29150390625000e-01
57 3.71093750000000e-01 1.37710571289062e-01
58 2.96386718750000e-01 8.78450870513916e-02
59 3.41796875000000e-01 1.16825103759766e-01
60 3.95996093750000e-01 1.56812906265259e-01
61 3.45703125000000e-01 1.19510650634766e-01
62 2.85156250000000e-01 8.13140869140625e-02
63 2.87109375000000e-01 8.24317932128906e-02
64 2.77343750000000e-01 7.69195556640625e-02
65 2.45117187500000e-01 6.00824356079102e-02
66 1.58691406250000e-01 2.51829624176025e-02
67 1.48437500000000e-01 2.20336914062500e-02
68 1.41113281250000e-01 1.99129581451416e-02
69 1.72851562500000e-01 2.98776626586914e-02
70 1.53320312500000e-01 2.35071182250977e-02
71 1.36230468750000e-01 1.85587406158447e-02
72 1.22558593750000e-01 1.50206089019775e-02
73 9.27734375000000e-02 8.60691070556641e-03
74 8.10546875000000e-02 6.56986236572266e-03
75 9.66796875000000e-02 9.34696197509766e-03
76 1.25488281250000e-01 1.57473087310791e-02
77 1.87500000000000e-01 3.51562500000000e-02
78 2.01171875000000e-01 4.04701232910156e-02
79 1.76269531250000e-01 3.10709476470947e-02
80 1.41113281250000e-01 1.99129581451416e-02
81 1.23046875000000e-01 1.51405334472656e-02
82 1.43066406250000e-01 2.04679965972900e-02
83 6.68945312500000e-02 4.47487831115723e-03
84 1.55761718750000e-01 2.42617130279541e-02
85 2.53417968750000e-01 6.42206668853760e-02
86 3.78906250000000e-01 1.43569946289062e-01
87 3.60839843750000e-01 1.30205392837524e-01
88 2.92480468750000e-01 8.55448246002197e-02
89 3.45214843750000e-01 1.19173288345337e-01
90 3.54003906250000e-01 1.25318765640259e-01
91 3.59863281250000e-01 1.29501581192017e-01
92 3.81835937500000e-01 1.45798683166504e-01
93 3.64257812500000e-01 1.32683753967285e-01
94 3.21777343750000e-01 1.03540658950806e-01
95 4.13085937500000e-01 1.70639991760254e-01
96 3.18847656250000e-01 1.01663827896118e-01
97 3.16406250000000e-01 1.00112915039062e-01
98 3.10058593750000e-01 9.61363315582275e-02
99 2.61230468750000e-01 6.82413578033447e-02
100 2.69531250000000e-01 7.26470947265625e-02
101 1.83593750000000e-01 3.37066650390625e-02
102 1.76269531250000e-01 3.10709476470947e-02
103 1.67480468750000e-01 2.80497074127197e-02
104 1.71386718750000e-01 2.93734073638916e-02
105 1.95312500000000e-01 3.81469726562500e-02
106 1.35253906250000e-01 1.82936191558838e-02
107 1.64062500000000e-01 2.69165039062500e-02
108 2.50000000000000e-01 6.25000000000000e-02
109 2.25097656250000e-01 5.06689548492432e-02
110 2.85644531250000e-01 8.15927982330322e-02
111 3.06640625000000e-01 9.40284729003906e-02
112 2.98339843750000e-01 8.90066623687744e-02
113 2.68066406250000e-01 7.18595981597900e-02
114 2.75390625000000e-01 7.58399963378906e-02
115 2.76367187500000e-01 7.63788223266602e-02
116 2.86132812500000e-01 8.18719863891602e-02
117 2.64160156250000e-01 6.97805881500244e-02
118 2.87597656250000e-01 8.27124118804932e-02
119 2.86621093750000e-01 8.21516513824463e-02
120 3.11523437500000e-01 9.70468521118164e-02
121 3.07128906250000e-01 9.43281650543213e-02
122 2.26562500000000e-01 5.13305664062500e-02
123 2.29492187500000e-01 5.26666641235352e-02
124 2.25585937500000e-01 5.08890151977539e-02
125 2.53417968750000e-01 6.42206668853760e-02
126 3.25683593750000e-01 1.06069803237915e-01
127 4.09179687500000e-01 1.67428016662598e-01
128 3.51074218750000e-01 1.23253107070923e-01
129 3.86718750000000e-01 1.49551391601562e-01
130 4.35546875000000e-01 1.89701080322266e-01
131 3.76464843750000e-01 1.41725778579712e-01
132 3.99414062500000e-01 1.59531593322754e-01
133 3.75976562500000e-01 1.41358375549316e-01
134 3.92578125000000e-01 1.54117584228516e-01
135 4.01855468750000e-01 1.61487817764282e-01
136 4.39453125000000e-01 1.93119049072266e-01
137 3.78906250000000e-01 1.43569946289062e-01
138 4.12109375000000e-01 1.69834136962891e-01
139 4.09667968750000e-01 1.67827844619751e-01
140 3.87207031250000e-01 1.49929285049438e-01
141 4.20898437500000e-01 1.77155494689941e-01
142 4.11621093750000e-01 1.69431924819946e-01
143 4.10644531250000e-01 1.68628931045532e-01
144 4.36035156250000e-01 1.90126657485962e-01
145 4.26269531250000e-01 1.81705713272095e-01
146 4.12109375000000e-01 1.69834136962891e-01
147 3.07128906250000e-01 9.43281650543213e-02
148 3.65234375000000e-01 1.33396148681641e-01
149 2.95898437500000e-01 8.75558853149414e-02
150 3.56933593750000e-01 1.27401590347290e-01
151 4.05273437500000e-01 1.64246559143066e-01
152 3.99414062500000e-01 1.59531593322754e-01
153 3.76464843750000e-01 1.41725778579712e-01
154 2.86132812500000e-01 8.18719863891602e-02
155 2.79785156250000e-01 7.82797336578369e-02
156 2.69042968750000e-01 7.23841190338135e-02
157 2.84667968750000e-01 8.10358524322510e-02
158 3.06152343750000e-01 9.37292575836182e-02
159 3.21777343750000e-01 1.03540658950806e-01
160 3.69628906250000e-01 1.36625528335571e-01
161 3.49609375000000e-01 1.22226715087891e-01
162 3.72558593750000e-01 1.38799905776978e-01
163 3.10058593750000e-01 9.61363315582275e-02
164 3.33984375000000e-01 1.11545562744141e-01
165 3.70605468750000e-01 1.37348413467407e-01
166 3.69140625000000e-01 1.36264801025391e-01
167 3.18847656250000e-01 1.01663827896118e-01
168 3.09082031250000e-01 9.55317020416260e-02
169 3.33984375000000e-01 1.11545562744141e-01
170 3.43261718750000e-01 1.17828607559204e-01
171 3.52539062500000e-01 1.24283790588379e-01
172 3.85742187500000e-01 1.48797035217285e-01
173 3.69628906250000e-01 1.36625528335571e-01
174 3.48144531250000e-01 1.21204614639282e-01
175 3.19824218750000e-01 1.02287530899048e-01
176 3.25683593750000e-01 1.06069803237915e-01
177 2.92968750000000e-01 8.58306884765625e-02
178 2.74414062500000e-01 7.53030776977539e-02
179 2.72460937500000e-01 7.42349624633789e-02
180 3.03222656250000e-01 9.19439792633057e-02
181 2.91015625000000e-01 8.46900939941406e-02
182 3.28125000000000e-01 1.07666015625000e-01
183 4.32617187500000e-01 1.87157630920410e-01
184 4.90234375000000e-01 2.40329742431641e-01
185 5.01953125000000e-01 2.51956939697266e-01
186 5.14160156250000e-01 2.64360666275024e-01
187 5.17089843750000e-01 2.67381906509399e-01
188 4.69238281250000e-01 2.20184564590454e-01
189 4.95605468750000e-01 2.45624780654907e-01
190 5.65429687500000e-01 3.19710731506348e-01
191 5.38085937500000e-01 2.89536476135254e-01
192 5.44921875000000e-01 2.96939849853516e-01
193 4.91699218750000e-01 2.41768121719360e-01
194 5.99121093750000e-01 3.58946084976196e-01
195 5.96191406250000e-01 3.55444192886353e-01
196 6.39648437500000e-01 4.09150123596191e-01
197 6.57714843750000e-01 4.32588815689087e-01
198 5.69824218750000e-01 3.24699640274048e-01
199 5.83984375000000e-01 3.41037750244141e-01
200 5.44433593750000e-01 2.96407938003540e-01
201 5.57617187500000e-01 3.10936927795410e-01
202 6.55761718750000e-01 4.30023431777954e-01
203 6.58691406250000e-01 4.33874368667603e-01
204 6.13769531250000e-01 3.76713037490845e-01
205 5.52246093750000e-01 3.04975748062134e-01
206 5.38574218750000e-01 2.90062189102173e-01
207 6.02050781250000e-01 3.62465143203735e-01
208 5.74707031250000e-01 3.30288171768188e-01
209 5.54687500000000e-01 3.07678222656250e-01
210 5.78125000000000e-01 3.34228515625000e-01
211 5.68847656250000e-01 3.23587656021118e-01
212 5.64941406250000e-01 3.19158792495728e-01
213 5.57128906250000e-01 3.10392618179321e-01
214 5.49316406250000e-01 3.01748514175415e-01
215 5.67382812500000e-01 3.21923255920410e-01
216 5.38574218750000e-01 2.90062189102173e-01
217 4.76562500000000e-01 2.27111816406250e-01
218 4.68261718750000e-01 2.19269037246704e-01
219 5.82519531250000e-01 3.39329004287720e-01
220 6.06933593750000e-01 3.68368387222290e-01
221 6.04003906250000e-01 3.64820718765259e-01
222 5.96679687500000e-01 3.56026649475098e-01
223 6.17675781250000e-01 3.81523370742798e-01
224 5.83984375000000e-01 3.41037750244141e-01
225 5.49316406250000e-01 3.01748514175415e-01
226 5.15136718750000e-01 2.65365839004517e-01
227 6.18652343750000e-01 3.82730722427368e-01
228 5.70800781250000e-01 3.25813531875610e-01
229 5.34667968750000e-01 2.85869836807251e-01
230 5.49316406250000e-01 3.01748514175415e-01
231 5.62988281250000e-01 3.16955804824829e-01
232 4.79492187500000e-01 2.29912757873535e-01
233 4.67285156250000e-01 2.18355417251587e-01
234 5.21484375000000e-01 2.71945953369141e-01
235 5.21484375000000e-01 2.71945953369141e-01
236 5.00488281250000e-01 2.50488519668579e-01
237 5.21484375000000e-01 2.71945953369141e-01
238 4.67773437500000e-01 2.18811988830566e-01
239 4.47265625000000e-01 2.00046539306641e-01
240 3.90136718750000e-01 1.52206659317017e-01
241 4.34570312500000e-01 1.88851356506348e-01
242 3.66699218750000e-01 1.34468317031860e-01
243 3.23730468750000e-01 1.04801416397095e-01
244 2.56347656250000e-01 6.57141208648682e-02
245 1.74316406250000e-01 3.03862094879150e-02
246 1.49414062500000e-01 2.23245620727539e-02
247 1.48437500000000e-01 2.20336914062500e-02
248 1.13281250000000e-01 1.28326416015625e-02
249 7.08007812500000e-02 5.01275062561035e-03
250 1.34765625000000e-01 1.81617736816406e-02
251 8.74023437500000e-02 7.63916969299316e-03
252 6.15234375000000e-02 3.78513336181641e-03
253 8.49609375000000e-02 7.21836090087891e-03
254 1.35742187500000e-01 1.84259414672852e-02
255 1.55273437500000e-01 2.41098403930664e-02
256 8.98437500000000e-02 8.07189941406250e-03
257 1.80664062500000e-01 3.26395034790039e-02
258 1.52343750000000e-01 2.32086181640625e-02
259 2.25585937500000e-01 5.08890151977539e-02
260 2.34863281250000e-01 5.51607608795166e-02
261 2.34375000000000e-01 5.49316406250000e-02
262 2.28027343750000e-01 5.19964694976807e-02
263 2.12402343750000e-01 4.51147556304932e-02
264 2.83203125000000e-01 8.02040100097656e-02
265 2.72949218750000e-01 7.45012760162354e-02
266 2.89062500000000e-01 8.35571289062500e-02
267 3.35449218750000e-01 1.12526178359985e-01
268 2.71972656250000e-01 7.39691257476807e-02
269 3.63769531250000e-01 1.32328271865845e-01
270 4.22363281250000e-01 1.78390741348267e-01
271 4.03320312500000e-01 1.62667274475098e-01
272 4.32128906250000e-01 1.86735391616821e-01
273 4.73144531250000e-01 2.23865747451782e-01
274 4.47753906250000e-01 2.00483560562134e-01
275 4.64843750000000e-01 2.16079711914062e-01
276 4.85351562500000e-01 2.35566139221191e-01
277 4.93164062500000e-01 2.43210792541504e-01
278 4.88769531250000e-01 2.38895654678345e-01
279 4.94140625000000e-01 2.44174957275391e-01
280 4.92675781250000e-01 2.42729425430298e-01
281 4.75585937500000e-01 2.26181983947754e-01
282 5.07324218750000e-01 2.57377862930298e-01
283 4.96582031250000e-01 2.46593713760376e-01
284 5.28808593750000e-01 2.79638528823853e-01
285 4.98046875000000e-01 2.48050689697266e-01
286 5.20996093750000e-01 2.71436929702759e-01
287 5.83007812500000e-01 3.39898109436035e-01
288 6.08886718750000e-01 3.70743036270142e-01
289 5.30761718750000e-01 2.81708002090454e-01
290 5.72753906250000e-01 3.28047037124634e-01
291 5.72265625000000e-01 3.27487945556641e-01
292 5.54687500000000e-01 3.07678222656250e-01
293 5.91796875000000e-01 3.50223541259766e-01
294 5.77148437500000e-01 3.33100318908691e-01
295 6.08886718750000e-01 3.70743036270142e-01
296 6.15234375000000e-01 3.78513336181641e-01
297 5.99121093750000e-01 3.58946084976196e-01
298 6.24511718750000e-01 3.90014886856079e-01
299 5.96679687500000e-01 3.56026649475098e-01
300 5.56640625000000e-01 3.09848785400391e-01
301 5.65429687500000e-01 3.19710731506348e-01
302 4.93164062500000e-01 2.43210792541504e-01
303 4.91699218750000e-01 2.41768121719360e-01
304 4.58007812500000e-01 2.09771156311035e-01
305 4.79492187500000e-01 2.29912757873535e-01
306 5.06347656250000e-01 2.56387948989868e-01
307 4.85839843750000e-01 2.36040353775024e-01
308 5.20996093750000e-01 2.71436929702759e-01
309 6.24511718750000e-01 3.90014886856079e-01
310 6.29882812500000e-01 3.96752357482910e-01
311 5.99609375000000e-01 3.59531402587891e-01
312 6.19628906250000e-01 3.83939981460571e-01
313 6.00097656250000e-01 3.60117197036743e-01
314 5.99121093750000e-01 3.58946084976196e-01
315 6.07910156250000e-01 3.69554758071899e-01
316 5.52734375000000e-01 3.05515289306641e-01
317 4.83886718750000e-01 2.34146356582642e-01
318 4.91210937500000e-01 2.41288185119629e-01
319 4.91210937500000e-01 2.41288185119629e-01
320 5.37109375000000e-01 2.88486480712891e-01
321 5.07324218750000e-01 2.57377862930298e-01
322 5.08300781250000e-01 2.58369684219360e-01
323 4.90234375000000e-01 2.40329742431641e-01
324 4.62402343750000e-01 2.13815927505493e-01
325 5.00000000000000e-01 2.50000000000000e-01
326 4.81445312500000e-01 2.31789588928223e-01
327 4.06250000000000e-01 1.65039062500000e-01
328 4.71191406250000e-01 2.22021341323853e-01
329 4.04785156250000e-01 1.63851022720337e-01
330 3.54980468750000e-01 1.26011133193970e-01
331 3.54980468750000e-01 1.26011133193970e-01
332 2.85644531250000e-01 8.15927982330322e-02
333 2.94921875000000e-01 8.69789123535156e-02
334 3.66699218750000e-01 1.34468317031860e-01
335 3.54980468750000e-01 1.26011133193970e-01
336 3.80859375000000e-01 1.45053863525391e-01
337 4.25292968750000e-01 1.80874109268188e-01
338 4.28710937500000e-01 1.83793067932129e-01
339 4.04785156250000e-01 1.63851022720337e-01
340 3.26171875000000e-01 1.06388092041016e-01
341 2.74414062500000e-01 7.53030776977539e-02
342 2.88574218750000e-01 8.32750797271729e-02
343 3.34960937500000e-01 1.12198829650879e-01
344 2.28027343750000e-01 5.19964694976807e-02
345 2.49511718750000e-01 6.22560977935791e-02
346 2.04589843750000e-01 4.18570041656494e-02
347 2.02148437500000e-01 4.08639907836914e-02
348 1.88476562500000e-01 3.55234146118164e-02
349 2.08496093750000e-01 4.34706211090088e-02
350 2.59277343750000e-01 6.72247409820557e-02
351 2.96386718750000e-01 8.78450870513916e-02
352 3.43750000000000e-01 1.18164062500000e-01
353 3.83300781250000e-01 1.46919488906860e-01
354 3.84765625000000e-01 1.48044586181641e-01
355 4.05761718750000e-01 1.64642572402954e-01
356 3.55957031250000e-01 1.26705408096313e-01
357 3.67675781250000e-01 1.35185480117798e-01
358 3.40820312500000e-01 1.16158485412598e-01
359 3.48632812500000e-01 1.21544837951660e-01
360 4.16015625000000e-01 1.73069000244141e-01
361 4.33105468750000e-01 1.87580347061157e-01
362 3.66210937500000e-01 1.34110450744629e-01
363 4.43847656250000e-01 1.97000741958618e-01
364 3.92578125000000e-01 1.54117584228516e-01
365 4.16015625000000e-01 1.73069000244141e-01
366 4.42382812500000e-01 1.95702552795410e-01
367 4.02832031250000e-01 1.62273645401001e-01
368 3.94042968750000e-01 1.55269861221313e-01
369 3.76953125000000e-01 1.42093658447266e-01
370 4.00878906250000e-01 1.60703897476196e-01
371 3.36914062500000e-01 1.13511085510254e-01
372 3.42285156250000e-01 1.17159128189087e-01
373 4.10156250000000e-01 1.68228149414062e-01
374 4.22363281250000e-01 1.78390741348267e-01
375 4.16992187500000e-01 1.73882484436035e-01
376 3.79394531250000e-01 1.43940210342407e-01
377 4.43847656250000e-01 1.97000741958618e-01
378 4.14550781250000e-01 1.71852350234985e-01
379 4.38476562500000e-01 1.92261695861816e-01
380 4.49218750000000e-01 2.01797485351562e-01
381 5.13671875000000e-01 2.63858795166016e-01
382 4.82421875000000e-01 2.32730865478516e-01
383 4.60449218750000e-01 2.12013483047485e-01
384 4.08691406250000e-01 1.67028665542603e-01
385 3.87695312500000e-01 1.50307655334473e-01
386 2.97363281250000e-01 8.84249210357666e-02
387 2.65625000000000e-01 7.05566406250000e-02
388 2.83691406250000e-01 8.04808139801025e-02
389 3.23242187500000e-01 1.04485511779785e-01
390 2.95410156250000e-01 8.72671604156494e-02
391 4.25781250000000e-01 1.81289672851562e-01
392 3.49121093750000e-01 1.21885538101196e-01
393 3.81347656250000e-01 1.45426034927368e-01
394 4.34082031250000e-01 1.88427209854126e-01
395 4.34082031250000e-01 1.88427209854126e-01
396 4.53125000000000e-01 2.05322265625000e-01
397 4.95605468750000e-01 2.45624780654907e-01
398 4.75585937500000e-01 2.26181983947754e-01
399 5.13183593750000e-01 2.63357400894165e-01
400 4.91210937500000e-01 2.41288185119629e-01
401 5.08789062500000e-01 2.58866310119629e-01
402 5.13671875000000e-01 2.63858795166016e-01
403 5.01953125000000e-01 2.51956939697266e-01
404 5.76660156250000e-01 3.32536935806274e-01
405 5.39550781250000e-01 2.91115045547485e-01
406 5.33691406250000e-01 2.84826517105103e-01
407 5.10253906250000e-01 2.60359048843384e-01
408 4.96582031250000e-01 2.46593713760376e-01
409 5.56640625000000e-01 3.09848785400391e-01
410 5.35644531250000e-01 2.86915063858032e-01
411 5.76171875000000e-01 3.31974029541016e-01
412 5.01464843750000e-01 2.51466989517212e-01
413 4.34082031250000e-01 1.88427209854126e-01
414 3.89648437500000e-01 1.51825904846191e-01
415 3.87695312500000e-01 1.50307655334473e-01
416 3.65722656250000e-01 1.33753061294556e-01
417 3.33984375000000e-01 1.11545562744141e-01
418 3.10058593750000e-01 9.61363315582275e-02
419 3.24218750000000e-01 1.05117797851562e-01
420 3.54980468750000e-01 1.26011133193970e-01
421 3.48144531250000e-01 1.21204614639282e-01
422 3.68164062500000e-01 1.35544776916504e-01
423 4.19433593750000e-01 1.75924539566040e-01
424 4.37500000000000e-01 1.91406250000000e-01
425 3.67187500000000e-01 1.34826660156250e-01
426 3.63281250000000e-01 1.31973266601562e-01
427 4.06250000000000e-01 1.65039062500000e-01
428 4.37500000000000e-01 1.91406250000000e-01
429 4.53613281250000e-01 2.05765008926392e-01
430 4.82421875000000e-01 2.32730865478516e-01
431 4.75585937500000e-01 2.26181983947754e-01
432 4.84863281250000e-01 2.35092401504517e-01
433 5.26855468750000e-01 2.77576684951782e-01
434 5.11718750000000e-01 2.61856079101562e-01
435 5.50781250000000e-01 3.03359985351562e-01
436 5.32226562500000e-01 2.83265113830566e-01
437 5.37109375000000e-01 2.88486480712891e-01
438 4.93652343750000e-01 2.43692636489868e-01
439 4.58496093750000e-01 2.10218667984009e-01
440 3.98437500000000e-01 1.58752441406250e-01
441 4.88281250000000e-01 2.38418579101562e-01
442 4.71679687500000e-01 2.22481727600098e-01
443 4.51660156250000e-01 2.03996896743774e-01
444 4.48730468750000e-01 2.01359033584595e-01
445 4.11132812500000e-01 1.69030189514160e-01
446 4.29687500000000e-01 1.84631347656250e-01
447 3.76953125000000e-01 1.42093658447266e-01
448 3.92089843750000e-01 1.53734445571899e-01
449 3.59375000000000e-01 1.29150390625000e-01
450 3.34472656250000e-01 1.11871957778931e-01
451 3.88183593750000e-01 1.50686502456665e-01
452 3.40820312500000e-01 1.16158485412598e-01
453 2.72949218750000e-01 7.45012760162354e-02
454 2.18750000000000e-01 4.78515625000000e-02
455 2.42675781250000e-01 5.88915348052979e-02
456 1.48925781250000e-01 2.21788883209229e-02
457 1.62109375000000e-01 2.62794494628906e-02
458 1.34277343750000e-01 1.80304050445557e-02
459 2.47070312500000e-01 6.10437393188477e-02
460 2.16796875000000e-01 4.70008850097656e-02
461 2.03613281250000e-01 4.14583683013916e-02
462 2.32421875000000e-01 5.40199279785156e-02
463 2.35839843750000e-01 5.56204319000244e-02
464 2.36816406250000e-01 5.60820102691650e-02
465 2.98339843750000e-01 8.90066623687744e-02
466 2.88574218750000e-01 8.32750797271729e-02
467 2.77343750000000e-01 7.69195556640625e-02
468 1.95800781250000e-01 3.83379459381104e-02
469 1.71875000000000e-01 2.95410156250000e-02
470 1.10839843750000e-01 1.22854709625244e-02
471 1.07421875000000e-01 1.15394592285156e-02
472 5.12695312500000e-02 2.62856483459473e-03
473 6.83593750000000e-03 4.67300415039062e-05
474 3.66210937500000e-02 1.34110450744629e-03
475 2.39257812500000e-02 5.72443008422852e-04
476 5.81054687500000e-02 3.37624549865723e-03
477 2.39257812500000e-02 5.72443008422852e-04
478 2.44140625000000e-03 5.96046447753906e-06
479 3.51562500000000e-02 1.23596191406250e-03
480 9.32617187500000e-02 8.69774818420410e-03
481 9.22851562500000e-02 8.51655006408691e-03
482 6.78710937500000e-02 4.60648536682129e-03
483 1.30371093750000e-01 1.69966220855713e-02
484 2.19238281250000e-01 4.80654239654541e-02
485 2.21679687500000e-01 4.91418838500977e-02
486 2.31933593750000e-01 5.37931919097900e-02
487 3.53027343750000e-01 1.24628305435181e-01
488 3.63769531250000e-01 1.32328271865845e-01
489 3.63769531250000e-01 1.32328271865845e-01
490 2.85156250000000e-01 8.13140869140625e-02
491 2.86621093750000e-01 8.21516513824463e-02
492 2.28515625000000e-01 5.22193908691406e-02
493 2.89550781250000e-01 8.38396549224854e-02
494 2.85156250000000e-01 8.13140869140625e-02
495 2.70507812500000e-01 7.31744766235352e-02
496 2.51464843750000e-01 6.32345676422119e-02
497 2.44628906250000e-01 5.98433017730713e-02
498 2.50488281250000e-01 6.27443790435791e-02
499 2.64648437500000e-01 7.00387954711914e-02
500 2.68066406250000e-01 7.18595981597900e-02
501 2.18750000000000e-01 4.78515625000000e-02
502 2.29980468750000e-01 5.28910160064697e-02
503 2.46093750000000e-01 6.05621337890625e-02
504 2.63671875000000e-01 6.95228576660156e-02
505 2.86621093750000e-01 8.21516513824463e-02
506 2.75878906250000e-01 7.61091709136963e-02
507 2.74902343750000e-01 7.55712985992432e-02
508 2.53906250000000e-01 6.44683837890625e-02
509 2.49023437500000e-01 6.20126724243164e-02
510 2.19238281250000e-01 4.80654239654541e-02
511 2.15332031250000e-01 4.63678836822510e-02
512 2.26562500000000e-01 5.13305664062500e-02
513 2.54882812500000e-01 6.49652481079102e-02
514 2.22656250000000e-01 4.95758056640625e-02
515 2.86621093750000e-01 8.21516513824463e-02
516 2.34863281250000e-01 5.51607608795166e-02
517 2.52929687500000e-01 6.39734268188477e-02
518 2.82714843750000e-01 7.99276828765869e-02
519 2.31933593750000e-01 5.37931919097900e-02
520 1.99218750000000e-01 3.96881103515625e-02
521 2.22656250000000e-01 4.95758056640625e-02
522 2.08496093750000e-01 4.34706211090088e-02
523 1.90429687500000e-01 3.62634658813477e-02
524 2.22656250000000e-01 4.95758056640625e-02
525 1.95312500000000e-01 3.81469726562500e-02
526 1.51855468750000e-01 2.30600833892822e-02
527 2.00683593750000e-01 4.02739048004150e-02
528 2.90039062500000e-01 8.41226577758789e-02
529 2.29492187500000e-01 5.26666641235352e-02
530 1.51855468750000e-01 2.30600833892822e-02
531 1.93359375000000e-01 3.73878479003906e-02
532 1.94824218750000e-01 3.79564762115479e-02
533 1.94335937500000e-01 3.77664566040039e-02
534 2.72460937500000e-01 7.42349624633789e-02
535 2.97363281250000e-01 8.84249210357666e-02
536 2.35839843750000e-01 5.56204319000244e-02
537 1.70410156250000e-01 2.90396213531494e-02
538 2.05566406250000e-01 4.22575473785400e-02
539 1.57226562500000e-01 2.47201919555664e-02
540 1.18164062500000e-01 1.39627456665039e-02
541 1.10839843750000e-01 1.22854709625244e-02
542 1.72851562500000e-01 2.98776626586914e-02
543 1.45019531250000e-01 2.10306644439697e-02
544 1.69921875000000e-01 2.88734436035156e-02
545 1.49902343750000e-01 2.24707126617432e-02
546 1.95800781250000e-01 3.83379459381104e-02
547 2.00683593750000e-01 4.02739048004150e-02
548 1.83105468750000e-01 3.35276126861572e-02
549 1.43066406250000e-01 2.04679965972900e-02
550 1.55761718750000e-01 2.42617130279541e-02
551 1.62597656250000e-01 2.64379978179932e-02
552 1.78710937500000e-01 3.19375991821289e-02
553 2.05566406250000e-01 4.22575473785400e-02
554 1.88476562500000e-01 3.55234146118164e-02
555 1.62109375000000e-01 2.62794494628906e-02
556 1.52343750000000e-01 2.32086181640625e-02
557 1.91894531250000e-01 3.68235111236572e-02
558 2.50488281250000e-01 6.27443790435791e-02
559 2.65136718750000e-01 7.02974796295166e-02
560 3.22753906250000e-01 1.04170083999634e-01
561 3.42285156250000e-01 1.17159128189087e-01
562 3.07617187500000e-01 9.46283340454102e-02
563 3.82812500000000e-01 1.46545410156250e-01
564 3.73046875000000e-01 1.39163970947266e-01
565 4.03320312500000e-01 1.62667274475098e-01
566 5.25390625000000e-01 2.76035308837891e-01
567 5.17578125000000e-01 2.67887115478516e-01
568 5.16601562500000e-01 2.66877174377441e-01
569 5.07812500000000e-01 2.57873535156250e-01
570 4.99023437500000e-01 2.49024391174316e-01
571 4.81445312500000e-01 2.31789588928223e-01
572 4.31640625000000e-01 1.86313629150391e-01
573 4.49218750000000e-01 2.01797485351562e-01
574 5.01464843750000e-01 2.51466989517212e-01
575 5.08300781250000e-01 2.58369684219360e-01
576 4.98046875000000e-01 2.48050689697266e-01
577 4.90722656250000e-01 2.40808725357056e-01
578 4.44824218750000e-01 1.97868585586548e-01
579 3.74511718750000e-01 1.40259027481079e-01
580 3.63281250000000e-01 1.31973266601562e-01
581 3.00781250000000e-01 9.04693603515625e-02
582 1.96289062500000e-01 3.85293960571289e-02
583 2.38281250000000e-01 5.67779541015625e-02
584 3.14941406250000e-01 9.91880893707275e-02
585 3.06640625000000e-01 9.40284729003906e-02
586 2.61718750000000e-01 6.84967041015625e-02
587 3.18359375000000e-01 1.01352691650391e-01
588 2.88574218750000e-01 8.32750797271729e-02
589 3.12011718750000e-01 9.73513126373291e-02
590 2.59765625000000e-01 6.74781799316406e-02
591 3.37402343750000e-01 1.13840341567993e-01
592 3.97460937500000e-01 1.57975196838379e-01
593 4.04296875000000e-01 1.63455963134766e-01
594 3.47167968750000e-01 1.20525598526001e-01
595 3.75488281250000e-01 1.40991449356079e-01
596 3.54980468750000e-01 1.26011133193970e-01
597 3.46679687500000e-01 1.20186805725098e-01
598 3.72070312500000e-01 1.38436317443848e-01
599 3.20800781250000e-01 1.02913141250610e-01
600 2.95410156250000e-01 8.72671604156494e-02
601 2.85156250000000e-01 8.13140869140625e-02
602 2.10937500000000e-01 4.44946289062500e-02
603 2.06542968750000e-01 4.26599979400635e-02
604 1.53320312500000e-01 2.35071182250977e-02
605 1.43554687500000e-01 2.06079483032227e-02
606 8.49609375000000e-02 7.21836090087891e-03
607 1.10839843750000e-01 1.22854709625244e-02
608 1.21582031250000e-01 1.47821903228760e-02
609 1.23046875000000e-01 1.51405334472656e-02
610 3.66210937500000e-02 1.34110450744629e-03
611 5.56640625000000e-02 3.09848785400391e-03
612 7.22656250000000e-02 5.22232055664062e-03
613 4.15039062500000e-02 1.72257423400879e-03
614 1.75781250000000e-02 3.08990478515625e-04
615 9.57031250000000e-02 9.15908813476562e-03
616 1.54296875000000e-01 2.38075256347656e-02
617 9.61914062500000e-02 9.25278663635254e-03
618 5.46875000000000e-02 2.99072265625000e-03
619 2.68554687500000e-02 7.21216201782227e-04
620 1.47949218750000e-01 2.18889713287354e-02
621 1.09375000000000e-01 1.19628906250000e-02
622 8.93554687500000e-02 7.98439979553223e-03
623 1.22558593750000e-01 1.50206089019775e-02
624 9.03320312500000e-02 8.15987586975098e-03
625 8.83789062500000e-02 7.81083106994629e-03
626 6.64062500000000e-02 4.40979003906250e-03
627 7.81250000000000e-02 6.10351562500000e-03
628 6.93359375000000e-02 4.80747222900391e-03
629 1.27441406250000e-01 1.62413120269775e-02
630 5.22460937500000e-02 2.72965431213379e-03
631 5.66406250000000e-02 3.20816040039062e-03
632 2.24609375000000e-02 5.04493713378906e-04
633 2.44140625000000e-02 5.96046447753906e-04
634 7.08007812500000e-02 5.01275062561035e-03
635 5.85937500000000e-02 3.43322753906250e-03
636 1.31835937500000e-02 1.73807144165039e-04
637 4.93164062500000e-02 2.43210792541504e-03
638 5.66406250000000e-02 3.20816040039062e-03
639 1.05468750000000e-01 1.11236572265625e-02
640 3.56445312500000e-02 1.27053260803223e-03
641 6.59179687500000e-02 4.34517860412598e-03
642 6.25000000000000e-02 3.90625000000000e-03
643 1.31835937500000e-01 1.73807144165039e-02
644 1.14257812500000e-01 1.30548477172852e-02
645 1.00585937500000e-01 1.01175308227539e-02
646 1.23535156250000e-01 1.52609348297119e-02
647 1.57226562500000e-01 2.47201919555664e-02
648 1.39648437500000e-01 1.95016860961914e-02
649 4.58984375000000e-02 2.10666656494141e-03
650 2.53906250000000e-02 6.44683837890625e-04
651 9.76562500000000e-02 9.53674316406250e-03
652 9.42382812500000e-02 8.88085365295410e-03
653 6.05468750000000e-02 3.66592407226562e-03
654 5.37109375000000e-02 2.88486480712891e-03
655 9.08203125000000e-02 8.24832916259766e-03
656 4.34570312500000e-02 1.88851356506348e-03
657 2.63671875000000e-02 6.95228576660156e-04
658 2.83203125000000e-02 8.02040100097656e-04
659 1.66015625000000e-02 2.75611877441406e-04
660 9.61914062500000e-02 9.25278663635254e-03
661 1.01562500000000e-01 1.03149414062500e-02
662 1.90917968750000e-01 3.64496707916260e-02
663 2.71484375000000e-01 7.37037658691406e-02
664 2.12402343750000e-01 4.51147556304932e-02
665 2.17285156250000e-01 4.72128391265869e-02
666 2.15820312500000e-01 4.65784072875977e-02
667 2.53417968750000e-01 6.42206668853760e-02
668 3.27636718750000e-01 1.07345819473267e-01
669 3.64257812500000e-01 1.32683753967285e-01
670 3.83789062500000e-01 1.47294044494629e-01
671 4.10156250000000e-01 1.68228149414062e-01
672 4.70214843750000e-01 2.21101999282837e-01
673 4.86328125000000e-01 2.36515045166016e-01
674 5.66406250000000e-01 3.20816040039062e-01
675 6.20117187500000e-01 3.84545326232910e-01
676 6.85546875000000e-01 4.69974517822266e-01
677 6.64550781250000e-01 4.41627740859985e-01
678 6.59179687500000e-01 4.34517860412598e-01
679 6.73828125000000e-01 4.54044342041016e-01
680 5.76171875000000e-01 3.31974029541016e-01
681 5.89843750000000e-01 3.47915649414062e-01
682 6.04003906250000e-01 3.64820718765259e-01
683 5.99121093750000e-01 3.58946084976196e-01
684 5.62500000000000e-01 3.16406250000000e-01
685 5.94726562500000e-01 3.53699684143066e-01
686 6.02050781250000e-01 3.62465143203735e-01
687 5.87890625000000e-01 3.45615386962891e-01
688 5.74707031250000e-01 3.30288171768188e-01
689 5.57128906250000e-01 3.10392618179321e-01
690 5.21484375000000e-01 2.71945953369141e-01
691 5.64453125000000e-01 3.18607330322266e-01
692 5.39062500000000e-01 2.90588378906250e-01
693 5.50781250000000e-01 3.03359985351562e-01
694 6.44531250000000e-01 4.15420532226562e-01
695 6.08398437500000e-01 3.70148658752441e-01
696 5.29296875000000e-01 2.80155181884766e-01
697 5.03906250000000e-01 2.53921508789062e-01
698 5.41503906250000e-01 2.93226480484009e-01
699 5.21484375000000e-01 2.71945953369141e-01
700 5.37109375000000e-01 2.88486480712891e-01
701 4.49218750000000e-01 2.01797485351562e-01
702 4.10644531250000e-01 1.68628931045532e-01
703 4.37011718750000e-01 1.90979242324829e-01
704 3.92089843750000e-01 1.53734445571899e-01
705 4.39453125000000e-01 1.93119049072266e-01
706 3.85253906250000e-01 1.48420572280884e-01
707 3.55468750000000e-01 1.26358032226562e-01
708 3.31054687500000e-01 1.09597206115723e-01
709 3.57910156250000e-01 1.28099679946899e-01
710 3.02734375000000e-01 9.16481018066406e-02
711 2.86621093750000e-01 8.21516513824463e-02
712 3.12988281250000e-01 9.79616641998291e-02
713 3.23242187500000e-01 1.04485511779785e-01
714 3.50585937500000e-01 1.22910499572754e-01
715 4.11132812500000e-01 1.69030189514160e-01
716 3.52539062500000e-01 1.24283790588379e-01
717 3.73535156250000e-01 1.39528512954712e-01
718 4.16015625000000e-01 1.73069000244141e-01
719 4.44335937500000e-01 1.97434425354004e-01
720 4.55566406250000e-01 2.07540750503540e-01
721 4.68750000000000e-01 2.19726562500000e-01
722 4.18945312500000e-01 1.75515174865723e-01
723 4.02343750000000e-01 1.61880493164062e-01
724 3.92578125000000e-01 1.54117584228516e-01
725 3.79882812500000e-01 1.44310951232910e-01
726 4.09667968750000e-01 1.67827844619751e-01
727 4.30175781250000e-01 1.85051202774048e-01
728 4.29687500000000e-01 1.84631347656250e-01
729 3.81347656250000e-01 1.45426034927368e-01
730 4.26757812500000e-01 1.82122230529785e-01
731 3.23242187500000e-01 1.04485511779785e-01
732 3.64746093750000e-01 1.33039712905884e-01
733 3.29589843750000e-01 1.08629465103149e-01
734 2.79785156250000e-01 7.82797336578369e-02
735 2.75878906250000e-01 7.61091709136963e-02
736 3.41796875000000e-01 1.16825103759766e-01
737 3.72070312500000e-01 1.38436317443848e-01
738 3.68164062500000e-01 1.35544776916504e-01
739 3.99414062500000e-01 1.59531593322754e-01
740 3.78906250000000e-01 1.43569946289062e-01
741 4.19921875000000e-01 1.76334381103516e-01
742 4.33105468750000e-01 1.87580347061157e-01
743 4.78027343750000e-01 2.28510141372681e-01
744 4.27246093750000e-01 1.82539224624634e-01
745 5.47363281250000e-01 2.99606561660767e-01
746 4.84863281250000e-01 2.35092401504517e-01
747 4.01367187500000e-01 1.61095619201660e-01
748 3.90136718750000e-01 1.52206659317017e-01
749 3.40332031250000e-01 1.15825891494751e-01
750 3.42285156250000e-01 1.17159128189087e-01
751 3.50585937500000e-01 1.22910499572754e-01
752 3.85253906250000e-01 1.48420572280884e-01
753 3.68652343750000e-01 1.35904550552368e-01
754 4.02343750000000e-01 1.61880493164062e-01
755 4.92187500000000e-01 2.42248535156250e-01
756 5.00976562500000e-01 2.50977516174316e-01
757 4.88281250000000e-01 2.38418579101562e-01
758 5.16601562500000e-01 2.66877174377441e-01
759 5.54687500000000e-01 3.07678222656250e-01
760 5.99121093750000e-01 3.58946084976196e-01
761 5.61035156250000e-01 3.14760446548462e-01
762 5.06347656250000e-01 2.56387948989868e-01
763 5.80566406250000e-01 3.37057352066040e-01
764 6.13769531250000e-01 3.76713037490845e-01
765 6.15234375000000e-01 3.78513336181641e-01
766 6.60156250000000e-01 4.35806274414062e-01
767 6.12792968750000e-01 3.75515222549438e-01
768 5.31250000000000e-01 2.82226562500000e-01
769 4.69238281250000e-01 2.20184564590454e-01
770 4.76562500000000e-01 2.27111816406250e-01
771 5.17089843750000e-01 2.67381906509399e-01
772 4.70214843750000e-01 2.21101999282837e-01
773 4.44824218750000e-01 1.97868585586548e-01
774 4.84863281250000e-01 2.35092401504517e-01
775 5.22949218750000e-01 2.73475885391235e-01
776 5.11230468750000e-01 2.61356592178345e-01
777 5.13671875000000e-01 2.63858795166016e-01
778 4.70703125000000e-01 2.21561431884766e-01
779 4.09179687500000e-01 1.67428016662598e-01
780 4.11621093750000e-01 1.69431924819946e-01
781 4.56054687500000e-01 2.07985877990723e-01
782 4.32128906250000e-01 1.86735391616821e-01
783 4.09179687500000e-01 1.67428016662598e-01
784 3.55468750000000e-01 1.26358032226562e-01
785 3.50585937500000e-01 1.22910499572754e-01
786 4.73144531250000e-01 2.23865747451782e-01
787 4.81445312500000e-01 2.31789588928223e-01
788 4.26757812500000e-01 1.82122230529785e-01
789 3.75000000000000e-01 1.40625000000000e-01
790 3.58398437500000e-01 1.28449440002441e-01
791 3.34960937500000e-01 1.12198829650879e-01
792 2.97363281250000e-01 8.84249210357666e-02
793 2.75878906250000e-01 7.61091709136963e-02
794 2.83203125000000e-01 8.02040100097656e-02
795 2.88574218750000e-01 8.32750797271729e-02
796 2.87597656250000e-01 8.27124118804932e-02
797 2.61718750000000e-01 6.84967041015625e-02
798 2.76855468750000e-01 7.66489505767822e-02
799 3.11035156250000e-01 9.67428684234619e-02
800 3.13476562500000e-01 9.82675552368164e-02
801 3.01269531250000e-01 9.07633304595947e-02
802 2.91503906250000e-01 8.49745273590088e-02
803 2.97851562500000e-01 8.87155532836914e-02
804 3.40332031250000e-01 1.15825891494751e-01
805 3.55468750000000e-01 1.26358032226562e-01
806 3.64257812500000e-01 1.32683753967285e-01
807 3.06640625000000e-01 9.40284729003906e-02
808 2.37792968750000e-01 5.65454959869385e-02
809 2.59277343750000e-01 6.72247409820557e-02
810 2.06054687500000e-01 4.24585342407227e-02
811 2.40722656250000e-01 5.79473972320557e-02
812 2.76367187500000e-01 7.63788223266602e-02
813 1.89941406250000e-01 3.60777378082275e-02
814 1.78710937500000e-01 3.19375991821289e-02
815 1.75292968750000e-01 3.07276248931885e-02
816 1.82128906250000e-01 3.31709384918213e-02
817 9.61914062500000e-02 9.25278663635254e-03
818 1.97753906250000e-01 3.91066074371338e-02
819 1.76269531250000e-01 3.10709476470947e-02
820 1.71386718750000e-01 2.93734073638916e-02
821 1.17675781250000e-01 1.38475894927979e-02
822 1.04003906250000e-01 1.08168125152588e-02
823 9.96093750000000e-02 9.92202758789062e-03
824 9.52148437500000e-02 9.06586647033691e-03
825 7.61718750000000e-02 5.80215454101562e-03
826 1.46484375000000e-03 2.14576721191406e-06
827 9.86328125000000e-02 9.72843170166016e-03
828 1.23046875000000e-01 1.51405334472656e-02
829 9.66796875000000e-02 9.34696197509766e-03
830 1.16210937500000e-01 1.35049819946289e-02
831 7.12890625000000e-02 5.08213043212891e-03
832 5.51757812500000e-02 3.04436683654785e-03
833 1.38671875000000e-01 1.92298889160156e-02
834 1.87500000000000e-01 3.51562500000000e-02
835 1.92871093750000e-01 3.71992588043213e-02
836 1.49902343750000e-01 2.24707126617432e-02
837 1.53320312500000e-01 2.35071182250977e-02
838 1.23535156250000e-01 1.52609348297119e-02
839 3.07617187500000e-02 9.46283340454102e-04
840 8.78906250000000e-03 7.72476196289062e-05
841 5.85937500000000e-03 3.43322753906250e-05
842 6.93359375000000e-02 4.80747222900391e-03
843 1.11328125000000e-01 1.23939514160156e-02
844 1.63574218750000e-01 2.67565250396729e-02
845 1.39160156250000e-01 1.93655490875244e-02
846 9.32617187500000e-02 8.69774818420410e-03
847 1.09863281250000e-01 1.20699405670166e-02
848 7.86132812500000e-02 6.18004798889160e-03
849 1.17675781250000e-01 1.38475894927979e-02
850 1.19140625000000e-01 1.41944885253906e-02
851 1.28417968750000e-01 1.64911746978760e-02
852 1.25488281250000e-01 1.57473087310791e-02
853 8.54492187500000e-02 7.30156898498535e-03
854 2.08496093750000e-01 4.34706211090088e-02
855 1.47949218750000e-01 2.18889713287354e-02
856 1.43554687500000e-01 2.06079483032227e-02
857 1.56250000000000e-01 2.44140625000000e-02
858 1.48437500000000e-01 2.20336914062500e-02
859 1.50878906250000e-01 2.27644443511963e-02
860 8.69140625000000e-02 7.55405426025391e-03
861 1.21582031250000e-01 1.47821903228760e-02
862 1.23535156250000e-01 1.52609348297119e-02
863 6.29882812500000e-02 3.96752357482910e-03
864 2.39257812500000e-02 5.72443008422852e-04
865 1.70898437500000e-02 2.92062759399414e-04
866 2.78320312500000e-02 7.74621963500977e-04
867 3.36914062500000e-02 1.13511085510254e-03
868 3.46679687500000e-02 1.20186805725098e-03
869 1.95312500000000e-02 3.81469726562500e-04
870 4.63867187500000e-02 2.15172767639160e-03
871 8.78906250000000e-03 7.72476196289062e-05
872 3.66210937500000e-02 1.34110450744629e-03
873 3.51562500000000e-02 1.23596191406250e-03
874 2.53906250000000e-02 6.44683837890625e-04
875 2.00195312500000e-02 4.00781631469727e-04
876 4.10156250000000e-02 1.68228149414062e-03
877 2.44140625000000e-03 5.96046447753906e-06
878 6.10351562500000e-02 3.72529029846191e-03
879 9.47265625000000e-02 8.97312164306641e-03
880 8.34960937500000e-02 6.97159767150879e-03
881 9.57031250000000e-02 9.15908813476562e-03
882 1.33300781250000e-01 1.77690982818604e-02
883 1.45507812500000e-01 2.11725234985352e-02
884 1.83105468750000e-01 3.35276126861572e-02
885 2.18750000000000e-01 4.78515625000000e-02
886 1.86035156250000e-01 3.46090793609619e-02
887 1.93847656250000e-01 3.75769138336182e-02
888 1.93359375000000e-01 3.73878479003906e-02
889 2.39257812500000e-01 5.72443008422852e-02
890 2.56835937500000e-01 6.59646987915039e-02
891 2.69042968750000e-01 7.23841190338135e-02
892 2.92968750000000e-01 8.58306884765625e-02
893 3.52539062500000e-01 1.24283790588379e-01
894 3.64257812500000e-01 1.32683753967285e-01
895 4.41406250000000e-01 1.94839477539062e-01
896 4.01367187500000e-01 1.61095619201660e-01
897 4.39453125000000e-01 1.93119049072266e-01
898 3.78417968750000e-01 1.43200159072876e-01
899 3.29589843750000e-01 1.08629465103149e-01
900 2.66113281250000e-01 7.08162784576416e-02
901 2.64648437500000e-01 7.00387954711914e-02
902 2.23144531250000e-01 4.97934818267822e-02
903 2.25585937500000e-01 5.08890151977539e-02
904 1.81152343750000e-01 3.28161716461182e-02
905 1.89453125000000e-01 3.58924865722656e-02
906 1.62109375000000e-01 2.62794494628906e-02
907 1.89453125000000e-01 3.58924865722656e-02
908 1.81152343750000e-01 3.28161716461182e-02
909 1.21582031250000e-01 1.47821903228760e-02
910 1.49902343750000e-01 2.24707126617432e-02
911 1.01074218750000e-01 1.02159976959229e-02
912 7.08007812500000e-02 5.01275062561035e-03
913 3.17382812500000e-02 1.00731849670410e-03
914 6.44531250000000e-02 4.15420532226562e-03
915 4.54101562500000e-02 2.06208229064941e-03
916 2.34375000000000e-02 5.49316406250000e-04
917 1.26953125000000e-01 1.61170959472656e-02
918 1.51855468750000e-01 2.30600833892822e-02
919 1.67968750000000e-01 2.82135009765625e-02
920 1.31835937500000e-01 1.73807144165039e-02
921 9.52148437500000e-02 9.06586647033691e-03
922 1.55273437500000e-01 2.41098403930664e-02
923 2.40234375000000e-01 5.77125549316406e-02
924 2.29003906250000e-01 5.24427890777588e-02
925 2.29980468750000e-01 5.28910160064697e-02
926 1.32812500000000e-01 1.76391601562500e-02
927 1.47460937500000e-01 2.17447280883789e-02
928 1.24023437500000e-01 1.53818130493164e-02
929 1.20117187500000e-01 1.44281387329102e-02
930 1.41113281250000e-01 1.99129581451416e-02
931 1.58203125000000e-01 2.50282287597656e-02
932 1.90429687500000e-01 3.62634658813477e-02
933 1.46484375000000e-01 2.14576721191406e-02
934 1.50878906250000e-01 2.27644443511963e-02
935 1.50878906250000e-01 2.27644443511963e-02
936 9.27734375000000e-02 8.60691070556641e-03
937 1.10351562500000e-01 1.21774673461914e-02
938 1.48925781250000e-01 2.21788883209229e-02
939 1.62597656250000e-01 2.64379978179932e-02
940 1.58691406250000e-01 2.51829624176025e-02
941 1.43066406250000e-01 2.04679965972900e-02
942 1.77246093750000e-01 3.14161777496338e-02
943 1.35742187500000e-01 1.84259414672852e-02
944 1.50390625000000e-01 2.26173400878906e-02
945 2.20214843750000e-01 4.84945774078369e-02
946 2.49023437500000e-01 6.20126724243164e-02
947 2.85644531250000e-01 8.15927982330322e-02
948 3.35449218750000e-01 1.12526178359985e-01
949 4.12597656250000e-01 1.70236825942993e-01
950 4.17968750000000e-01 1.74697875976562e-01
951 4.06250000000000e-01 1.65039062500000e-01
952 3.89160156250000e-01 1.51445627212524e-01
953 4.00390625000000e-01 1.60312652587891e-01
954 3.93554687500000e-01 1.54885292053223e-01
955 3.75488281250000e-01 1.40991449356079e-01
956 3.87695312500000e-01 1.50307655334473e-01
957 4.68750000000000e-01 2.19726562500000e-01
958 4.64843750000000e-01 2.16079711914062e-01
959 4.97070312500000e-01 2.47078895568848e-01
960 4.23339843750000e-01 1.79216623306274e-01
961 3.66210937500000e-01 1.34110450744629e-01
962 3.71582031250000e-01 1.38073205947876e-01
963 3.50585937500000e-01 1.22910499572754e-01
964 3.42285156250000e-01 1.17159128189087e-01
965 3.63769531250000e-01 1.32328271865845e-01
966 3.83300781250000e-01 1.46919488906860e-01
967 4.19921875000000e-01 1.76334381103516e-01
968 4.34570312500000e-01 1.88851356506348e-01
969 3.83789062500000e-01 1.47294044494629e-01
970 3.84277343750000e-01 1.47669076919556e-01
971 4.61914062500000e-01 2.13364601135254e-01
972 4.79492187500000e-01 2.29912757873535e-01
973 4.82421875000000e-01 2.32730865478516e-01
974 3.88671875000000e-01 1.51065826416016e-01
975 4.06738281250000e-01 1.65436029434204e-01
976 4.39941406250000e-01 1.93548440933228e-01
977 5.20019531250000e-01 2.70420312881470e-01
978 5.29785156250000e-01 2.80672311782837e-01
979 5.87890625000000e-01 3.45615386962891e-01
980 5.81542968750000e-01 3.38192224502563e-01
981 6.26464843750000e-01 3.92458200454712e-01
982 5.92285156250000e-01 3.50801706314087e-01
983 6.11816406250000e-01 3.74319314956665e-01
984 6.21093750000000e-01 3.85757446289062e-01
985 6.00585937500000e-01 3.60703468322754e-01
986 5.62500000000000e-01 3.16406250000000e-01
987 5.55175781250000e-01 3.08220148086548e-01
988 5.60058593750000e-01 3.13665628433228e-01
989 5.86425781250000e-01 3.43895196914673e-01
990 5.02441406250000e-01 2.52447366714478e-01
991 4.66796875000000e-01 2.17899322509766e-01
992 4.51660156250000e-01 2.03996896743774e-01
993 4.21875000000000e-01 1.77978515625000e-01
994 4.01367187500000e-01 1.61095619201660e-01
995 3.46679687500000e-01 1.20186805725098e-01
996 4.00878906250000e-01 1.60703897476196e-01
997 3.75000000000000e-01 1.40625000000000e-01
998 3.82812500000000e-01 1.46545410156250e-01
999 4.31152343750000e-01 1.85892343521118e-01
