0 4.00390625000000e-01 1.60312652587891e-01
1 4.12597656250000e-01 1.70236825942993e-01
2 4.69238281250000e-01 2.20184564590454e-01
3 4.74121093750000e-01 2.24790811538696e-01
4 5.12207031250000e-01 2.62356042861938e-01
5 5.50292968750000e-01 3.02822351455688e-01
6 5.23925781250000e-01 2.74498224258423e-01
7 5.53710937500000e-01 3.06595802307129e-01
8 5.51269531250000e-01 3.03898096084595e-01
9 4.81933593750000e-01 2.32259988784790e-01
10 4.74121093750000e-01 2.24790811538696e-01
11 5.28808593750000e-01 2.79638528823853e-01
12 5.59570312500000e-01 3.13118934631348e-01
13 5.99609375000000e-01 3.59531402587891e-01
14 5.84472656250000e-01 3.41608285903931e-01
15 6.30859375000000e-01 3.97983551025391e-01
16 5.53710937500000e-01 3.06595802307129e-01
17 5.87402343750000e-01 3.45041513442993e-01
18 6.56738281250000e-01 4.31305170059204e-01
19 6.48925781250000e-01 4.21104669570923e-01
20 6.69433593750000e-01 4.48141336441040e-01
21 6.55273437500000e-01 4.29383277893066e-01
22 6.34765625000000e-01 4.02927398681641e-01
23 6.58203125000000e-01 4.33231353759766e-01
24 6.04492187500000e-01 3.65410804748535e-01
25 6.46972656250000e-01 4.18573617935181e-01
26 6.51367187500000e-01 4.24279212951660e-01
27 6.82128906250000e-01 4.65299844741821e-01
28 6.87011718750000e-01 4.71985101699829e-01
29 6.16210937500000e-01 3.79715919494629e-01
30 6.24023437500000e-01 3.89405250549316e-01
31 6.36230468750000e-01 4.04789209365845e-01
32 6.18164062500000e-01 3.82126808166504e-01
33 6.15722656250000e-01 3.79114389419556e-01
34 6.23046875000000e-01 3.88187408447266e-01
35 6.11816406250000e-01 3.74319314956665e-01
36 6.69921875000000e-01 4.48795318603516e-01
37 6.51855468750000e-01 4.24915552139282e-01
38 6.25000000000000e-01 3.90625000000000e-01
39 6.33300781250000e-01 4.01069879531860e-01
40 5.74218750000000e-01 3.29727172851562e-01
41 5.28808593750000e-01 2.79638528823853e-01
42 5.82519531250000e-01 3.39329004287720e-01
43 5.86914062500000e-01 3.44468116760254e-01
44 5.58105468750000e-01 3.11481714248657e-01
45 5.58105468750000e-01 3.11481714248657e-01
46 5.64453125000000e-01 3.18607330322266e-01
47 5.25878906250000e-01 2.76548624038696e-01
48 5.10253906250000e-01 2.60359048843384e-01
49 5.35644531250000e-01 2.86915063858032e-01
50 5.14160156250000e-01 2.64360666275024e-01
51 5.32226562500000e-01 2.83265113830566e-01
52 5.30273437500000e-01 2.81189918518066e-01
53 6.63574218750000e-01 4.40330743789673e-01
54 6.67968750000000e-01 4.46182250976562e-01
55 7.15332031250000e-01 5.11699914932251e-01
56 7.10449218750000e-01 5.04738092422485e-01
57 6.95800781250000e-01 4.84138727188110e-01
58 7.11914062500000e-01 5.06821632385254e-01
59 6.87011718750000e-01 4.71985101699829e-01
60 7.16308593750000e-01 5.13098001480103e-01
61 6.80175781250000e-01 4.62639093399048e-01
62 6.21093750000000e-01 3.85757446289062e-01
63 5.87402343750000e-01 3.45041513442993e-01
64 4.83886718750000e-01 2.34146356582642e-01
65 4.70214843750000e-01 2.21101999282837e-01
66 4.34082031250000e-01 1.88427209854126e-01
67 5.01464843750000e-01 2.51466989517212e-01
68 5.00488281250000e-01 2.50488519668579e-01
69 5.44433593750000e-01 2.96407938003540e-01
70 5.27343750000000e-01 2.78091430664062e-01
71 5.80566406250000e-01 3.37057352066040e-01
72 6.03027343750000e-01 3.63641977310181e-01
73 5.85937500000000e-01 3.43322753906250e-01
74 6.36718750000000e-01 4.05410766601562e-01
75 6.50390625000000e-01 4.23007965087891e-01
76 6.35742187500000e-01 4.04168128967285e-01
77 6.47460937500000e-01 4.19205665588379e-01
78 6.36718750000000e-01 4.05410766601562e-01
79 6.34765625000000e-01 4.02927398681641e-01
80 6.03515625000000e-01 3.64231109619141e-01
81 6.54785156250000e-01 4.28743600845337e-01
82 7.24609375000000e-01 5.25058746337891e-01
83 6.44531250000000e-01 4.15420532226562e-01
84 6.55273437500000e-01 4.29383277893066e-01
85 6.30371093750000e-01 3.97367715835571e-01
86 6.15722656250000e-01 3.79114389419556e-01
87 6.07421875000000e-01 3.68961334228516e-01
88 6.77246093750000e-01 4.58662271499634e-01
89 5.95214843750000e-01 3.54280710220337e-01
90 5.27343750000000e-01 2.78091430664062e-01
91 5.21484375000000e-01 2.71945953369141e-01
92 5.78613281250000e-01 3.34793329238892e-01
93 6.29394531250000e-01 3.96137475967407e-01
94 6.04003906250000e-01 3.64820718765259e-01
95 5.76171875000000e-01 3.31974029541016e-01
96 5.30761718750000e-01 2.81708002090454e-01
97 5.46875000000000e-01 2.99072265625000e-01
98 5.33691406250000e-01 2.84826517105103e-01
99 5.81542968750000e-01 3.38192224502563e-01
100 5.62500000000000e-01 3.16406250000000e-01
101 6.05957031250000e-01 3.67183923721313e-01
102 6.14746093750000e-01 3.77912759780884e-01
103 6.31835937500000e-01 3.99216651916504e-01
104 5.44433593750000e-01 2.96407938003540e-01
105 6.04492187500000e-01 3.65410804748535e-01
106 6.49902343750000e-01 4.22373056411743e-01
107 6.57226562500000e-01 4.31946754455566e-01
108 7.19238281250000e-01 5.17303705215454e-01
109 6.80175781250000e-01 4.62639093399048e-01
110 6.34277343750000e-01 4.02307748794556e-01
111 5.92773437500000e-01 3.51380348205566e-01
112 5.89843750000000e-01 3.47915649414062e-01
113 6.73828125000000e-01 4.54044342041016e-01
114 6.29394531250000e-01 3.96137475967407e-01
115 6.63574218750000e-01 4.40330743789673e-01
116 6.12792968750000e-01 3.75515222549438e-01
117 6.44531250000000e-01 4.15420532226562e-01
118 6.70898437500000e-01 4.50104713439941e-01
119 7.00195312500000e-01 4.90273475646973e-01
120 7.02148437500000e-01 4.93012428283691e-01
121 6.77246093750000e-01 4.58662271499634e-01
122 6.48925781250000e-01 4.21104669570923e-01
123 6.32324218750000e-01 3.99833917617798e-01
124 6.33300781250000e-01 4.01069879531860e-01
125 6.89941406250000e-01 4.76019144058228e-01
126 7.11914062500000e-01 5.06821632385254e-01
127 7.40722656250000e-01 5.48670053482056e-01
128 7.11914062500000e-01 5.06821632385254e-01
129 6.53320312500000e-01 4.26827430725098e-01
130 6.49902343750000e-01 4.22373056411743e-01
131 6.48925781250000e-01 4.21104669570923e-01
132 6.56250000000000e-01 4.30664062500000e-01
133 6.90429687500000e-01 4.76693153381348e-01
134 6.67480468750000e-01 4.45530176162720e-01
135 6.75292968750000e-01 4.56020593643188e-01
136 6.38183593750000e-01 4.07278299331665e-01
137 6.66992187500000e-01 4.44878578186035e-01
138 6.79687500000000e-01 4.61975097656250e-01
139 6.80175781250000e-01 4.62639093399048e-01
140 6.93847656250000e-01 4.81424570083618e-01
141 6.93359375000000e-01 4.80747222900391e-01
142 7.29003906250000e-01 5.31446695327759e-01
143 6.72363281250000e-01 4.52072381973267e-01
144 6.82617187500000e-01 4.65966224670410e-01
145 6.14746093750000e-01 3.77912759780884e-01
146 6.66015625000000e-01 4.43576812744141e-01
147 6.72851562500000e-01 4.52729225158691e-01
148 6.83105468750000e-01 4.66633081436157e-01
149 6.49902343750000e-01 4.22373056411743e-01
150 6.16699218750000e-01 3.80317926406860e-01
151 5.84472656250000e-01 3.41608285903931e-01
152 5.67382812500000e-01 3.21923255920410e-01
153 5.42480468750000e-01 2.94285058975220e-01
154 5.13183593750000e-01 2.63357400894165e-01
155 5.30761718750000e-01 2.81708002090454e-01
156 5.33691406250000e-01 2.84826517105103e-01
157 5.64453125000000e-01 3.18607330322266e-01
158 4.71679687500000e-01 2.22481727600098e-01
159 4.62402343750000e-01 2.13815927505493e-01
160 4.11132812500000e-01 1.69030189514160e-01
161 5.51269531250000e-01 3.03898096084595e-01
162 5.76660156250000e-01 3.32536935806274e-01
163 6.35253906250000e-01 4.03547525405884e-01
164 7.17285156250000e-01 5.14497995376587e-01
165 7.04101562500000e-01 4.95759010314941e-01
166 6.55761718750000e-01 4.30023431777954e-01
167 7.15820312500000e-01 5.12398719787598e-01
168 6.84570312500000e-01 4.68636512756348e-01
169 6.75781250000000e-01 4.56680297851562e-01
170 7.06054687500000e-01 4.98513221740723e-01
171 7.71972656250000e-01 5.95941781997681e-01
172 8.02246093750000e-01 6.43598794937134e-01
173 7.39257812500000e-01 5.46502113342285e-01
174 6.90429687500000e-01 4.76693153381348e-01
175 6.97265625000000e-01 4.86179351806641e-01
176 7.12402343750000e-01 5.07517099380493e-01
177 7.59765625000000e-01 5.77243804931641e-01
178 7.19726562500000e-01 5.18006324768066e-01
179 6.28417968750000e-01 3.94909143447876e-01
180 6.22070312500000e-01 3.86971473693848e-01
181 5.83007812500000e-01 3.39898109436035e-01
182 5.64453125000000e-01 3.18607330322266e-01
183 5.57617187500000e-01 3.10936927795410e-01
184 4.89257812500000e-01 2.39373207092285e-01
185 5.09765625000000e-01 2.59860992431641e-01
186 5.23925781250000e-01 2.74498224258423e-01
187 5.23437500000000e-01 2.73986816406250e-01
188 5.82519531250000e-01 3.39329004287720e-01
189 5.04394531250000e-01 2.54413843154907e-01
190 4.32617187500000e-01 1.87157630920410e-01
191 4.19433593750000e-01 1.75924539566040e-01
192 3.36914062500000e-01 1.13511085510254e-01
193 3.53027343750000e-01 1.24628305435181e-01
194 4.10644531250000e-01 1.68628931045532e-01
195 3.93066406250000e-01 1.54501199722290e-01
196 3.79882812500000e-01 1.44310951232910e-01
197 4.31640625000000e-01 1.86313629150391e-01
198 3.87695312500000e-01 1.50307655334473e-01
199 3.69628906250000e-01 1.36625528335571e-01
200 3.20800781250000e-01 1.02913141250610e-01
201 3.17382812500000e-01 1.00731849670410e-01
202 3.40332031250000e-01 1.15825891494751e-01
203 3.46679687500000e-01 1.20186805725098e-01
204 2.39746093750000e-01 5.74781894683838e-02
205 2.19238281250000e-01 4.80654239654541e-02
206 2.20214843750000e-01 4.84945774078369e-02
207 3.16894531250000e-01 1.00422143936157e-01
208 2.88574218750000e-01 8.32750797271729e-02
209 3.11035156250000e-01 9.67428684234619e-02
210 2.91015625000000e-01 8.46900939941406e-02
211 2.55859375000000e-01 6.54640197753906e-02
212 2.88085937500000e-01 8.29935073852539e-02
213 3.08593750000000e-01 9.52301025390625e-02
214 3.42773437500000e-01 1.17493629455566e-01
215 3.62792968750000e-01 1.31618738174438e-01
216 4.06250000000000e-01 1.65039062500000e-01
217 4.32128906250000e-01 1.86735391616821e-01
218 4.38964843750000e-01 1.92690134048462e-01
219 5.31250000000000e-01 2.82226562500000e-01
220 5.31250000000000e-01 2.82226562500000e-01
221 5.70312500000000e-01 3.25256347656250e-01
222 6.24511718750000e-01 3.90014886856079e-01
223 6.62109375000000e-01 4.38388824462891e-01
224 7.08984375000000e-01 5.02658843994141e-01
225 6.55273437500000e-01 4.29383277893066e-01
226 6.82128906250000e-01 4.65299844741821e-01
227 6.57714843750000e-01 4.32588815689087e-01
228 6.60644531250000e-01 4.36451196670532e-01
229 6.17187500000000e-01 3.80920410156250e-01
230 6.69433593750000e-01 4.48141336441040e-01
231 6.52343750000000e-01 4.25552368164062e-01
232 6.59667968750000e-01 4.35161828994751e-01
233 6.82617187500000e-01 4.65966224670410e-01
234 6.39648437500000e-01 4.09150123596191e-01
235 6.65039062500000e-01 4.42276954650879e-01
236 6.47460937500000e-01 4.19205665588379e-01
237 6.84570312500000e-01 4.68636512756348e-01
238 7.11914062500000e-01 5.06821632385254e-01
239 6.84082031250000e-01 4.67968225479126e-01
240 6.59667968750000e-01 4.35161828994751e-01
241 6.57714843750000e-01 4.32588815689087e-01
242 6.64550781250000e-01 4.41627740859985e-01
243 6.82617187500000e-01 4.65966224670410e-01
244 6.11816406250000e-01 3.74319314956665e-01
245 5.90332031250000e-01 3.48491907119751e-01
246 5.88378906250000e-01 3.46189737319946e-01
247 6.33789062500000e-01 4.01688575744629e-01
248 6.21582031250000e-01 3.86364221572876e-01
249 6.90429687500000e-01 4.76693153381348e-01
250 5.85937500000000e-01 3.43322753906250e-01
251 6.38183593750000e-01 4.07278299331665e-01
252 6.51855468750000e-01 4.24915552139282e-01
253 7.00195312500000e-01 4.90273475646973e-01
254 6.66992187500000e-01 4.44878578186035e-01
255 6.37695312500000e-01 4.06655311584473e-01
256 6.29882812500000e-01 3.96752357482910e-01
257 6.19140625000000e-01 3.83335113525391e-01
258 6.60644531250000e-01 4.36451196670532e-01
259 6.27441406250000e-01 3.93682718276978e-01
260 6.23535156250000e-01 3.88796091079712e-01
261 5.55175781250000e-01 3.08220148086548e-01
262 5.42968750000000e-01 2.94815063476562e-01
263 6.15234375000000e-01 3.78513336181641e-01
264 6.35253906250000e-01 4.03547525405884e-01
265 6.31835937500000e-01 3.99216651916504e-01
266 6.58691406250000e-01 4.33874368667603e-01
267 6.53808593750000e-01 4.27465677261353e-01
268 6.06445312500000e-01 3.67775917053223e-01
269 6.64550781250000e-01 4.41627740859985e-01
270 6.52832031250000e-01 4.26189661026001e-01
271 6.42578125000000e-01 4.12906646728516e-01
272 6.00585937500000e-01 3.60703468322754e-01
273 6.06933593750000e-01 3.68368387222290e-01
274 5.91308593750000e-01 3.49645853042603e-01
275 5.45410156250000e-01 2.97472238540649e-01
276 5.24902343750000e-01 2.75522470474243e-01
277 5.37597656250000e-01 2.89011240005493e-01
278 5.90820312500000e-01 3.49068641662598e-01
279 5.24902343750000e-01 2.75522470474243e-01
280 5.36132812500000e-01 2.87438392639160e-01
281 5.39550781250000e-01 2.91115045547485e-01
282 5.86914062500000e-01 3.44468116760254e-01
283 4.65820312500000e-01 2.16988563537598e-01
284 5.05859375000000e-01 2.55893707275391e-01
285 5.20019531250000e-01 2.70420312881470e-01
286 5.01953125000000e-01 2.51956939697266e-01
287 4.65820312500000e-01 2.16988563537598e-01
288 5.09765625000000e-01 2.59860992431641e-01
289 4.93652343750000e-01 2.43692636489868e-01
290 5.64941406250000e-01 3.19158792495728e-01
291 5.63476562500000e-01 3.17505836486816e-01
292 5.98144531250000e-01 3.57776880264282e-01
293 6.24023437500000e-01 3.89405250549316e-01
294 5.24902343750000e-01 2.75522470474243e-01
295 4.68261718750000e-01 2.19269037246704e-01
296 4.43847656250000e-01 1.97000741958618e-01
297 4.07714843750000e-01 1.66231393814087e-01
298 3.95019531250000e-01 1.56040430068970e-01
299 4.02832031250000e-01 1.62273645401001e-01
300 4.76562500000000e-01 2.27111816406250e-01
301 5.09277343750000e-01 2.59363412857056e-01
302 5.05859375000000e-01 2.55893707275391e-01
303 4.74121093750000e-01 2.24790811538696e-01
304 4.44335937500000e-01 1.97434425354004e-01
305 4.83886718750000e-01 2.34146356582642e-01
306 4.79003906250000e-01 2.29444742202759e-01
307 4.70214843750000e-01 2.21101999282837e-01
308 4.71679687500000e-01 2.22481727600098e-01
309 3.79882812500000e-01 1.44310951232910e-01
310 2.69531250000000e-01 7.26470947265625e-02
311 3.58398437500000e-01 1.28449440002441e-01
312 3.84277343750000e-01 1.47669076919556e-01
313 3.96484375000000e-01 1.57199859619141e-01
314 3.38378906250000e-01 1.14500284194946e-01
315 4.22851562500000e-01 1.78803443908691e-01
316 4.02343750000000e-01 1.61880493164062e-01
317 3.71093750000000e-01 1.37710571289062e-01
318 3.53515625000000e-01 1.24973297119141e-01
319 3.37890625000000e-01 1.14170074462891e-01
320 3.78417968750000e-01 1.43200159072876e-01
321 3.12011718750000e-01 9.73513126373291e-02
322 3.51562500000000e-01 1.23596191406250e-01
323 3.26660156250000e-01 1.06706857681274e-01
324 2.70507812500000e-01 7.31744766235352e-02
325 1.91894531250000e-01 3.68235111236572e-02
326 1.80664062500000e-01 3.26395034790039e-02
327 1.35742187500000e-01 1.84259414672852e-02
328 1.25488281250000e-01 1.57473087310791e-02
329 1.32324218750000e-01 1.75096988677979e-02
330 8.30078125000000e-02 6.89029693603516e-03
331 1.58203125000000e-01 2.50282287597656e-02
332 1.33300781250000e-01 1.77690982818604e-02
333 1.55273437500000e-01 2.41098403930664e-02
334 2.39257812500000e-01 5.72443008422852e-02
335 2.14843750000000e-01 4.61578369140625e-02
336 2.27539062500000e-01 5.17740249633789e-02
337 2.25097656250000e-01 5.06689548492432e-02
338 1.57226562500000e-01 2.47201919555664e-02
339 2.03613281250000e-01 4.14583683013916e-02
340 2.33886718750000e-01 5.47029972076416e-02
341 2.69042968750000e-01 7.23841190338135e-02
342 2.75390625000000e-01 7.58399963378906e-02
343 2.72949218750000e-01 7.45012760162354e-02
344 3.03222656250000e-01 9.19439792633057e-02
345 2.47070312500000e-01 6.10437393188477e-02
346 2.17773437500000e-01 4.74252700805664e-02
347 2.35839843750000e-01 5.56204319000244e-02
348 1.93847656250000e-01 3.75769138336182e-02
349 1.49414062500000e-01 2.23245620727539e-02
350 8.59375000000000e-02 7.38525390625000e-03
351 9.32617187500000e-02 8.69774818420410e-03
352 1.09375000000000e-01 1.19628906250000e-02
353 9.03320312500000e-02 8.15987586975098e-03
354 1.05468750000000e-01 1.11236572265625e-02
355 1.00585937500000e-01 1.01175308227539e-02
356 6.25000000000000e-02 3.90625000000000e-03
357 2.14843750000000e-02 4.61578369140625e-04
358 2.19726562500000e-02 4.82797622680664e-04
359 2.34375000000000e-02 5.49316406250000e-04
360 3.85742187500000e-02 1.48797035217285e-03
361 7.32421875000000e-03 5.36441802978516e-05
362 2.24609375000000e-02 5.04493713378906e-04
363 1.61132812500000e-01 2.59637832641602e-02
364 2.27050781250000e-01 5.15520572662354e-02
365 1.29394531250000e-01 1.67429447174072e-02
366 1.52832031250000e-01 2.33576297760010e-02
367 2.25585937500000e-01 5.08890151977539e-02
368 1.49414062500000e-01 2.23245620727539e-02
369 1.64550781250000e-01 2.70769596099854e-02
370 8.59375000000000e-02 7.38525390625000e-03
371 8.10546875000000e-02 6.56986236572266e-03
372 1.07910156250000e-01 1.16446018218994e-02
373 1.75292968750000e-01 3.07276248931885e-02
374 2.04101562500000e-01 4.16574478149414e-02
375 1.87988281250000e-01 3.53395938873291e-02
376 1.12304687500000e-01 1.26123428344727e-02
377 1.33300781250000e-01 1.77690982818604e-02
378 1.40625000000000e-01 1.97753906250000e-02
379 1.56250000000000e-01 2.44140625000000e-02
380 1.29394531250000e-01 1.67429447174072e-02
381 1.99707031250000e-01 3.98828983306885e-02
382 1.61621093750000e-01 2.61213779449463e-02
383 1.09375000000000e-01 1.19628906250000e-02
384 1.23046875000000e-01 1.51405334472656e-02
385 1.24023437500000e-01 1.53818130493164e-02
386 1.46484375000000e-03 2.14576721191406e-06
387 2.00195312500000e-02 4.00781631469727e-04
388 2.39257812500000e-02 5.72443008422852e-04
389 2.97851562500000e-02 8.87155532836914e-04
390 1.75781250000000e-02 3.08990478515625e-04
391 1.95312500000000e-02 3.81469726562500e-04
392 3.22265625000000e-02 1.03855133056641e-03
393 1.12304687500000e-01 1.26123428344727e-02
394 6.44531250000000e-02 4.15420532226562e-03
395 5.85937500000000e-03 3.43322753906250e-05
396 3.27148437500000e-02 1.07026100158691e-03
397 1.03515625000000e-01 1.07154846191406e-02
398 1.48925781250000e-01 2.21788883209229e-02
399 1.53808593750000e-01 2.36570835113525e-02
400 1.94335937500000e-01 3.77664566040039e-02
401 1.77734375000000e-01 3.15895080566406e-02
402 1.16210937500000e-01 1.35049819946289e-02
403 1.05957031250000e-01 1.12268924713135e-02
404 4.88281250000000e-03 2.38418579101562e-05
405 2.68554687500000e-02 7.21216201782227e-04
406 6.59179687500000e-02 4.34517860412598e-03
407 5.85937500000000e-02 3.43322753906250e-03
408 5.85937500000000e-02 3.43322753906250e-03
409 1.33300781250000e-01 1.77690982818604e-02
410 1.85058593750000e-01 3.42466831207275e-02
411 2.27050781250000e-01 5.15520572662354e-02
412 2.79785156250000e-01 7.82797336578369e-02
413 2.87597656250000e-01 8.27124118804932e-02
414 3.33007812500000e-01 1.10894203186035e-01
415 3.45703125000000e-01 1.19510650634766e-01
416 3.15917968750000e-01 9.98041629791260e-02
417 3.10546875000000e-01 9.64393615722656e-02
418 3.25683593750000e-01 1.06069803237915e-01
419 3.10546875000000e-01 9.64393615722656e-02
420 2.30468750000000e-01 5.31158447265625e-02
421 1.98730468750000e-01 3.94937992095947e-02
422 2.39257812500000e-01 5.72443008422852e-02
423 2.06054687500000e-01 4.24585342407227e-02
424 1.89941406250000e-01 3.60777378082275e-02
425 1.34765625000000e-01 1.81617736816406e-02
426 1.90917968750000e-01 3.64496707916260e-02
427 2.89550781250000e-01 8.38396549224854e-02
428 2.67578125000000e-01 7.15980529785156e-02
429 2.23632812500000e-01 5.00116348266602e-02
430 1.99707031250000e-01 3.98828983306885e-02
431 1.27929687500000e-01 1.63660049438477e-02
432 1.69921875000000e-01 2.88734436035156e-02
433 1.67968750000000e-01 2.82135009765625e-02
434 1.86035156250000e-01 3.46090793609619e-02
435 2.59277343750000e-01 6.72247409820557e-02
436 1.39648437500000e-01 1.95016860961914e-02
437 1.97753906250000e-01 3.91066074371338e-02
438 3.15429687500000e-01 9.94958877563477e-02
439 2.78808593750000e-01 7.77342319488525e-02
440 2.54394531250000e-01 6.47165775299072e-02
441 2.56835937500000e-01 6.59646987915039e-02
442 3.17382812500000e-01 1.00731849670410e-01
443 3.29101562500000e-01 1.08307838439941e-01
444 3.06640625000000e-01 9.40284729003906e-02
445 3.16894531250000e-01 1.00422143936157e-01
446 3.48144531250000e-01 1.21204614639282e-01
447 3.76953125000000e-01 1.42093658447266e-01
448 3.22265625000000e-01 1.03855133056641e-01
449 3.86230468750000e-01 1.49173974990845e-01
450 4.58496093750000e-01 2.10218667984009e-01
451 4.96093750000000e-01 2.46109008789062e-01
452 5.16601562500000e-01 2.66877174377441e-01
453 5.01464843750000e-01 2.51466989517212e-01
454 5.58105468750000e-01 3.11481714248657e-01
455 6.22558593750000e-01 3.87579202651978e-01
456 6.04980468750000e-01 3.66001367568970e-01
457 5.94726562500000e-01 3.53699684143066e-01
458 5.36621093750000e-01 2.87962198257446e-01
459 5.52734375000000e-01 3.05515289306641e-01
460 6.15234375000000e-01 3.78513336181641e-01
461 6.41113281250000e-01 4.11026239395142e-01
462 6.31347656250000e-01 3.98599863052368e-01
463 6.00097656250000e-01 3.60117197036743e-01
464 6.79199218750000e-01 4.61311578750610e-01
465 6.33300781250000e-01 4.01069879531860e-01
466 6.46484375000000e-01 4.17942047119141e-01
467 6.59667968750000e-01 4.35161828994751e-01
468 5.84472656250000e-01 3.41608285903931e-01
469 5.20019531250000e-01 2.70420312881470e-01
470 5.24414062500000e-01 2.75010108947754e-01
471 5.89355468750000e-01 3.47339868545532e-01
472 6.07910156250000e-01 3.69554758071899e-01
473 5.86914062500000e-01 3.44468116760254e-01
474 5.91796875000000e-01 3.50223541259766e-01
475 5.62988281250000e-01 3.16955804824829e-01
476 5.27343750000000e-01 2.78091430664062e-01
477 5.04394531250000e-01 2.54413843154907e-01
478 5.10742187500000e-01 2.60857582092285e-01
479 4.78027343750000e-01 2.28510141372681e-01
480 4.84375000000000e-01 2.34619140625000e-01
481 5.04394531250000e-01 2.54413843154907e-01
482 5.59570312500000e-01 3.13118934631348e-01
483 5.08300781250000e-01 2.58369684219360e-01
484 5.81542968750000e-01 3.38192224502563e-01
485 6.08398437500000e-01 3.70148658752441e-01
486 5.81542968750000e-01 3.38192224502563e-01
487 5.85937500000000e-01 3.43322753906250e-01
488 5.78125000000000e-01 3.34228515625000e-01
489 5.38574218750000e-01 2.90062189102173e-01
490 5.80566406250000e-01 3.37057352066040e-01
491 5.71289062500000e-01 3.26371192932129e-01
492 5.28808593750000e-01 2.79638528823853e-01
493 5.92773437500000e-01 3.51380348205566e-01
494 5.32226562500000e-01 2.83265113830566e-01
495 5.68847656250000e-01 3.23587656021118e-01
496 5.85937500000000e-01 3.43322753906250e-01
497 6.30371093750000e-01 3.97367715835571e-01
498 6.73339843750000e-01 4.53386545181274e-01
499 6.50390625000000e-01 4.23007965087891e-01
500 6.62597656250000e-01 4.39035654067993e-01
501 6.87011718750000e-01 4.71985101699829e-01
502 6.70898437500000e-01 4.50104713439941e-01
503 6.39648437500000e-01 4.09150123596191e-01
504 6.47949218750000e-01 4.19838190078735e-01
505 6.70410156250000e-01 4.49449777603149e-01
506 6.59179687500000e-01 4.34517860412598e-01
507 6.56738281250000e-01 4.31305170059204e-01
508 6.42089843750000e-01 4.12279367446899e-01
509 5.99609375000000e-01 3.59531402587891e-01
510 5.89843750000000e-01 3.47915649414062e-01
511 5.66894531250000e-01 3.21369409561157e-01
512 5.95214843750000e-01 3.54280710220337e-01
513 5.72265625000000e-01 3.27487945556641e-01
514 5.49804687500000e-01 3.02285194396973e-01
515 6.13769531250000e-01 3.76713037490845e-01
516 6.22558593750000e-01 3.87579202651978e-01
517 5.92773437500000e-01 3.51380348205566e-01
518 5.57128906250000e-01 3.10392618179321e-01
519 5.87402343750000e-01 3.45041513442993e-01
520 5.95214843750000e-01 3.54280710220337e-01
521 6.24511718750000e-01 3.90014886856079e-01
522 5.70800781250000e-01 3.25813531875610e-01
523 5.82031250000000e-01 3.38760375976562e-01
524 6.20117187500000e-01 3.84545326232910e-01
525 5.72265625000000e-01 3.27487945556641e-01
526 5.75683593750000e-01 3.31411600112915e-01
527 5.99609375000000e-01 3.59531402587891e-01
528 6.02539062500000e-01 3.63053321838379e-01
529 6.04980468750000e-01 3.66001367568970e-01
530 5.27343750000000e-01 2.78091430664062e-01
531 6.36718750000000e-01 4.05410766601562e-01
532 6.07910156250000e-01 3.69554758071899e-01
533 5.69824218750000e-01 3.24699640274048e-01
534 5.28320312500000e-01 2.79122352600098e-01
535 5.19042968750000e-01 2.69405603408813e-01
536 5.63476562500000e-01 3.17505836486816e-01
537 5.87890625000000e-01 3.45615386962891e-01
538 5.75683593750000e-01 3.31411600112915e-01
539 5.51269531250000e-01 3.03898096084595e-01
540 5.28320312500000e-01 2.79122352600098e-01
541 5.84960937500000e-01 3.42179298400879e-01
542 5.42968750000000e-01 2.94815063476562e-01
543 5.21972656250000e-01 2.72455453872681e-01
544 5.59082031250000e-01 3.12572717666626e-01
545 6.02050781250000e-01 3.62465143203735e-01
546 6.11816406250000e-01 3.74319314956665e-01
547 6.49414062500000e-01 4.21738624572754e-01
548 6.19140625000000e-01 3.83335113525391e-01
549 6.36230468750000e-01 4.04789209365845e-01
550 5.80566406250000e-01 3.37057352066040e-01
551 6.12792968750000e-01 3.75515222549438e-01
552 5.73730468750000e-01 3.29166650772095e-01
553 5.79589843750000e-01 3.35924386978149e-01
554 5.82031250000000e-01 3.38760375976562e-01
555 6.12792968750000e-01 3.75515222549438e-01
556 6.14257812500000e-01 3.77312660217285e-01
557 5.21484375000000e-01 2.71945953369141e-01
558 4.92187500000000e-01 2.42248535156250e-01
559 4.45800781250000e-01 1.98738336563110e-01
560 4.42382812500000e-01 1.95702552795410e-01
561 3.88671875000000e-01 1.51065826416016e-01
562 3.63769531250000e-01 1.32328271865845e-01
563 3.90136718750000e-01 1.52206659317017e-01
564 3.63281250000000e-01 1.31973266601562e-01
565 3.42285156250000e-01 1.17159128189087e-01
566 3.03710937500000e-01 9.22403335571289e-02
567 2.47558593750000e-01 6.12852573394775e-02
568 3.45214843750000e-01 1.19173288345337e-01
569 2.68066406250000e-01 7.18595981597900e-02
570 3.11035156250000e-01 9.67428684234619e-02
571 1.41601562500000e-01 2.00510025024414e-02
572 1.97753906250000e-01 3.91066074371338e-02
573 2.25585937500000e-01 5.08890151977539e-02
574 1.79687500000000e-01 3.22875976562500e-02
575 2.50000000000000e-01 6.25000000000000e-02
576 2.60253906250000e-01 6.77320957183838e-02
577 2.87109375000000e-01 8.24317932128906e-02
578 2.97363281250000e-01 8.84249210357666e-02
579 2.63183593750000e-01 6.92656040191650e-02
580 2.67089843750000e-01 7.13369846343994e-02
581 2.91015625000000e-01 8.46900939941406e-02
582 3.11035156250000e-01 9.67428684234619e-02
583 2.96386718750000e-01 8.78450870513916e-02
584 2.72949218750000e-01 7.45012760162354e-02
585 2.27539062500000e-01 5.17740249633789e-02
586 2.52929687500000e-01 6.39734268188477e-02
587 2.54394531250000e-01 6.47165775299072e-02
588 3.01757812500000e-01 9.10577774047852e-02
589 3.27636718750000e-01 1.07345819473267e-01
590 2.92968750000000e-01 8.58306884765625e-02
591 2.59765625000000e-01 6.74781799316406e-02
592 3.42285156250000e-01 1.17159128189087e-01
593 3.61328125000000e-01 1.30558013916016e-01
594 3.14941406250000e-01 9.91880893707275e-02
595 3.33984375000000e-01 1.11545562744141e-01
596 3.19824218750000e-01 1.02287530899048e-01
597 3.91113281250000e-01 1.52969598770142e-01
598 3.71093750000000e-01 1.37710571289062e-01
599 3.71582031250000e-01 1.38073205947876e-01
600 3.68164062500000e-01 1.35544776916504e-01
601 4.08691406250000e-01 1.67028665542603e-01
602 3.41308593750000e-01 1.16491556167603e-01
603 3.86230468750000e-01 1.49173974990845e-01
604 3.97460937500000e-01 1.57975196838379e-01
605 3.40820312500000e-01 1.16158485412598e-01
606 3.91601562500000e-01 1.53351783752441e-01
607 4.59960937500000e-01 2.11564064025879e-01
608 4.32617187500000e-01 1.87157630920410e-01
609 4.80468750000000e-01 2.30850219726562e-01
610 4.65332031250000e-01 2.16533899307251e-01
611 4.08203125000000e-01 1.66629791259766e-01
612 4.11132812500000e-01 1.69030189514160e-01
613 3.88183593750000e-01 1.50686502456665e-01
614 4.37988281250000e-01 1.91833734512329e-01
615 4.71679687500000e-01 2.22481727600098e-01
616 4.77539062500000e-01 2.28043556213379e-01
617 4.30175781250000e-01 1.85051202774048e-01
618 4.75585937500000e-01 2.26181983947754e-01
619 4.81445312500000e-01 2.31789588928223e-01
620 4.75097656250000e-01 2.25717782974243e-01
621 4.74121093750000e-01 2.24790811538696e-01
622 4.55566406250000e-01 2.07540750503540e-01
623 4.43359375000000e-01 1.96567535400391e-01
624 4.16503906250000e-01 1.73475503921509e-01
625 4.22363281250000e-01 1.78390741348267e-01
626 4.31152343750000e-01 1.85892343521118e-01
627 4.89746093750000e-01 2.39851236343384e-01
628 4.93164062500000e-01 2.43210792541504e-01
629 5.20507812500000e-01 2.70928382873535e-01
630 5.49804687500000e-01 3.02285194396973e-01
631 5.40527343750000e-01 2.92169809341431e-01
632 5.92285156250000e-01 3.50801706314087e-01
633 6.28417968750000e-01 3.94909143447876e-01
634 6.02050781250000e-01 3.62465143203735e-01
635 4.90234375000000e-01 2.40329742431641e-01
636 4.64843750000000e-01 2.16079711914062e-01
637 4.89257812500000e-01 2.39373207092285e-01
638 5.05371093750000e-01 2.55399942398071e-01
639 4.96582031250000e-01 2.46593713760376e-01
640 4.88769531250000e-01 2.38895654678345e-01
641 4.37500000000000e-01 1.91406250000000e-01
642 4.48730468750000e-01 2.01359033584595e-01
643 4.05273437500000e-01 1.64246559143066e-01
644 4.06250000000000e-01 1.65039062500000e-01
645 3.53027343750000e-01 1.24628305435181e-01
646 4.06250000000000e-01 1.65039062500000e-01
647 4.21875000000000e-01 1.77978515625000e-01
648 3.94531250000000e-01 1.55654907226562e-01
649 4.22363281250000e-01 1.78390741348267e-01
650 4.38964843750000e-01 1.92690134048462e-01
651 4.57031250000000e-01 2.08877563476562e-01
652 4.92675781250000e-01 2.42729425430298e-01
653 5.30273437500000e-01 2.81189918518066e-01
654 4.87304687500000e-01 2.37465858459473e-01
655 5.03417968750000e-01 2.53429651260376e-01
656 5.26855468750000e-01 2.77576684951782e-01
657 5.10253906250000e-01 2.60359048843384e-01
658 4.90722656250000e-01 2.40808725357056e-01
659 4.42382812500000e-01 1.95702552795410e-01
660 4.37500000000000e-01 1.91406250000000e-01
661 4.16992187500000e-01 1.73882484436035e-01
662 4.00878906250000e-01 1.60703897476196e-01
663 3.71582031250000e-01 1.38073205947876e-01
664 3.20800781250000e-01 1.02913141250610e-01
665 3.13964843750000e-01 9.85739231109619e-02
666 3.92578125000000e-01 1.54117584228516e-01
667 4.21386718750000e-01 1.77566766738892e-01
668 4.24804687500000e-01 1.80459022521973e-01
669 4.16015625000000e-01 1.73069000244141e-01
670 4.07226562500000e-01 1.65833473205566e-01
671 4.72656250000000e-01 2.23403930664062e-01
672 4.93652343750000e-01 2.43692636489868e-01
673 4.33593750000000e-01 1.88003540039062e-01
674 3.96972656250000e-01 1.57587289810181e-01
675 3.26660156250000e-01 1.06706857681274e-01
676 3.71093750000000e-01 1.37710571289062e-01
677 3.75488281250000e-01 1.40991449356079e-01
678 3.94531250000000e-01 1.55654907226562e-01
679 3.97460937500000e-01 1.57975196838379e-01
680 3.87695312500000e-01 1.50307655334473e-01
681 4.85351562500000e-01 2.35566139221191e-01
682 4.85839843750000e-01 2.36040353775024e-01
683 5.05859375000000e-01 2.55893707275391e-01
684 4.62890625000000e-01 2.14267730712891e-01
685 3.94042968750000e-01 1.55269861221313e-01
686 3.92578125000000e-01 1.54117584228516e-01
687 4.81933593750000e-01 2.32259988784790e-01
688 4.79003906250000e-01 2.29444742202759e-01
689 5.31738281250000e-01 2.82745599746704e-01
690 5.33691406250000e-01 2.84826517105103e-01
691 5.74707031250000e-01 3.30288171768188e-01
692 5.65917968750000e-01 3.20263147354126e-01
693 6.18652343750000e-01 3.82730722427368e-01
694 5.37597656250000e-01 2.89011240005493e-01
695 5.18066406250000e-01 2.68392801284790e-01
696 4.55078125000000e-01 2.07096099853516e-01
697 3.93554687500000e-01 1.54885292053223e-01
698 4.38964843750000e-01 1.92690134048462e-01
699 4.36523437500000e-01 1.90552711486816e-01
700 3.98925781250000e-01 1.59141778945923e-01
701 4.81445312500000e-01 2.31789588928223e-01
702 3.92578125000000e-01 1.54117584228516e-01
703 4.23828125000000e-01 1.79630279541016e-01
704 4.34570312500000e-01 1.88851356506348e-01
705 3.67675781250000e-01 1.35185480117798e-01
706 3.45214843750000e-01 1.19173288345337e-01
707 3.54492187500000e-01 1.25664710998535e-01
708 3.32519531250000e-01 1.10569238662720e-01
709 3.49121093750000e-01 1.21885538101196e-01
710 2.73437500000000e-01 7.47680664062500e-02
711 2.75878906250000e-01 7.61091709136963e-02
712 3.45214843750000e-01 1.19173288345337e-01
713 3.67675781250000e-01 1.35185480117798e-01
714 3.88671875000000e-01 1.51065826416016e-01
715 4.33593750000000e-01 1.88003540039062e-01
716 4.59960937500000e-01 2.11564064025879e-01
717 4.30175781250000e-01 1.85051202774048e-01
718 4.34082031250000e-01 1.88427209854126e-01
719 4.46289062500000e-01 1.99173927307129e-01
720 4.40917968750000e-01 1.94408655166626e-01
721 5.10253906250000e-01 2.60359048843384e-01
722 5.57128906250000e-01 3.10392618179321e-01
723 6.24511718750000e-01 3.90014886856079e-01
724 6.47460937500000e-01 4.19205665588379e-01
725 6.34277343750000e-01 4.02307748794556e-01
726 5.73242187500000e-01 3.28606605529785e-01
727 5.70312500000000e-01 3.25256347656250e-01
728 4.81445312500000e-01 2.31789588928223e-01
729 4.67285156250000e-01 2.18355417251587e-01
730 4.81933593750000e-01 2.32259988784790e-01
731 4.95605468750000e-01 2.45624780654907e-01
732 5.01953125000000e-01 2.51956939697266e-01
733 5.27343750000000e-01 2.78091430664062e-01
734 4.56542968750000e-01 2.08431482315063e-01
735 4.57519531250000e-01 2.09324121475220e-01
736 5.20996093750000e-01 2.71436929702759e-01
737 5.26367187500000e-01 2.77062416076660e-01
738 5.29785156250000e-01 2.80672311782837e-01
739 5.02929687500000e-01 2.52938270568848e-01
740 5.09765625000000e-01 2.59860992431641e-01
741 5.61035156250000e-01 3.14760446548462e-01
742 5.88378906250000e-01 3.46189737319946e-01
743 6.13281250000000e-01 3.76113891601562e-01
744 5.78125000000000e-01 3.34228515625000e-01
745 5.88867187500000e-01 3.46764564514160e-01
746 5.87402343750000e-01 3.45041513442993e-01
747 5.44433593750000e-01 2.96407938003540e-01
748 5.73242187500000e-01 3.28606605529785e-01
749 5.89355468750000e-01 3.47339868545532e-01
750 5.95703125000000e-01 3.54862213134766e-01
751 5.80566406250000e-01 3.37057352066040e-01
752 5.49316406250000e-01 3.01748514175415e-01
753 5.70312500000000e-01 3.25256347656250e-01
754 6.04492187500000e-01 3.65410804748535e-01
755 6.20117187500000e-01 3.84545326232910e-01
756 6.83105468750000e-01 4.66633081436157e-01
757 6.31347656250000e-01 3.98599863052368e-01
758 6.38671875000000e-01 4.07901763916016e-01
759 6.83593750000000e-01 4.67300415039062e-01
760 7.18261718750000e-01 5.15899896621704e-01
761 7.07031250000000e-01 4.99893188476562e-01
762 6.40136718750000e-01 4.09775018692017e-01
763 5.91308593750000e-01 3.49645853042603e-01
764 5.57128906250000e-01 3.10392618179321e-01
765 5.43457031250000e-01 2.95345544815063e-01
766 6.48437500000000e-01 4.20471191406250e-01
767 6.59179687500000e-01 4.34517860412598e-01
768 6.93359375000000e-01 4.80747222900391e-01
769 6.45507812500000e-01 4.16680335998535e-01
770 7.09960937500000e-01 5.04044532775879e-01
771 6.47949218750000e-01 4.19838190078735e-01
772 6.06933593750000e-01 3.68368387222290e-01
773 6.43554687500000e-01 4.14162635803223e-01
774 5.86425781250000e-01 3.43895196914673e-01
775 6.37207031250000e-01 4.06032800674438e-01
776 6.62597656250000e-01 4.39035654067993e-01
777 6.23535156250000e-01 3.88796091079712e-01
778 6.15722656250000e-01 3.79114389419556e-01
779 6.24511718750000e-01 3.90014886856079e-01
780 5.95703125000000e-01 3.54862213134766e-01
781 5.90332031250000e-01 3.48491907119751e-01
782 5.19042968750000e-01 2.69405603408813e-01
783 4.79003906250000e-01 2.29444742202759e-01
784 4.44335937500000e-01 1.97434425354004e-01
785 4.35058593750000e-01 1.89275979995728e-01
786 4.72167968750000e-01 2.22942590713501e-01
787 4.80957031250000e-01 2.31319665908813e-01
788 5.33691406250000e-01 2.84826517105103e-01
789 4.77050781250000e-01 2.27577447891235e-01
790 3.73046875000000e-01 1.39163970947266e-01
791 3.24707031250000e-01 1.05434656143188e-01
792 3.18359375000000e-01 1.01352691650391e-01
793 3.31542968750000e-01 1.09920740127563e-01
794 3.09570312500000e-01 9.58337783813477e-02
795 3.24218750000000e-01 1.05117797851562e-01
796 3.28613281250000e-01 1.07986688613892e-01
797 3.65234375000000e-01 1.33396148681641e-01
798 3.12500000000000e-01 9.76562500000000e-02
799 3.08593750000000e-01 9.52301025390625e-02
800 3.31542968750000e-01 1.09920740127563e-01
801 3.01269531250000e-01 9.07633304595947e-02
802 2.69042968750000e-01 7.23841190338135e-02
803 2.92480468750000e-01 8.55448246002197e-02
804 2.78320312500000e-01 7.74621963500977e-02
805 2.59277343750000e-01 6.72247409820557e-02
806 3.10058593750000e-01 9.61363315582275e-02
807 2.89550781250000e-01 8.38396549224854e-02
808 2.35839843750000e-01 5.56204319000244e-02
809 1.80175781250000e-01 3.24633121490479e-02
810 2.11914062500000e-01 4.49075698852539e-02
811 1.74804687500000e-01 3.05566787719727e-02
812 1.52343750000000e-01 2.32086181640625e-02
813 2.40722656250000e-01 5.79473972320557e-02
814 2.61230468750000e-01 6.82413578033447e-02
815 3.28613281250000e-01 1.07986688613892e-01
816 3.22753906250000e-01 1.04170083999634e-01
817 3.10058593750000e-01 9.61363315582275e-02
818 3.79394531250000e-01 1.43940210342407e-01
819 3.69140625000000e-01 1.36264801025391e-01
820 4.17480468750000e-01 1.74289941787720e-01
821 4.55078125000000e-01 2.07096099853516e-01
822 4.26269531250000e-01 1.81705713272095e-01
823 4.42871093750000e-01 1.96134805679321e-01
824 5.00000000000000e-01 2.50000000000000e-01
825 4.88769531250000e-01 2.38895654678345e-01
826 5.19531250000000e-01 2.69912719726562e-01
827 5.29785156250000e-01 2.80672311782837e-01
828 5.56640625000000e-01 3.09848785400391e-01
829 5.87890625000000e-01 3.45615386962891e-01
830 5.78613281250000e-01 3.34793329238892e-01
831 5.85449218750000e-01 3.42750787734985e-01
832 5.23437500000000e-01 2.73986816406250e-01
833 6.51855468750000e-01 4.24915552139282e-01
834 6.33300781250000e-01 4.01069879531860e-01
835 6.22558593750000e-01 3.87579202651978e-01
836 5.85937500000000e-01 3.43322753906250e-01
837 5.48828125000000e-01 3.01212310791016e-01
838 5.88378906250000e-01 3.46189737319946e-01
839 5.96679687500000e-01 3.56026649475098e-01
840 5.89355468750000e-01 3.47339868545532e-01
841 5.92773437500000e-01 3.51380348205566e-01
842 6.13769531250000e-01 3.76713037490845e-01
843 5.52246093750000e-01 3.04975748062134e-01
844 4.82421875000000e-01 2.32730865478516e-01
845 4.54101562500000e-01 2.06208229064941e-01
846 4.79492187500000e-01 2.29912757873535e-01
847 5.13183593750000e-01 2.63357400894165e-01
848 5.14648437500000e-01 2.64863014221191e-01
849 4.93652343750000e-01 2.43692636489868e-01
850 5.33691406250000e-01 2.84826517105103e-01
851 6.01074218750000e-01 3.61290216445923e-01
852 5.84960937500000e-01 3.42179298400879e-01
853 6.32812500000000e-01 4.00451660156250e-01
854 5.87402343750000e-01 3.45041513442993e-01
855 5.43457031250000e-01 2.95345544815063e-01
856 5.60058593750000e-01 3.13665628433228e-01
857 5.95703125000000e-01 3.54862213134766e-01
858 5.22460937500000e-01 2.72965431213379e-01
859 5.22949218750000e-01 2.73475885391235e-01
860 5.38085937500000e-01 2.89536476135254e-01
861 5.57617187500000e-01 3.10936927795410e-01
862 5.19531250000000e-01 2.69912719726562e-01
863 5.31738281250000e-01 2.82745599746704e-01
864 5.56640625000000e-01 3.09848785400391e-01
865 4.79980468750000e-01 2.30381250381470e-01
866 4.72656250000000e-01 2.23403930664062e-01
867 4.69238281250000e-01 2.20184564590454e-01
868 5.06835937500000e-01 2.56882667541504e-01
869 4.77539062500000e-01 2.28043556213379e-01
870 5.15625000000000e-01 2.65869140625000e-01
871 4.60449218750000e-01 2.12013483047485e-01
872 4.21875000000000e-01 1.77978515625000e-01
873 4.63867187500000e-01 2.15172767639160e-01
874 4.65820312500000e-01 2.16988563537598e-01
875 5.00000000000000e-01 2.50000000000000e-01
876 4.98535156250000e-01 2.48537302017212e-01
877 5.27343750000000e-01 2.78091430664062e-01
878 5.52246093750000e-01 3.04975748062134e-01
879 5.70800781250000e-01 3.25813531875610e-01
880 5.21484375000000e-01 2.71945953369141e-01
881 5.65917968750000e-01 3.20263147354126e-01
882 6.45996093750000e-01 4.17310953140259e-01
883 5.93750000000000e-01 3.52539062500000e-01
884 6.01074218750000e-01 3.61290216445923e-01
885 6.17187500000000e-01 3.80920410156250e-01
886 5.95214843750000e-01 3.54280710220337e-01
887 5.39550781250000e-01 2.91115045547485e-01
888 5.38085937500000e-01 2.89536476135254e-01
889 5.78125000000000e-01 3.34228515625000e-01
890 5.55664062500000e-01 3.08762550354004e-01
891 5.56152343750000e-01 3.09305429458618e-01
892 5.05371093750000e-01 2.55399942398071e-01
893 5.42968750000000e-01 2.94815063476562e-01
894 5.35156250000000e-01 2.86392211914062e-01
895 5.66406250000000e-01 3.20816040039062e-01
896 5.65429687500000e-01 3.19710731506348e-01
897 5.93261718750000e-01 3.51959466934204e-01
898 5.99121093750000e-01 3.58946084976196e-01
899 6.21093750000000e-01 3.85757446289062e-01
900 6.03027343750000e-01 3.63641977310181e-01
901 5.77636718750000e-01 3.33664178848267e-01
902 5.66406250000000e-01 3.20816040039062e-01
903 5.41503906250000e-01 2.93226480484009e-01
904 4.80957031250000e-01 2.31319665908813e-01
905 5.16601562500000e-01 2.66877174377441e-01
906 4.85839843750000e-01 2.36040353775024e-01
907 4.63867187500000e-01 2.15172767639160e-01
908 5.01953125000000e-01 2.51956939697266e-01
909 4.71679687500000e-01 2.22481727600098e-01
910 4.58984375000000e-01 2.10666656494141e-01
911 5.02441406250000e-01 2.52447366714478e-01
912 4.58007812500000e-01 2.09771156311035e-01
913 4.61425781250000e-01 2.12913751602173e-01
914 4.25781250000000e-01 1.81289672851562e-01
915 5.19042968750000e-01 2.69405603408813e-01
916 5.15625000000000e-01 2.65869140625000e-01
917 5.28320312500000e-01 2.79122352600098e-01
918 5.07324218750000e-01 2.57377862930298e-01
919 5.74218750000000e-01 3.29727172851562e-01
920 5.41015625000000e-01 2.92697906494141e-01
921 4.68261718750000e-01 2.19269037246704e-01
922 5.10253906250000e-01 2.60359048843384e-01
923 4.84863281250000e-01 2.35092401504517e-01
924 4.16503906250000e-01 1.73475503921509e-01
925 3.82324218750000e-01 1.46171808242798e-01
926 3.60351562500000e-01 1.29853248596191e-01
927 3.97949218750000e-01 1.58363580703735e-01
928 4.57031250000000e-01 2.08877563476562e-01
929 5.07812500000000e-01 2.57873535156250e-01
930 5.13183593750000e-01 2.63357400894165e-01
931 5.96679687500000e-01 3.56026649475098e-01
932 5.56640625000000e-01 3.09848785400391e-01
933 5.37109375000000e-01 2.88486480712891e-01
934 6.18652343750000e-01 3.82730722427368e-01
935 6.20117187500000e-01 3.84545326232910e-01
936 5.69824218750000e-01 3.24699640274048e-01
937 5.66894531250000e-01 3.21369409561157e-01
938 5.79101562500000e-01 3.35358619689941e-01
939 5.04882812500000e-01 2.54906654357910e-01
940 5.25390625000000e-01 2.76035308837891e-01
941 5.19042968750000e-01 2.69405603408813e-01
942 5.17089843750000e-01 2.67381906509399e-01
943 5.43457031250000e-01 2.95345544815063e-01
944 5.82519531250000e-01 3.39329004287720e-01
945 4.95605468750000e-01 2.45624780654907e-01
946 5.75683593750000e-01 3.31411600112915e-01
947 5.59570312500000e-01 3.13118934631348e-01
948 6.24511718750000e-01 3.90014886856079e-01
949 6.19140625000000e-01 3.83335113525391e-01
950 6.54296875000000e-01 4.28104400634766e-01
951 6.36718750000000e-01 4.05410766601562e-01
952 5.55175781250000e-01 3.08220148086548e-01
953 6.38671875000000e-01 4.07901763916016e-01
954 6.37695312500000e-01 4.06655311584473e-01
955 6.21093750000000e-01 3.85757446289062e-01
956 5.53222656250000e-01 3.06055307388306e-01
957 5.75195312500000e-01 3.30849647521973e-01
958 6.02050781250000e-01 3.62465143203735e-01
959 6.24511718750000e-01 3.90014886856079e-01
960 5.92773437500000e-01 3.51380348205566e-01
961 5.88378906250000e-01 3.46189737319946e-01
962 5.77148437500000e-01 3.33100318908691e-01
963 5.36621093750000e-01 2.87962198257446e-01
964 5.19531250000000e-01 2.69912719726562e-01
965 5.08300781250000e-01 2.58369684219360e-01
966 5.10253906250000e-01 2.60359048843384e-01
967 4.85839843750000e-01 2.36040353775024e-01
968 5.64453125000000e-01 3.18607330322266e-01
969 5.14160156250000e-01 2.64360666275024e-01
970 4.90722656250000e-01 2.40808725357056e-01
971 4.31640625000000e-01 1.86313629150391e-01
972 4.24804687500000e-01 1.80459022521973e-01
973 4.62402343750000e-01 2.13815927505493e-01
974 4.43359375000000e-01 1.96567535400391e-01
975 4.41894531250000e-01 1.95270776748657e-01
976 4.38964843750000e-01 1.92690134048462e-01
977 3.81835937500000e-01 1.45798683166504e-01
978 4.16503906250000e-01 1.73475503921509e-01
979 4.58007812500000e-01 2.09771156311035e-01
980 5.01953125000000e-01 2.51956939697266e-01
981 5.12695312500000e-01 2.62856483459473e-01
982 5.10253906250000e-01 2.60359048843384e-01
983 4.66796875000000e-01 2.17899322509766e-01
984 4.34082031250000e-01 1.88427209854126e-01
985 4.63867187500000e-01 2.15172767639160e-01
986 5.47363281250000e-01 2.99606561660767e-01
987 4.47753906250000e-01 2.00483560562134e-01
988 4.15527343750000e-01 1.72662973403931e-01
989 4.58984375000000e-01 2.10666656494141e-01
990 4.43359375000000e-01 1.96567535400391e-01
991 4.19921875000000e-01 1.76334381103516e-01
992 5.09277343750000e-01 2.59363412857056e-01
993 5.43457031250000e-01 2.95345544815063e-01
994 4.78515625000000e-01 2.28977203369141e-01
995 5.54687500000000e-01 3.07678222656250e-01
996 5.20019531250000e-01 2.70420312881470e-01
997 5.01464843750000e-01 2.51466989517212e-01
998 4.70703125000000e-01 2.21561431884766e-01
999 4.15039062500000e-01 1.72257423400879e-01
