0 5.65917968750000e-01 3.20263147354126e-01
1 6.18652343750000e-01 3.82730722427368e-01
2 5.82031250000000e-01 3.38760375976562e-01
3 6.18652343750000e-01 3.82730722427368e-01
4 6.24023437500000e-01 3.89405250549316e-01
5 6.12304687500000e-01 3.74917030334473e-01
6 5.87402343750000e-01 3.45041513442993e-01
7 6.70898437500000e-01 4.50104713439941e-01
8 6.53808593750000e-01 4.27465677261353e-01
9 6.46484375000000e-01 4.17942047119141e-01
10 6.55761718750000e-01 4.30023431777954e-01
11 6.73339843750000e-01 4.53386545181274e-01
12 6.60156250000000e-01 4.35806274414062e-01
13 5.95703125000000e-01 3.54862213134766e-01
14 6.41113281250000e-01 4.11026239395142e-01
15 6.46972656250000e-01 4.18573617935181e-01
16 6.18652343750000e-01 3.82730722427368e-01
17 6.43066406250000e-01 4.13534402847290e-01
18 6.87500000000000e-01 4.72656250000000e-01
19 7.24609375000000e-01 5.25058746337891e-01
20 7.22656250000000e-01 5.22232055664062e-01
21 7.14355468750000e-01 5.10303735733032e-01
22 6.89453125000000e-01 4.75345611572266e-01
23 6.52832031250000e-01 4.26189661026001e-01
24 6.36718750000000e-01 4.05410766601562e-01
25 7.12890625000000e-01 5.08213043212891e-01
26 6.85058593750000e-01 4.69305276870728e-01
27 7.00195312500000e-01 4.90273475646973e-01
28 6.16210937500000e-01 3.79715919494629e-01
29 6.07421875000000e-01 3.68961334228516e-01
30 6.16210937500000e-01 3.79715919494629e-01
31 6.57714843750000e-01 4.32588815689087e-01
32 6.63574218750000e-01 4.40330743789673e-01
33 6.48925781250000e-01 4.21104669570923e-01
34 6.38183593750000e-01 4.07278299331665e-01
35 6.44042968750000e-01 4.14791345596313e-01
36 6.22070312500000e-01 3.86971473693848e-01
37 5.62500000000000e-01 3.16406250000000e-01
38 4.72167968750000e-01 2.22942590713501e-01
39 5.42480468750000e-01 2.94285058975220e-01
40 5.89843750000000e-01 3.47915649414062e-01
41 6.22558593750000e-01 3.87579202651978e-01
42 6.39648437500000e-01 4.09150123596191e-01
43 6.75781250000000e-01 4.56680297851562e-01
44 7.13867187500000e-01 5.09606361389160e-01
45 7.30468750000000e-01 5.33584594726562e-01
46 6.77246093750000e-01 4.58662271499634e-01
47 7.41210937500000e-01 5.49393653869629e-01
48 7.86621093750000e-01 6.18772745132446e-01
49 7.35839843750000e-01 5.41460275650024e-01
50 7.13378906250000e-01 5.08909463882446e-01
51 7.78320312500000e-01 6.05782508850098e-01
52 7.19726562500000e-01 5.18006324768066e-01
53 6.85546875000000e-01 4.69974517822266e-01
54 7.03613281250000e-01 4.95071649551392e-01
55 7.20703125000000e-01 5.19412994384766e-01
56 6.92871093750000e-01 4.80070352554321e-01
57 6.98242187500000e-01 4.87542152404785e-01
58 7.21679687500000e-01 5.20821571350098e-01
59 6.93847656250000e-01 4.81424570083618e-01
60 7.47558593750000e-01 5.58843851089478e-01
61 7.11425781250000e-01 5.06126642227173e-01
62 6.87500000000000e-01 4.72656250000000e-01
63 5.96679687500000e-01 3.56026649475098e-01
64 6.40136718750000e-01 4.09775018692017e-01
65 6.13281250000000e-01 3.76113891601562e-01
66 6.33789062500000e-01 4.01688575744629e-01
67 6.17187500000000e-01 3.80920410156250e-01
68 6.50390625000000e-01 4.23007965087891e-01
69 6.61132812500000e-01 4.37096595764160e-01
70 6.51855468750000e-01 4.24915552139282e-01
71 6.26953125000000e-01 3.93070220947266e-01
72 6.34277343750000e-01 4.02307748794556e-01
73 6.36230468750000e-01 4.04789209365845e-01
74 6.09863281250000e-01 3.71933221817017e-01
75 6.04003906250000e-01 3.64820718765259e-01
76 5.77636718750000e-01 3.33664178848267e-01
77 6.22070312500000e-01 3.86971473693848e-01
78 6.25976562500000e-01 3.91846656799316e-01
79 6.14746093750000e-01 3.77912759780884e-01
80 6.02050781250000e-01 3.62465143203735e-01
81 5.88867187500000e-01 3.46764564514160e-01
82 6.06445312500000e-01 3.67775917053223e-01
83 5.81542968750000e-01 3.38192224502563e-01
84 5.24902343750000e-01 2.75522470474243e-01
85 5.44433593750000e-01 2.96407938003540e-01
86 5.14160156250000e-01 2.64360666275024e-01
87 4.79980468750000e-01 2.30381250381470e-01
88 4.79980468750000e-01 2.30381250381470e-01
89 5.43945312500000e-01 2.95876502990723e-01
90 5.50781250000000e-01 3.03359985351562e-01
91 5.49316406250000e-01 3.01748514175415e-01
92 5.51757812500000e-01 3.04436683654785e-01
93 4.99511718750000e-01 2.49511957168579e-01
94 4.79003906250000e-01 2.29444742202759e-01
95 5.26855468750000e-01 2.77576684951782e-01
96 5.16113281250000e-01 2.66372919082642e-01
97 5.20019531250000e-01 2.70420312881470e-01
98 5.10742187500000e-01 2.60857582092285e-01
99 5.37109375000000e-01 2.88486480712891e-01
100 5.07812500000000e-01 2.57873535156250e-01
101 4.82421875000000e-01 2.32730865478516e-01
102 4.69726562500000e-01 2.20643043518066e-01
103 5.00488281250000e-01 2.50488519668579e-01
104 5.90332031250000e-01 3.48491907119751e-01
105 6.42089843750000e-01 4.12279367446899e-01
106 6.28417968750000e-01 3.94909143447876e-01
107 6.17675781250000e-01 3.81523370742798e-01
108 5.60058593750000e-01 3.13665628433228e-01
109 5.53222656250000e-01 3.06055307388306e-01
110 5.44921875000000e-01 2.96939849853516e-01
111 5.61523437500000e-01 3.15308570861816e-01
112 5.80566406250000e-01 3.37057352066040e-01
113 6.03515625000000e-01 3.64231109619141e-01
114 6.10351562500000e-01 3.72529029846191e-01
115 6.39648437500000e-01 4.09150123596191e-01
116 7.11425781250000e-01 5.06126642227173e-01
117 7.03125000000000e-01 4.94384765625000e-01
118 7.35839843750000e-01 5.41460275650024e-01
119 6.76269531250000e-01 4.57340478897095e-01
120 6.46972656250000e-01 4.18573617935181e-01
121 6.05957031250000e-01 3.67183923721313e-01
122 6.37695312500000e-01 4.06655311584473e-01
123 6.36230468750000e-01 4.04789209365845e-01
124 6.15234375000000e-01 3.78513336181641e-01
125 6.30859375000000e-01 3.97983551025391e-01
126 6.64550781250000e-01 4.41627740859985e-01
127 7.44140625000000e-01 5.53745269775391e-01
128 6.62597656250000e-01 4.39035654067993e-01
129 5.55664062500000e-01 3.08762550354004e-01
130 5.52246093750000e-01 3.04975748062134e-01
131 6.09375000000000e-01 3.71337890625000e-01
132 5.53222656250000e-01 3.06055307388306e-01
133 5.32714843750000e-01 2.83785104751587e-01
134 5.26367187500000e-01 2.77062416076660e-01
135 4.67773437500000e-01 2.18811988830566e-01
136 4.60449218750000e-01 2.12013483047485e-01
137 4.30664062500000e-01 1.85471534729004e-01
138 4.69238281250000e-01 2.20184564590454e-01
139 4.95605468750000e-01 2.45624780654907e-01
140 4.58496093750000e-01 2.10218667984009e-01
141 4.02832031250000e-01 1.62273645401001e-01
142 4.23828125000000e-01 1.79630279541016e-01
143 4.21386718750000e-01 1.77566766738892e-01
144 4.16015625000000e-01 1.73069000244141e-01
145 4.71679687500000e-01 2.22481727600098e-01
146 4.70703125000000e-01 2.21561431884766e-01
147 5.21972656250000e-01 2.72455453872681e-01
148 5.32226562500000e-01 2.83265113830566e-01
149 5.11718750000000e-01 2.61856079101562e-01
150 5.87402343750000e-01 3.45041513442993e-01
151 5.62011718750000e-01 3.15857172012329e-01
152 6.08398437500000e-01 3.70148658752441e-01
153 6.54296875000000e-01 4.28104400634766e-01
154 6.50878906250000e-01 4.23643350601196e-01
155 7.18750000000000e-01 5.16601562500000e-01
156 6.13769531250000e-01 3.76713037490845e-01
157 5.85937500000000e-01 3.43322753906250e-01
158 6.08398437500000e-01 3.70148658752441e-01
159 6.92382812500000e-01 4.79393959045410e-01
160 6.78710937500000e-01 4.60648536682129e-01
161 7.63671875000000e-01 5.83194732666016e-01
162 7.00195312500000e-01 4.90273475646973e-01
163 6.40136718750000e-01 4.09775018692017e-01
164 6.43066406250000e-01 4.13534402847290e-01
165 6.58691406250000e-01 4.33874368667603e-01
166 6.73339843750000e-01 4.53386545181274e-01
167 7.15820312500000e-01 5.12398719787598e-01
168 7.21191406250000e-01 5.20117044448853e-01
169 7.22656250000000e-01 5.22232055664062e-01
170 7.13867187500000e-01 5.09606361389160e-01
171 7.18261718750000e-01 5.15899896621704e-01
172 7.01171875000000e-01 4.91641998291016e-01
173 6.96289062500000e-01 4.84818458557129e-01
174 6.71386718750000e-01 4.50760126113892e-01
175 6.37695312500000e-01 4.06655311584473e-01
176 5.86914062500000e-01 3.44468116760254e-01
177 6.03515625000000e-01 3.64231109619141e-01
178 5.91308593750000e-01 3.49645853042603e-01
179 5.34667968750000e-01 2.85869836807251e-01
180 6.04003906250000e-01 3.64820718765259e-01
181 5.91308593750000e-01 3.49645853042603e-01
182 5.53222656250000e-01 3.06055307388306e-01
183 6.21093750000000e-01 3.85757446289062e-01
184 6.41113281250000e-01 4.11026239395142e-01
185 6.06445312500000e-01 3.67775917053223e-01
186 6.20117187500000e-01 3.84545326232910e-01
187 6.23535156250000e-01 3.88796091079712e-01
188 6.33300781250000e-01 4.01069879531860e-01
189 5.95214843750000e-01 3.54280710220337e-01
190 5.57617187500000e-01 3.10936927795410e-01
191 5.13671875000000e-01 2.63858795166016e-01
192 6.17187500000000e-01 3.80920410156250e-01
193 6.45996093750000e-01 4.17310953140259e-01
194 7.03125000000000e-01 4.94384765625000e-01
195 6.58203125000000e-01 4.33231353759766e-01
196 6.35742187500000e-01 4.04168128967285e-01
197 6.83105468750000e-01 4.66633081436157e-01
198 6.63574218750000e-01 4.40330743789673e-01
199 6.77734375000000e-01 4.59323883056641e-01
200 6.41113281250000e-01 4.11026239395142e-01
201 6.91894531250000e-01 4.78718042373657e-01
202 6.65527343750000e-01 4.42926645278931e-01
203 7.06542968750000e-01 4.99202966690063e-01
204 6.98730468750000e-01 4.88224267959595e-01
205 6.51367187500000e-01 4.24279212951660e-01
206 6.74316406250000e-01 4.54702615737915e-01
207 6.15722656250000e-01 3.79114389419556e-01
208 6.43554687500000e-01 4.14162635803223e-01
209 5.76171875000000e-01 3.31974029541016e-01
210 6.34765625000000e-01 4.02927398681641e-01
211 6.74316406250000e-01 4.54702615737915e-01
212 6.30859375000000e-01 3.97983551025391e-01
213 6.46484375000000e-01 4.17942047119141e-01
214 6.56250000000000e-01 4.30664062500000e-01
215 6.52832031250000e-01 4.26189661026001e-01
216 6.54296875000000e-01 4.28104400634766e-01
217 5.99609375000000e-01 3.59531402587891e-01
218 6.23535156250000e-01 3.88796091079712e-01
219 6.51855468750000e-01 4.24915552139282e-01
220 6.35742187500000e-01 4.04168128967285e-01
221 6.02539062500000e-01 3.63053321838379e-01
222 5.78125000000000e-01 3.34228515625000e-01
223 5.74218750000000e-01 3.29727172851562e-01
224 4.97070312500000e-01 2.47078895568848e-01
225 4.60449218750000e-01 2.12013483047485e-01
226 4.01367187500000e-01 1.61095619201660e-01
227 4.42871093750000e-01 1.96134805679321e-01
228 3.80859375000000e-01 1.45053863525391e-01
229 3.46679687500000e-01 1.20186805725098e-01
230 4.25781250000000e-01 1.81289672851562e-01
231 3.88671875000000e-01 1.51065826416016e-01
232 2.93457031250000e-01 8.61170291900635e-02
233 2.77343750000000e-01 7.69195556640625e-02
234 1.96289062500000e-01 3.85293960571289e-02
235 2.26074218750000e-01 5.11095523834229e-02
236 2.48046875000000e-01 6.15272521972656e-02
237 2.17285156250000e-01 4.72128391265869e-02
238 1.95800781250000e-01 3.83379459381104e-02
239 2.19238281250000e-01 4.80654239654541e-02
240 2.67578125000000e-01 7.15980529785156e-02
241 3.67187500000000e-01 1.34826660156250e-01
242 3.34960937500000e-01 1.12198829650879e-01
243 3.87207031250000e-01 1.49929285049438e-01
244 3.14453125000000e-01 9.88807678222656e-02
245 3.60351562500000e-01 1.29853248596191e-01
246 4.14062500000000e-01 1.71447753906250e-01
247 4.41406250000000e-01 1.94839477539062e-01
248 4.52148437500000e-01 2.04438209533691e-01
249 4.60449218750000e-01 2.12013483047485e-01
250 4.61425781250000e-01 2.12913751602173e-01
251 4.76562500000000e-01 2.27111816406250e-01
252 4.63867187500000e-01 2.15172767639160e-01
253 4.68261718750000e-01 2.19269037246704e-01
254 4.61425781250000e-01 2.12913751602173e-01
255 5.26855468750000e-01 2.77576684951782e-01
256 5.82519531250000e-01 3.39329004287720e-01
257 5.84472656250000e-01 3.41608285903931e-01
258 5.89355468750000e-01 3.47339868545532e-01
259 5.85449218750000e-01 3.42750787734985e-01
260 5.76171875000000e-01 3.31974029541016e-01
261 5.82519531250000e-01 3.39329004287720e-01
262 5.92285156250000e-01 3.50801706314087e-01
263 5.99609375000000e-01 3.59531402587891e-01
264 6.28417968750000e-01 3.94909143447876e-01
265 6.54785156250000e-01 4.28743600845337e-01
266 6.67968750000000e-01 4.46182250976562e-01
267 6.89453125000000e-01 4.75345611572266e-01
268 6.95312500000000e-01 4.83459472656250e-01
269 6.45996093750000e-01 4.17310953140259e-01
270 6.17675781250000e-01 3.81523370742798e-01
271 5.94238281250000e-01 3.53119134902954e-01
272 6.65527343750000e-01 4.42926645278931e-01
273 6.08398437500000e-01 3.70148658752441e-01
274 6.54296875000000e-01 4.28104400634766e-01
275 6.87011718750000e-01 4.71985101699829e-01
276 6.57226562500000e-01 4.31946754455566e-01
277 6.86035156250000e-01 4.70644235610962e-01
278 6.65039062500000e-01 4.42276954650879e-01
279 6.76757812500000e-01 4.58001136779785e-01
280 6.87011718750000e-01 4.71985101699829e-01
281 6.18652343750000e-01 3.82730722427368e-01
282 6.46972656250000e-01 4.18573617935181e-01
283 7.38281250000000e-01 5.45059204101562e-01
284 6.58203125000000e-01 4.33231353759766e-01
285 6.57226562500000e-01 4.31946754455566e-01
286 6.88964843750000e-01 4.74672555923462e-01
287 7.02636718750000e-01 4.93698358535767e-01
288 7.18261718750000e-01 5.15899896621704e-01
289 7.25585937500000e-01 5.26474952697754e-01
290 7.60253906250000e-01 5.77986001968384e-01
291 7.76855468750000e-01 6.03504419326782e-01
292 7.65136718750000e-01 5.85434198379517e-01
293 7.67578125000000e-01 5.89176177978516e-01
294 7.53417968750000e-01 5.67638635635376e-01
295 7.45117187500000e-01 5.55199623107910e-01
296 7.05566406250000e-01 4.97823953628540e-01
297 6.54296875000000e-01 4.28104400634766e-01
298 6.71875000000000e-01 4.51416015625000e-01
299 6.60156250000000e-01 4.35806274414062e-01
300 6.48437500000000e-01 4.20471191406250e-01
301 6.96289062500000e-01 4.84818458557129e-01
302 6.49902343750000e-01 4.22373056411743e-01
303 6.27441406250000e-01 3.93682718276978e-01
304 6.20605468750000e-01 3.85151147842407e-01
305 6.29394531250000e-01 3.96137475967407e-01
306 5.82519531250000e-01 3.39329004287720e-01
307 5.41015625000000e-01 2.92697906494141e-01
308 5.82519531250000e-01 3.39329004287720e-01
309 5.55175781250000e-01 3.08220148086548e-01
310 5.60546875000000e-01 3.14212799072266e-01
311 5.12207031250000e-01 2.62356042861938e-01
312 4.55078125000000e-01 2.07096099853516e-01
313 4.89257812500000e-01 2.39373207092285e-01
314 5.32714843750000e-01 2.83785104751587e-01
315 5.51269531250000e-01 3.03898096084595e-01
316 5.20996093750000e-01 2.71436929702759e-01
317 5.34667968750000e-01 2.85869836807251e-01
318 5.43457031250000e-01 2.95345544815063e-01
319 4.94628906250000e-01 2.44657754898071e-01
320 4.86816406250000e-01 2.36990213394165e-01
321 5.56640625000000e-01 3.09848785400391e-01
322 5.44921875000000e-01 2.96939849853516e-01
323 5.11230468750000e-01 2.61356592178345e-01
324 4.75585937500000e-01 2.26181983947754e-01
325 4.65820312500000e-01 2.16988563537598e-01
326 4.88281250000000e-01 2.38418579101562e-01
327 5.55175781250000e-01 3.08220148086548e-01
328 5.55664062500000e-01 3.08762550354004e-01
329 5.31738281250000e-01 2.82745599746704e-01
330 4.67773437500000e-01 2.18811988830566e-01
331 4.91699218750000e-01 2.41768121719360e-01
332 5.33691406250000e-01 2.84826517105103e-01
333 5.76660156250000e-01 3.32536935806274e-01
334 6.28417968750000e-01 3.94909143447876e-01
335 6.40625000000000e-01 4.10400390625000e-01
336 6.07421875000000e-01 3.68961334228516e-01
337 5.72753906250000e-01 3.28047037124634e-01
338 5.32226562500000e-01 2.83265113830566e-01
339 5.65917968750000e-01 3.20263147354126e-01
340 6.16210937500000e-01 3.79715919494629e-01
341 5.98632812500000e-01 3.58361244201660e-01
342 6.19628906250000e-01 3.83939981460571e-01
343 6.84082031250000e-01 4.67968225479126e-01
344 6.55273437500000e-01 4.29383277893066e-01
345 6.68457031250000e-01 4.46834802627563e-01
346 6.04003906250000e-01 3.64820718765259e-01
347 6.44042968750000e-01 4.14791345596313e-01
348 6.53808593750000e-01 4.27465677261353e-01
349 7.07031250000000e-01 4.99893188476562e-01
350 6.91894531250000e-01 4.78718042373657e-01
351 7.24121093750000e-01 5.24351358413696e-01
352 7.47070312500000e-01 5.58114051818848e-01
353 6.83593750000000e-01 4.67300415039062e-01
354 6.41601562500000e-01 4.11652565002441e-01
355 4.97070312500000e-01 2.47078895568848e-01
356 6.28417968750000e-01 3.94909143447876e-01
357 5.60546875000000e-01 3.14212799072266e-01
358 4.93164062500000e-01 2.43210792541504e-01
359 4.21386718750000e-01 1.77566766738892e-01
360 4.37011718750000e-01 1.90979242324829e-01
361 3.82324218750000e-01 1.46171808242798e-01
362 4.13085937500000e-01 1.70639991760254e-01
363 4.47753906250000e-01 2.00483560562134e-01
364 4.77539062500000e-01 2.28043556213379e-01
365 4.67285156250000e-01 2.18355417251587e-01
366 5.18066406250000e-01 2.68392801284790e-01
367 4.89746093750000e-01 2.39851236343384e-01
368 4.37011718750000e-01 1.90979242324829e-01
369 4.21386718750000e-01 1.77566766738892e-01
370 4.94140625000000e-01 2.44174957275391e-01
371 4.02343750000000e-01 1.61880493164062e-01
372 4.27734375000000e-01 1.82956695556641e-01
373 3.58398437500000e-01 1.28449440002441e-01
374 3.28613281250000e-01 1.07986688613892e-01
375 3.43261718750000e-01 1.17828607559204e-01
376 3.34960937500000e-01 1.12198829650879e-01
377 3.19824218750000e-01 1.02287530899048e-01
378 3.92578125000000e-01 1.54117584228516e-01
379 3.70605468750000e-01 1.37348413467407e-01
380 3.73046875000000e-01 1.39163970947266e-01
381 3.16406250000000e-01 1.00112915039062e-01
382 3.57910156250000e-01 1.28099679946899e-01
383 3.66699218750000e-01 1.34468317031860e-01
384 3.92578125000000e-01 1.54117584228516e-01
385 4.36035156250000e-01 1.90126657485962e-01
386 4.02343750000000e-01 1.61880493164062e-01
387 4.12597656250000e-01 1.70236825942993e-01
388 4.16015625000000e-01 1.73069000244141e-01
389 4.60449218750000e-01 2.12013483047485e-01
390 4.70703125000000e-01 2.21561431884766e-01
391 4.63867187500000e-01 2.15172767639160e-01
392 4.14062500000000e-01 1.71447753906250e-01
393 3.63769531250000e-01 1.32328271865845e-01
394 3.54492187500000e-01 1.25664710998535e-01
395 3.09570312500000e-01 9.58337783813477e-02
396 2.55371093750000e-01 6.52143955230713e-02
397 2.60253906250000e-01 6.77320957183838e-02
398 3.01757812500000e-01 9.10577774047852e-02
399 2.67089843750000e-01 7.13369846343994e-02
400 3.04687500000000e-01 9.28344726562500e-02
401 2.81738281250000e-01 7.93764591217041e-02
402 2.76367187500000e-01 7.63788223266602e-02
403 3.09570312500000e-01 9.58337783813477e-02
404 3.43750000000000e-01 1.18164062500000e-01
405 4.10644531250000e-01 1.68628931045532e-01
406 4.44824218750000e-01 1.97868585586548e-01
407 4.92675781250000e-01 2.42729425430298e-01
408 5.02441406250000e-01 2.52447366714478e-01
409 5.37597656250000e-01 2.89011240005493e-01
410 4.53125000000000e-01 2.05322265625000e-01
411 5.02929687500000e-01 2.52938270568848e-01
412 5.88867187500000e-01 3.46764564514160e-01
413 6.06445312500000e-01 3.67775917053223e-01
414 6.80664062500000e-01 4.63303565979004e-01
415 6.61621093750000e-01 4.37742471694946e-01
416 6.33300781250000e-01 4.01069879531860e-01
417 6.71875000000000e-01 4.51416015625000e-01
418 6.75292968750000e-01 4.56020593643188e-01
419 6.73828125000000e-01 4.54044342041016e-01
420 6.30859375000000e-01 3.97983551025391e-01
421 6.24511718750000e-01 3.90014886856079e-01
422 6.02050781250000e-01 3.62465143203735e-01
423 6.29882812500000e-01 3.96752357482910e-01
424 7.07519531250000e-01 5.00583887100220e-01
425 7.08007812500000e-01 5.01275062561035e-01
426 6.67968750000000e-01 4.46182250976562e-01
427 6.96777343750000e-01 4.85498666763306e-01
428 7.12402343750000e-01 5.07517099380493e-01
429 7.21679687500000e-01 5.20821571350098e-01
430 7.26562500000000e-01 5.27893066406250e-01
431 7.30957031250000e-01 5.34298181533813e-01
432 7.18261718750000e-01 5.15899896621704e-01
433 7.28515625000000e-01 5.30735015869141e-01
434 7.15820312500000e-01 5.12398719787598e-01
435 7.68066406250000e-01 5.89926004409790e-01
436 7.14843750000000e-01 5.11001586914062e-01
437 6.84082031250000e-01 4.67968225479126e-01
438 6.15722656250000e-01 3.79114389419556e-01
439 6.04980468750000e-01 3.66001367568970e-01
440 6.32324218750000e-01 3.99833917617798e-01
441 6.52343750000000e-01 4.25552368164062e-01
442 6.34277343750000e-01 4.02307748794556e-01
443 6.82128906250000e-01 4.65299844741821e-01
444 6.87988281250000e-01 4.73327875137329e-01
445 7.19726562500000e-01 5.18006324768066e-01
446 6.82128906250000e-01 4.65299844741821e-01
447 6.86523437500000e-01 4.71314430236816e-01
448 6.18164062500000e-01 3.82126808166504e-01
449 5.50292968750000e-01 3.02822351455688e-01
450 6.05957031250000e-01 3.67183923721313e-01
451 6.42578125000000e-01 4.12906646728516e-01
452 6.12304687500000e-01 3.74917030334473e-01
453 6.78710937500000e-01 4.60648536682129e-01
454 5.97167968750000e-01 3.56609582901001e-01
455 5.97656250000000e-01 3.57192993164062e-01
456 5.66406250000000e-01 3.20816040039062e-01
457 6.34765625000000e-01 4.02927398681641e-01
458 5.88378906250000e-01 3.46189737319946e-01
459 5.99609375000000e-01 3.59531402587891e-01
460 6.16210937500000e-01 3.79715919494629e-01
461 5.96191406250000e-01 3.55444192886353e-01
462 5.12695312500000e-01 2.62856483459473e-01
463 4.88281250000000e-01 2.38418579101562e-01
464 4.66796875000000e-01 2.17899322509766e-01
465 3.89160156250000e-01 1.51445627212524e-01
466 4.00878906250000e-01 1.60703897476196e-01
467 3.96484375000000e-01 1.57199859619141e-01
468 3.72070312500000e-01 1.38436317443848e-01
469 3.98437500000000e-01 1.58752441406250e-01
470 3.26171875000000e-01 1.06388092041016e-01
471 3.56445312500000e-01 1.27053260803223e-01
472 3.13476562500000e-01 9.82675552368164e-02
473 3.26171875000000e-01 1.06388092041016e-01
474 3.35449218750000e-01 1.12526178359985e-01
475 3.30566406250000e-01 1.09274148941040e-01
476 3.38378906250000e-01 1.14500284194946e-01
477 3.55957031250000e-01 1.26705408096313e-01
478 4.04785156250000e-01 1.63851022720337e-01
479 4.34082031250000e-01 1.88427209854126e-01
480 4.14062500000000e-01 1.71447753906250e-01
481 4.41406250000000e-01 1.94839477539062e-01
482 5.02929687500000e-01 2.52938270568848e-01
483 4.50195312500000e-01 2.02675819396973e-01
484 3.96972656250000e-01 1.57587289810181e-01
485 4.04296875000000e-01 1.63455963134766e-01
486 4.14062500000000e-01 1.71447753906250e-01
487 3.82324218750000e-01 1.46171808242798e-01
488 4.25292968750000e-01 1.80874109268188e-01
489 3.82324218750000e-01 1.46171808242798e-01
490 4.20410156250000e-01 1.76744699478149e-01
491 4.15039062500000e-01 1.72257423400879e-01
492 3.33984375000000e-01 1.11545562744141e-01
493 4.33593750000000e-01 1.88003540039062e-01
494 3.98925781250000e-01 1.59141778945923e-01
495 4.55566406250000e-01 2.07540750503540e-01
496 4.84863281250000e-01 2.35092401504517e-01
497 5.68359375000000e-01 3.23032379150391e-01
498 5.36132812500000e-01 2.87438392639160e-01
499 4.76562500000000e-01 2.27111816406250e-01
500 5.65917968750000e-01 3.20263147354126e-01
501 5.48339843750000e-01 3.00676584243774e-01
502 5.38085937500000e-01 2.89536476135254e-01
503 4.62890625000000e-01 2.14267730712891e-01
504 4.32128906250000e-01 1.86735391616821e-01
505 4.01367187500000e-01 1.61095619201660e-01
506 4.05761718750000e-01 1.64642572402954e-01
507 4.22851562500000e-01 1.78803443908691e-01
508 3.72070312500000e-01 1.38436317443848e-01
509 3.57910156250000e-01 1.28099679946899e-01
510 3.83300781250000e-01 1.46919488906860e-01
511 3.98437500000000e-01 1.58752441406250e-01
512 5.34179687500000e-01 2.85347938537598e-01
513 5.18554687500000e-01 2.68898963928223e-01
514 5.09765625000000e-01 2.59860992431641e-01
515 5.51757812500000e-01 3.04436683654785e-01
516 5.49804687500000e-01 3.02285194396973e-01
517 5.10253906250000e-01 2.60359048843384e-01
518 5.34667968750000e-01 2.85869836807251e-01
519 5.67382812500000e-01 3.21923255920410e-01
520 5.20507812500000e-01 2.70928382873535e-01
521 5.71777343750000e-01 3.26929330825806e-01
522 5.64941406250000e-01 3.19158792495728e-01
523 5.72265625000000e-01 3.27487945556641e-01
524 5.93750000000000e-01 3.52539062500000e-01
525 5.66894531250000e-01 3.21369409561157e-01
526 6.02539062500000e-01 3.63053321838379e-01
527 6.02050781250000e-01 3.62465143203735e-01
528 6.42089843750000e-01 4.12279367446899e-01
529 6.44042968750000e-01 4.14791345596313e-01
530 6.47949218750000e-01 4.19838190078735e-01
531 6.49414062500000e-01 4.21738624572754e-01
532 6.73828125000000e-01 4.54044342041016e-01
533 6.22558593750000e-01 3.87579202651978e-01
534 5.75195312500000e-01 3.30849647521973e-01
535 5.66894531250000e-01 3.21369409561157e-01
536 5.36621093750000e-01 2.87962198257446e-01
537 5.62988281250000e-01 3.16955804824829e-01
538 5.19042968750000e-01 2.69405603408813e-01
539 5.20996093750000e-01 2.71436929702759e-01
540 5.38085937500000e-01 2.89536476135254e-01
541 5.81542968750000e-01 3.38192224502563e-01
542 6.05468750000000e-01 3.66592407226562e-01
543 5.77148437500000e-01 3.33100318908691e-01
544 5.37597656250000e-01 2.89011240005493e-01
545 5.03906250000000e-01 2.53921508789062e-01
546 5.17089843750000e-01 2.67381906509399e-01
547 4.93652343750000e-01 2.43692636489868e-01
548 4.81933593750000e-01 2.32259988784790e-01
549 4.45800781250000e-01 1.98738336563110e-01
550 4.75585937500000e-01 2.26181983947754e-01
551 3.96972656250000e-01 1.57587289810181e-01
552 4.72656250000000e-01 2.23403930664062e-01
553 4.80468750000000e-01 2.30850219726562e-01
554 4.75097656250000e-01 2.25717782974243e-01
555 4.63378906250000e-01 2.14720010757446e-01
556 4.91210937500000e-01 2.41288185119629e-01
557 4.60937500000000e-01 2.12463378906250e-01
558 4.06250000000000e-01 1.65039062500000e-01
559 4.05273437500000e-01 1.64246559143066e-01
560 3.57910156250000e-01 1.28099679946899e-01
561 4.05761718750000e-01 1.64642572402954e-01
562 4.20410156250000e-01 1.76744699478149e-01
563 3.93066406250000e-01 1.54501199722290e-01
564 4.08203125000000e-01 1.66629791259766e-01
565 3.95019531250000e-01 1.56040430068970e-01
566 4.09667968750000e-01 1.67827844619751e-01
567 4.26269531250000e-01 1.81705713272095e-01
568 3.69628906250000e-01 1.36625528335571e-01
569 3.27148437500000e-01 1.07026100158691e-01
570 3.07617187500000e-01 9.46283340454102e-02
571 3.46679687500000e-01 1.20186805725098e-01
572 3.87207031250000e-01 1.49929285049438e-01
573 3.87207031250000e-01 1.49929285049438e-01
574 3.61328125000000e-01 1.30558013916016e-01
575 3.70117187500000e-01 1.36986732482910e-01
576 4.30175781250000e-01 1.85051202774048e-01
577 3.91113281250000e-01 1.52969598770142e-01
578 3.41796875000000e-01 1.16825103759766e-01
579 3.65234375000000e-01 1.33396148681641e-01
580 4.07714843750000e-01 1.66231393814087e-01
581 3.49609375000000e-01 1.22226715087891e-01
582 3.11523437500000e-01 9.70468521118164e-02
583 3.01757812500000e-01 9.10577774047852e-02
584 2.89550781250000e-01 8.38396549224854e-02
585 2.96386718750000e-01 8.78450870513916e-02
586 3.17382812500000e-01 1.00731849670410e-01
587 2.66113281250000e-01 7.08162784576416e-02
588 3.44726562500000e-01 1.18836402893066e-01
589 3.05664062500000e-01 9.34305191040039e-02
590 3.31542968750000e-01 1.09920740127563e-01
591 3.81835937500000e-01 1.45798683166504e-01
592 3.29589843750000e-01 1.08629465103149e-01
593 3.40820312500000e-01 1.16158485412598e-01
594 2.90527343750000e-01 8.44061374664307e-02
595 2.60253906250000e-01 6.77320957183838e-02
596 3.15917968750000e-01 9.98041629791260e-02
597 3.77441406250000e-01 1.42462015151978e-01
598 3.76464843750000e-01 1.41725778579712e-01
599 3.40332031250000e-01 1.15825891494751e-01
600 3.09570312500000e-01 9.58337783813477e-02
601 2.71972656250000e-01 7.39691257476807e-02
602 2.76855468750000e-01 7.66489505767822e-02
603 2.94921875000000e-01 8.69789123535156e-02
604 3.26171875000000e-01 1.06388092041016e-01
605 3.12988281250000e-01 9.79616641998291e-02
606 3.09082031250000e-01 9.55317020416260e-02
607 3.75000000000000e-01 1.40625000000000e-01
608 3.75488281250000e-01 1.40991449356079e-01
609 3.63281250000000e-01 1.31973266601562e-01
610 3.74023437500000e-01 1.39893531799316e-01
611 3.71093750000000e-01 1.37710571289062e-01
612 3.17382812500000e-01 1.00731849670410e-01
613 3.09570312500000e-01 9.58337783813477e-02
614 3.07617187500000e-01 9.46283340454102e-02
615 3.16894531250000e-01 1.00422143936157e-01
616 3.46679687500000e-01 1.20186805725098e-01
617 3.67675781250000e-01 1.35185480117798e-01
618 3.55468750000000e-01 1.26358032226562e-01
619 3.51562500000000e-01 1.23596191406250e-01
620 3.79394531250000e-01 1.43940210342407e-01
621 3.93554687500000e-01 1.54885292053223e-01
622 3.75000000000000e-01 1.40625000000000e-01
623 3.83300781250000e-01 1.46919488906860e-01
624 2.57812500000000e-01 6.64672851562500e-02
625 1.65039062500000e-01 2.72378921508789e-02
626 2.24609375000000e-01 5.04493713378906e-02
627 1.83105468750000e-01 3.35276126861572e-02
628 1.99707031250000e-01 3.98828983306885e-02
629 1.79199218750000e-01 3.21123600006104e-02
630 2.55859375000000e-01 6.54640197753906e-02
631 2.61718750000000e-01 6.84967041015625e-02
632 3.54003906250000e-01 1.25318765640259e-01
633 3.52539062500000e-01 1.24283790588379e-01
634 3.59375000000000e-01 1.29150390625000e-01
635 3.49609375000000e-01 1.22226715087891e-01
636 4.19433593750000e-01 1.75924539566040e-01
637 4.38476562500000e-01 1.92261695861816e-01
638 4.54589843750000e-01 2.06651926040649e-01
639 4.66308593750000e-01 2.17443704605103e-01
640 4.98046875000000e-01 2.48050689697266e-01
641 3.98437500000000e-01 1.58752441406250e-01
642 3.66699218750000e-01 1.34468317031860e-01
643 3.73046875000000e-01 1.39163970947266e-01
644 4.24316406250000e-01 1.80044412612915e-01
645 3.58398437500000e-01 1.28449440002441e-01
646 3.94042968750000e-01 1.55269861221313e-01
647 4.19433593750000e-01 1.75924539566040e-01
648 4.23339843750000e-01 1.79216623306274e-01
649 4.15039062500000e-01 1.72257423400879e-01
650 4.13085937500000e-01 1.70639991760254e-01
651 4.36523437500000e-01 1.90552711486816e-01
652 3.64257812500000e-01 1.32683753967285e-01
653 3.17382812500000e-01 1.00731849670410e-01
654 3.17382812500000e-01 1.00731849670410e-01
655 3.76464843750000e-01 1.41725778579712e-01
656 3.58886718750000e-01 1.28799676895142e-01
657 4.26757812500000e-01 1.82122230529785e-01
658 4.57519531250000e-01 2.09324121475220e-01
659 4.42382812500000e-01 1.95702552795410e-01
660 3.76953125000000e-01 1.42093658447266e-01
661 3.41796875000000e-01 1.16825103759766e-01
662 3.69628906250000e-01 1.36625528335571e-01
663 3.13964843750000e-01 9.85739231109619e-02
664 3.06152343750000e-01 9.37292575836182e-02
665 1.81640625000000e-01 3.29933166503906e-02
666 1.98730468750000e-01 3.94937992095947e-02
667 1.99218750000000e-01 3.96881103515625e-02
668 2.00195312500000e-01 4.00781631469727e-02
669 2.24609375000000e-01 5.04493713378906e-02
670 2.50000000000000e-01 6.25000000000000e-02
671 1.87500000000000e-01 3.51562500000000e-02
672 7.12890625000000e-02 5.08213043212891e-03
673 3.36914062500000e-02 1.13511085510254e-03
674 5.56640625000000e-02 3.09848785400391e-03
675 8.93554687500000e-02 7.98439979553223e-03
676 5.46875000000000e-02 2.99072265625000e-03
677 7.76367187500000e-02 6.02746009826660e-03
678 8.78906250000000e-02 7.72476196289062e-03
679 8.69140625000000e-02 7.55405426025391e-03
680 1.19140625000000e-01 1.41944885253906e-02
681 1.23535156250000e-01 1.52609348297119e-02
682 1.43554687500000e-01 2.06079483032227e-02
683 1.16210937500000e-01 1.35049819946289e-02
684 1.42578125000000e-01 2.03285217285156e-02
685 1.55273437500000e-01 2.41098403930664e-02
686 1.48437500000000e-01 2.20336914062500e-02
687 1.40136718750000e-01 1.96382999420166e-02
688 1.56738281250000e-01 2.45668888092041e-02
689 1.09863281250000e-01 1.20699405670166e-02
690 1.58203125000000e-01 2.50282287597656e-02
691 1.41113281250000e-01 1.99129581451416e-02
692 1.30371093750000e-01 1.69966220855713e-02
693 3.51562500000000e-02 1.23596191406250e-03
694 1.48437500000000e-01 2.20336914062500e-02
695 5.46875000000000e-02 2.99072265625000e-03
696 1.01074218750000e-01 1.02159976959229e-02
697 1.25000000000000e-01 1.56250000000000e-02
698 6.05468750000000e-02 3.66592407226562e-03
699 1.51367187500000e-02 2.29120254516602e-04
700 5.27343750000000e-02 2.78091430664062e-03
701 9.57031250000000e-02 9.15908813476562e-03
702 9.03320312500000e-02 8.15987586975098e-03
703 1.56250000000000e-02 2.44140625000000e-04
704 5.32226562500000e-02 2.83265113830566e-03
705 4.78515625000000e-02 2.28977203369141e-03
706 1.44042968750000e-01 2.07483768463135e-02
707 4.73632812500000e-02 2.24328041076660e-03
708 1.41601562500000e-02 2.00510025024414e-04
709 3.46679687500000e-02 1.20186805725098e-03
710 6.59179687500000e-02 4.34517860412598e-03
711 1.07421875000000e-02 1.15394592285156e-04
712 2.78320312500000e-02 7.74621963500977e-04
713 2.88085937500000e-02 8.29935073852539e-04
714 2.97851562500000e-02 8.87155532836914e-04
715 7.76367187500000e-02 6.02746009826660e-03
716 1.99707031250000e-01 3.98828983306885e-02
717 1.80664062500000e-01 3.26395034790039e-02
718 1.12792968750000e-01 1.27222537994385e-02
719 1.66015625000000e-02 2.75611877441406e-04
720 9.27734375000000e-02 8.60691070556641e-03
721 4.44335937500000e-02 1.97434425354004e-03
722 6.49414062500000e-02 4.21738624572754e-03
723 4.98046875000000e-02 2.48050689697266e-03
724 2.14843750000000e-02 4.61578369140625e-04
725 3.22265625000000e-02 1.03855133056641e-03
726 4.54101562500000e-02 2.06208229064941e-03
727 3.75976562500000e-02 1.41358375549316e-03
728 1.05957031250000e-01 1.12268924713135e-02
729 1.16210937500000e-01 1.35049819946289e-02
730 1.09375000000000e-01 1.19628906250000e-02
731 5.61523437500000e-02 3.15308570861816e-03
732 8.05664062500000e-02 6.49094581604004e-03
733 5.61523437500000e-02 3.15308570861816e-03
734 8.05664062500000e-02 6.49094581604004e-03
735 1.00585937500000e-01 1.01175308227539e-02
736 8.83789062500000e-02 7.81083106994629e-03
737 1.01074218750000e-01 1.02159976959229e-02
738 7.22656250000000e-02 5.22232055664062e-03
739 1.34765625000000e-01 1.81617736816406e-02
740 1.50878906250000e-01 2.27644443511963e-02
741 7.03125000000000e-02 4.94384765625000e-03
742 1.38671875000000e-01 1.92298889160156e-02
743 1.10351562500000e-01 1.21774673461914e-02
744 1.31835937500000e-01 1.73807144165039e-02
745 1.47949218750000e-01 2.18889713287354e-02
746 1.77246093750000e-01 3.14161777496338e-02
747 1.83105468750000e-01 3.35276126861572e-02
748 1.65527343750000e-01 2.73993015289307e-02
749 1.07421875000000e-01 1.15394592285156e-02
750 5.46875000000000e-02 2.99072265625000e-03
751 2.05078125000000e-02 4.20570373535156e-04
752 2.00195312500000e-02 4.00781631469727e-04
753 4.83398437500000e-02 2.33674049377441e-03
754 1.16210937500000e-01 1.35049819946289e-02
755 1.98242187500000e-01 3.92999649047852e-02
756 1.71875000000000e-01 2.95410156250000e-02
757 1.40625000000000e-01 1.97753906250000e-02
758 1.44531250000000e-01 2.08892822265625e-02
759 1.68945312500000e-01 2.85425186157227e-02
760 2.50976562500000e-01 6.29892349243164e-02
761 2.65136718750000e-01 7.02974796295166e-02
762 2.17773437500000e-01 4.74252700805664e-02
763 2.13378906250000e-01 4.55305576324463e-02
764 2.26562500000000e-01 5.13305664062500e-02
765 3.18847656250000e-01 1.01663827896118e-01
766 2.87597656250000e-01 8.27124118804932e-02
767 3.04199218750000e-01 9.25371646881104e-02
768 2.38769531250000e-01 5.70108890533447e-02
769 2.38281250000000e-01 5.67779541015625e-02
770 2.76855468750000e-01 7.66489505767822e-02
771 3.12500000000000e-01 9.76562500000000e-02
772 2.62207031250000e-01 6.87525272369385e-02
773 2.17285156250000e-01 4.72128391265869e-02
774 2.15820312500000e-01 4.65784072875977e-02
775 2.83691406250000e-01 8.04808139801025e-02
776 2.64648437500000e-01 7.00387954711914e-02
777 3.06640625000000e-01 9.40284729003906e-02
778 2.00195312500000e-01 4.00781631469727e-02
779 2.31445312500000e-01 5.35669326782227e-02
780 2.46582031250000e-01 6.08026981353760e-02
781 2.43652343750000e-01 5.93664646148682e-02
782 2.24121093750000e-01 5.02302646636963e-02
783 1.88964843750000e-01 3.57077121734619e-02
784 1.49902343750000e-01 2.24707126617432e-02
785 1.30859375000000e-01 1.71241760253906e-02
786 8.54492187500000e-02 7.30156898498535e-03
787 1.06445312500000e-01 1.13306045532227e-02
788 9.52148437500000e-02 9.06586647033691e-03
789 7.08007812500000e-02 5.01275062561035e-03
790 1.23535156250000e-01 1.52609348297119e-02
791 1.46484375000000e-02 2.14576721191406e-04
792 5.41992187500000e-02 2.93755531311035e-03
793 1.26953125000000e-01 1.61170959472656e-02
794 1.40136718750000e-01 1.96382999420166e-02
795 1.83105468750000e-01 3.35276126861572e-02
796 8.54492187500000e-02 7.30156898498535e-03
797 9.27734375000000e-02 8.60691070556641e-03
798 1.15234375000000e-01 1.32789611816406e-02
799 2.83203125000000e-02 8.02040100097656e-04
800 6.83593750000000e-02 4.67300415039062e-03
801 5.22460937500000e-02 2.72965431213379e-03
802 8.05664062500000e-02 6.49094581604004e-03
803 6.88476562500000e-02 4.73999977111816e-03
804 1.46972656250000e-01 2.16009616851807e-02
805 1.46484375000000e-01 2.14576721191406e-02
806 1.76757812500000e-01 3.12433242797852e-02
807 1.86035156250000e-01 3.46090793609619e-02
808 2.30468750000000e-01 5.31158447265625e-02
809 2.33398437500000e-01 5.44748306274414e-02
810 3.07128906250000e-01 9.43281650543213e-02
811 2.56835937500000e-01 6.59646987915039e-02
812 3.06152343750000e-01 9.37292575836182e-02
813 3.34472656250000e-01 1.11871957778931e-01
814 3.11523437500000e-01 9.70468521118164e-02
815 3.08105468750000e-01 9.49289798736572e-02
816 2.96386718750000e-01 8.78450870513916e-02
817 2.97363281250000e-01 8.84249210357666e-02
818 2.98339843750000e-01 8.90066623687744e-02
819 2.75878906250000e-01 7.61091709136963e-02
820 2.76855468750000e-01 7.66489505767822e-02
821 3.13476562500000e-01 9.82675552368164e-02
822 3.21289062500000e-01 1.03226661682129e-01
823 2.02148437500000e-01 4.08639907836914e-02
824 1.78710937500000e-01 3.19375991821289e-02
825 2.06054687500000e-01 4.24585342407227e-02
826 2.14355468750000e-01 4.59482669830322e-02
827 2.01660156250000e-01 4.06668186187744e-02
828 2.67578125000000e-01 7.15980529785156e-02
829 2.46093750000000e-01 6.05621337890625e-02
830 2.45605468750000e-01 6.03220462799072e-02
831 2.68554687500000e-01 7.21216201782227e-02
832 2.31933593750000e-01 5.37931919097900e-02
833 1.69433593750000e-01 2.87077426910400e-02
834 1.02050781250000e-01 1.04143619537354e-02
835 1.13281250000000e-01 1.28326416015625e-02
836 9.32617187500000e-02 8.69774818420410e-03
837 3.41796875000000e-02 1.16825103759766e-03
838 4.88281250000000e-03 2.38418579101562e-05
839 5.37109375000000e-03 2.88486480712891e-05
840 2.83203125000000e-02 8.02040100097656e-04
841 2.78320312500000e-02 7.74621963500977e-04
842 9.08203125000000e-02 8.24832916259766e-03
843 1.49902343750000e-01 2.24707126617432e-02
844 1.29882812500000e-01 1.68695449829102e-02
845 3.90625000000000e-02 1.52587890625000e-03
846 5.37109375000000e-02 2.88486480712891e-03
847 1.04003906250000e-01 1.08168125152588e-02
848 9.76562500000000e-02 9.53674316406250e-03
849 4.44335937500000e-02 1.97434425354004e-03
850 4.88281250000000e-02 2.38418579101562e-03
851 1.07421875000000e-01 1.15394592285156e-02
852 2.63671875000000e-02 6.95228576660156e-04
853 1.02539062500000e-02 1.05142593383789e-04
854 3.71093750000000e-02 1.37710571289062e-03
855 5.41992187500000e-02 2.93755531311035e-03
856 9.22851562500000e-02 8.51655006408691e-03
857 4.24804687500000e-02 1.80459022521973e-03
858 7.27539062500000e-02 5.29313087463379e-03
859 1.60156250000000e-01 2.56500244140625e-02
860 1.90917968750000e-01 3.64496707916260e-02
861 2.18750000000000e-01 4.78515625000000e-02
862 1.57714843750000e-01 2.48739719390869e-02
863 1.90429687500000e-01 3.62634658813477e-02
864 2.23632812500000e-01 5.00116348266602e-02
865 2.11914062500000e-01 4.49075698852539e-02
866 2.38769531250000e-01 5.70108890533447e-02
867 2.70019531250000e-01 7.29105472564697e-02
868 2.85644531250000e-01 8.15927982330322e-02
869 2.89550781250000e-01 8.38396549224854e-02
870 2.72460937500000e-01 7.42349624633789e-02
871 2.60253906250000e-01 6.77320957183838e-02
872 2.67578125000000e-01 7.15980529785156e-02
873 2.18261718750000e-01 4.76381778717041e-02
874 1.64550781250000e-01 2.70769596099854e-02
875 1.54785156250000e-01 2.39584445953369e-02
876 2.13867187500000e-01 4.57391738891602e-02
877 2.23632812500000e-01 5.00116348266602e-02
878 2.61718750000000e-01 6.84967041015625e-02
879 2.52929687500000e-01 6.39734268188477e-02
880 2.02148437500000e-01 4.08639907836914e-02
881 2.32421875000000e-01 5.40199279785156e-02
882 2.64160156250000e-01 6.97805881500244e-02
883 2.30957031250000e-01 5.33411502838135e-02
884 2.58300781250000e-01 6.67192935943604e-02
885 2.64648437500000e-01 7.00387954711914e-02
886 3.24218750000000e-01 1.05117797851562e-01
887 3.18847656250000e-01 1.01663827896118e-01
888 4.48242187500000e-01 2.00921058654785e-01
889 4.60449218750000e-01 2.12013483047485e-01
890 4.17968750000000e-01 1.74697875976562e-01
891 4.11621093750000e-01 1.69431924819946e-01
892 3.64746093750000e-01 1.33039712905884e-01
893 4.03320312500000e-01 1.62667274475098e-01
894 4.51171875000000e-01 2.03556060791016e-01
895 4.30175781250000e-01 1.85051202774048e-01
896 4.70703125000000e-01 2.21561431884766e-01
897 3.80859375000000e-01 1.45053863525391e-01
898 4.70214843750000e-01 2.21101999282837e-01
899 4.94628906250000e-01 2.44657754898071e-01
900 4.87792968750000e-01 2.37941980361938e-01
901 4.92675781250000e-01 2.42729425430298e-01
902 4.91210937500000e-01 2.41288185119629e-01
903 4.20410156250000e-01 1.76744699478149e-01
904 4.73632812500000e-01 2.24328041076660e-01
905 5.07324218750000e-01 2.57377862930298e-01
906 5.05859375000000e-01 2.55893707275391e-01
907 5.45898437500000e-01 2.98005104064941e-01
908 4.78515625000000e-01 2.28977203369141e-01
909 4.93652343750000e-01 2.43692636489868e-01
910 4.81933593750000e-01 2.32259988784790e-01
911 4.96093750000000e-01 2.46109008789062e-01
912 4.84863281250000e-01 2.35092401504517e-01
913 5.84960937500000e-01 3.42179298400879e-01
914 5.40527343750000e-01 2.92169809341431e-01
915 5.80566406250000e-01 3.37057352066040e-01
916 6.35253906250000e-01 4.03547525405884e-01
917 5.98632812500000e-01 3.58361244201660e-01
918 6.58691406250000e-01 4.33874368667603e-01
919 6.85546875000000e-01 4.69974517822266e-01
920 6.70410156250000e-01 4.49449777603149e-01
921 6.96289062500000e-01 4.84818458557129e-01
922 6.81152343750000e-01 4.63968515396118e-01
923 6.88476562500000e-01 4.73999977111816e-01
924 6.66015625000000e-01 4.43576812744141e-01
925 6.73828125000000e-01 4.54044342041016e-01
926 6.18164062500000e-01 3.82126808166504e-01
927 6.08886718750000e-01 3.70743036270142e-01
928 6.41113281250000e-01 4.11026239395142e-01
929 7.29980468750000e-01 5.32871484756470e-01
930 7.18750000000000e-01 5.16601562500000e-01
931 6.50390625000000e-01 4.23007965087891e-01
932 6.86035156250000e-01 4.70644235610962e-01
933 6.01074218750000e-01 3.61290216445923e-01
934 5.47363281250000e-01 2.99606561660767e-01
935 5.79589843750000e-01 3.35924386978149e-01
936 5.62988281250000e-01 3.16955804824829e-01
937 5.87402343750000e-01 3.45041513442993e-01
938 6.18652343750000e-01 3.82730722427368e-01
939 6.15722656250000e-01 3.79114389419556e-01
940 5.53710937500000e-01 3.06595802307129e-01
941 4.79492187500000e-01 2.29912757873535e-01
942 6.03027343750000e-01 3.63641977310181e-01
943 6.10351562500000e-01 3.72529029846191e-01
944 6.36718750000000e-01 4.05410766601562e-01
945 6.47949218750000e-01 4.19838190078735e-01
946 6.53808593750000e-01 4.27465677261353e-01
947 6.63085937500000e-01 4.39682960510254e-01
948 7.17285156250000e-01 5.14497995376587e-01
949 7.02148437500000e-01 4.93012428283691e-01
950 7.02636718750000e-01 4.93698358535767e-01
951 7.24609375000000e-01 5.25058746337891e-01
952 7.59765625000000e-01 5.77243804931641e-01
953 7.54882812500000e-01 5.69848060607910e-01
954 7.04589843750000e-01 4.96446847915649e-01
955 6.81152343750000e-01 4.63968515396118e-01
956 6.94335937500000e-01 4.82102394104004e-01
957 6.87988281250000e-01 4.73327875137329e-01
958 6.58691406250000e-01 4.33874368667603e-01
959 6.77734375000000e-01 4.59323883056641e-01
960 6.63574218750000e-01 4.40330743789673e-01
961 6.77246093750000e-01 4.58662271499634e-01
962 7.08984375000000e-01 5.02658843994141e-01
963 7.04589843750000e-01 4.96446847915649e-01
964 6.61132812500000e-01 4.37096595764160e-01
965 6.61132812500000e-01 4.37096595764160e-01
966 6.34277343750000e-01 4.02307748794556e-01
967 6.00097656250000e-01 3.60117197036743e-01
968 5.66894531250000e-01 3.21369409561157e-01
969 6.35253906250000e-01 4.03547525405884e-01
970 6.39648437500000e-01 4.09150123596191e-01
971 6.34277343750000e-01 4.02307748794556e-01
972 6.46972656250000e-01 4.18573617935181e-01
973 6.83593750000000e-01 4.67300415039062e-01
974 6.30371093750000e-01 3.97367715835571e-01
975 6.47460937500000e-01 4.19205665588379e-01
976 6.88476562500000e-01 4.73999977111816e-01
977 6.64062500000000e-01 4.40979003906250e-01
978 6.40625000000000e-01 4.10400390625000e-01
979 6.73828125000000e-01 4.54044342041016e-01
980 7.02636718750000e-01 4.93698358535767e-01
981 7.61718750000000e-01 5.80215454101562e-01
982 7.61230468750000e-01 5.79471826553345e-01
983 7.26562500000000e-01 5.27893066406250e-01
984 7.29492187500000e-01 5.32158851623535e-01
985 6.62109375000000e-01 4.38388824462891e-01
986 6.24023437500000e-01 3.89405250549316e-01
987 5.93261718750000e-01 3.51959466934204e-01
988 5.66894531250000e-01 3.21369409561157e-01
989 5.62500000000000e-01 3.16406250000000e-01
990 5.55175781250000e-01 3.08220148086548e-01
991 5.07324218750000e-01 2.57377862930298e-01
992 5.93261718750000e-01 3.51959466934204e-01
993 5.77148437500000e-01 3.33100318908691e-01
994 5.95703125000000e-01 3.54862213134766e-01
995 5.83007812500000e-01 3.39898109436035e-01
996 6.53320312500000e-01 4.26827430725098e-01
997 6.17187500000000e-01 3.80920410156250e-01
998 5.36132812500000e-01 2.87438392639160e-01
999 5.63964843750000e-01 3.18056344985962e-01
