0 4.73632812500000e-01 2.24328041076660e-01
1 4.55078125000000e-01 2.07096099853516e-01
2 4.93652343750000e-01 2.43692636489868e-01
3 5.11718750000000e-01 2.61856079101562e-01
4 5.21972656250000e-01 2.72455453872681e-01
5 5.42480468750000e-01 2.94285058975220e-01
6 5.77148437500000e-01 3.33100318908691e-01
7 6.16210937500000e-01 3.79715919494629e-01
8 6.00097656250000e-01 3.60117197036743e-01
9 5.53222656250000e-01 3.06055307388306e-01
10 5.28320312500000e-01 2.79122352600098e-01
11 5.29296875000000e-01 2.80155181884766e-01
12 5.36621093750000e-01 2.87962198257446e-01
13 5.72753906250000e-01 3.28047037124634e-01
14 5.23925781250000e-01 2.74498224258423e-01
15 4.76562500000000e-01 2.27111816406250e-01
16 4.86328125000000e-01 2.36515045166016e-01
17 4.64843750000000e-01 2.16079711914062e-01
18 4.78027343750000e-01 2.28510141372681e-01
19 4.80468750000000e-01 2.30850219726562e-01
20 5.04882812500000e-01 2.54906654357910e-01
21 5.30273437500000e-01 2.81189918518066e-01
22 4.61425781250000e-01 2.12913751602173e-01
23 4.26757812500000e-01 1.82122230529785e-01
24 4.74609375000000e-01 2.25254058837891e-01
25 4.78027343750000e-01 2.28510141372681e-01
26 4.66796875000000e-01 2.17899322509766e-01
27 4.21875000000000e-01 1.77978515625000e-01
28 4.00390625000000e-01 1.60312652587891e-01
29 4.22851562500000e-01 1.78803443908691e-01
30 4.15039062500000e-01 1.72257423400879e-01
31 3.97460937500000e-01 1.57975196838379e-01
32 3.63769531250000e-01 1.32328271865845e-01
33 4.00878906250000e-01 1.60703897476196e-01
34 4.61425781250000e-01 2.12913751602173e-01
35 4.86328125000000e-01 2.36515045166016e-01
36 4.69726562500000e-01 2.20643043518066e-01
37 4.66796875000000e-01 2.17899322509766e-01
38 4.96093750000000e-01 2.46109008789062e-01
39 5.30273437500000e-01 2.81189918518066e-01
40 5.66406250000000e-01 3.20816040039062e-01
41 5.94726562500000e-01 3.53699684143066e-01
42 5.81542968750000e-01 3.38192224502563e-01
43 5.20996093750000e-01 2.71436929702759e-01
44 5.14160156250000e-01 2.64360666275024e-01
45 4.86328125000000e-01 2.36515045166016e-01
46 4.34570312500000e-01 1.88851356506348e-01
47 5.40527343750000e-01 2.92169809341431e-01
48 5.14160156250000e-01 2.64360666275024e-01
49 5.17578125000000e-01 2.67887115478516e-01
50 5.46386718750000e-01 2.98538446426392e-01
51 4.79003906250000e-01 2.29444742202759e-01
52 5.34179687500000e-01 2.85347938537598e-01
53 5.21972656250000e-01 2.72455453872681e-01
54 4.72656250000000e-01 2.23403930664062e-01
55 4.56542968750000e-01 2.08431482315063e-01
56 4.11132812500000e-01 1.69030189514160e-01
57 4.20898437500000e-01 1.77155494689941e-01
58 4.66796875000000e-01 2.17899322509766e-01
59 4.17480468750000e-01 1.74289941787720e-01
60 4.18945312500000e-01 1.75515174865723e-01
61 3.90625000000000e-01 1.52587890625000e-01
62 3.95019531250000e-01 1.56040430068970e-01
63 3.46191406250000e-01 1.19848489761353e-01
64 3.84277343750000e-01 1.47669076919556e-01
65 3.28613281250000e-01 1.07986688613892e-01
66 3.67675781250000e-01 1.35185480117798e-01
67 3.74023437500000e-01 1.39893531799316e-01
68 2.93945312500000e-01 8.64038467407227e-02
69 2.76367187500000e-01 7.63788223266602e-02
70 2.32421875000000e-01 5.40199279785156e-02
71 3.34960937500000e-01 1.12198829650879e-01
72 3.24218750000000e-01 1.05117797851562e-01
73 2.95898437500000e-01 8.75558853149414e-02
74 1.92871093750000e-01 3.71992588043213e-02
75 1.52343750000000e-01 2.32086181640625e-02
76 1.40625000000000e-01 1.97753906250000e-02
77 1.24023437500000e-01 1.53818130493164e-02
78 1.28906250000000e-01 1.66168212890625e-02
79 1.30371093750000e-01 1.69966220855713e-02
80 1.85058593750000e-01 3.42466831207275e-02
81 1.55273437500000e-01 2.41098403930664e-02
82 1.94824218750000e-01 3.79564762115479e-02
83 2.34375000000000e-01 5.49316406250000e-02
84 1.82128906250000e-01 3.31709384918213e-02
85 1.80175781250000e-01 3.24633121490479e-02
86 1.98242187500000e-01 3.92999649047852e-02
87 1.16210937500000e-01 1.35049819946289e-02
88 1.16210937500000e-01 1.35049819946289e-02
89 7.37304687500000e-02 5.43618202209473e-03
90 7.12890625000000e-02 5.08213043212891e-03
91 7.95898437500000e-02 6.33454322814941e-03
92 8.39843750000000e-02 7.05337524414062e-03
93 2.44140625000000e-02 5.96046447753906e-04
94 1.80664062500000e-02 3.26395034790039e-04
95 4.63867187500000e-02 2.15172767639160e-03
96 1.27929687500000e-01 1.63660049438477e-02
97 1.46972656250000e-01 2.16009616851807e-02
98 4.78515625000000e-02 2.28977203369141e-03
99 3.41796875000000e-03 1.16825103759766e-05
100 8.69140625000000e-02 7.55405426025391e-03
101 1.04980468750000e-01 1.10208988189697e-02
102 1.17187500000000e-01 1.37329101562500e-02
103 1.55761718750000e-01 2.42617130279541e-02
104 1.70898437500000e-01 2.92062759399414e-02
105 1.95800781250000e-01 3.83379459381104e-02
106 1.98730468750000e-01 3.94937992095947e-02
107 1.35253906250000e-01 1.82936191558838e-02
108 3.56445312500000e-02 1.27053260803223e-03
109 3.07617187500000e-02 9.46283340454102e-04
110 6.73828125000000e-02 4.54044342041016e-03
111 1.15234375000000e-01 1.32789611816406e-02
112 9.17968750000000e-02 8.42666625976562e-03
113 1.02539062500000e-02 1.05142593383789e-04
114 8.30078125000000e-03 6.89029693603516e-05
115 2.39257812500000e-02 5.72443008422852e-04
116 5.51757812500000e-02 3.04436683654785e-03
117 1.90429687500000e-02 3.62634658813477e-04
118 5.85937500000000e-02 3.43322753906250e-03
119 1.72851562500000e-01 2.98776626586914e-02
120 1.94824218750000e-01 3.79564762115479e-02
121 2.34375000000000e-01 5.49316406250000e-02
122 2.73437500000000e-01 7.47680664062500e-02
123 2.76855468750000e-01 7.66489505767822e-02
124 2.88085937500000e-01 8.29935073852539e-02
125 3.19335937500000e-01 1.01975440979004e-01
126 2.73437500000000e-01 7.47680664062500e-02
127 3.39843750000000e-01 1.15493774414062e-01
128 4.17480468750000e-01 1.74289941787720e-01
129 3.24707031250000e-01 1.05434656143188e-01
130 3.12988281250000e-01 9.79616641998291e-02
131 2.73437500000000e-01 7.47680664062500e-02
132 3.13964843750000e-01 9.85739231109619e-02
133 1.69921875000000e-01 2.88734436035156e-02
134 1.77246093750000e-01 3.14161777496338e-02
135 1.92871093750000e-01 3.71992588043213e-02
136 1.40625000000000e-01 1.97753906250000e-02
137 1.98242187500000e-01 3.92999649047852e-02
138 2.22656250000000e-01 4.95758056640625e-02
139 1.98730468750000e-01 3.94937992095947e-02
140 2.15332031250000e-01 4.63678836822510e-02
141 2.02636718750000e-01 4.10616397857666e-02
142 1.79687500000000e-01 3.22875976562500e-02
143 2.43652343750000e-01 5.93664646148682e-02
144 2.46582031250000e-01 6.08026981353760e-02
145 1.97753906250000e-01 3.91066074371338e-02
146 2.24609375000000e-01 5.04493713378906e-02
147 2.13378906250000e-01 4.55305576324463e-02
148 2.70507812500000e-01 7.31744766235352e-02
149 2.75390625000000e-01 7.58399963378906e-02
150 1.88964843750000e-01 3.57077121734619e-02
151 2.13867187500000e-01 4.57391738891602e-02
152 2.81250000000000e-01 7.91015625000000e-02
153 2.85156250000000e-01 8.13140869140625e-02
154 3.11523437500000e-01 9.70468521118164e-02
155 3.12500000000000e-01 9.76562500000000e-02
156 3.33007812500000e-01 1.10894203186035e-01
157 3.77441406250000e-01 1.42462015151978e-01
158 3.55957031250000e-01 1.26705408096313e-01
159 4.35546875000000e-01 1.89701080322266e-01
160 4.16015625000000e-01 1.73069000244141e-01
161 4.31640625000000e-01 1.86313629150391e-01
162 4.45800781250000e-01 1.98738336563110e-01
163 4.74121093750000e-01 2.24790811538696e-01
164 4.55566406250000e-01 2.07540750503540e-01
165 4.46289062500000e-01 1.99173927307129e-01
166 4.08691406250000e-01 1.67028665542603e-01
167 4.08203125000000e-01 1.66629791259766e-01
168 4.11621093750000e-01 1.69431924819946e-01
169 3.91113281250000e-01 1.52969598770142e-01
170 3.70117187500000e-01 1.36986732482910e-01
171 3.88183593750000e-01 1.50686502456665e-01
172 3.19824218750000e-01 1.02287530899048e-01
173 3.11035156250000e-01 9.67428684234619e-02
174 3.33007812500000e-01 1.10894203186035e-01
175 3.14453125000000e-01 9.88807678222656e-02
176 3.35449218750000e-01 1.12526178359985e-01
177 3.80859375000000e-01 1.45053863525391e-01
178 3.69628906250000e-01 1.36625528335571e-01
179 3.86230468750000e-01 1.49173974990845e-01
180 2.85156250000000e-01 8.13140869140625e-02
181 2.39746093750000e-01 5.74781894683838e-02
182 3.33496093750000e-01 1.11219644546509e-01
183 2.85156250000000e-01 8.13140869140625e-02
184 2.66113281250000e-01 7.08162784576416e-02
185 3.04687500000000e-01 9.28344726562500e-02
186 3.14453125000000e-01 9.88807678222656e-02
187 3.75976562500000e-01 1.41358375549316e-01
188 3.57910156250000e-01 1.28099679946899e-01
189 3.46679687500000e-01 1.20186805725098e-01
190 3.40820312500000e-01 1.16158485412598e-01
191 3.10546875000000e-01 9.64393615722656e-02
192 3.33984375000000e-01 1.11545562744141e-01
193 3.57421875000000e-01 1.27750396728516e-01
194 3.36914062500000e-01 1.13511085510254e-01
195 3.37402343750000e-01 1.13840341567993e-01
196 3.80371093750000e-01 1.44682168960571e-01
197 4.26757812500000e-01 1.82122230529785e-01
198 4.38476562500000e-01 1.92261695861816e-01
199 4.21875000000000e-01 1.77978515625000e-01
200 4.57031250000000e-01 2.08877563476562e-01
201 4.21386718750000e-01 1.77566766738892e-01
202 4.18457031250000e-01 1.75106287002563e-01
203 3.93554687500000e-01 1.54885292053223e-01
204 4.68750000000000e-01 2.19726562500000e-01
205 4.09667968750000e-01 1.67827844619751e-01
206 3.81835937500000e-01 1.45798683166504e-01
207 3.55957031250000e-01 1.26705408096313e-01
208 3.43750000000000e-01 1.18164062500000e-01
209 3.97949218750000e-01 1.58363580703735e-01
210 4.20410156250000e-01 1.76744699478149e-01
211 4.48242187500000e-01 2.00921058654785e-01
212 5.16601562500000e-01 2.66877174377441e-01
213 4.79003906250000e-01 2.29444742202759e-01
214 5.17578125000000e-01 2.67887115478516e-01
215 5.41015625000000e-01 2.92697906494141e-01
216 5.33691406250000e-01 2.84826517105103e-01
217 5.40527343750000e-01 2.92169809341431e-01
218 6.16699218750000e-01 3.80317926406860e-01
219 5.81054687500000e-01 3.37624549865723e-01
220 6.11816406250000e-01 3.74319314956665e-01
221 6.71386718750000e-01 4.50760126113892e-01
222 6.78222656250000e-01 4.59985971450806e-01
223 7.44628906250000e-01 5.54472208023071e-01
224 7.46582031250000e-01 5.57384729385376e-01
225 7.29980468750000e-01 5.32871484756470e-01
226 7.23632812500000e-01 5.23644447326660e-01
227 7.46582031250000e-01 5.57384729385376e-01
228 7.37304687500000e-01 5.43618202209473e-01
229 7.86132812500000e-01 6.18004798889160e-01
230 7.64648437500000e-01 5.84687232971191e-01
231 7.77832031250000e-01 6.05022668838501e-01
232 8.15917968750000e-01 6.65722131729126e-01
233 8.00781250000000e-01 6.41250610351562e-01
234 7.33398437500000e-01 5.37873268127441e-01
235 6.98242187500000e-01 4.87542152404785e-01
236 7.25585937500000e-01 5.26474952697754e-01
237 6.78710937500000e-01 4.60648536682129e-01
238 6.63085937500000e-01 4.39682960510254e-01
239 5.99609375000000e-01 3.59531402587891e-01
240 5.38574218750000e-01 2.90062189102173e-01
241 5.40527343750000e-01 2.92169809341431e-01
242 5.30761718750000e-01 2.81708002090454e-01
243 4.64843750000000e-01 2.16079711914062e-01
244 5.20019531250000e-01 2.70420312881470e-01
245 5.09765625000000e-01 2.59860992431641e-01
246 5.06347656250000e-01 2.56387948989868e-01
247 5.02441406250000e-01 2.52447366714478e-01
248 4.63378906250000e-01 2.14720010757446e-01
249 4.49218750000000e-01 2.01797485351562e-01
250 4.27246093750000e-01 1.82539224624634e-01
251 4.67285156250000e-01 2.18355417251587e-01
252 4.71679687500000e-01 2.22481727600098e-01
253 4.36523437500000e-01 1.90552711486816e-01
254 4.67773437500000e-01 2.18811988830566e-01
255 4.16992187500000e-01 1.73882484436035e-01
256 4.61425781250000e-01 2.12913751602173e-01
257 4.29687500000000e-01 1.84631347656250e-01
258 5.11230468750000e-01 2.61356592178345e-01
259 4.94628906250000e-01 2.44657754898071e-01
260 5.00976562500000e-01 2.50977516174316e-01
261 4.83398437500000e-01 2.33674049377441e-01
262 4.79492187500000e-01 2.29912757873535e-01
263 4.35546875000000e-01 1.89701080322266e-01
264 4.48730468750000e-01 2.01359033584595e-01
265 4.84863281250000e-01 2.35092401504517e-01
266 4.46289062500000e-01 1.99173927307129e-01
267 4.40429687500000e-01 1.93978309631348e-01
268 3.94531250000000e-01 1.55654907226562e-01
269 4.17480468750000e-01 1.74289941787720e-01
270 4.47753906250000e-01 2.00483560562134e-01
271 4.72656250000000e-01 2.23403930664062e-01
272 4.84863281250000e-01 2.35092401504517e-01
273 3.75000000000000e-01 1.40625000000000e-01
274 3.69140625000000e-01 1.36264801025391e-01
275 3.40820312500000e-01 1.16158485412598e-01
276 3.65234375000000e-01 1.33396148681641e-01
277 4.22851562500000e-01 1.78803443908691e-01
278 4.87792968750000e-01 2.37941980361938e-01
279 5.20019531250000e-01 2.70420312881470e-01
280 5.18066406250000e-01 2.68392801284790e-01
281 5.91796875000000e-01 3.50223541259766e-01
282 6.30859375000000e-01 3.97983551025391e-01
283 7.04589843750000e-01 4.96446847915649e-01
284 6.48925781250000e-01 4.21104669570923e-01
285 6.67968750000000e-01 4.46182250976562e-01
286 6.62597656250000e-01 4.39035654067993e-01
287 6.24023437500000e-01 3.89405250549316e-01
288 5.72265625000000e-01 3.27487945556641e-01
289 5.63476562500000e-01 3.17505836486816e-01
290 6.11816406250000e-01 3.74319314956665e-01
291 5.12695312500000e-01 2.62856483459473e-01
292 5.62500000000000e-01 3.16406250000000e-01
293 5.75683593750000e-01 3.31411600112915e-01
294 5.49804687500000e-01 3.02285194396973e-01
295 5.60058593750000e-01 3.13665628433228e-01
296 5.83984375000000e-01 3.41037750244141e-01
297 6.26464843750000e-01 3.92458200454712e-01
298 6.58691406250000e-01 4.33874368667603e-01
299 6.20605468750000e-01 3.85151147842407e-01
300 6.88476562500000e-01 4.73999977111816e-01
301 6.85058593750000e-01 4.69305276870728e-01
302 6.10839843750000e-01 3.73125314712524e-01
303 5.75195312500000e-01 3.30849647521973e-01
304 5.54199218750000e-01 3.07136774063110e-01
305 5.26367187500000e-01 2.77062416076660e-01
306 4.58496093750000e-01 2.10218667984009e-01
307 4.37011718750000e-01 1.90979242324829e-01
308 5.25390625000000e-01 2.76035308837891e-01
309 4.78027343750000e-01 2.28510141372681e-01
310 4.66796875000000e-01 2.17899322509766e-01
311 4.96093750000000e-01 2.46109008789062e-01
312 5.31738281250000e-01 2.82745599746704e-01
313 4.73632812500000e-01 2.24328041076660e-01
314 4.83886718750000e-01 2.34146356582642e-01
315 5.16601562500000e-01 2.66877174377441e-01
316 4.92675781250000e-01 2.42729425430298e-01
317 4.31640625000000e-01 1.86313629150391e-01
318 4.40917968750000e-01 1.94408655166626e-01
319 4.46289062500000e-01 1.99173927307129e-01
320 4.81445312500000e-01 2.31789588928223e-01
321 4.97558593750000e-01 2.47564554214478e-01
322 4.67773437500000e-01 2.18811988830566e-01
323 4.29687500000000e-01 1.84631347656250e-01
324 4.68261718750000e-01 2.19269037246704e-01
325 4.93652343750000e-01 2.43692636489868e-01
326 4.58007812500000e-01 2.09771156311035e-01
327 4.49707031250000e-01 2.02236413955688e-01
328 4.60449218750000e-01 2.12013483047485e-01
329 4.77050781250000e-01 2.27577447891235e-01
330 4.13085937500000e-01 1.70639991760254e-01
331 4.16015625000000e-01 1.73069000244141e-01
332 4.73144531250000e-01 2.23865747451782e-01
333 4.29687500000000e-01 1.84631347656250e-01
334 5.33203125000000e-01 2.84305572509766e-01
335 5.90820312500000e-01 3.49068641662598e-01
336 5.95703125000000e-01 3.54862213134766e-01
337 5.82031250000000e-01 3.38760375976562e-01
338 6.68945312500000e-01 4.47487831115723e-01
339 6.68457031250000e-01 4.46834802627563e-01
340 7.04101562500000e-01 4.95759010314941e-01
341 7.24609375000000e-01 5.25058746337891e-01
342 6.91406250000000e-01 4.78042602539062e-01
343 6.89941406250000e-01 4.76019144058228e-01
344 6.70410156250000e-01 4.49449777603149e-01
345 6.52343750000000e-01 4.25552368164062e-01
346 6.62597656250000e-01 4.39035654067993e-01
347 7.05566406250000e-01 4.97823953628540e-01
348 7.42675781250000e-01 5.51567316055298e-01
349 6.78710937500000e-01 4.60648536682129e-01
350 6.52343750000000e-01 4.25552368164062e-01
351 6.19628906250000e-01 3.83939981460571e-01
352 5.94726562500000e-01 3.53699684143066e-01
353 5.65917968750000e-01 3.20263147354126e-01
354 6.38183593750000e-01 4.07278299331665e-01
355 6.10839843750000e-01 3.73125314712524e-01
356 5.81542968750000e-01 3.38192224502563e-01
357 5.82031250000000e-01 3.38760375976562e-01
358 5.89843750000000e-01 3.47915649414062e-01
359 6.73339843750000e-01 4.53386545181274e-01
360 6.66503906250000e-01 4.44227457046509e-01
361 5.91796875000000e-01 3.50223541259766e-01
362 5.49316406250000e-01 3.01748514175415e-01
363 5.10253906250000e-01 2.60359048843384e-01
364 4.59472656250000e-01 2.11115121841431e-01
365 5.47363281250000e-01 2.99606561660767e-01
366 5.76171875000000e-01 3.31974029541016e-01
367 5.52246093750000e-01 3.04975748062134e-01
368 6.09375000000000e-01 3.71337890625000e-01
369 5.47851562500000e-01 3.00141334533691e-01
370 4.89746093750000e-01 2.39851236343384e-01
371 4.33593750000000e-01 1.88003540039062e-01
372 4.04785156250000e-01 1.63851022720337e-01
373 4.28710937500000e-01 1.83793067932129e-01
374 3.75488281250000e-01 1.40991449356079e-01
375 4.44824218750000e-01 1.97868585586548e-01
376 4.18945312500000e-01 1.75515174865723e-01
377 3.70605468750000e-01 1.37348413467407e-01
378 4.12109375000000e-01 1.69834136962891e-01
379 4.56054687500000e-01 2.07985877990723e-01
380 4.68261718750000e-01 2.19269037246704e-01
381 4.49218750000000e-01 2.01797485351562e-01
382 4.25781250000000e-01 1.81289672851562e-01
383 4.41406250000000e-01 1.94839477539062e-01
384 4.57031250000000e-01 2.08877563476562e-01
385 4.59960937500000e-01 2.11564064025879e-01
386 4.87304687500000e-01 2.37465858459473e-01
387 4.41894531250000e-01 1.95270776748657e-01
388 4.30664062500000e-01 1.85471534729004e-01
389 4.57031250000000e-01 2.08877563476562e-01
390 4.29199218750000e-01 1.84211969375610e-01
391 5.02929687500000e-01 2.52938270568848e-01
392 5.78125000000000e-01 3.34228515625000e-01
393 5.32226562500000e-01 2.83265113830566e-01
394 5.30761718750000e-01 2.81708002090454e-01
395 6.01074218750000e-01 3.61290216445923e-01
396 6.25976562500000e-01 3.91846656799316e-01
397 6.44531250000000e-01 4.15420532226562e-01
398 6.26464843750000e-01 3.92458200454712e-01
399 6.31835937500000e-01 3.99216651916504e-01
400 6.76757812500000e-01 4.58001136779785e-01
401 5.88867187500000e-01 3.46764564514160e-01
402 5.72265625000000e-01 3.27487945556641e-01
403 5.06835937500000e-01 2.56882667541504e-01
404 5.25878906250000e-01 2.76548624038696e-01
405 5.63964843750000e-01 3.18056344985962e-01
406 6.04003906250000e-01 3.64820718765259e-01
407 6.38183593750000e-01 4.07278299331665e-01
408 6.25000000000000e-01 3.90625000000000e-01
409 6.28417968750000e-01 3.94909143447876e-01
410 6.55273437500000e-01 4.29383277893066e-01
411 6.63574218750000e-01 4.40330743789673e-01
412 7.25097656250000e-01 5.25766611099243e-01
413 6.89941406250000e-01 4.76019144058228e-01
414 6.84570312500000e-01 4.68636512756348e-01
415 6.72363281250000e-01 4.52072381973267e-01
416 6.88476562500000e-01 4.73999977111816e-01
417 6.62109375000000e-01 4.38388824462891e-01
418 6.38183593750000e-01 4.07278299331665e-01
419 6.12792968750000e-01 3.75515222549438e-01
420 6.37695312500000e-01 4.06655311584473e-01
421 5.76171875000000e-01 3.31974029541016e-01
422 4.85839843750000e-01 2.36040353775024e-01
423 5.41992187500000e-01 2.93755531311035e-01
424 4.96582031250000e-01 2.46593713760376e-01
425 4.70214843750000e-01 2.21101999282837e-01
426 4.49707031250000e-01 2.02236413955688e-01
427 5.20996093750000e-01 2.71436929702759e-01
428 4.88281250000000e-01 2.38418579101562e-01
429 4.97558593750000e-01 2.47564554214478e-01
430 4.93164062500000e-01 2.43210792541504e-01
431 4.55566406250000e-01 2.07540750503540e-01
432 4.44335937500000e-01 1.97434425354004e-01
433 4.68261718750000e-01 2.19269037246704e-01
434 4.99511718750000e-01 2.49511957168579e-01
435 5.36132812500000e-01 2.87438392639160e-01
436 5.59082031250000e-01 3.12572717666626e-01
437 5.14648437500000e-01 2.64863014221191e-01
438 5.89355468750000e-01 3.47339868545532e-01
439 5.22949218750000e-01 2.73475885391235e-01
440 5.84472656250000e-01 3.41608285903931e-01
441 5.32226562500000e-01 2.83265113830566e-01
442 6.02539062500000e-01 3.63053321838379e-01
443 5.86914062500000e-01 3.44468116760254e-01
444 6.36718750000000e-01 4.05410766601562e-01
445 5.99609375000000e-01 3.59531402587891e-01
446 5.67871093750000e-01 3.22477579116821e-01
447 5.34667968750000e-01 2.85869836807251e-01
448 5.25878906250000e-01 2.76548624038696e-01
449 5.30761718750000e-01 2.81708002090454e-01
450 5.25878906250000e-01 2.76548624038696e-01
451 4.67285156250000e-01 2.18355417251587e-01
452 4.97558593750000e-01 2.47564554214478e-01
453 5.40527343750000e-01 2.92169809341431e-01
454 5.48828125000000e-01 3.01212310791016e-01
455 5.94726562500000e-01 3.53699684143066e-01
456 5.89355468750000e-01 3.47339868545532e-01
457 5.64941406250000e-01 3.19158792495728e-01
458 5.65429687500000e-01 3.19710731506348e-01
459 6.04003906250000e-01 3.64820718765259e-01
460 6.35253906250000e-01 4.03547525405884e-01
461 6.34277343750000e-01 4.02307748794556e-01
462 6.47460937500000e-01 4.19205665588379e-01
463 6.62597656250000e-01 4.39035654067993e-01
464 7.02148437500000e-01 4.93012428283691e-01
465 6.39160156250000e-01 4.08525705337524e-01
466 6.51367187500000e-01 4.24279212951660e-01
467 6.37695312500000e-01 4.06655311584473e-01
468 6.58691406250000e-01 4.33874368667603e-01
469 7.05566406250000e-01 4.97823953628540e-01
470 6.83105468750000e-01 4.66633081436157e-01
471 6.57226562500000e-01 4.31946754455566e-01
472 6.69433593750000e-01 4.48141336441040e-01
473 7.02148437500000e-01 4.93012428283691e-01
474 6.93359375000000e-01 4.80747222900391e-01
475 6.86035156250000e-01 4.70644235610962e-01
476 6.88476562500000e-01 4.73999977111816e-01
477 7.66601562500000e-01 5.87677955627441e-01
478 7.03125000000000e-01 4.94384765625000e-01
479 7.01660156250000e-01 4.92326974868774e-01
480 6.43554687500000e-01 4.14162635803223e-01
481 6.24023437500000e-01 3.89405250549316e-01
482 5.91308593750000e-01 3.49645853042603e-01
483 5.45410156250000e-01 2.97472238540649e-01
484 5.66894531250000e-01 3.21369409561157e-01
485 5.29785156250000e-01 2.80672311782837e-01
486 5.82519531250000e-01 3.39329004287720e-01
487 5.11718750000000e-01 2.61856079101562e-01
488 5.59082031250000e-01 3.12572717666626e-01
489 5.42968750000000e-01 2.94815063476562e-01
490 5.37109375000000e-01 2.88486480712891e-01
491 5.67871093750000e-01 3.22477579116821e-01
492 6.10839843750000e-01 3.73125314712524e-01
493 5.79589843750000e-01 3.35924386978149e-01
494 5.56640625000000e-01 3.09848785400391e-01
495 5.84472656250000e-01 3.41608285903931e-01
496 5.90332031250000e-01 3.48491907119751e-01
497 5.31250000000000e-01 2.82226562500000e-01
498 6.10351562500000e-01 3.72529029846191e-01
499 5.29785156250000e-01 2.80672311782837e-01
500 5.61035156250000e-01 3.14760446548462e-01
501 5.56152343750000e-01 3.09305429458618e-01
502 5.76660156250000e-01 3.32536935806274e-01
503 5.41503906250000e-01 2.93226480484009e-01
504 4.91210937500000e-01 2.41288185119629e-01
505 5.59570312500000e-01 3.13118934631348e-01
506 6.25000000000000e-01 3.90625000000000e-01
507 6.16699218750000e-01 3.80317926406860e-01
508 5.82031250000000e-01 3.38760375976562e-01
509 6.09863281250000e-01 3.71933221817017e-01
510 5.64453125000000e-01 3.18607330322266e-01
511 5.09765625000000e-01 2.59860992431641e-01
512 4.95605468750000e-01 2.45624780654907e-01
513 4.09179687500000e-01 1.67428016662598e-01
514 3.55468750000000e-01 1.26358032226562e-01
515 3.57421875000000e-01 1.27750396728516e-01
516 2.27539062500000e-01 5.17740249633789e-02
517 3.31054687500000e-01 1.09597206115723e-01
518 2.65625000000000e-01 7.05566406250000e-02
519 2.45605468750000e-01 6.03220462799072e-02
520 2.69042968750000e-01 7.23841190338135e-02
521 3.35937500000000e-01 1.12854003906250e-01
522 3.86718750000000e-01 1.49551391601562e-01
523 3.35937500000000e-01 1.12854003906250e-01
524 4.62402343750000e-01 2.13815927505493e-01
525 5.25390625000000e-01 2.76035308837891e-01
526 4.78515625000000e-01 2.28977203369141e-01
527 4.70214843750000e-01 2.21101999282837e-01
528 4.21875000000000e-01 1.77978515625000e-01
529 3.56445312500000e-01 1.27053260803223e-01
530 3.62792968750000e-01 1.31618738174438e-01
531 3.34472656250000e-01 1.11871957778931e-01
532 3.91601562500000e-01 1.53351783752441e-01
533 4.60937500000000e-01 2.12463378906250e-01
534 4.73144531250000e-01 2.23865747451782e-01
535 4.22851562500000e-01 1.78803443908691e-01
536 4.58007812500000e-01 2.09771156311035e-01
537 5.03906250000000e-01 2.53921508789062e-01
538 5.02929687500000e-01 2.52938270568848e-01
539 5.61035156250000e-01 3.14760446548462e-01
540 5.16113281250000e-01 2.66372919082642e-01
541 4.35058593750000e-01 1.89275979995728e-01
542 4.46777343750000e-01 1.99609994888306e-01
543 4.68750000000000e-01 2.19726562500000e-01
544 4.36523437500000e-01 1.90552711486816e-01
545 5.31250000000000e-01 2.82226562500000e-01
546 5.57617187500000e-01 3.10936927795410e-01
547 5.30761718750000e-01 2.81708002090454e-01
548 5.33203125000000e-01 2.84305572509766e-01
549 5.06347656250000e-01 2.56387948989868e-01
550 4.70703125000000e-01 2.21561431884766e-01
551 5.44433593750000e-01 2.96407938003540e-01
552 5.51757812500000e-01 3.04436683654785e-01
553 6.00097656250000e-01 3.60117197036743e-01
554 6.14746093750000e-01 3.77912759780884e-01
555 5.91796875000000e-01 3.50223541259766e-01
556 6.04003906250000e-01 3.64820718765259e-01
557 6.25000000000000e-01 3.90625000000000e-01
558 6.31835937500000e-01 3.99216651916504e-01
559 6.12792968750000e-01 3.75515222549438e-01
560 5.83007812500000e-01 3.39898109436035e-01
561 6.64062500000000e-01 4.40979003906250e-01
562 7.59765625000000e-01 5.77243804931641e-01
563 7.08007812500000e-01 5.01275062561035e-01
564 7.29492187500000e-01 5.32158851623535e-01
565 7.30468750000000e-01 5.33584594726562e-01
566 7.33398437500000e-01 5.37873268127441e-01
567 7.24609375000000e-01 5.25058746337891e-01
568 7.34863281250000e-01 5.40024042129517e-01
569 7.31445312500000e-01 5.35012245178223e-01
570 7.18261718750000e-01 5.15899896621704e-01
571 7.42675781250000e-01 5.51567316055298e-01
572 7.12402343750000e-01 5.07517099380493e-01
573 7.25585937500000e-01 5.26474952697754e-01
574 7.05078125000000e-01 4.97135162353516e-01
575 6.88476562500000e-01 4.73999977111816e-01
576 7.05566406250000e-01 4.97823953628540e-01
577 6.92382812500000e-01 4.79393959045410e-01
578 6.54785156250000e-01 4.28743600845337e-01
579 6.47949218750000e-01 4.19838190078735e-01
580 6.60156250000000e-01 4.35806274414062e-01
581 5.89843750000000e-01 3.47915649414062e-01
582 5.81054687500000e-01 3.37624549865723e-01
583 5.73242187500000e-01 3.28606605529785e-01
584 5.35644531250000e-01 2.86915063858032e-01
585 5.54687500000000e-01 3.07678222656250e-01
586 5.36132812500000e-01 2.87438392639160e-01
587 5.31250000000000e-01 2.82226562500000e-01
588 4.61914062500000e-01 2.13364601135254e-01
589 4.76562500000000e-01 2.27111816406250e-01
590 4.88281250000000e-01 2.38418579101562e-01
591 3.99414062500000e-01 1.59531593322754e-01
592 3.82324218750000e-01 1.46171808242798e-01
593 3.91601562500000e-01 1.53351783752441e-01
594 3.82324218750000e-01 1.46171808242798e-01
595 3.64257812500000e-01 1.32683753967285e-01
596 3.64257812500000e-01 1.32683753967285e-01
597 4.24804687500000e-01 1.80459022521973e-01
598 4.94628906250000e-01 2.44657754898071e-01
599 4.64355468750000e-01 2.15626001358032e-01
600 4.32128906250000e-01 1.86735391616821e-01
601 4.45312500000000e-01 1.98303222656250e-01
602 4.65332031250000e-01 2.16533899307251e-01
603 4.03808593750000e-01 1.63061380386353e-01
604 3.47167968750000e-01 1.20525598526001e-01
605 3.88671875000000e-01 1.51065826416016e-01
606 3.93554687500000e-01 1.54885292053223e-01
607 3.36425781250000e-01 1.13182306289673e-01
608 3.51074218750000e-01 1.23253107070923e-01
609 3.32031250000000e-01 1.10244750976562e-01
610 3.00292968750000e-01 9.01758670806885e-02
611 3.51562500000000e-01 1.23596191406250e-01
612 3.13964843750000e-01 9.85739231109619e-02
613 1.87500000000000e-01 3.51562500000000e-02
614 2.59765625000000e-01 6.74781799316406e-02
615 2.68066406250000e-01 7.18595981597900e-02
616 2.77832031250000e-01 7.71906375885010e-02
617 2.73925781250000e-01 7.50353336334229e-02
618 1.83105468750000e-01 3.35276126861572e-02
619 1.93359375000000e-01 3.73878479003906e-02
620 2.39257812500000e-01 5.72443008422852e-02
621 3.22753906250000e-01 1.04170083999634e-01
622 2.88574218750000e-01 8.32750797271729e-02
623 3.10546875000000e-01 9.64393615722656e-02
624 2.46093750000000e-01 6.05621337890625e-02
625 1.77734375000000e-01 3.15895080566406e-02
626 1.28417968750000e-01 1.64911746978760e-02
627 1.66992187500000e-01 2.78863906860352e-02
628 1.81640625000000e-01 3.29933166503906e-02
629 1.45507812500000e-01 2.11725234985352e-02
630 1.64062500000000e-01 2.69165039062500e-02
631 1.87988281250000e-01 3.53395938873291e-02
632 1.52343750000000e-01 2.32086181640625e-02
633 1.99218750000000e-01 3.96881103515625e-02
634 2.13867187500000e-01 4.57391738891602e-02
635 1.89941406250000e-01 3.60777378082275e-02
636 1.45507812500000e-01 2.11725234985352e-02
637 1.36718750000000e-01 1.86920166015625e-02
638 4.73632812500000e-02 2.24328041076660e-03
639 8.59375000000000e-02 7.38525390625000e-03
640 4.24804687500000e-02 1.80459022521973e-03
641 9.22851562500000e-02 8.51655006408691e-03
642 1.45019531250000e-01 2.10306644439697e-02
643 1.27929687500000e-01 1.63660049438477e-02
644 1.44042968750000e-01 2.07483768463135e-02
645 1.05468750000000e-01 1.11236572265625e-02
646 6.00585937500000e-02 3.60703468322754e-03
647 1.36718750000000e-02 1.86920166015625e-04
648 3.22265625000000e-02 1.03855133056641e-03
649 7.47070312500000e-02 5.58114051818848e-03
650 1.64550781250000e-01 2.70769596099854e-02
651 1.47949218750000e-01 2.18889713287354e-02
652 1.72363281250000e-01 2.97091007232666e-02
653 6.44531250000000e-02 4.15420532226562e-03
654 1.13281250000000e-01 1.28326416015625e-02
655 2.10937500000000e-01 4.44946289062500e-02
656 2.02148437500000e-01 4.08639907836914e-02
657 1.54785156250000e-01 2.39584445953369e-02
658 9.32617187500000e-02 8.69774818420410e-03
659 5.56640625000000e-02 3.09848785400391e-03
660 1.12304687500000e-02 1.26123428344727e-04
661 2.19726562500000e-02 4.82797622680664e-04
662 1.26953125000000e-02 1.61170959472656e-04
663 7.08007812500000e-02 5.01275062561035e-03
664 7.47070312500000e-02 5.58114051818848e-03
665 6.73828125000000e-02 4.54044342041016e-03
666 5.51757812500000e-02 3.04436683654785e-03
667 7.47070312500000e-02 5.58114051818848e-03
668 4.73632812500000e-02 2.24328041076660e-03
669 4.05273437500000e-02 1.64246559143066e-03
670 1.03515625000000e-01 1.07154846191406e-02
671 5.56640625000000e-02 3.09848785400391e-03
672 9.08203125000000e-02 8.24832916259766e-03
673 1.12792968750000e-01 1.27222537994385e-02
674 2.24609375000000e-02 5.04493713378906e-04
675 9.91210937500000e-02 9.82499122619629e-03
676 1.35742187500000e-01 1.84259414672852e-02
677 1.59179687500000e-01 2.53381729125977e-02
678 2.20703125000000e-01 4.87098693847656e-02
679 2.44628906250000e-01 5.98433017730713e-02
680 2.72460937500000e-01 7.42349624633789e-02
681 3.26660156250000e-01 1.06706857681274e-01
682 2.61718750000000e-01 6.84967041015625e-02
683 2.60253906250000e-01 6.77320957183838e-02
684 2.39257812500000e-01 5.72443008422852e-02
685 2.31445312500000e-01 5.35669326782227e-02
686 2.56835937500000e-01 6.59646987915039e-02
687 2.58300781250000e-01 6.67192935943604e-02
688 2.76855468750000e-01 7.66489505767822e-02
689 2.73437500000000e-01 7.47680664062500e-02
690 2.29492187500000e-01 5.26666641235352e-02
691 2.53906250000000e-01 6.44683837890625e-02
692 1.89453125000000e-01 3.58924865722656e-02
693 2.03125000000000e-01 4.12597656250000e-02
694 1.89453125000000e-01 3.58924865722656e-02
695 1.87988281250000e-01 3.53395938873291e-02
696 2.00195312500000e-01 4.00781631469727e-02
697 1.86035156250000e-01 3.46090793609619e-02
698 1.12304687500000e-01 1.26123428344727e-02
699 8.05664062500000e-02 6.49094581604004e-03
700 1.10351562500000e-01 1.21774673461914e-02
701 1.55273437500000e-01 2.41098403930664e-02
702 1.40136718750000e-01 1.96382999420166e-02
703 1.84082031250000e-01 3.38861942291260e-02
704 1.78710937500000e-01 3.19375991821289e-02
705 1.81152343750000e-01 3.28161716461182e-02
706 2.03125000000000e-01 4.12597656250000e-02
707 2.18261718750000e-01 4.76381778717041e-02
708 1.75781250000000e-01 3.08990478515625e-02
709 1.56738281250000e-01 2.45668888092041e-02
710 1.29882812500000e-01 1.68695449829102e-02
711 1.61621093750000e-01 2.61213779449463e-02
712 1.06445312500000e-01 1.13306045532227e-02
713 1.80664062500000e-02 3.26395034790039e-04
714 9.71679687500000e-02 9.44161415100098e-03
715 7.71484375000000e-02 5.95188140869141e-03
716 9.17968750000000e-02 8.42666625976562e-03
717 3.85742187500000e-02 1.48797035217285e-03
718 9.96093750000000e-02 9.92202758789062e-03
719 9.13085937500000e-02 8.33725929260254e-03
720 1.26464843750000e-01 1.59933567047119e-02
721 1.55761718750000e-01 2.42617130279541e-02
722 1.76269531250000e-01 3.10709476470947e-02
723 2.17285156250000e-01 4.72128391265869e-02
724 2.40722656250000e-01 5.79473972320557e-02
725 2.71972656250000e-01 7.39691257476807e-02
726 2.65136718750000e-01 7.02974796295166e-02
727 2.29492187500000e-01 5.26666641235352e-02
728 2.27050781250000e-01 5.15520572662354e-02
729 2.31933593750000e-01 5.37931919097900e-02
730 2.39746093750000e-01 5.74781894683838e-02
731 2.95410156250000e-01 8.72671604156494e-02
732 3.05175781250000e-01 9.31322574615479e-02
733 2.39257812500000e-01 5.72443008422852e-02
734 2.89550781250000e-01 8.38396549224854e-02
735 2.45605468750000e-01 6.03220462799072e-02
736 1.86035156250000e-01 3.46090793609619e-02
737 1.74804687500000e-01 3.05566787719727e-02
738 1.61621093750000e-01 2.61213779449463e-02
739 2.11425781250000e-01 4.47008609771729e-02
740 2.38769531250000e-01 5.70108890533447e-02
741 2.30957031250000e-01 5.33411502838135e-02
742 2.39746093750000e-01 5.74781894683838e-02
743 1.97753906250000e-01 3.91066074371338e-02
744 1.78710937500000e-01 3.19375991821289e-02
745 2.26562500000000e-01 5.13305664062500e-02
746 2.02148437500000e-01 4.08639907836914e-02
747 2.96875000000000e-01 8.81347656250000e-02
748 2.27050781250000e-01 5.15520572662354e-02
749 2.55371093750000e-01 6.52143955230713e-02
750 2.44628906250000e-01 5.98433017730713e-02
751 2.33398437500000e-01 5.44748306274414e-02
752 2.56835937500000e-01 6.59646987915039e-02
753 2.78808593750000e-01 7.77342319488525e-02
754 3.19335937500000e-01 1.01975440979004e-01
755 3.35449218750000e-01 1.12526178359985e-01
756 3.86718750000000e-01 1.49551391601562e-01
757 3.68652343750000e-01 1.35904550552368e-01
758 4.06738281250000e-01 1.65436029434204e-01
759 3.51074218750000e-01 1.23253107070923e-01
760 3.02734375000000e-01 9.16481018066406e-02
761 3.33984375000000e-01 1.11545562744141e-01
762 3.60351562500000e-01 1.29853248596191e-01
763 3.10546875000000e-01 9.64393615722656e-02
764 3.58886718750000e-01 1.28799676895142e-01
765 2.85644531250000e-01 8.15927982330322e-02
766 3.13964843750000e-01 9.85739231109619e-02
767 2.97363281250000e-01 8.84249210357666e-02
768 2.97851562500000e-01 8.87155532836914e-02
769 3.38378906250000e-01 1.14500284194946e-01
770 3.01269531250000e-01 9.07633304595947e-02
771 3.26171875000000e-01 1.06388092041016e-01
772 3.02734375000000e-01 9.16481018066406e-02
773 2.93945312500000e-01 8.64038467407227e-02
774 2.54882812500000e-01 6.49652481079102e-02
775 2.59765625000000e-01 6.74781799316406e-02
776 2.43164062500000e-01 5.91287612915039e-02
777 2.71484375000000e-01 7.37037658691406e-02
778 4.10156250000000e-01 1.68228149414062e-01
779 2.86132812500000e-01 8.18719863891602e-02
780 2.77343750000000e-01 7.69195556640625e-02
781 3.56933593750000e-01 1.27401590347290e-01
782 3.70117187500000e-01 1.36986732482910e-01
783 4.04785156250000e-01 1.63851022720337e-01
784 4.53125000000000e-01 2.05322265625000e-01
785 4.69726562500000e-01 2.20643043518066e-01
786 5.11718750000000e-01 2.61856079101562e-01
787 5.23925781250000e-01 2.74498224258423e-01
788 4.83398437500000e-01 2.33674049377441e-01
789 4.69726562500000e-01 2.20643043518066e-01
790 5.78125000000000e-01 3.34228515625000e-01
791 5.40527343750000e-01 2.92169809341431e-01
792 5.56640625000000e-01 3.09848785400391e-01
793 4.74121093750000e-01 2.24790811538696e-01
794 4.15039062500000e-01 1.72257423400879e-01
795 3.52539062500000e-01 1.24283790588379e-01
796 3.84277343750000e-01 1.47669076919556e-01
797 3.32519531250000e-01 1.10569238662720e-01
798 3.88671875000000e-01 1.51065826416016e-01
799 4.58496093750000e-01 2.10218667984009e-01
800 4.63867187500000e-01 2.15172767639160e-01
801 4.91699218750000e-01 2.41768121719360e-01
802 4.98046875000000e-01 2.48050689697266e-01
803 4.34082031250000e-01 1.88427209854126e-01
804 3.59863281250000e-01 1.29501581192017e-01
805 3.82812500000000e-01 1.46545410156250e-01
806 3.65234375000000e-01 1.33396148681641e-01
807 3.78417968750000e-01 1.43200159072876e-01
808 4.02832031250000e-01 1.62273645401001e-01
809 3.45703125000000e-01 1.19510650634766e-01
810 3.50097656250000e-01 1.22568368911743e-01
811 3.66210937500000e-01 1.34110450744629e-01
812 4.76074218750000e-01 2.26646661758423e-01
813 4.13574218750000e-01 1.71043634414673e-01
814 4.55566406250000e-01 2.07540750503540e-01
815 4.10644531250000e-01 1.68628931045532e-01
816 4.37011718750000e-01 1.90979242324829e-01
817 3.15429687500000e-01 9.94958877563477e-02
818 1.99707031250000e-01 3.98828983306885e-02
819 1.69921875000000e-01 2.88734436035156e-02
820 2.61718750000000e-01 6.84967041015625e-02
821 2.74414062500000e-01 7.53030776977539e-02
822 3.27148437500000e-01 1.07026100158691e-01
823 2.93945312500000e-01 8.64038467407227e-02
824 2.91992187500000e-01 8.52594375610352e-02
825 2.44140625000000e-01 5.96046447753906e-02
826 2.84667968750000e-01 8.10358524322510e-02
827 2.36328125000000e-01 5.58509826660156e-02
828 1.89453125000000e-01 3.58924865722656e-02
829 2.44140625000000e-01 5.96046447753906e-02
830 3.18847656250000e-01 1.01663827896118e-01
831 3.62304687500000e-01 1.31264686584473e-01
832 3.01757812500000e-01 9.10577774047852e-02
833 2.96875000000000e-01 8.81347656250000e-02
834 3.17382812500000e-01 1.00731849670410e-01
835 3.26660156250000e-01 1.06706857681274e-01
836 3.54492187500000e-01 1.25664710998535e-01
837 3.68164062500000e-01 1.35544776916504e-01
838 3.59375000000000e-01 1.29150390625000e-01
839 3.59863281250000e-01 1.29501581192017e-01
840 3.84277343750000e-01 1.47669076919556e-01
841 3.67187500000000e-01 1.34826660156250e-01
842 3.30566406250000e-01 1.09274148941040e-01
843 3.88671875000000e-01 1.51065826416016e-01
844 3.45214843750000e-01 1.19173288345337e-01
845 3.50097656250000e-01 1.22568368911743e-01
846 3.95507812500000e-01 1.56426429748535e-01
847 4.06738281250000e-01 1.65436029434204e-01
848 4.28710937500000e-01 1.83793067932129e-01
849 3.49121093750000e-01 1.21885538101196e-01
850 3.41308593750000e-01 1.16491556167603e-01
851 3.39355468750000e-01 1.15162134170532e-01
852 2.38769531250000e-01 5.70108890533447e-02
853 3.52050781250000e-01 1.23939752578735e-01
854 3.72070312500000e-01 1.38436317443848e-01
855 3.90136718750000e-01 1.52206659317017e-01
856 3.91113281250000e-01 1.52969598770142e-01
857 4.11621093750000e-01 1.69431924819946e-01
858 3.92089843750000e-01 1.53734445571899e-01
859 3.93554687500000e-01 1.54885292053223e-01
860 3.97949218750000e-01 1.58363580703735e-01
861 4.22363281250000e-01 1.78390741348267e-01
862 4.80468750000000e-01 2.30850219726562e-01
863 5.01464843750000e-01 2.51466989517212e-01
864 5.01953125000000e-01 2.51956939697266e-01
865 5.41992187500000e-01 2.93755531311035e-01
866 5.99121093750000e-01 3.58946084976196e-01
867 5.34667968750000e-01 2.85869836807251e-01
868 5.70312500000000e-01 3.25256347656250e-01
869 6.12792968750000e-01 3.75515222549438e-01
870 5.91308593750000e-01 3.49645853042603e-01
871 6.08398437500000e-01 3.70148658752441e-01
872 6.22070312500000e-01 3.86971473693848e-01
873 6.09863281250000e-01 3.71933221817017e-01
874 6.29882812500000e-01 3.96752357482910e-01
875 6.09863281250000e-01 3.71933221817017e-01
876 6.17675781250000e-01 3.81523370742798e-01
877 5.85449218750000e-01 3.42750787734985e-01
878 5.23437500000000e-01 2.73986816406250e-01
879 4.85351562500000e-01 2.35566139221191e-01
880 5.14648437500000e-01 2.64863014221191e-01
881 4.90722656250000e-01 2.40808725357056e-01
882 4.51660156250000e-01 2.03996896743774e-01
883 4.78027343750000e-01 2.28510141372681e-01
884 5.05859375000000e-01 2.55893707275391e-01
885 5.88378906250000e-01 3.46189737319946e-01
886 6.12792968750000e-01 3.75515222549438e-01
887 6.15722656250000e-01 3.79114389419556e-01
888 5.87402343750000e-01 3.45041513442993e-01
889 4.92675781250000e-01 2.42729425430298e-01
890 5.08300781250000e-01 2.58369684219360e-01
891 6.04492187500000e-01 3.65410804748535e-01
892 5.68359375000000e-01 3.23032379150391e-01
893 5.33203125000000e-01 2.84305572509766e-01
894 4.78027343750000e-01 2.28510141372681e-01
895 4.41894531250000e-01 1.95270776748657e-01
896 4.05273437500000e-01 1.64246559143066e-01
897 4.65820312500000e-01 2.16988563537598e-01
898 5.46386718750000e-01 2.98538446426392e-01
899 5.43457031250000e-01 2.95345544815063e-01
900 5.83984375000000e-01 3.41037750244141e-01
901 5.07324218750000e-01 2.57377862930298e-01
902 4.86328125000000e-01 2.36515045166016e-01
903 5.22460937500000e-01 2.72965431213379e-01
904 5.15625000000000e-01 2.65869140625000e-01
905 5.84960937500000e-01 3.42179298400879e-01
906 5.80566406250000e-01 3.37057352066040e-01
907 5.89355468750000e-01 3.47339868545532e-01
908 6.22070312500000e-01 3.86971473693848e-01
909 6.12304687500000e-01 3.74917030334473e-01
910 5.86425781250000e-01 3.43895196914673e-01
911 5.25878906250000e-01 2.76548624038696e-01
912 4.71679687500000e-01 2.22481727600098e-01
913 4.87792968750000e-01 2.37941980361938e-01
914 5.03906250000000e-01 2.53921508789062e-01
915 4.79003906250000e-01 2.29444742202759e-01
916 4.80957031250000e-01 2.31319665908813e-01
917 4.87304687500000e-01 2.37465858459473e-01
918 5.41503906250000e-01 2.93226480484009e-01
919 4.85839843750000e-01 2.36040353775024e-01
920 4.91210937500000e-01 2.41288185119629e-01
921 5.06347656250000e-01 2.56387948989868e-01
922 5.94726562500000e-01 3.53699684143066e-01
923 5.65429687500000e-01 3.19710731506348e-01
924 5.61523437500000e-01 3.15308570861816e-01
925 5.11718750000000e-01 2.61856079101562e-01
926 4.99023437500000e-01 2.49024391174316e-01
927 4.95605468750000e-01 2.45624780654907e-01
928 4.67285156250000e-01 2.18355417251587e-01
929 4.58007812500000e-01 2.09771156311035e-01
930 4.69726562500000e-01 2.20643043518066e-01
931 5.26855468750000e-01 2.77576684951782e-01
932 5.57128906250000e-01 3.10392618179321e-01
933 5.26367187500000e-01 2.77062416076660e-01
934 4.42871093750000e-01 1.96134805679321e-01
935 4.66796875000000e-01 2.17899322509766e-01
936 4.31640625000000e-01 1.86313629150391e-01
937 3.67675781250000e-01 1.35185480117798e-01
938 3.95507812500000e-01 1.56426429748535e-01
939 4.15039062500000e-01 1.72257423400879e-01
940 4.91210937500000e-01 2.41288185119629e-01
941 4.60937500000000e-01 2.12463378906250e-01
942 4.29687500000000e-01 1.84631347656250e-01
943 5.20507812500000e-01 2.70928382873535e-01
944 4.99511718750000e-01 2.49511957168579e-01
945 4.51660156250000e-01 2.03996896743774e-01
946 4.85351562500000e-01 2.35566139221191e-01
947 5.20507812500000e-01 2.70928382873535e-01
948 5.12695312500000e-01 2.62856483459473e-01
949 4.54589843750000e-01 2.06651926040649e-01
950 4.07714843750000e-01 1.66231393814087e-01
951 3.48632812500000e-01 1.21544837951660e-01
952 3.46679687500000e-01 1.20186805725098e-01
953 3.09082031250000e-01 9.55317020416260e-02
954 3.98925781250000e-01 1.59141778945923e-01
955 3.62792968750000e-01 1.31618738174438e-01
956 4.30664062500000e-01 1.85471534729004e-01
957 4.75585937500000e-01 2.26181983947754e-01
958 4.12109375000000e-01 1.69834136962891e-01
959 3.55468750000000e-01 1.26358032226562e-01
960 3.29101562500000e-01 1.08307838439941e-01
961 4.41894531250000e-01 1.95270776748657e-01
962 3.85742187500000e-01 1.48797035217285e-01
963 4.20898437500000e-01 1.77155494689941e-01
964 4.07714843750000e-01 1.66231393814087e-01
965 4.93164062500000e-01 2.43210792541504e-01
966 4.22851562500000e-01 1.78803443908691e-01
967 4.15039062500000e-01 1.72257423400879e-01
968 4.57031250000000e-01 2.08877563476562e-01
969 4.61425781250000e-01 2.12913751602173e-01
970 4.55566406250000e-01 2.07540750503540e-01
971 3.77929687500000e-01 1.42830848693848e-01
972 4.47265625000000e-01 2.00046539306641e-01
973 4.27246093750000e-01 1.82539224624634e-01
974 4.03320312500000e-01 1.62667274475098e-01
975 3.75976562500000e-01 1.41358375549316e-01
976 4.07226562500000e-01 1.65833473205566e-01
977 3.81835937500000e-01 1.45798683166504e-01
978 4.21386718750000e-01 1.77566766738892e-01
979 4.16015625000000e-01 1.73069000244141e-01
980 4.38964843750000e-01 1.92690134048462e-01
981 4.39453125000000e-01 1.93119049072266e-01
982 5.49316406250000e-01 3.01748514175415e-01
983 5.17089843750000e-01 2.67381906509399e-01
984 5.53222656250000e-01 3.06055307388306e-01
985 5.89355468750000e-01 3.47339868545532e-01
986 5.80566406250000e-01 3.37057352066040e-01
987 6.25000000000000e-01 3.90625000000000e-01
988 6.67480468750000e-01 4.45530176162720e-01
989 6.42089843750000e-01 4.12279367446899e-01
990 6.64550781250000e-01 4.41627740859985e-01
991 6.43066406250000e-01 4.13534402847290e-01
992 6.61132812500000e-01 4.37096595764160e-01
993 6.72851562500000e-01 4.52729225158691e-01
994 6.62109375000000e-01 4.38388824462891e-01
995 5.66894531250000e-01 3.21369409561157e-01
996 6.04003906250000e-01 3.64820718765259e-01
997 5.62011718750000e-01 3.15857172012329e-01
998 4.26269531250000e-01 1.81705713272095e-01
999 4.94140625000000e-01 2.44174957275391e-01
