0 7.55371093750000e-01 5.70585489273071e-01
1 7.54882812500000e-01 5.69848060607910e-01
2 7.02636718750000e-01 4.93698358535767e-01
3 7.05566406250000e-01 4.97823953628540e-01
4 6.86523437500000e-01 4.71314430236816e-01
5 6.41113281250000e-01 4.11026239395142e-01
6 7.10449218750000e-01 5.04738092422485e-01
7 6.75781250000000e-01 4.56680297851562e-01
8 6.51855468750000e-01 4.24915552139282e-01
9 6.73828125000000e-01 4.54044342041016e-01
10 6.52832031250000e-01 4.26189661026001e-01
11 6.93359375000000e-01 4.80747222900391e-01
12 6.89453125000000e-01 4.75345611572266e-01
13 6.76269531250000e-01 4.57340478897095e-01
14 6.83593750000000e-01 4.67300415039062e-01
15 6.73339843750000e-01 4.53386545181274e-01
16 6.91406250000000e-01 4.78042602539062e-01
17 6.62109375000000e-01 4.38388824462891e-01
18 6.66992187500000e-01 4.44878578186035e-01
19 6.87500000000000e-01 4.72656250000000e-01
20 7.00683593750000e-01 4.90957498550415e-01
21 7.12890625000000e-01 5.08213043212891e-01
22 7.48046875000000e-01 5.59574127197266e-01
23 7.34375000000000e-01 5.39306640625000e-01
24 7.43652343750000e-01 5.53018808364868e-01
25 7.33886718750000e-01 5.38589715957642e-01
26 7.07031250000000e-01 4.99893188476562e-01
27 6.96777343750000e-01 4.85498666763306e-01
28 6.94824218750000e-01 4.82780694961548e-01
29 7.10449218750000e-01 5.04738092422485e-01
30 7.02148437500000e-01 4.93012428283691e-01
31 6.24511718750000e-01 3.90014886856079e-01
32 5.98632812500000e-01 3.58361244201660e-01
33 6.64550781250000e-01 4.41627740859985e-01
34 6.77246093750000e-01 4.58662271499634e-01
35 7.10937500000000e-01 5.05432128906250e-01
36 7.11425781250000e-01 5.06126642227173e-01
37 6.49902343750000e-01 4.22373056411743e-01
38 6.39648437500000e-01 4.09150123596191e-01
39 6.99218750000000e-01 4.88906860351562e-01
40 6.65527343750000e-01 4.42926645278931e-01
41 7.38769531250000e-01 5.45780420303345e-01
42 7.05566406250000e-01 4.97823953628540e-01
43 7.26562500000000e-01 5.27893066406250e-01
44 6.96289062500000e-01 4.84818458557129e-01
45 6.84570312500000e-01 4.68636512756348e-01
46 6.28906250000000e-01 3.95523071289062e-01
47 6.76269531250000e-01 4.57340478897095e-01
48 7.16308593750000e-01 5.13098001480103e-01
49 7.02148437500000e-01 4.93012428283691e-01
50 6.54296875000000e-01 4.28104400634766e-01
51 6.72851562500000e-01 4.52729225158691e-01
52 6.89941406250000e-01 4.76019144058228e-01
53 6.91894531250000e-01 4.78718042373657e-01
54 6.61621093750000e-01 4.37742471694946e-01
55 7.09472656250000e-01 5.03351449966431e-01
56 6.87011718750000e-01 4.71985101699829e-01
57 6.93359375000000e-01 4.80747222900391e-01
58 6.38183593750000e-01 4.07278299331665e-01
59 5.97167968750000e-01 3.56609582901001e-01
60 6.46972656250000e-01 4.18573617935181e-01
61 7.05078125000000e-01 4.97135162353516e-01
62 6.79687500000000e-01 4.61975097656250e-01
63 7.08007812500000e-01 5.01275062561035e-01
64 7.10449218750000e-01 5.04738092422485e-01
65 6.80664062500000e-01 4.63303565979004e-01
66 6.67480468750000e-01 4.45530176162720e-01
67 6.83593750000000e-01 4.67300415039062e-01
68 7.12402343750000e-01 5.07517099380493e-01
69 6.98730468750000e-01 4.88224267959595e-01
70 6.28906250000000e-01 3.95523071289062e-01
71 5.60058593750000e-01 3.13665628433228e-01
72 6.03027343750000e-01 3.63641977310181e-01
73 6.71386718750000e-01 4.50760126113892e-01
74 6.04492187500000e-01 3.65410804748535e-01
75 5.70800781250000e-01 3.25813531875610e-01
76 5.61523437500000e-01 3.15308570861816e-01
77 5.71777343750000e-01 3.26929330825806e-01
78 5.21484375000000e-01 2.71945953369141e-01
79 6.32324218750000e-01 3.99833917617798e-01
80 6.56738281250000e-01 4.31305170059204e-01
81 6.01074218750000e-01 3.61290216445923e-01
82 5.81054687500000e-01 3.37624549865723e-01
83 6.38671875000000e-01 4.07901763916016e-01
84 6.04003906250000e-01 3.64820718765259e-01
85 5.51269531250000e-01 3.03898096084595e-01
86 5.39062500000000e-01 2.90588378906250e-01
87 5.23437500000000e-01 2.73986816406250e-01
88 5.28320312500000e-01 2.79122352600098e-01
89 5.35156250000000e-01 2.86392211914062e-01
90 5.63964843750000e-01 3.18056344985962e-01
91 5.49804687500000e-01 3.02285194396973e-01
92 5.11230468750000e-01 2.61356592178345e-01
93 4.76074218750000e-01 2.26646661758423e-01
94 4.95605468750000e-01 2.45624780654907e-01
95 5.11230468750000e-01 2.61356592178345e-01
96 5.52734375000000e-01 3.05515289306641e-01
97 5.31250000000000e-01 2.82226562500000e-01
98 5.64453125000000e-01 3.18607330322266e-01
99 5.90820312500000e-01 3.49068641662598e-01
100 6.14257812500000e-01 3.77312660217285e-01
101 6.13769531250000e-01 3.76713037490845e-01
102 6.29394531250000e-01 3.96137475967407e-01
103 6.59667968750000e-01 4.35161828994751e-01
104 6.48437500000000e-01 4.20471191406250e-01
105 6.42089843750000e-01 4.12279367446899e-01
106 5.99609375000000e-01 3.59531402587891e-01
107 5.85449218750000e-01 3.42750787734985e-01
108 6.08398437500000e-01 3.70148658752441e-01
109 6.45996093750000e-01 4.17310953140259e-01
110 6.13769531250000e-01 3.76713037490845e-01
111 6.46484375000000e-01 4.17942047119141e-01
112 6.00585937500000e-01 3.60703468322754e-01
113 6.28417968750000e-01 3.94909143447876e-01
114 6.26464843750000e-01 3.92458200454712e-01
115 6.05468750000000e-01 3.66592407226562e-01
116 5.62011718750000e-01 3.15857172012329e-01
117 5.35156250000000e-01 2.86392211914062e-01
118 5.38085937500000e-01 2.89536476135254e-01
119 5.09765625000000e-01 2.59860992431641e-01
120 4.72656250000000e-01 2.23403930664062e-01
121 5.01464843750000e-01 2.51466989517212e-01
122 4.93164062500000e-01 2.43210792541504e-01
123 4.94140625000000e-01 2.44174957275391e-01
124 4.63867187500000e-01 2.15172767639160e-01
125 4.34570312500000e-01 1.88851356506348e-01
126 4.27734375000000e-01 1.82956695556641e-01
127 4.04785156250000e-01 1.63851022720337e-01
128 3.92089843750000e-01 1.53734445571899e-01
129 3.71093750000000e-01 1.37710571289062e-01
130 2.96386718750000e-01 8.78450870513916e-02
131 3.72558593750000e-01 1.38799905776978e-01
132 3.45214843750000e-01 1.19173288345337e-01
133 2.98339843750000e-01 8.90066623687744e-02
134 3.36914062500000e-01 1.13511085510254e-01
135 3.08593750000000e-01 9.52301025390625e-02
136 2.94433593750000e-01 8.66911411285400e-02
137 3.41796875000000e-01 1.16825103759766e-01
138 3.85742187500000e-01 1.48797035217285e-01
139 3.88671875000000e-01 1.51065826416016e-01
140 4.23828125000000e-01 1.79630279541016e-01
141 4.63867187500000e-01 2.15172767639160e-01
142 5.97656250000000e-01 3.57192993164062e-01
143 6.20605468750000e-01 3.85151147842407e-01
144 6.11816406250000e-01 3.74319314956665e-01
145 5.78613281250000e-01 3.34793329238892e-01
146 6.27441406250000e-01 3.93682718276978e-01
147 5.90332031250000e-01 3.48491907119751e-01
148 5.70312500000000e-01 3.25256347656250e-01
149 5.74218750000000e-01 3.29727172851562e-01
150 5.43945312500000e-01 2.95876502990723e-01
151 6.14746093750000e-01 3.77912759780884e-01
152 6.74804687500000e-01 4.55361366271973e-01
153 6.69433593750000e-01 4.48141336441040e-01
154 6.36718750000000e-01 4.05410766601562e-01
155 6.49902343750000e-01 4.22373056411743e-01
156 6.08398437500000e-01 3.70148658752441e-01
157 6.37207031250000e-01 4.06032800674438e-01
158 6.65039062500000e-01 4.42276954650879e-01
159 6.45996093750000e-01 4.17310953140259e-01
160 6.84082031250000e-01 4.67968225479126e-01
161 7.10449218750000e-01 5.04738092422485e-01
162 7.61718750000000e-01 5.80215454101562e-01
163 6.90917968750000e-01 4.77367639541626e-01
164 7.38769531250000e-01 5.45780420303345e-01
165 7.33398437500000e-01 5.37873268127441e-01
166 7.22656250000000e-01 5.22232055664062e-01
167 7.11425781250000e-01 5.06126642227173e-01
168 6.99218750000000e-01 4.88906860351562e-01
169 6.84082031250000e-01 4.67968225479126e-01
170 6.86523437500000e-01 4.71314430236816e-01
171 7.02148437500000e-01 4.93012428283691e-01
172 6.71386718750000e-01 4.50760126113892e-01
173 6.82617187500000e-01 4.65966224670410e-01
174 6.24511718750000e-01 3.90014886856079e-01
175 6.49902343750000e-01 4.22373056411743e-01
176 7.25097656250000e-01 5.25766611099243e-01
177 7.14355468750000e-01 5.10303735733032e-01
178 6.89941406250000e-01 4.76019144058228e-01
179 7.37304687500000e-01 5.43618202209473e-01
180 6.98242187500000e-01 4.87542152404785e-01
181 6.44531250000000e-01 4.15420532226562e-01
182 6.18164062500000e-01 3.82126808166504e-01
183 6.47949218750000e-01 4.19838190078735e-01
184 6.70898437500000e-01 4.50104713439941e-01
185 6.35742187500000e-01 4.04168128967285e-01
186 5.97167968750000e-01 3.56609582901001e-01
187 6.42089843750000e-01 4.12279367446899e-01
188 6.12304687500000e-01 3.74917030334473e-01
189 6.42578125000000e-01 4.12906646728516e-01
190 6.31347656250000e-01 3.98599863052368e-01
191 6.45019531250000e-01 4.16050195693970e-01
192 6.43066406250000e-01 4.13534402847290e-01
193 7.10937500000000e-01 5.05432128906250e-01
194 7.53906250000000e-01 5.68374633789062e-01
195 7.22656250000000e-01 5.22232055664062e-01
196 6.39160156250000e-01 4.08525705337524e-01
197 5.55664062500000e-01 3.08762550354004e-01
198 5.60546875000000e-01 3.14212799072266e-01
199 5.70312500000000e-01 3.25256347656250e-01
200 5.62011718750000e-01 3.15857172012329e-01
201 5.51269531250000e-01 3.03898096084595e-01
202 5.26367187500000e-01 2.77062416076660e-01
203 5.13671875000000e-01 2.63858795166016e-01
204 5.41992187500000e-01 2.93755531311035e-01
205 5.30273437500000e-01 2.81189918518066e-01
206 4.40917968750000e-01 1.94408655166626e-01
207 4.27734375000000e-01 1.82956695556641e-01
208 3.87695312500000e-01 1.50307655334473e-01
209 4.12109375000000e-01 1.69834136962891e-01
210 4.25781250000000e-01 1.81289672851562e-01
211 4.94628906250000e-01 2.44657754898071e-01
212 4.86328125000000e-01 2.36515045166016e-01
213 4.99511718750000e-01 2.49511957168579e-01
214 4.36035156250000e-01 1.90126657485962e-01
215 4.75097656250000e-01 2.25717782974243e-01
216 4.54101562500000e-01 2.06208229064941e-01
217 4.71191406250000e-01 2.22021341323853e-01
218 3.66699218750000e-01 1.34468317031860e-01
219 3.93066406250000e-01 1.54501199722290e-01
220 3.32519531250000e-01 1.10569238662720e-01
221 3.18847656250000e-01 1.01663827896118e-01
222 2.92968750000000e-01 8.58306884765625e-02
223 2.90527343750000e-01 8.44061374664307e-02
224 3.04687500000000e-01 9.28344726562500e-02
225 3.76464843750000e-01 1.41725778579712e-01
226 3.47656250000000e-01 1.20864868164062e-01
227 4.07226562500000e-01 1.65833473205566e-01
228 3.71582031250000e-01 1.38073205947876e-01
229 4.29199218750000e-01 1.84211969375610e-01
230 5.08789062500000e-01 2.58866310119629e-01
231 5.23437500000000e-01 2.73986816406250e-01
232 5.48828125000000e-01 3.01212310791016e-01
233 5.75195312500000e-01 3.30849647521973e-01
234 5.41503906250000e-01 2.93226480484009e-01
235 5.13183593750000e-01 2.63357400894165e-01
236 4.22851562500000e-01 1.78803443908691e-01
237 4.69726562500000e-01 2.20643043518066e-01
238 5.29296875000000e-01 2.80155181884766e-01
239 4.63378906250000e-01 2.14720010757446e-01
240 4.45800781250000e-01 1.98738336563110e-01
241 4.73632812500000e-01 2.24328041076660e-01
242 5.13671875000000e-01 2.63858795166016e-01
243 5.02441406250000e-01 2.52447366714478e-01
244 5.35644531250000e-01 2.86915063858032e-01
245 5.32714843750000e-01 2.83785104751587e-01
246 4.81445312500000e-01 2.31789588928223e-01
247 4.26269531250000e-01 1.81705713272095e-01
248 4.16992187500000e-01 1.73882484436035e-01
249 4.49218750000000e-01 2.01797485351562e-01
250 3.32519531250000e-01 1.10569238662720e-01
251 2.44628906250000e-01 5.98433017730713e-02
252 2.52441406250000e-01 6.37266635894775e-02
253 2.63671875000000e-01 6.95228576660156e-02
254 2.89550781250000e-01 8.38396549224854e-02
255 2.49511718750000e-01 6.22560977935791e-02
256 2.18261718750000e-01 4.76381778717041e-02
257 2.13867187500000e-01 4.57391738891602e-02
258 2.19726562500000e-01 4.82797622680664e-02
259 2.16308593750000e-01 4.67894077301025e-02
260 1.77246093750000e-01 3.14161777496338e-02
261 1.34765625000000e-01 1.81617736816406e-02
262 1.51367187500000e-01 2.29120254516602e-02
263 2.13867187500000e-01 4.57391738891602e-02
264 1.79199218750000e-01 3.21123600006104e-02
265 2.32421875000000e-01 5.40199279785156e-02
266 2.47558593750000e-01 6.12852573394775e-02
267 2.64160156250000e-01 6.97805881500244e-02
268 3.15429687500000e-01 9.94958877563477e-02
269 2.86132812500000e-01 8.18719863891602e-02
270 3.82324218750000e-01 1.46171808242798e-01
271 3.45214843750000e-01 1.19173288345337e-01
272 3.52050781250000e-01 1.23939752578735e-01
273 3.49609375000000e-01 1.22226715087891e-01
274 3.81347656250000e-01 1.45426034927368e-01
275 4.58984375000000e-01 2.10666656494141e-01
276 4.39941406250000e-01 1.93548440933228e-01
277 4.68750000000000e-01 2.19726562500000e-01
278 4.22363281250000e-01 1.78390741348267e-01
279 3.99902343750000e-01 1.59921884536743e-01
280 4.56054687500000e-01 2.07985877990723e-01
281 4.79003906250000e-01 2.29444742202759e-01
282 4.91210937500000e-01 2.41288185119629e-01
283 4.66308593750000e-01 2.17443704605103e-01
284 4.66796875000000e-01 2.17899322509766e-01
285 5.29785156250000e-01 2.80672311782837e-01
286 5.80566406250000e-01 3.37057352066040e-01
287 5.78613281250000e-01 3.34793329238892e-01
288 5.80078125000000e-01 3.36490631103516e-01
289 5.89355468750000e-01 3.47339868545532e-01
290 6.04492187500000e-01 3.65410804748535e-01
291 6.40625000000000e-01 4.10400390625000e-01
292 6.49414062500000e-01 4.21738624572754e-01
293 6.79687500000000e-01 4.61975097656250e-01
294 7.12402343750000e-01 5.07517099380493e-01
295 7.09472656250000e-01 5.03351449966431e-01
296 6.72363281250000e-01 4.52072381973267e-01
297 6.54785156250000e-01 4.28743600845337e-01
298 7.01171875000000e-01 4.91641998291016e-01
299 5.92773437500000e-01 3.51380348205566e-01
300 5.97167968750000e-01 3.56609582901001e-01
301 5.32714843750000e-01 2.83785104751587e-01
302 5.22949218750000e-01 2.73475885391235e-01
303 5.05859375000000e-01 2.55893707275391e-01
304 5.51757812500000e-01 3.04436683654785e-01
305 6.03515625000000e-01 3.64231109619141e-01
306 5.90332031250000e-01 3.48491907119751e-01
307 5.42480468750000e-01 2.94285058975220e-01
308 5.35644531250000e-01 2.86915063858032e-01
309 5.38574218750000e-01 2.90062189102173e-01
310 5.30761718750000e-01 2.81708002090454e-01
311 5.67382812500000e-01 3.21923255920410e-01
312 5.63964843750000e-01 3.18056344985962e-01
313 5.80078125000000e-01 3.36490631103516e-01
314 5.37597656250000e-01 2.89011240005493e-01
315 6.12792968750000e-01 3.75515222549438e-01
316 5.84960937500000e-01 3.42179298400879e-01
317 5.23437500000000e-01 2.73986816406250e-01
318 5.15625000000000e-01 2.65869140625000e-01
319 5.13671875000000e-01 2.63858795166016e-01
320 6.22070312500000e-01 3.86971473693848e-01
321 6.61621093750000e-01 4.37742471694946e-01
322 6.02539062500000e-01 3.63053321838379e-01
323 6.42089843750000e-01 4.12279367446899e-01
324 6.51855468750000e-01 4.24915552139282e-01
325 6.38183593750000e-01 4.07278299331665e-01
326 6.24023437500000e-01 3.89405250549316e-01
327 6.28906250000000e-01 3.95523071289062e-01
328 6.30859375000000e-01 3.97983551025391e-01
329 5.99121093750000e-01 3.58946084976196e-01
330 6.33789062500000e-01 4.01688575744629e-01
331 6.51367187500000e-01 4.24279212951660e-01
332 5.69335937500000e-01 3.24143409729004e-01
333 5.50781250000000e-01 3.03359985351562e-01
334 5.64453125000000e-01 3.18607330322266e-01
335 5.31738281250000e-01 2.82745599746704e-01
336 5.25390625000000e-01 2.76035308837891e-01
337 5.07812500000000e-01 2.57873535156250e-01
338 4.35546875000000e-01 1.89701080322266e-01
339 4.41406250000000e-01 1.94839477539062e-01
340 4.27246093750000e-01 1.82539224624634e-01
341 4.22851562500000e-01 1.78803443908691e-01
342 4.45312500000000e-01 1.98303222656250e-01
343 4.29199218750000e-01 1.84211969375610e-01
344 3.94531250000000e-01 1.55654907226562e-01
345 4.55078125000000e-01 2.07096099853516e-01
346 4.99023437500000e-01 2.49024391174316e-01
347 5.60546875000000e-01 3.14212799072266e-01
348 5.75195312500000e-01 3.30849647521973e-01
349 5.41992187500000e-01 2.93755531311035e-01
350 5.32226562500000e-01 2.83265113830566e-01
351 5.50292968750000e-01 3.02822351455688e-01
352 5.31738281250000e-01 2.82745599746704e-01
353 5.71289062500000e-01 3.26371192932129e-01
354 5.77148437500000e-01 3.33100318908691e-01
355 6.05468750000000e-01 3.66592407226562e-01
356 5.86914062500000e-01 3.44468116760254e-01
357 5.18066406250000e-01 2.68392801284790e-01
358 5.59082031250000e-01 3.12572717666626e-01
359 6.34277343750000e-01 4.02307748794556e-01
360 6.38671875000000e-01 4.07901763916016e-01
361 5.94726562500000e-01 3.53699684143066e-01
362 6.87011718750000e-01 4.71985101699829e-01
363 6.44531250000000e-01 4.15420532226562e-01
364 6.50878906250000e-01 4.23643350601196e-01
365 6.72363281250000e-01 4.52072381973267e-01
366 6.70410156250000e-01 4.49449777603149e-01
367 7.40234375000000e-01 5.47946929931641e-01
368 7.22656250000000e-01 5.22232055664062e-01
369 7.27050781250000e-01 5.28602838516235e-01
370 6.55761718750000e-01 4.30023431777954e-01
371 7.05078125000000e-01 4.97135162353516e-01
372 6.68945312500000e-01 4.47487831115723e-01
373 6.90429687500000e-01 4.76693153381348e-01
374 7.09960937500000e-01 5.04044532775879e-01
375 6.97265625000000e-01 4.86179351806641e-01
376 6.87500000000000e-01 4.72656250000000e-01
377 6.92871093750000e-01 4.80070352554321e-01
378 6.91406250000000e-01 4.78042602539062e-01
379 6.71386718750000e-01 4.50760126113892e-01
380 6.61621093750000e-01 4.37742471694946e-01
381 6.93847656250000e-01 4.81424570083618e-01
382 6.32812500000000e-01 4.00451660156250e-01
383 6.74316406250000e-01 4.54702615737915e-01
384 6.97753906250000e-01 4.86860513687134e-01
385 7.01171875000000e-01 4.91641998291016e-01
386 6.79199218750000e-01 4.61311578750610e-01
387 6.46972656250000e-01 4.18573617935181e-01
388 6.63085937500000e-01 4.39682960510254e-01
389 6.29394531250000e-01 3.96137475967407e-01
390 6.08886718750000e-01 3.70743036270142e-01
391 6.35742187500000e-01 4.04168128967285e-01
392 6.45019531250000e-01 4.16050195693970e-01
393 5.91796875000000e-01 3.50223541259766e-01
394 5.61035156250000e-01 3.14760446548462e-01
395 5.66894531250000e-01 3.21369409561157e-01
396 5.71777343750000e-01 3.26929330825806e-01
397 5.18066406250000e-01 2.68392801284790e-01
398 5.57617187500000e-01 3.10936927795410e-01
399 5.49804687500000e-01 3.02285194396973e-01
400 5.44433593750000e-01 2.96407938003540e-01
401 5.25390625000000e-01 2.76035308837891e-01
402 5.48339843750000e-01 3.00676584243774e-01
403 5.49804687500000e-01 3.02285194396973e-01
404 6.02539062500000e-01 3.63053321838379e-01
405 5.88378906250000e-01 3.46189737319946e-01
406 5.52246093750000e-01 3.04975748062134e-01
407 5.41503906250000e-01 2.93226480484009e-01
408 5.60546875000000e-01 3.14212799072266e-01
409 4.78027343750000e-01 2.28510141372681e-01
410 4.20898437500000e-01 1.77155494689941e-01
411 3.74511718750000e-01 1.40259027481079e-01
412 3.31542968750000e-01 1.09920740127563e-01
413 2.78808593750000e-01 7.77342319488525e-02
414 2.80273437500000e-01 7.85531997680664e-02
415 2.56347656250000e-01 6.57141208648682e-02
416 2.98828125000000e-01 8.92982482910156e-02
417 2.88085937500000e-01 8.29935073852539e-02
418 3.28613281250000e-01 1.07986688613892e-01
419 3.54003906250000e-01 1.25318765640259e-01
420 3.82324218750000e-01 1.46171808242798e-01
421 4.24316406250000e-01 1.80044412612915e-01
422 4.48242187500000e-01 2.00921058654785e-01
423 4.76074218750000e-01 2.26646661758423e-01
424 4.62402343750000e-01 2.13815927505493e-01
425 4.39453125000000e-01 1.93119049072266e-01
426 4.76074218750000e-01 2.26646661758423e-01
427 4.59472656250000e-01 2.11115121841431e-01
428 4.17968750000000e-01 1.74697875976562e-01
429 4.09179687500000e-01 1.67428016662598e-01
430 4.04785156250000e-01 1.63851022720337e-01
431 4.10644531250000e-01 1.68628931045532e-01
432 4.26269531250000e-01 1.81705713272095e-01
433 3.62304687500000e-01 1.31264686584473e-01
434 4.29199218750000e-01 1.84211969375610e-01
435 4.14062500000000e-01 1.71447753906250e-01
436 3.93066406250000e-01 1.54501199722290e-01
437 3.89648437500000e-01 1.51825904846191e-01
438 3.70117187500000e-01 1.36986732482910e-01
439 4.34570312500000e-01 1.88851356506348e-01
440 3.72558593750000e-01 1.38799905776978e-01
441 3.72070312500000e-01 1.38436317443848e-01
442 3.25195312500000e-01 1.05751991271973e-01
443 3.25195312500000e-01 1.05751991271973e-01
444 2.62207031250000e-01 6.87525272369385e-02
445 3.58886718750000e-01 1.28799676895142e-01
446 3.32519531250000e-01 1.10569238662720e-01
447 4.24316406250000e-01 1.80044412612915e-01
448 3.76464843750000e-01 1.41725778579712e-01
449 3.35937500000000e-01 1.12854003906250e-01
450 3.38867187500000e-01 1.14830970764160e-01
451 3.29589843750000e-01 1.08629465103149e-01
452 3.09082031250000e-01 9.55317020416260e-02
453 2.82714843750000e-01 7.99276828765869e-02
454 2.55859375000000e-01 6.54640197753906e-02
455 3.06152343750000e-01 9.37292575836182e-02
456 2.60742187500000e-01 6.79864883422852e-02
457 2.68554687500000e-01 7.21216201782227e-02
458 1.80664062500000e-01 3.26395034790039e-02
459 1.79199218750000e-01 3.21123600006104e-02
460 8.34960937500000e-02 6.97159767150879e-03
461 1.70410156250000e-01 2.90396213531494e-02
462 1.88964843750000e-01 3.57077121734619e-02
463 1.68457031250000e-01 2.83777713775635e-02
464 2.04589843750000e-01 4.18570041656494e-02
465 1.47460937500000e-01 2.17447280883789e-02
466 1.55273437500000e-01 2.41098403930664e-02
467 1.78710937500000e-01 3.19375991821289e-02
468 1.92382812500000e-01 3.70111465454102e-02
469 2.49023437500000e-01 6.20126724243164e-02
470 2.29980468750000e-01 5.28910160064697e-02
471 2.76367187500000e-01 7.63788223266602e-02
472 2.88574218750000e-01 8.32750797271729e-02
473 2.25097656250000e-01 5.06689548492432e-02
474 2.03613281250000e-01 4.14583683013916e-02
475 2.38281250000000e-01 5.67779541015625e-02
476 2.41210937500000e-01 5.81827163696289e-02
477 2.59277343750000e-01 6.72247409820557e-02
478 2.81738281250000e-01 7.93764591217041e-02
479 3.07617187500000e-01 9.46283340454102e-02
480 3.33496093750000e-01 1.11219644546509e-01
481 3.23242187500000e-01 1.04485511779785e-01
482 3.24707031250000e-01 1.05434656143188e-01
483 3.36425781250000e-01 1.13182306289673e-01
484 2.62695312500000e-01 6.90088272094727e-02
485 3.03222656250000e-01 9.19439792633057e-02
486 3.44726562500000e-01 1.18836402893066e-01
487 4.00878906250000e-01 1.60703897476196e-01
488 3.28613281250000e-01 1.07986688613892e-01
489 3.14941406250000e-01 9.91880893707275e-02
490 2.61230468750000e-01 6.82413578033447e-02
491 2.41699218750000e-01 5.84185123443604e-02
492 2.12890625000000e-01 4.53224182128906e-02
493 1.94335937500000e-01 3.77664566040039e-02
494 1.42089843750000e-01 2.01895236968994e-02
495 1.43066406250000e-01 2.04679965972900e-02
496 1.23046875000000e-01 1.51405334472656e-02
497 4.98046875000000e-02 2.48050689697266e-03
498 1.53320312500000e-01 2.35071182250977e-02
499 1.39160156250000e-01 1.93655490875244e-02
500 1.79199218750000e-01 3.21123600006104e-02
501 1.81152343750000e-01 3.28161716461182e-02
502 2.39746093750000e-01 5.74781894683838e-02
503 2.46582031250000e-01 6.08026981353760e-02
504 3.07617187500000e-01 9.46283340454102e-02
505 2.39257812500000e-01 5.72443008422852e-02
506 2.01660156250000e-01 4.06668186187744e-02
507 1.31835937500000e-01 1.73807144165039e-02
508 1.24023437500000e-01 1.53818130493164e-02
509 1.71875000000000e-01 2.95410156250000e-02
510 2.39746093750000e-01 5.74781894683838e-02
511 3.06640625000000e-01 9.40284729003906e-02
512 2.76367187500000e-01 7.63788223266602e-02
513 2.74902343750000e-01 7.55712985992432e-02
514 2.28027343750000e-01 5.19964694976807e-02
515 2.09472656250000e-01 4.38787937164307e-02
516 2.32421875000000e-01 5.40199279785156e-02
517 2.70507812500000e-01 7.31744766235352e-02
518 2.75390625000000e-01 7.58399963378906e-02
519 2.01660156250000e-01 4.06668186187744e-02
520 2.77832031250000e-01 7.71906375885010e-02
521 3.26660156250000e-01 1.06706857681274e-01
522 4.31152343750000e-01 1.85892343521118e-01
523 4.58984375000000e-01 2.10666656494141e-01
524 4.33105468750000e-01 1.87580347061157e-01
525 4.56054687500000e-01 2.07985877990723e-01
526 4.34570312500000e-01 1.88851356506348e-01
527 4.60449218750000e-01 2.12013483047485e-01
528 4.52636718750000e-01 2.04879999160767e-01
529 4.40917968750000e-01 1.94408655166626e-01
530 4.66796875000000e-01 2.17899322509766e-01
531 4.51171875000000e-01 2.03556060791016e-01
532 3.90136718750000e-01 1.52206659317017e-01
533 3.79882812500000e-01 1.44310951232910e-01
534 4.22851562500000e-01 1.78803443908691e-01
535 3.87695312500000e-01 1.50307655334473e-01
536 3.87695312500000e-01 1.50307655334473e-01
537 4.12109375000000e-01 1.69834136962891e-01
538 4.36035156250000e-01 1.90126657485962e-01
539 4.61425781250000e-01 2.12913751602173e-01
540 4.31640625000000e-01 1.86313629150391e-01
541 4.91699218750000e-01 2.41768121719360e-01
542 4.24804687500000e-01 1.80459022521973e-01
543 3.55957031250000e-01 1.26705408096313e-01
544 3.84765625000000e-01 1.48044586181641e-01
545 4.25292968750000e-01 1.80874109268188e-01
546 3.72070312500000e-01 1.38436317443848e-01
547 3.77929687500000e-01 1.42830848693848e-01
548 3.38378906250000e-01 1.14500284194946e-01
549 3.54492187500000e-01 1.25664710998535e-01
550 3.55957031250000e-01 1.26705408096313e-01
551 2.78320312500000e-01 7.74621963500977e-02
552 3.64257812500000e-01 1.32683753967285e-01
553 3.40332031250000e-01 1.15825891494751e-01
554 3.46191406250000e-01 1.19848489761353e-01
555 4.21875000000000e-01 1.77978515625000e-01
556 4.14550781250000e-01 1.71852350234985e-01
557 3.23242187500000e-01 1.04485511779785e-01
558 2.67578125000000e-01 7.15980529785156e-02
559 2.26074218750000e-01 5.11095523834229e-02
560 3.32031250000000e-01 1.10244750976562e-01
561 2.57812500000000e-01 6.64672851562500e-02
562 2.05566406250000e-01 4.22575473785400e-02
563 1.81152343750000e-01 3.28161716461182e-02
564 1.07421875000000e-01 1.15394592285156e-02
565 1.79199218750000e-01 3.21123600006104e-02
566 4.73632812500000e-02 2.24328041076660e-03
567 3.80859375000000e-02 1.45053863525391e-03
568 1.07910156250000e-01 1.16446018218994e-02
569 1.07910156250000e-01 1.16446018218994e-02
570 1.63574218750000e-01 2.67565250396729e-02
571 1.65039062500000e-01 2.72378921508789e-02
572 2.16796875000000e-01 4.70008850097656e-02
573 1.73339843750000e-01 3.00467014312744e-02
574 2.53417968750000e-01 6.42206668853760e-02
575 3.08105468750000e-01 9.49289798736572e-02
576 3.85742187500000e-01 1.48797035217285e-01
577 3.97460937500000e-01 1.57975196838379e-01
578 4.06738281250000e-01 1.65436029434204e-01
579 3.58886718750000e-01 1.28799676895142e-01
580 3.90625000000000e-01 1.52587890625000e-01
581 2.75878906250000e-01 7.61091709136963e-02
582 1.83105468750000e-01 3.35276126861572e-02
583 1.57226562500000e-01 2.47201919555664e-02
584 1.35742187500000e-01 1.84259414672852e-02
585 1.86035156250000e-01 3.46090793609619e-02
586 2.16308593750000e-01 4.67894077301025e-02
587 2.17773437500000e-01 4.74252700805664e-02
588 1.82128906250000e-01 3.31709384918213e-02
589 1.64550781250000e-01 2.70769596099854e-02
590 1.89453125000000e-01 3.58924865722656e-02
591 9.08203125000000e-02 8.24832916259766e-03
592 1.45996093750000e-01 2.13148593902588e-02
593 7.81250000000000e-02 6.10351562500000e-03
594 1.15722656250000e-01 1.33917331695557e-02
595 1.26464843750000e-01 1.59933567047119e-02
596 1.82617187500000e-01 3.33490371704102e-02
597 2.71972656250000e-01 7.39691257476807e-02
598 2.38281250000000e-01 5.67779541015625e-02
599 1.70410156250000e-01 2.90396213531494e-02
600 1.95312500000000e-01 3.81469726562500e-02
601 2.00683593750000e-01 4.02739048004150e-02
602 2.22167968750000e-01 4.93586063385010e-02
603 2.31933593750000e-01 5.37931919097900e-02
604 2.45117187500000e-01 6.00824356079102e-02
605 2.01171875000000e-01 4.04701232910156e-02
606 1.43066406250000e-01 2.04679965972900e-02
607 2.22656250000000e-01 4.95758056640625e-02
608 2.72460937500000e-01 7.42349624633789e-02
609 2.27050781250000e-01 5.15520572662354e-02
610 1.72851562500000e-01 2.98776626586914e-02
611 1.39160156250000e-01 1.93655490875244e-02
612 1.65039062500000e-01 2.72378921508789e-02
613 7.22656250000000e-02 5.22232055664062e-03
614 7.81250000000000e-02 6.10351562500000e-03
615 6.00585937500000e-02 3.60703468322754e-03
616 5.17578125000000e-02 2.67887115478516e-03
617 7.81250000000000e-03 6.10351562500000e-05
618 6.64062500000000e-02 4.40979003906250e-03
619 8.34960937500000e-02 6.97159767150879e-03
620 3.41796875000000e-02 1.16825103759766e-03
621 3.12500000000000e-02 9.76562500000000e-04
622 4.63867187500000e-02 2.15172767639160e-03
623 8.15429687500000e-02 6.64925575256348e-03
624 1.30371093750000e-01 1.69966220855713e-02
625 1.45507812500000e-01 2.11725234985352e-02
626 6.49414062500000e-02 4.21738624572754e-03
627 1.24023437500000e-01 1.53818130493164e-02
628 1.67968750000000e-01 2.82135009765625e-02
629 1.32812500000000e-01 1.76391601562500e-02
630 1.37207031250000e-01 1.88257694244385e-02
631 9.22851562500000e-02 8.51655006408691e-03
632 9.96093750000000e-02 9.92202758789062e-03
633 1.58691406250000e-01 2.51829624176025e-02
634 1.20605468750000e-01 1.45456790924072e-02
635 1.44042968750000e-01 2.07483768463135e-02
636 1.14257812500000e-01 1.30548477172852e-02
637 8.83789062500000e-02 7.81083106994629e-03
638 9.13085937500000e-02 8.33725929260254e-03
639 7.95898437500000e-02 6.33454322814941e-03
640 1.59667968750000e-01 2.54938602447510e-02
641 1.78710937500000e-01 3.19375991821289e-02
642 1.17187500000000e-01 1.37329101562500e-02
643 1.12304687500000e-01 1.26123428344727e-02
644 8.30078125000000e-02 6.89029693603516e-03
645 1.04492187500000e-01 1.09186172485352e-02
646 1.26464843750000e-01 1.59933567047119e-02
647 3.07617187500000e-02 9.46283340454102e-04
648 3.17382812500000e-02 1.00731849670410e-03
649 3.71093750000000e-02 1.37710571289062e-03
650 5.85937500000000e-03 3.43322753906250e-05
651 3.66210937500000e-02 1.34110450744629e-03
652 1.55761718750000e-01 2.42617130279541e-02
653 2.02636718750000e-01 4.10616397857666e-02
654 2.36328125000000e-01 5.58509826660156e-02
655 1.76757812500000e-01 3.12433242797852e-02
656 8.39843750000000e-02 7.05337524414062e-03
657 9.22851562500000e-02 8.51655006408691e-03
658 6.05468750000000e-02 3.66592407226562e-03
659 8.54492187500000e-02 7.30156898498535e-03
660 9.91210937500000e-02 9.82499122619629e-03
661 1.07421875000000e-01 1.15394592285156e-02
662 1.62109375000000e-01 2.62794494628906e-02
663 1.13281250000000e-01 1.28326416015625e-02
664 4.00390625000000e-02 1.60312652587891e-03
665 5.32226562500000e-02 2.83265113830566e-03
666 1.41601562500000e-02 2.00510025024414e-04
667 1.17187500000000e-01 1.37329101562500e-02
668 7.08007812500000e-02 5.01275062561035e-03
669 1.47949218750000e-01 2.18889713287354e-02
670 1.25976562500000e-01 1.58700942993164e-02
671 1.81640625000000e-01 3.29933166503906e-02
672 1.65527343750000e-01 2.73993015289307e-02
673 1.80664062500000e-01 3.26395034790039e-02
674 1.98242187500000e-01 3.92999649047852e-02
675 2.17285156250000e-01 4.72128391265869e-02
676 1.91894531250000e-01 3.68235111236572e-02
677 2.27539062500000e-01 5.17740249633789e-02
678 3.00292968750000e-01 9.01758670806885e-02
679 2.93945312500000e-01 8.64038467407227e-02
680 3.12500000000000e-01 9.76562500000000e-02
681 2.74902343750000e-01 7.55712985992432e-02
682 2.95410156250000e-01 8.72671604156494e-02
683 3.04687500000000e-01 9.28344726562500e-02
684 4.32617187500000e-01 1.87157630920410e-01
685 5.01464843750000e-01 2.51466989517212e-01
686 5.12207031250000e-01 2.62356042861938e-01
687 4.21875000000000e-01 1.77978515625000e-01
688 4.87304687500000e-01 2.37465858459473e-01
689 5.41015625000000e-01 2.92697906494141e-01
690 5.20507812500000e-01 2.70928382873535e-01
691 5.07324218750000e-01 2.57377862930298e-01
692 5.34179687500000e-01 2.85347938537598e-01
693 5.52734375000000e-01 3.05515289306641e-01
694 5.66406250000000e-01 3.20816040039062e-01
695 5.13671875000000e-01 2.63858795166016e-01
696 4.76074218750000e-01 2.26646661758423e-01
697 3.85742187500000e-01 1.48797035217285e-01
698 3.46191406250000e-01 1.19848489761353e-01
699 3.98925781250000e-01 1.59141778945923e-01
700 3.98437500000000e-01 1.58752441406250e-01
701 3.99414062500000e-01 1.59531593322754e-01
702 4.21875000000000e-01 1.77978515625000e-01
703 2.93945312500000e-01 8.64038467407227e-02
704 3.48632812500000e-01 1.21544837951660e-01
705 4.17480468750000e-01 1.74289941787720e-01
706 4.06738281250000e-01 1.65436029434204e-01
707 4.23828125000000e-01 1.79630279541016e-01
708 4.49707031250000e-01 2.02236413955688e-01
709 4.27246093750000e-01 1.82539224624634e-01
710 4.75585937500000e-01 2.26181983947754e-01
711 4.59472656250000e-01 2.11115121841431e-01
712 4.14550781250000e-01 1.71852350234985e-01
713 4.00390625000000e-01 1.60312652587891e-01
714 3.98925781250000e-01 1.59141778945923e-01
715 4.40429687500000e-01 1.93978309631348e-01
716 4.45312500000000e-01 1.98303222656250e-01
717 4.52148437500000e-01 2.04438209533691e-01
718 4.98046875000000e-01 2.48050689697266e-01
719 5.32714843750000e-01 2.83785104751587e-01
720 4.88281250000000e-01 2.38418579101562e-01
721 5.27343750000000e-01 2.78091430664062e-01
722 5.46875000000000e-01 2.99072265625000e-01
723 5.08789062500000e-01 2.58866310119629e-01
724 5.15625000000000e-01 2.65869140625000e-01
725 5.32226562500000e-01 2.83265113830566e-01
726 5.13671875000000e-01 2.63858795166016e-01
727 4.25781250000000e-01 1.81289672851562e-01
728 4.10644531250000e-01 1.68628931045532e-01
729 4.17968750000000e-01 1.74697875976562e-01
730 3.55468750000000e-01 1.26358032226562e-01
731 3.98437500000000e-01 1.58752441406250e-01
732 4.62402343750000e-01 2.13815927505493e-01
733 4.57519531250000e-01 2.09324121475220e-01
734 4.63378906250000e-01 2.14720010757446e-01
735 5.35644531250000e-01 2.86915063858032e-01
736 5.48828125000000e-01 3.01212310791016e-01
737 5.41015625000000e-01 2.92697906494141e-01
738 5.38574218750000e-01 2.90062189102173e-01
739 6.14746093750000e-01 3.77912759780884e-01
740 6.39160156250000e-01 4.08525705337524e-01
741 6.40136718750000e-01 4.09775018692017e-01
742 5.58593750000000e-01 3.12026977539062e-01
743 5.18066406250000e-01 2.68392801284790e-01
744 5.08789062500000e-01 2.58866310119629e-01
745 4.64355468750000e-01 2.15626001358032e-01
746 4.82421875000000e-01 2.32730865478516e-01
747 5.26855468750000e-01 2.77576684951782e-01
748 5.25878906250000e-01 2.76548624038696e-01
749 5.78125000000000e-01 3.34228515625000e-01
750 5.59082031250000e-01 3.12572717666626e-01
751 5.36132812500000e-01 2.87438392639160e-01
752 5.35644531250000e-01 2.86915063858032e-01
753 5.62988281250000e-01 3.16955804824829e-01
754 5.29785156250000e-01 2.80672311782837e-01
755 5.19531250000000e-01 2.69912719726562e-01
756 4.80468750000000e-01 2.30850219726562e-01
757 4.21386718750000e-01 1.77566766738892e-01
758 3.57421875000000e-01 1.27750396728516e-01
759 3.75488281250000e-01 1.40991449356079e-01
760 4.98046875000000e-01 2.48050689697266e-01
761 4.83398437500000e-01 2.33674049377441e-01
762 5.48828125000000e-01 3.01212310791016e-01
763 5.53222656250000e-01 3.06055307388306e-01
764 5.35156250000000e-01 2.86392211914062e-01
765 5.00488281250000e-01 2.50488519668579e-01
766 5.08300781250000e-01 2.58369684219360e-01
767 5.06835937500000e-01 2.56882667541504e-01
768 5.11718750000000e-01 2.61856079101562e-01
769 4.92187500000000e-01 2.42248535156250e-01
770 5.11718750000000e-01 2.61856079101562e-01
771 4.99511718750000e-01 2.49511957168579e-01
772 5.00000000000000e-01 2.50000000000000e-01
773 4.27246093750000e-01 1.82539224624634e-01
774 5.15136718750000e-01 2.65365839004517e-01
775 5.20019531250000e-01 2.70420312881470e-01
776 5.19531250000000e-01 2.69912719726562e-01
777 5.41503906250000e-01 2.93226480484009e-01
778 5.58593750000000e-01 3.12026977539062e-01
779 5.49804687500000e-01 3.02285194396973e-01
780 5.82519531250000e-01 3.39329004287720e-01
781 5.73242187500000e-01 3.28606605529785e-01
782 5.35156250000000e-01 2.86392211914062e-01
783 5.08789062500000e-01 2.58866310119629e-01
784 4.85839843750000e-01 2.36040353775024e-01
785 4.72167968750000e-01 2.22942590713501e-01
786 4.96582031250000e-01 2.46593713760376e-01
787 4.57031250000000e-01 2.08877563476562e-01
788 4.50195312500000e-01 2.02675819396973e-01
789 4.63378906250000e-01 2.14720010757446e-01
790 4.79492187500000e-01 2.29912757873535e-01
791 4.24804687500000e-01 1.80459022521973e-01
792 3.81835937500000e-01 1.45798683166504e-01
793 3.51562500000000e-01 1.23596191406250e-01
794 3.37402343750000e-01 1.13840341567993e-01
795 3.36425781250000e-01 1.13182306289673e-01
796 3.63769531250000e-01 1.32328271865845e-01
797 3.38378906250000e-01 1.14500284194946e-01
798 2.86621093750000e-01 8.21516513824463e-02
799 3.77441406250000e-01 1.42462015151978e-01
800 4.34570312500000e-01 1.88851356506348e-01
801 4.42871093750000e-01 1.96134805679321e-01
802 4.44335937500000e-01 1.97434425354004e-01
803 4.69726562500000e-01 2.20643043518066e-01
804 5.16601562500000e-01 2.66877174377441e-01
805 4.27246093750000e-01 1.82539224624634e-01
806 3.78417968750000e-01 1.43200159072876e-01
807 4.02832031250000e-01 1.62273645401001e-01
808 4.24804687500000e-01 1.80459022521973e-01
809 3.47167968750000e-01 1.20525598526001e-01
810 3.29101562500000e-01 1.08307838439941e-01
811 3.07617187500000e-01 9.46283340454102e-02
812 2.66601562500000e-01 7.10763931274414e-02
813 2.45605468750000e-01 6.03220462799072e-02
814 1.98730468750000e-01 3.94937992095947e-02
815 2.15332031250000e-01 4.63678836822510e-02
816 3.35937500000000e-01 1.12854003906250e-01
817 2.63671875000000e-01 6.95228576660156e-02
818 2.32421875000000e-01 5.40199279785156e-02
819 2.50976562500000e-01 6.29892349243164e-02
820 3.20312500000000e-01 1.02600097656250e-01
821 2.61230468750000e-01 6.82413578033447e-02
822 3.32519531250000e-01 1.10569238662720e-01
823 3.51562500000000e-01 1.23596191406250e-01
824 3.32519531250000e-01 1.10569238662720e-01
825 3.93066406250000e-01 1.54501199722290e-01
826 4.55566406250000e-01 2.07540750503540e-01
827 4.97070312500000e-01 2.47078895568848e-01
828 5.42968750000000e-01 2.94815063476562e-01
829 4.80957031250000e-01 2.31319665908813e-01
830 4.82421875000000e-01 2.32730865478516e-01
831 5.16113281250000e-01 2.66372919082642e-01
832 5.01953125000000e-01 2.51956939697266e-01
833 5.37597656250000e-01 2.89011240005493e-01
834 5.21972656250000e-01 2.72455453872681e-01
835 4.51660156250000e-01 2.03996896743774e-01
836 4.65820312500000e-01 2.16988563537598e-01
837 4.61914062500000e-01 2.13364601135254e-01
838 4.43847656250000e-01 1.97000741958618e-01
839 4.37011718750000e-01 1.90979242324829e-01
840 4.49707031250000e-01 2.02236413955688e-01
841 4.59960937500000e-01 2.11564064025879e-01
842 4.54589843750000e-01 2.06651926040649e-01
843 4.19433593750000e-01 1.75924539566040e-01
844 4.54101562500000e-01 2.06208229064941e-01
845 4.22363281250000e-01 1.78390741348267e-01
846 4.47265625000000e-01 2.00046539306641e-01
847 3.66210937500000e-01 1.34110450744629e-01
848 3.57421875000000e-01 1.27750396728516e-01
849 3.72558593750000e-01 1.38799905776978e-01
850 3.43750000000000e-01 1.18164062500000e-01
851 3.32031250000000e-01 1.10244750976562e-01
852 2.11914062500000e-01 4.49075698852539e-02
853 2.11425781250000e-01 4.47008609771729e-02
854 2.09960937500000e-01 4.40835952758789e-02
855 9.13085937500000e-02 8.33725929260254e-03
856 7.56835937500000e-02 5.72800636291504e-03
857 6.39648437500000e-02 4.09150123596191e-03
858 6.59179687500000e-02 4.34517860412598e-03
859 6.98242187500000e-02 4.87542152404785e-03
860 1.58691406250000e-01 2.51829624176025e-02
861 1.68457031250000e-01 2.83777713775635e-02
862 2.34863281250000e-01 5.51607608795166e-02
863 2.47070312500000e-01 6.10437393188477e-02
864 2.42187500000000e-01 5.86547851562500e-02
865 3.03222656250000e-01 9.19439792633057e-02
866 3.12500000000000e-01 9.76562500000000e-02
867 3.33496093750000e-01 1.11219644546509e-01
868 4.12597656250000e-01 1.70236825942993e-01
869 3.86230468750000e-01 1.49173974990845e-01
870 4.12597656250000e-01 1.70236825942993e-01
871 3.92578125000000e-01 1.54117584228516e-01
872 3.52050781250000e-01 1.23939752578735e-01
873 4.10644531250000e-01 1.68628931045532e-01
874 4.22851562500000e-01 1.78803443908691e-01
875 4.22851562500000e-01 1.78803443908691e-01
876 4.49707031250000e-01 2.02236413955688e-01
877 4.77539062500000e-01 2.28043556213379e-01
878 5.17578125000000e-01 2.67887115478516e-01
879 5.24902343750000e-01 2.75522470474243e-01
880 5.72265625000000e-01 3.27487945556641e-01
881 5.24902343750000e-01 2.75522470474243e-01
882 5.53222656250000e-01 3.06055307388306e-01
883 4.79003906250000e-01 2.29444742202759e-01
884 4.77539062500000e-01 2.28043556213379e-01
885 4.56054687500000e-01 2.07985877990723e-01
886 4.07714843750000e-01 1.66231393814087e-01
887 4.19433593750000e-01 1.75924539566040e-01
888 4.70703125000000e-01 2.21561431884766e-01
889 5.00000000000000e-01 2.50000000000000e-01
890 4.93164062500000e-01 2.43210792541504e-01
891 5.01464843750000e-01 2.51466989517212e-01
892 4.51660156250000e-01 2.03996896743774e-01
893 5.13671875000000e-01 2.63858795166016e-01
894 4.86328125000000e-01 2.36515045166016e-01
895 4.96582031250000e-01 2.46593713760376e-01
896 5.09765625000000e-01 2.59860992431641e-01
897 5.41992187500000e-01 2.93755531311035e-01
898 4.85839843750000e-01 2.36040353775024e-01
899 5.38085937500000e-01 2.89536476135254e-01
900 5.96679687500000e-01 3.56026649475098e-01
901 5.94238281250000e-01 3.53119134902954e-01
902 6.14257812500000e-01 3.77312660217285e-01
903 6.60644531250000e-01 4.36451196670532e-01
904 6.51367187500000e-01 4.24279212951660e-01
905 6.61621093750000e-01 4.37742471694946e-01
906 6.32812500000000e-01 4.00451660156250e-01
907 6.31835937500000e-01 3.99216651916504e-01
908 6.75292968750000e-01 4.56020593643188e-01
909 6.98242187500000e-01 4.87542152404785e-01
910 6.76757812500000e-01 4.58001136779785e-01
911 6.51367187500000e-01 4.24279212951660e-01
912 7.20214843750000e-01 5.18709421157837e-01
913 6.94335937500000e-01 4.82102394104004e-01
914 6.89941406250000e-01 4.76019144058228e-01
915 6.82128906250000e-01 4.65299844741821e-01
916 6.82128906250000e-01 4.65299844741821e-01
917 6.93359375000000e-01 4.80747222900391e-01
918 6.79687500000000e-01 4.61975097656250e-01
919 6.72363281250000e-01 4.52072381973267e-01
920 6.45996093750000e-01 4.17310953140259e-01
921 6.34765625000000e-01 4.02927398681641e-01
922 6.03027343750000e-01 3.63641977310181e-01
923 5.95703125000000e-01 3.54862213134766e-01
924 6.10351562500000e-01 3.72529029846191e-01
925 5.93750000000000e-01 3.52539062500000e-01
926 6.12304687500000e-01 3.74917030334473e-01
927 6.18652343750000e-01 3.82730722427368e-01
928 5.97656250000000e-01 3.57192993164062e-01
929 6.25488281250000e-01 3.91235589981079e-01
930 6.31347656250000e-01 3.98599863052368e-01
931 6.28417968750000e-01 3.94909143447876e-01
932 7.01660156250000e-01 4.92326974868774e-01
933 6.35742187500000e-01 4.04168128967285e-01
934 7.06542968750000e-01 4.99202966690063e-01
935 6.98730468750000e-01 4.88224267959595e-01
936 6.40625000000000e-01 4.10400390625000e-01
937 6.57226562500000e-01 4.31946754455566e-01
938 6.46972656250000e-01 4.18573617935181e-01
939 6.66015625000000e-01 4.43576812744141e-01
940 6.72851562500000e-01 4.52729225158691e-01
941 6.66015625000000e-01 4.43576812744141e-01
942 5.93261718750000e-01 3.51959466934204e-01
943 6.16210937500000e-01 3.79715919494629e-01
944 6.39648437500000e-01 4.09150123596191e-01
945 6.65527343750000e-01 4.42926645278931e-01
946 6.67968750000000e-01 4.46182250976562e-01
947 6.57714843750000e-01 4.32588815689087e-01
948 6.26953125000000e-01 3.93070220947266e-01
949 6.25976562500000e-01 3.91846656799316e-01
950 5.95214843750000e-01 3.54280710220337e-01
951 5.97656250000000e-01 3.57192993164062e-01
952 5.99609375000000e-01 3.59531402587891e-01
953 6.05468750000000e-01 3.66592407226562e-01
954 6.09863281250000e-01 3.71933221817017e-01
955 5.97656250000000e-01 3.57192993164062e-01
956 5.80078125000000e-01 3.36490631103516e-01
957 5.68847656250000e-01 3.23587656021118e-01
958 5.98144531250000e-01 3.57776880264282e-01
959 5.55664062500000e-01 3.08762550354004e-01
960 4.78027343750000e-01 2.28510141372681e-01
961 4.89257812500000e-01 2.39373207092285e-01
962 4.58496093750000e-01 2.10218667984009e-01
963 4.58496093750000e-01 2.10218667984009e-01
964 4.51171875000000e-01 2.03556060791016e-01
965 4.09179687500000e-01 1.67428016662598e-01
966 4.61425781250000e-01 2.12913751602173e-01
967 4.30175781250000e-01 1.85051202774048e-01
968 4.88281250000000e-01 2.38418579101562e-01
969 4.71679687500000e-01 2.22481727600098e-01
970 4.30664062500000e-01 1.85471534729004e-01
971 5.18066406250000e-01 2.68392801284790e-01
972 5.58105468750000e-01 3.11481714248657e-01
973 5.30273437500000e-01 2.81189918518066e-01
974 5.17089843750000e-01 2.67381906509399e-01
975 5.01953125000000e-01 2.51956939697266e-01
976 5.24414062500000e-01 2.75010108947754e-01
977 5.64453125000000e-01 3.18607330322266e-01
978 5.31738281250000e-01 2.82745599746704e-01
979 5.28808593750000e-01 2.79638528823853e-01
980 5.31738281250000e-01 2.82745599746704e-01
981 5.67382812500000e-01 3.21923255920410e-01
982 6.38671875000000e-01 4.07901763916016e-01
983 6.11328125000000e-01 3.73722076416016e-01
984 5.92285156250000e-01 3.50801706314087e-01
985 5.54687500000000e-01 3.07678222656250e-01
986 5.75195312500000e-01 3.30849647521973e-01
987 5.20019531250000e-01 2.70420312881470e-01
988 5.35156250000000e-01 2.86392211914062e-01
989 5.99609375000000e-01 3.59531402587891e-01
990 6.17187500000000e-01 3.80920410156250e-01
991 6.71386718750000e-01 4.50760126113892e-01
992 7.29492187500000e-01 5.32158851623535e-01
993 7.23632812500000e-01 5.23644447326660e-01
994 6.78222656250000e-01 4.59985971450806e-01
995 6.76757812500000e-01 4.58001136779785e-01
996 6.55761718750000e-01 4.30023431777954e-01
997 6.45019531250000e-01 4.16050195693970e-01
998 6.53808593750000e-01 4.27465677261353e-01
999 5.75195312500000e-01 3.30849647521973e-01
